Code/Hansen Zooplankton Code and Sample Data/data/ctd/gsl_05_SBE37SI-RS232_03706156_2017_07_08.cnv
* Sea-Bird SBE37SI-RS232  Data File:
* FileName = C:\Users\General Lab Use\Desktop\SHELAGH CTD 2017\gsl_05_SBE37SI-RS232_03706156_2017_07_08.cnv
* Software version 1.00d
* Temperature SN = 6156
* Conductivity SN = 6156
* System UpLoad Time = Jul 09 2017 00:00:20
* <ApplicationData>
* <Seaterm232>
# nquan = 5
# nvalues = 1823
# units = specified
# name 0 = t090C: Temperature [ITS-90, deg C]
# name 1 = c0S/m: Conductivity [S/m]
# name 2 = prM: Pressure [db]
# name 3 = timeK: Time, Seacat Plus [seconds]
# name 4 = flag: Flag
# span 0 =     -0.1402,    21.3840
# span 1 =    0.000527,   3.349358
# span 2 =      -0.402,     83.604
# span 3 =   552856310,  552859088
# span 4 =  0.0000e+00, 0.0000e+00
# interval = seconds: 6.000000
# start_time = Jul 08 2017 19:11:50
# bad_flag = -9.990e-29
*END*
[from data line 286]
    16.7010    0.19100      -0.35  552856746 0.0000e+00
    16.7541    0.22920      -0.35  552856748 0.0000e+00
    16.7898    0.21851      -0.35  552856749 0.0000e+00
    16.8254    0.19454      -0.35  552856751 0.0000e+00
    16.8439    0.19673      -0.35  552856752 0.0000e+00
    16.8676    0.20249      -0.35  552856754 0.0000e+00
    16.8784    0.19029      -0.35  552856755 0.0000e+00
    16.8953    0.20376      -0.35  552856757 0.0000e+00
    16.9030    0.20805      -0.35  552856758 0.0000e+00
    16.9185    0.27052      -0.35  552856760 0.0000e+00
    16.9274    0.27274      -0.35  552856761 0.0000e+00
    16.9427    0.26472      -0.35  552856763 0.0000e+00
    16.9566    0.25515      -0.35  552856764 0.0000e+00
    16.9561    0.24640      -0.35  552856766 0.0000e+00
    16.9713    0.24143      -0.35  552856767 0.0000e+00
    16.9788    0.23081      -0.35  552856769 0.0000e+00
    16.9810    0.22448      -0.35  552856771 0.0000e+00
    16.9831    0.21358      -0.35  552856772 0.0000e+00
    16.9927    0.20579      -0.35  552856774 0.0000e+00
    17.0012    0.19792      -0.35  552856775 0.0000e+00
    16.9958    0.19014      -0.35  552856777 0.0000e+00
    16.9946    0.18305      -0.35  552856778 0.0000e+00
    16.9922    0.17714      -0.34  552856780 0.0000e+00
    16.9817    0.17195      -0.34  552856781 0.0000e+00
    16.9526    0.16657      -0.34  552856783 0.0000e+00
    16.9154    0.16153      -0.35  552856784 0.0000e+00
    16.8865    0.15630      -0.34  552856786 0.0000e+00
    16.8757    0.15189      -0.34  552856787 0.0000e+00
    16.8556    0.14747      -0.34  552856789 0.0000e+00
    16.8508    0.14384      -0.34  552856790 0.0000e+00
    16.8270    0.14070      -0.34  552856792 0.0000e+00
    16.8265    0.13727      -0.34  552856793 0.0000e+00
    16.8113    0.13463      -0.34  552856795 0.0000e+00
    16.7873    0.13187      -0.34  552856796 0.0000e+00
    16.7726    0.12910      -0.34  552856798 0.0000e+00
    16.7611    0.12720      -0.34  552856799 0.0000e+00
    16.7420    0.12431      -0.34  552856801 0.0000e+00
    16.7267    0.12293      -0.34  552856803 0.0000e+00
    16.7233    0.12041      -0.34  552856804 0.0000e+00
    16.7450    0.11919      -0.34  552856806 0.0000e+00
    16.7698    0.11682      -0.34  552856807 0.0000e+00
    16.7658    0.11599      -0.34  552856809 0.0000e+00
    16.7766    0.11386      -0.34  552856810 0.0000e+00
    16.7969    0.11219      -0.34  552856812 0.0000e+00
    16.8462    0.11020      -0.34  552856813 0.0000e+00
    16.8754    0.10918      -0.34  552856815 0.0000e+00
    16.8826    0.10961      -0.34  552856816 0.0000e+00
    16.8936    0.10792      -0.34  552856818 0.0000e+00
    16.9173    0.10679      -0.34  552856819 0.0000e+00
    16.9128    0.10455      -0.34  552856821 0.0000e+00
    16.9003    0.10167      -0.34  552856822 0.0000e+00
    16.9075    0.10061      -0.34  552856824 0.0000e+00
    16.9160    0.09877      -0.34  552856825 0.0000e+00
    16.9237    0.09771      -0.34  552856827 0.0000e+00
    16.9310    0.09625      -0.34  552856828 0.0000e+00
    16.9377    0.09537      -0.34  552856830 0.0000e+00
    16.9401    0.09454      -0.34  552856832 0.0000e+00
    16.9426    0.09325      -0.34  552856833 0.0000e+00
    16.9440    0.13352      -0.35  552856835 0.0000e+00
    16.9332    0.08784      -0.35  552856836 0.0000e+00
    16.9374    0.05843      -0.35  552856838 0.0000e+00
    16.9395    0.05447      -0.35  552856839 0.0000e+00
    16.9212    0.05077      -0.35  552856841 0.0000e+00
    16.9043    0.04752      -0.35  552856842 0.0000e+00
    16.8764    0.04017      -0.35  552856844 0.0000e+00
    16.8585    0.04001      -0.35  552856845 0.0000e+00
    16.8460    0.04288      -0.35  552856847 0.0000e+00
    16.8235    0.05672      -0.35  552856848 0.0000e+00
    16.8211    0.05495      -0.34  552856850 0.0000e+00
    16.8336    0.06245      -0.34  552856851 0.0000e+00
    16.8558    0.07496      -0.35  552856853 0.0000e+00
    16.8908    0.07479      -0.35  552856854 0.0000e+00
    16.9197    0.06712      -0.34  552856856 0.0000e+00
    16.9285    0.05472      -0.35  552856857 0.0000e+00
    16.9090    0.04665      -0.34  552856859 0.0000e+00
    16.8784    0.04355      -0.34  552856860 0.0000e+00
    16.9107    0.04061      -0.35  552856862 0.0000e+00
    16.9290    0.04380      -0.35  552856864 0.0000e+00
    16.9755    0.04749      -0.35  552856865 0.0000e+00
    16.9946    0.05255      -0.35  552856867 0.0000e+00
    17.0393    0.05504      -0.35  552856868 0.0000e+00
    17.0670    0.05789      -0.35  552856870 0.0000e+00
    17.1053    0.06189      -0.35  552856871 0.0000e+00
    17.1355    0.06143      -0.35  552856873 0.0000e+00
    17.1657    0.05493      -0.35  552856874 0.0000e+00
    17.1949    0.05232      -0.35  552856876 0.0000e+00
    17.2232    0.04947      -0.35  552856877 0.0000e+00
    17.2300    0.04560      -0.35  552856879 0.0000e+00
    17.5647    2.10283      -0.35  552856880 0.0000e+00
    17.6007    1.78075      -0.07  552856882 0.0000e+00
    17.6173    3.32115       0.18  552856883 0.0000e+00
    17.6294    3.32956       0.48  552856885 0.0000e+00
    17.6349    3.33211       0.76  552856886 0.0000e+00
    17.6199    3.33266       1.26  552856888 0.0000e+00
    17.6331    3.33201       1.65  552856889 0.0000e+00
    17.6017    3.33263       2.23  552856891 0.0000e+00
    17.6272    3.33159       2.66  552856892 0.0000e+00
    17.4244    3.29381       3.28  552856894 0.0000e+00
    15.6787    3.25336       3.67  552856896 0.0000e+00
    15.6155    3.22799       3.99  552856897 0.0000e+00
    15.5255    3.21843       4.08  552856899 0.0000e+00
    15.5107    3.20976       4.35  552856900 0.0000e+00
    15.4679    3.20505       4.72  552856902 0.0000e+00
    15.4336    3.19885       5.21  552856903 0.0000e+00
    15.3980    3.19515       5.63  552856905 0.0000e+00
    15.3693    3.18986       6.28  552856906 0.0000e+00
    15.1174    3.19887       6.80  552856908 0.0000e+00
    14.6412    3.19067       7.74  552856909 0.0000e+00
    11.8886    3.19934       7.85  552856911 0.0000e+00
    10.8680    3.12742       8.72  552856912 0.0000e+00
     9.1999    3.16777       8.91  552856914 0.0000e+00
     8.4904    3.06843       9.76  552856915 0.0000e+00
     7.4396    3.07082      10.37  552856917 0.0000e+00
     6.9012    3.01611      11.18  552856918 0.0000e+00
     6.5136    2.98816      12.05  552856920 0.0000e+00
     6.2287    2.97816      12.76  552856921 0.0000e+00
     5.9668    2.96418      13.53  552856923 0.0000e+00
     5.6087    2.95737      14.18  552856924 0.0000e+00
     5.3874    2.95651      14.73  552856926 0.0000e+00
     4.8044    2.90664      15.57  552856927 0.0000e+00
     4.3441    3.01048      15.85  552856929 0.0000e+00
     4.0379    2.88733      16.61  552856931 0.0000e+00
     3.7354    2.95189      17.00  552856932 0.0000e+00
     3.5365    2.90943      17.68  552856934 0.0000e+00
     3.3676    2.85144      18.18  552856935 0.0000e+00
     3.2954    2.84577      18.74  552856937 0.0000e+00
     2.6986    2.82134      19.35  552856938 0.0000e+00
     2.3394    2.82533      19.86  552856940 0.0000e+00
     2.1236    2.82472      20.22  552856941 0.0000e+00
     2.0375    2.75009      20.91  552856943 0.0000e+00
     1.8269    2.82736      21.22  552856944 0.0000e+00
     1.5678    2.71471      22.01  552856946 0.0000e+00
     1.3010    2.71515      22.46  552856947 0.0000e+00
     0.9761    2.68530      23.13  552856949 0.0000e+00
     0.5875    2.66557      23.88  552856950 0.0000e+00
     0.4732    2.66008      24.51  552856952 0.0000e+00
     0.3095    2.65479      25.16  552856953 0.0000e+00
     0.2373    2.63541      26.05  552856955 0.0000e+00
     0.1591    2.69001      26.31  552856956 0.0000e+00
     0.1364    2.62336      27.12  552856958 0.0000e+00
     0.1338    2.66193      27.49  552856959 0.0000e+00
     0.1470    2.62626      28.21  552856961 0.0000e+00
     0.1108    2.62619      28.82  552856963 0.0000e+00
     0.1055    2.63263      29.32  552856964 0.0000e+00
     0.1359    2.63092      30.11  552856966 0.0000e+00
     0.1625    2.66358      30.39  552856967 0.0000e+00
     0.1156    2.63816      31.10  552856969 0.0000e+00
     0.0323    2.64888      31.54  552856970 0.0000e+00
    -0.0702    2.63828      32.07  552856972 0.0000e+00
    -0.1057    2.63778      32.59  552856973 0.0000e+00
    -0.0734    2.62794      33.13  552856975 0.0000e+00
    -0.0679    2.62051      33.91  552856976 0.0000e+00
    -0.0671    2.63596      34.32  552856978 0.0000e+00
    -0.0691    2.61454      35.15  552856979 0.0000e+00
    -0.0657    2.61814      35.72  552856981 0.0000e+00
    -0.0686    2.61485      36.60  552856982 0.0000e+00
    -0.0619    2.61601      37.48  552856984 0.0000e+00
    -0.0558    2.61846      38.20  552856985 0.0000e+00
    -0.0450    2.61947      39.03  552856987 0.0000e+00
     0.1136    2.63435      39.97  552856988 0.0000e+00
     0.1492    2.63844      40.59  552856990 0.0000e+00
     0.1123    2.63722      41.59  552856991 0.0000e+00
     0.1195    2.64264      41.96  552856993 0.0000e+00
     0.1141    2.64102      42.76  552856995 0.0000e+00
     0.1054    2.64162      43.38  552856996 0.0000e+00
     0.1002    2.64181      44.17  552856998 0.0000e+00
     0.0939    2.64383      44.75  552856999 0.0000e+00
     0.0851    2.64367      45.47  552857001 0.0000e+00
     0.0751    2.64316      46.26  552857002 0.0000e+00
     0.0425    2.64219      47.03  552857004 0.0000e+00
    -0.0084    2.63884      47.85  552857005 0.0000e+00
    -0.0858    2.63592      48.61  552857007 0.0000e+00
    -0.0871    2.63589      49.39  552857008 0.0000e+00
    -0.0689    2.63712      50.29  552857010 0.0000e+00
    -0.1136    2.63594      51.18  552857011 0.0000e+00
    -0.0807    2.63961      52.05  552857013 0.0000e+00
    -0.0591    2.64238      52.95  552857014 0.0000e+00
    -0.0336    2.64594      53.88  552857016 0.0000e+00
     0.0060    2.65001      54.74  552857017 0.0000e+00
    -0.0177    2.64967      55.53  552857019 0.0000e+00
    -0.0740    2.64836      56.45  552857020 0.0000e+00
    -0.0789    2.64870      57.33  552857022 0.0000e+00
    -0.1073    2.64683      58.27  552857023 0.0000e+00
    -0.0979    2.64812      59.05  552857025 0.0000e+00
    -0.0732    2.65048      59.88  552857026 0.0000e+00
    -0.0344    2.65406      60.78  552857028 0.0000e+00
    -0.0014    2.65679      61.49  552857030 0.0000e+00
     0.0523    2.66126      62.45  552857031 0.0000e+00
     0.0724    2.66435      63.15  552857033 0.0000e+00
     0.0726    2.66660      64.04  552857034 0.0000e+00
     0.0714    2.66784      64.91  552857036 0.0000e+00
     0.0832    2.66951      65.80  552857037 0.0000e+00
     0.1047    2.67194      66.82  552857039 0.0000e+00
     0.1137    2.67333      67.64  552857040 0.0000e+00
     0.1140    2.67499      68.64  552857042 0.0000e+00
     0.1141    2.67565      69.47  552857043 0.0000e+00
     0.1155    2.67602      70.36  552857045 0.0000e+00
     0.1174    2.67636      71.08  552857046 0.0000e+00
     0.1182    2.67657      72.01  552857048 0.0000e+00
     0.1196    2.67680      72.73  552857049 0.0000e+00
     0.1336    2.67822      73.59  552857051 0.0000e+00
     0.1486    2.68017      74.43  552857052 0.0000e+00
     0.1573    2.68131      75.39  552857054 0.0000e+00
     0.1666    2.68271      76.11  552857055 0.0000e+00
     0.1701    2.68364      77.12  552857057 0.0000e+00
     0.1742    2.68416      77.73  552857058 0.0000e+00
     0.1787    2.68507      78.76  552857060 0.0000e+00
     0.1805    2.68540      79.10  552857061 0.0000e+00
     0.1813    2.68566      79.90  552857063 0.0000e+00
     0.1811    2.68593      80.24  552857065 0.0000e+00
     0.1821    2.68586      81.02  552857066 0.0000e+00
     0.1838    2.68643      81.42  552857068 0.0000e+00
     0.1858    2.68662      81.89  552857069 0.0000e+00
     0.1885    2.68701      82.41  552857071 0.0000e+00
     0.1899    2.68640      83.11  552857072 0.0000e+00
     0.1910    2.68238      83.07  552857074 0.0000e+00
     0.1911    2.68355      83.04  552857075 0.0000e+00
     0.1910    2.68719      82.19  552857077 0.0000e+00
     0.1910    2.68496      81.05  552857078 0.0000e+00
     0.1861    2.68368      80.53  552857080 0.0000e+00
     0.1833    2.68583      79.81  552857081 0.0000e+00
     0.1815    2.68572      79.08  552857083 0.0000e+00
     0.1813    2.68546      78.28  552857084 0.0000e+00
     0.1803    2.68534      77.69  552857086 0.0000e+00
     0.1777    2.68492      76.99  552857087 0.0000e+00
     0.1756    2.68467      76.47  552857089 0.0000e+00
     0.1735    2.68422      75.98  552857090 0.0000e+00
     0.1706    2.68360      75.36  552857092 0.0000e+00
     0.1682    2.68328      74.90  552857094 0.0000e+00
     0.1608    2.68208      74.25  552857095 0.0000e+00
     0.1581    2.68135      73.70  552857097 0.0000e+00
     0.1491    2.68047      73.38  552857098 0.0000e+00
     0.1432    2.67950      72.86  552857100 0.0000e+00
     0.1370    2.67816      72.23  552857101 0.0000e+00
     0.1248    2.67683      71.52  552857103 0.0000e+00
     0.1205    2.67646      70.88  552857104 0.0000e+00
     0.1176    2.67614      70.18  552857106 0.0000e+00
     0.1164    2.67599      69.73  552857107 0.0000e+00
     0.1156    2.67588      69.25  552857109 0.0000e+00
     0.1157    2.67589      68.93  552857110 0.0000e+00
     0.1139    2.67561      68.30  552857112 0.0000e+00
     0.1131    2.67538      67.71  552857113 0.0000e+00
     0.1146    2.67507      66.96  552857115 0.0000e+00
     0.1156    2.67376      66.38  552857116 0.0000e+00
     0.1092    2.67263      65.76  552857118 0.0000e+00
     0.1028    2.67148      65.20  552857119 0.0000e+00
     0.0907    2.66957      64.61  552857121 0.0000e+00
     0.0815    2.66867      64.09  552857122 0.0000e+00
     0.0728    2.66783      63.38  552857124 0.0000e+00
     0.0724    2.66717      62.87  552857125 0.0000e+00
     0.0719    2.66615      62.46  552857127 0.0000e+00
     0.0733    2.66507      62.02  552857129 0.0000e+00
     0.0693    2.66332      61.60  552857130 0.0000e+00
     0.0484    2.66111      60.96  552857132 0.0000e+00
     0.0278    2.65837      60.51  552857133 0.0000e+00
    -0.0081    2.65535      59.94  552857135 0.0000e+00
    -0.0227    2.65427      59.66  552857136 0.0000e+00
    -0.0481    2.65125      59.20  552857138 0.0000e+00
    -0.0701    2.64889      58.71  552857139 0.0000e+00
    -0.0823    2.64726      58.21  552857141 0.0000e+00
    -0.1013    2.64483      57.59  552857142 0.0000e+00
    -0.1199    2.64400      57.10  552857144 0.0000e+00
    -0.1018    2.64524      56.46  552857145 0.0000e+00
    -0.0718    2.64755      56.04  552857147 0.0000e+00
    -0.0268    2.65010      55.50  552857148 0.0000e+00
    -0.0328    2.64512      55.18  552857150 0.0000e+00
    -0.1127    2.64223      54.66  552857151 0.0000e+00
    -0.0667    2.64721      54.19  552857153 0.0000e+00
    -0.0105    2.64717      53.73  552857154 0.0000e+00
    -0.0087    2.64702      53.27  552857156 0.0000e+00
    -0.0235    2.64174      52.82  552857157 0.0000e+00
    -0.0533    2.64014      52.36  552857159 0.0000e+00
    -0.0524    2.63978      51.82  552857160 0.0000e+00
    -0.0586    2.63766      51.51  552857162 0.0000e+00
    -0.0809    2.63503      51.08  552857164 0.0000e+00
    -0.0936    2.63022      50.61  552857165 0.0000e+00
    -0.1402    2.62873      50.28  552857167 0.0000e+00
    -0.1031    2.63082      49.69  552857168 0.0000e+00
    -0.0764    2.63153      49.52  552857170 0.0000e+00
    -0.0736    2.63062      48.99  552857171 0.0000e+00
    -0.0849    2.62952      48.84  552857173 0.0000e+00
    -0.0926    2.62879      48.58  552857174 0.0000e+00
    -0.0956    2.62829      48.32  552857176 0.0000e+00
    -0.0961    2.62832      48.09  552857177 0.0000e+00
    -0.0829    2.62918      48.11  552857179 0.0000e+00
