Code/Hansen Zooplankton Code and Sample Data/data/ctd/gsl_12_SBE37SI-RS232_03706156_2017_08_11.cnv
* Sea-Bird SBE37SI-RS232  Data File:
* FileName = C:\Users\General Lab Use\Desktop\SHELAGH CTD 2017\gsl_12_SBE37SI-RS232_03706156_2017_08_11.cnv
* Software version 1.00d
* Temperature SN = 6156
* Conductivity SN = 6156
* System UpLoad Time = Aug 11 2017 00:43:36
* <ApplicationData>
* <Seaterm232>
# nquan = 5
# nvalues = 2318
# units = specified
# name 0 = t090C: Temperature [ITS-90, deg C]
# name 1 = c0S/m: Conductivity [S/m]
# name 2 = prM: Pressure [db]
# name 3 = timeK: Time, Seacat Plus [seconds]
# name 4 = flag: Flag
# span 0 =     -0.2584,    20.6000
# span 1 =    0.000002,   3.665880
# span 2 =      -0.248,    121.875
# span 3 =   555711688,  555715230
# span 4 =  0.0000e+00, 0.0000e+00
# interval = seconds: 6.000000
# start_time = Aug 10 2017 20:21:28
# bad_flag = -9.990e-29
*END*
[from data line 572]
     9.3986    3.19053      29.55  555712563 0.0000e+00
     9.1944    3.16689      30.91  555712564 0.0000e+00
     9.0441    3.17886      31.67  555712566 0.0000e+00
     8.8161    3.15489      32.83  555712568 0.0000e+00
     7.7924    3.11060      33.86  555712569 0.0000e+00
     6.7231    3.05448      34.84  555712571 0.0000e+00
     5.9652    3.02606      35.72  555712572 0.0000e+00
     5.4145    2.99419      36.67  555712574 0.0000e+00
     5.0107    3.00165      37.52  555712575 0.0000e+00
     4.7137    2.95591      38.40  555712577 0.0000e+00
     4.0963    2.91950      39.32  555712578 0.0000e+00
     3.6201    2.92809      39.55  555712580 0.0000e+00
     3.3866    2.85053      40.67  555712581 0.0000e+00
     2.4966    2.85311      41.18  555712583 0.0000e+00
     2.3899    2.80825      42.28  555712584 0.0000e+00
     2.2023    2.83174      42.80  555712586 0.0000e+00
     2.1332    2.79551      43.93  555712587 0.0000e+00
     2.0495    2.79611      44.07  555712589 0.0000e+00
     2.0746    2.78197      44.99  555712590 0.0000e+00
     1.6054    2.77684      45.91  555712592 0.0000e+00
     1.3997    2.75283      46.97  555712593 0.0000e+00
     1.1129    2.74744      47.79  555712595 0.0000e+00
     0.8937    2.72375      48.91  555712597 0.0000e+00
     0.7331    2.75314      49.31  555712598 0.0000e+00
     0.6896    2.72735      49.99  555712600 0.0000e+00
     0.6430    2.71784      50.61  555712601 0.0000e+00
     0.6013    2.71178      51.56  555712603 0.0000e+00
     0.5792    2.72022      51.83  555712604 0.0000e+00
     0.4923    2.70137      52.87  555712606 0.0000e+00
     0.3653    2.70259      53.36  555712607 0.0000e+00
     0.2788    2.69233      54.33  555712609 0.0000e+00
     0.2548    2.68312      55.03  555712610 0.0000e+00
     0.2059    2.68285      56.12  555712612 0.0000e+00
     0.1304    2.68047      56.67  555712613 0.0000e+00
     0.0661    2.67019      57.77  555712615 0.0000e+00
     0.0427    2.67146      58.46  555712616 0.0000e+00
     0.0781    2.67603      59.43  555712618 0.0000e+00
     0.0927    2.67644      59.96  555712619 0.0000e+00
     0.1081    2.67799      60.83  555712621 0.0000e+00
     0.1077    2.67672      61.73  555712623 0.0000e+00
     0.0215    2.67908      62.58  555712624 0.0000e+00
     0.0205    2.67111      63.44  555712626 0.0000e+00
    -0.0388    2.66719      64.49  555712627 0.0000e+00
    -0.0894    2.66718      65.12  555712629 0.0000e+00
    -0.0983    2.66358      66.09  555712630 0.0000e+00
    -0.1080    2.66407      66.88  555712632 0.0000e+00
    -0.1228    2.66234      67.72  555712633 0.0000e+00
    -0.1236    2.66295      68.55  555712635 0.0000e+00
    -0.1888    2.65875      69.35  555712636 0.0000e+00
    -0.2131    2.66271      70.11  555712638 0.0000e+00
    -0.1849    2.66129      70.74  555712639 0.0000e+00
    -0.1667    2.66180      71.64  555712641 0.0000e+00
    -0.1511    2.66650      72.11  555712642 0.0000e+00
    -0.1173    2.66673      72.95  555712644 0.0000e+00
    -0.0659    2.67089      73.74  555712645 0.0000e+00
    -0.0543    2.67536      74.23  555712647 0.0000e+00
    -0.0288    2.67490      75.07  555712648 0.0000e+00
     0.0472    2.68129      75.29  555712650 0.0000e+00
     0.0473    2.68135      76.27  555712652 0.0000e+00
     0.0458    2.68488      76.36  555712653 0.0000e+00
     0.0393    2.68270      77.25  555712655 0.0000e+00
     0.0254    2.68292      77.90  555712656 0.0000e+00
     0.0279    2.68348      78.75  555712658 0.0000e+00
     0.0068    2.68391      79.59  555712659 0.0000e+00
     0.0295    2.68728      80.35  555712661 0.0000e+00
     0.1256    2.69754      81.05  555712662 0.0000e+00
     0.2896    2.71368      82.01  555712664 0.0000e+00
     0.3885    2.71400      82.19  555712665 0.0000e+00
     0.4053    2.72833      83.19  555712667 0.0000e+00
     0.4182    2.72846      83.62  555712668 0.0000e+00
     0.4322    2.73285      84.57  555712670 0.0000e+00
     0.4328    2.73332      85.23  555712671 0.0000e+00
     0.4364    2.73473      86.25  555712673 0.0000e+00
     0.4672    2.73485      86.44  555712674 0.0000e+00
     0.4745    2.73933      87.48  555712676 0.0000e+00
     0.5188    2.73907      87.61  555712678 0.0000e+00
     0.5366    2.74494      88.57  555712679 0.0000e+00
     0.5465    2.74435      88.95  555712681 0.0000e+00
     0.5418    2.74520      89.82  555712682 0.0000e+00
     0.5644    2.74559      90.24  555712684 0.0000e+00
     0.6101    2.75304      91.02  555712685 0.0000e+00
     0.6471    2.75595      91.70  555712687 0.0000e+00
     0.6509    2.75771      92.54  555712688 0.0000e+00
     0.6696    2.76076      93.49  555712690 0.0000e+00
     0.7556    2.76673      94.11  555712691 0.0000e+00
     0.7738    2.77094      94.96  555712693 0.0000e+00
     0.7806    2.77219      95.73  555712694 0.0000e+00
     0.7819    2.77272      96.51  555712696 0.0000e+00
     0.7833    2.77336      97.19  555712697 0.0000e+00
     0.7874    2.77370      97.92  555712699 0.0000e+00
     0.7932    2.77349      97.86  555712700 0.0000e+00
     0.7946    2.77478      98.27  555712702 0.0000e+00
     0.7955    2.77493      98.19  555712703 0.0000e+00
     0.7959    2.77536      98.59  555712705 0.0000e+00
     0.7960    2.77481      98.62  555712707 0.0000e+00
     0.7957    2.77541      98.56  555712708 0.0000e+00
     0.7973    2.77655      99.25  555712710 0.0000e+00
     0.8078    2.77568      99.50  555712711 0.0000e+00
     0.8109    2.77805     100.33  555712713 0.0000e+00
     0.8135    2.77813     100.82  555712714 0.0000e+00
     0.8236    2.77967     101.64  555712716 0.0000e+00
     0.8269    2.77989     102.15  555712717 0.0000e+00
     0.8286    2.78048     103.03  555712719 0.0000e+00
     0.8465    2.78208     103.60  555712720 0.0000e+00
     0.8926    2.78656     104.33  555712722 0.0000e+00
     0.9215    2.78975     105.13  555712723 0.0000e+00
     0.9311    2.79070     105.72  555712725 0.0000e+00
     0.9398    2.79281     106.61  555712726 0.0000e+00
     0.9508    2.79211     107.16  555712728 0.0000e+00
     0.9532    2.79474     107.94  555712729 0.0000e+00
     0.9593    2.79416     108.24  555712731 0.0000e+00
     0.9603    2.79453     108.10  555712733 0.0000e+00
     0.9603    2.79491     107.95  555712734 0.0000e+00
     0.9605    2.79472     107.76  555712736 0.0000e+00
     0.9591    2.79551     107.27  555712737 0.0000e+00
     0.9597    2.79505     107.02  555712739 0.0000e+00
     0.9552    2.79470     106.91  555712740 0.0000e+00
     0.9535    2.79490     106.69  555712742 0.0000e+00
     0.9522    2.79532     107.14  555712743 0.0000e+00
     0.9538    2.79566     107.68  555712745 0.0000e+00
     0.9583    2.79601     108.28  555712746 0.0000e+00
     0.9575    2.79620     108.88  555712748 0.0000e+00
     0.9675    2.79629     109.15  555712749 0.0000e+00
     0.9705    2.79659     109.24  555712751 0.0000e+00
     0.9709    2.79750     108.83  555712752 0.0000e+00
     0.9704    2.79724     108.28  555712754 0.0000e+00
     0.9693    2.79736     107.77  555712755 0.0000e+00
     0.9664    2.79702     107.12  555712757 0.0000e+00
     0.9626    2.79665     106.98  555712759 0.0000e+00
     0.9570    2.79594     106.25  555712760 0.0000e+00
     0.9500    2.79535     105.91  555712762 0.0000e+00
     0.9441    2.79496     105.33  555712763 0.0000e+00
     0.9437    2.79443     104.74  555712765 0.0000e+00
     0.9307    2.79317     104.08  555712766 0.0000e+00
     0.9263    2.79251     103.41  555712768 0.0000e+00
     0.9096    2.78814     102.62  555712769 0.0000e+00
     0.8462    2.78262     101.80  555712771 0.0000e+00
     0.8328    2.78215     100.98  555712772 0.0000e+00
     0.8267    2.78101     100.32  555712774 0.0000e+00
     0.8181    2.77994      99.58  555712775 0.0000e+00
     0.8084    2.77906      98.90  555712777 0.0000e+00
     0.8018    2.77790      98.16  555712778 0.0000e+00
     0.7953    2.77736      97.52  555712780 0.0000e+00
     0.7898    2.77663      96.80  555712781 0.0000e+00
     0.7853    2.77598      96.13  555712783 0.0000e+00
     0.7809    2.77553      95.55  555712785 0.0000e+00
     0.7783    2.77516      94.81  555712786 0.0000e+00
     0.7774    2.77492      94.24  555712788 0.0000e+00
     0.7754    2.77412      93.48  555712789 0.0000e+00
     0.7596    2.77120      92.95  555712791 0.0000e+00
     0.7062    2.76378      92.28  555712792 0.0000e+00
     0.6668    2.76156      91.65  555712794 0.0000e+00
     0.6558    2.76069      91.07  555712795 0.0000e+00
     0.6522    2.76010      90.36  555712797 0.0000e+00
     0.6385    2.75561      89.78  555712798 0.0000e+00
     0.5819    2.75100      89.18  555712800 0.0000e+00
     0.5499    2.74889      88.50  555712801 0.0000e+00
     0.5439    2.74790      87.79  555712803 0.0000e+00
     0.5271    2.74488      87.06  555712804 0.0000e+00
     0.5048    2.74273      86.31  555712806 0.0000e+00
     0.4721    2.73904      85.46  555712807 0.0000e+00
     0.4572    2.73783      84.81  555712809 0.0000e+00
     0.4446    2.73600      83.97  555712810 0.0000e+00
     0.4341    2.73435      83.48  555712812 0.0000e+00
     0.4151    2.73227      82.69  555712814 0.0000e+00
     0.4064    2.73140      82.22  555712815 0.0000e+00
     0.3983    2.73022      81.53  555712817 0.0000e+00
     0.3922    2.72846      80.97  555712818 0.0000e+00
     0.3341    2.71272      80.37  555712820 0.0000e+00
     0.2028    2.70209      79.83  555712821 0.0000e+00
     0.0728    2.68965      79.24  555712823 0.0000e+00
     0.0199    2.68428      78.72  555712824 0.0000e+00
     0.0061    2.68332      78.26  555712826 0.0000e+00
     0.0104    2.68296      77.75  555712827 0.0000e+00
     0.0214    2.68234      77.21  555712829 0.0000e+00
     0.0373    2.68210      76.68  555712830 0.0000e+00
     0.0436    2.68150      76.19  555712832 0.0000e+00
     0.0473    2.68027      75.57  555712833 0.0000e+00
     0.0471    2.68009      75.18  555712835 0.0000e+00
     0.0623    2.68035      74.62  555712836 0.0000e+00
     0.0616    2.67673      74.10  555712838 0.0000e+00
    -0.0166    2.66948      73.51  555712840 0.0000e+00
    -0.0580    2.66691      73.01  555712841 0.0000e+00
    -0.0930    2.66315      72.39  555712843 0.0000e+00
    -0.1028    2.66282      71.93  555712844 0.0000e+00
    -0.1001    2.66233      71.42  555712846 0.0000e+00
    -0.0976    2.66236      70.76  555712847 0.0000e+00
    -0.0932    2.66203      70.32  555712849 0.0000e+00
    -0.0758    2.66252      69.64  555712850 0.0000e+00
    -0.0855    2.65998      69.20  555712852 0.0000e+00
    -0.1333    2.65541      68.59  555712853 0.0000e+00
    -0.1615    2.65374      68.13  555712855 0.0000e+00
    -0.2071    2.64833      67.55  555712856 0.0000e+00
    -0.1967    2.65163      67.07  555712858 0.0000e+00
    -0.1175    2.65663      66.54  555712859 0.0000e+00
    -0.0530    2.65589      66.00  555712861 0.0000e+00
    -0.0711    2.65483      65.67  555712862 0.0000e+00
    -0.0715    2.65488      65.21  555712864 0.0000e+00
    -0.0633    2.65571      64.70  555712866 0.0000e+00
    -0.0488    2.65584      64.36  555712867 0.0000e+00
    -0.0431    2.65599      63.83  555712869 0.0000e+00
    -0.0424    2.65595      63.56  555712870 0.0000e+00
    -0.0320    2.65726      63.17  555712872 0.0000e+00
    -0.0039    2.65888      62.68  555712873 0.0000e+00
     0.0159    2.65981      62.31  555712875 0.0000e+00
     0.0303    2.66085      61.75  555712876 0.0000e+00
     0.0437    2.66121      61.52  555712878 0.0000e+00
     0.0421    2.66040      60.92  555712879 0.0000e+00
     0.0309    2.65939      60.66  555712881 0.0000e+00
     0.0444    2.66108      60.07  555712882 0.0000e+00
     0.0790    2.66273      59.82  555712884 0.0000e+00
     0.1049    2.66290      59.21  555712885 0.0000e+00
     0.0957    2.66120      59.07  555712887 0.0000e+00
     0.0905    2.65855      58.36  555712888 0.0000e+00
     0.0396    2.65170      58.17  555712890 0.0000e+00
     0.0272    2.65080      57.48  555712891 0.0000e+00
     0.0330    2.65082      57.16  555712893 0.0000e+00
     0.0474    2.65163      56.65  555712895 0.0000e+00
     0.0735    2.65352      56.24  555712896 0.0000e+00
     0.1189    2.65578      55.86  555712898 0.0000e+00
     0.1654    2.65706      55.43  555712899 0.0000e+00
     0.1936    2.65805      55.07  555712901 0.0000e+00
     0.2228    2.65902      54.71  555712902 0.0000e+00
     0.2466    2.65951      54.37  555712904 0.0000e+00
     0.2564    2.65918      54.13  555712905 0.0000e+00
     0.2693    2.65952      53.63  555712907 0.0000e+00
     0.2890    2.65976      53.56  555712908 0.0000e+00
     0.3287    2.66298      53.06  555712910 0.0000e+00
     0.3867    2.66573      52.92  555712911 0.0000e+00
     0.4412    2.66862      52.51  555712913 0.0000e+00
     0.5042    2.67144      52.22  555712914 0.0000e+00
     0.5347    2.67264      51.89  555712916 0.0000e+00
     0.5690    2.67250      51.71  555712917 0.0000e+00
     0.5991    2.67525      51.08  555712919 0.0000e+00
     0.6316    2.67559      51.11  555712921 0.0000e+00
     0.6431    2.67755      50.38  555712922 0.0000e+00
     0.6601    2.67790      50.19  555712924 0.0000e+00
     0.6743    2.67919      49.74  555712925 0.0000e+00
     0.7144    2.68492      49.22  555712927 0.0000e+00
     0.8422    2.68861      49.05  555712928 0.0000e+00
     0.8931    2.69112      48.59  555712930 0.0000e+00
     1.0187    2.69879      48.27  555712931 0.0000e+00
     1.1780    2.70634      47.88  555712933 0.0000e+00
     1.2490    2.70907      47.68  555712934 0.0000e+00
     1.3223    2.71537      47.28  555712936 0.0000e+00
     1.4189    2.72000      47.08  555712937 0.0000e+00
     1.5722    2.73150      46.80  555712939 0.0000e+00
     1.6783    2.73603      46.64  555712940 0.0000e+00
     1.7145    2.73564      46.61  555712942 0.0000e+00
     1.7154    2.73795      46.47  555712943 0.0000e+00
     1.7109    2.73654      46.40  555712945 0.0000e+00
     1.7029    2.73754      46.30  555712946 0.0000e+00
     1.7020    2.74082      45.98  555712948 0.0000e+00
     1.8150    2.74787      45.92  555712950 0.0000e+00
     1.8956    2.75221      45.74  555712951 0.0000e+00
     1.9371    2.75538      45.59  555712953 0.0000e+00
     1.9782    2.75844      45.48  555712954 0.0000e+00
     2.0194    2.75955      45.64  555712956 0.0000e+00
     1.9974    2.75864      45.53  555712957 0.0000e+00
     1.9862    2.75715      45.76  555712959 0.0000e+00
     1.9085    2.75408      45.60  555712960 0.0000e+00
     1.9175    2.75226      46.00  555712962 0.0000e+00
     1.7712    2.74738      46.02  555712963 0.0000e+00
     1.7284    2.74398      46.14  555712965 0.0000e+00
     1.7171    2.74220      46.20  555712966 0.0000e+00
     1.7260    2.74326      46.16  555712968 0.0000e+00
     1.7592    2.74429      46.43  555712969 0.0000e+00
     1.7714    2.74667      46.34  555712971 0.0000e+00
     1.7705    2.74594      46.70  555712972 0.0000e+00
     1.6761    2.74040      46.61  555712974 0.0000e+00
     1.6017    2.73950      47.12  555712976 0.0000e+00
     1.5030    2.73136      46.89  555712977 0.0000e+00
     1.4778    2.73110      47.23  555712979 0.0000e+00
     1.4057    2.72524      47.12  555712980 0.0000e+00
     1.3918    2.72549      47.39  555712982 0.0000e+00
     1.3304    2.72098      47.38  555712983 0.0000e+00
     1.3224    2.72050      47.52  555712985 0.0000e+00
     1.3124    2.71809      47.20  555712986 0.0000e+00
     1.3421    2.72027      47.06  555712988 0.0000e+00
     1.4242    2.72528      46.87  555712989 0.0000e+00
     1.5342    2.73179      46.67  555712991 0.0000e+00
     1.6321    2.73771      46.58  555712992 0.0000e+00
     1.7580    2.74671      46.35  555712994 0.0000e+00
     1.8077    2.74729      46.33  555712995 0.0000e+00
     1.7862    2.74505      46.04  555712997 0.0000e+00
