Code/Hansen Zooplankton Code and Sample Data/data/ctd/gsl_16_SBE37SI-RS232_03706156_2017_08_12_final.cnv
* Sea-Bird SBE37SI-RS232  Data File:
* FileName = C:\Users\General Lab Use\Desktop\SHELAGH CTD 2017\gsl_16_SBE37SI-RS232_03706156_2017_08_12.cnv
* Software version 1.00d
* Temperature SN = 6156
* Conductivity SN = 6156
* System UpLoad Time = Aug 12 2017 09:50:57
* <ApplicationData>
* <Seaterm232>
# nquan = 7                                 
# nvalues = 2003                        
# units = specified
# name 0 = t090C: Temperature [ITS-90, deg C]
# name 1 = c0S/m: Conductivity [S/m]
# name 2 = prM: Pressure [db]
# name 3 = timeK: Time, Seacat Plus [seconds]
# name 4 = sal00: Salinity [PSU]
# name 5 = sigma-t00: Density [sigma-t, Kg/m^3 ]
# name 6 = flag: flag
# span 0 =    -0.3058,    20.3803       
# span 1 =   0.000300,   3.662450       
# span 2 =     -0.260,     67.970       
# span 3 =  555832670,  555835722       
# span 4 =     0.0101,    31.9196       
# span 5 =    -1.8058,    25.6245       
# span 6 = 0.0000e+00, 0.0000e+00       
# interval = seconds: 6.000000
# start_time = Aug 12 2017 05:57:50
# bad_flag = -9.990e-29
*END*
[from data line 1847]
    17.7686   0.009890     -0.230  555835484     0.0571    -1.3167 0.0000e+00
    17.7797   0.009850     -0.230  555835486     0.0569    -1.3189 0.0000e+00
    17.7857   0.009880     -0.230  555835487     0.0570    -1.3199 0.0000e+00
    17.7950   0.009840     -0.230  555835489     0.0568    -1.3218 0.0000e+00
    17.7925   0.009820     -0.230  555835490     0.0567    -1.3214 0.0000e+00
    17.7974   0.009790     -0.230  555835492     0.0565    -1.3224 0.0000e+00
    17.7902   0.009730     -0.230  555835494     0.0562    -1.3213 0.0000e+00
    17.7871   0.009710     -0.230  555835495     0.0561    -1.3209 0.0000e+00
    17.7860   0.009700     -0.230  555835497     0.0561    -1.3207 0.0000e+00
    17.7868   0.009670     -0.230  555835498     0.0559    -1.3210 0.0000e+00
    17.7810   0.009580     -0.230  555835500     0.0554    -1.3203 0.0000e+00
    17.7909   0.009560     -0.220  555835501     0.0553    -1.3222 0.0000e+00
    17.7992   0.009500     -0.230  555835503     0.0550    -1.3239 0.0000e+00
    17.7955   0.009490     -0.230  555835504     0.0549    -1.3233 0.0000e+00
    17.8003   0.009450     -0.220  555835506     0.0547    -1.3243 0.0000e+00
    17.8058   0.009490     -0.230  555835507     0.0549    -1.3252 0.0000e+00
    17.8062   0.009470     -0.230  555835509     0.0548    -1.3253 0.0000e+00
    17.8049   0.009470     -0.220  555835510     0.0548    -1.3251 0.0000e+00
    17.8043   0.009450     -0.230  555835512     0.0547    -1.3251 0.0000e+00
    17.8083   0.009480     -0.220  555835513     0.0549    -1.3257 0.0000e+00
    17.8112   0.009460     -0.230  555835515     0.0548    -1.3263 0.0000e+00
    17.8162   0.009460     -0.220  555835516     0.0547    -1.3272 0.0000e+00
    17.8144   0.009480     -0.230  555835518     0.0549    -1.3268 0.0000e+00
    17.8216   0.009450     -0.230  555835519     0.0547    -1.3282 0.0000e+00
    17.8181   0.009490     -0.230  555835521     0.0549    -1.3274 0.0000e+00
    17.8161   0.009420     -0.220  555835522     0.0545    -1.3274 0.0000e+00
    17.8124   0.009410     -0.230  555835524     0.0545    -1.3267 0.0000e+00
    17.8163   0.009370     -0.230  555835526     0.0543    -1.3276 0.0000e+00
    17.8103   0.009390     -0.230  555835527     0.0544    -1.3264 0.0000e+00
    17.8089   0.009420     -0.230  555835529     0.0545    -1.3260 0.0000e+00
    17.8140   0.009460     -0.230  555835530     0.0547    -1.3268 0.0000e+00
    17.8142   0.009490     -0.220  555835532     0.0549    -1.3267 0.0000e+00
    17.8098   0.009500     -0.230  555835533     0.0550    -1.3259 0.0000e+00
    17.8133   0.009490     -0.220  555835535     0.0549    -1.3266 0.0000e+00
    17.8153   0.009520     -0.230  555835536     0.0551    -1.3268 0.0000e+00
    17.8172   0.009530     -0.230  555835538     0.0551    -1.3271 0.0000e+00
    17.8129   0.009540     -0.220  555835539     0.0552    -1.3263 0.0000e+00
    17.8119   0.009540     -0.230  555835541     0.0552    -1.3261 0.0000e+00
    17.8184   0.009530     -0.230  555835542     0.0551    -1.3273 0.0000e+00
    17.8184   0.009520     -0.230  555835544     0.0551    -1.3274 0.0000e+00
    17.8249   0.009420     -0.230  555835545     0.0545    -1.3290 0.0000e+00
    17.8211   0.009390     -0.230  555835547     0.0544    -1.3284 0.0000e+00
    17.8262   0.009310     -0.220  555835548     0.0539    -1.3297 0.0000e+00
    17.8260   0.009300     -0.230  555835550     0.0539    -1.3297 0.0000e+00
    17.8273   0.009260     -0.220  555835551     0.0537    -1.3301 0.0000e+00
    17.8298   0.009220     -0.230  555835553     0.0535    -1.3307 0.0000e+00
    17.8241   0.009200     -0.230  555835554     0.0534    -1.3297 0.0000e+00
    17.8265   0.009170     -0.230  555835556     0.0532    -1.3303 0.0000e+00
    17.8320   0.009170     -0.220  555835558     0.0532    -1.3313 0.0000e+00
    17.8369   0.009170     -0.220  555835559     0.0532    -1.3322 0.0000e+00
    17.8377   0.009110     -0.230  555835561     0.0529    -1.3326 0.0000e+00
    17.8350   0.009080     -0.230  555835562     0.0527    -1.3322 0.0000e+00
    17.8437   0.009000     -0.230  555835564     0.0523    -1.3341 0.0000e+00
    17.8494   0.008980     -0.220  555835565     0.0522    -1.3353 0.0000e+00
    17.8568   0.008910     -0.230  555835567     0.0518    -1.3369 0.0000e+00
    17.8580   0.008910     -0.230  555835568     0.0518    -1.3371 0.0000e+00
    17.8599   0.008900     -0.230  555835570     0.0517    -1.3375 0.0000e+00
    17.8592   0.008870     -0.230  555835571     0.0516    -1.3375 0.0000e+00
    17.8587   0.008810     -0.230  555835573     0.0513    -1.3377 0.0000e+00
    17.8561   0.008780     -0.230  555835574     0.0511    -1.3373 0.0000e+00
    17.8585   0.008760     -0.230  555835576     0.0510    -1.3378 0.0000e+00
    17.8587   0.008770     -0.220  555835577     0.0511    -1.3378 0.0000e+00
    17.8590   0.008770     -0.230  555835579     0.0511    -1.3379 0.0000e+00
    17.8594   0.008760     -0.220  555835580     0.0510    -1.3380 0.0000e+00
    17.8593   0.008770     -0.230  555835582     0.0511    -1.3380 0.0000e+00
    17.8603   0.008790     -0.220  555835583     0.0512    -1.3381 0.0000e+00
    17.8624   0.008770     -0.230  555835585     0.0511    -1.3385 0.0000e+00
    17.8605   0.008730     -0.230  555835587     0.0508    -1.3383 0.0000e+00
    17.8670   0.008730     -0.230  555835588     0.0508    -1.3395 0.0000e+00
    17.8692   0.008730     -0.220  555835590     0.0508    -1.3399 0.0000e+00
    17.8632   0.008730     -0.220  555835591     0.0508    -1.3388 0.0000e+00
    17.8588   0.008690     -0.230  555835593     0.0506    -1.3382 0.0000e+00
    17.8575   0.008690     -0.230  555835594     0.0506    -1.3379 0.0000e+00
    17.8605   0.008650     -0.220  555835596     0.0504    -1.3387 0.0000e+00
    17.8607   0.008660     -0.230  555835597     0.0505    -1.3387 0.0000e+00
    17.8620   0.008670     -0.230  555835599     0.0505    -1.3389 0.0000e+00
    17.8644   0.008650     -0.220  555835600     0.0504    -1.3394 0.0000e+00
    17.8643   0.008620     -0.220  555835602     0.0503    -1.3395 0.0000e+00
    17.8674   0.008640     -0.230  555835603     0.0504    -1.3400 0.0000e+00
    17.8714   0.008570     -0.230  555835605     0.0500    -1.3410 0.0000e+00
    17.8722   0.008530     -0.230  555835606     0.0498    -1.3413 0.0000e+00
    17.8725   0.008510     -0.230  555835608     0.0497    -1.3414 0.0000e+00
    17.8706   0.008500     -0.230  555835609     0.0496    -1.3411 0.0000e+00
    17.8745   0.008500     -0.220  555835611     0.0496    -1.3419 0.0000e+00
    17.8732   0.008430     -0.230  555835612     0.0493    -1.3419 0.0000e+00
    17.8758   0.008360     -0.220  555835614     0.0489    -1.3427 0.0000e+00
    17.8818   0.008270     -0.220  555835616     0.0484    -1.3441 0.0000e+00
    17.8791   0.008230     -0.220  555835617     0.0482    -1.3438 0.0000e+00
    17.8836   0.008210     -0.220  555835619     0.0481    -1.3447 0.0000e+00
    17.8808   0.008160     -0.220  555835620     0.0478    -1.3444 0.0000e+00
    17.8769   0.008160     -0.230  555835622     0.0478    -1.3437 0.0000e+00
    17.8792   0.008160     -0.220  555835623     0.0478    -1.3441 0.0000e+00
    17.8776   0.008140     -0.230  555835625     0.0477    -1.3439 0.0000e+00
    17.8845   0.008070     -0.220  555835626     0.0474    -1.3454 0.0000e+00
    17.8857   0.008090     -0.220  555835628     0.0475    -1.3456 0.0000e+00
    17.8839   0.008070     -0.220  555835629     0.0474    -1.3453 0.0000e+00
    17.8858   0.008030     -0.220  555835631     0.0471    -1.3458 0.0000e+00
    17.8861   0.008030     -0.220  555835632     0.0471    -1.3459 0.0000e+00
    17.8831   0.008020     -0.220  555835634     0.0471    -1.3454 0.0000e+00
    17.8836   0.008000     -0.220  555835635     0.0470    -1.3456 0.0000e+00
    17.8926   0.009100     -0.240  555835637     0.0528    -1.3427 0.0000e+00
    17.9204   0.030530     -0.210  555835638     0.1706    -1.2572 0.0000e+00
    17.9441   0.042690     -0.250  555835640     0.2398    -1.2084 0.0000e+00
    17.9586   0.023640     -0.250  555835641     0.1319    -1.2940 0.0000e+00
    17.9872   0.024520     -0.240  555835643     0.1367    -1.2956 0.0000e+00
    18.0458   0.023420     -0.240  555835644     0.1304    -1.3113 0.0000e+00
    18.0742   0.023030     -0.230  555835646     0.1282    -1.3183 0.0000e+00
    18.0910   0.020190     -0.240  555835648     0.1125    -1.3335 0.0000e+00
    18.1073   0.019560     -0.230  555835649     0.1090    -1.3392 0.0000e+00
    18.1336   0.017870     -0.240  555835651     0.0997    -1.3513 0.0000e+00
    18.1452   0.017110     -0.240  555835652     0.0955    -1.3567 0.0000e+00
    18.1664   0.017240     -0.240  555835654     0.0962    -1.3601 0.0000e+00
    18.1690   0.016180     -0.240  555835655     0.0904    -1.3650 0.0000e+00
    18.1847   0.015520     -0.240  555835657     0.0868    -1.3707 0.0000e+00
    18.2006   0.015520     -0.240  555835658     0.0868    -1.3737 0.0000e+00
    18.2036   0.015420     -0.240  555835660     0.0862    -1.3747 0.0000e+00
    18.2181   0.014280     -0.230  555835661     0.0800    -1.3822 0.0000e+00
    18.2126   0.013650     -0.230  555835663     0.0767    -1.3838 0.0000e+00
    18.2390   0.013320     -0.230  555835664     0.0749    -1.3901 0.0000e+00
    18.2387   0.012990     -0.230  555835666     0.0731    -1.3914 0.0000e+00
    18.2493   0.012950     -0.240  555835667     0.0729    -1.3936 0.0000e+00
    18.2593   0.013460     -0.230  555835669     0.0756    -1.3934 0.0000e+00
    18.2840   0.013260     -0.230  555835670     0.0745    -1.3989 0.0000e+00
    18.2720   0.012870     -0.230  555835672     0.0724    -1.3982 0.0000e+00
    18.2772   0.012660     -0.230  555835673     0.0713    -1.4000 0.0000e+00
    18.2653   0.012330     -0.230  555835675     0.0695    -1.3991 0.0000e+00
    18.2578   0.012730     -0.220  555835676     0.0717    -1.3961 0.0000e+00
    18.2917   0.013080     -0.230  555835678     0.0735    -1.4010 0.0000e+00
    18.3442   0.012860     -0.230  555835680     0.0723    -1.4119 0.0000e+00
    18.3822   0.012690     -0.230  555835681     0.0713    -1.4198 0.0000e+00
    18.4136   0.012740     -0.230  555835683     0.0715    -1.4256 0.0000e+00
    18.4405   0.013060     -0.240  555835684     0.0732    -1.4294 0.0000e+00
    18.4382   0.012980     -0.230  555835686     0.0728    -1.4293 0.0000e+00
    18.4199   0.012710     -0.230  555835687     0.0714    -1.4269 0.0000e+00
    18.3986   0.012610     -0.230  555835689     0.0709    -1.4233 0.0000e+00
    18.3938   0.012670     -0.230  555835690     0.0712    -1.4221 0.0000e+00
    18.4096   0.012870     -0.230  555835692     0.0722    -1.4243 0.0000e+00
    18.4066   0.012780     -0.230  555835693     0.0718    -1.4241 0.0000e+00
    18.4035   0.013170     -0.230  555835695     0.0738    -1.4219 0.0000e+00
    18.3977   0.013100     -0.230  555835696     0.0735    -1.4211 0.0000e+00
    18.3792   0.013140     -0.230  555835698     0.0737    -1.4174 0.0000e+00
    18.3665   0.013130     -0.230  555835699     0.0737    -1.4150 0.0000e+00
    18.3582   0.013100     -0.230  555835701     0.0735    -1.4136 0.0000e+00
    18.3556   0.013070     -0.230  555835702     0.0734    -1.4132 0.0000e+00
    18.3451   0.013010     -0.230  555835704     0.0731    -1.4115 0.0000e+00
    18.3358   0.012970     -0.230  555835705     0.0729    -1.4099 0.0000e+00
    18.3199   0.012900     -0.230  555835707     0.0725    -1.4071 0.0000e+00
    18.3073   0.012850     -0.230  555835708     0.0723    -1.4049 0.0000e+00
    18.2941   0.012780     -0.230  555835710     0.0719    -1.4027 0.0000e+00
    18.2880   0.012750     -0.230  555835712     0.0717    -1.4017 0.0000e+00
    18.2746   0.012670     -0.230  555835713     0.0713    -1.3995 0.0000e+00
    18.2689   0.012640     -0.230  555835715     0.0712    -1.3985 0.0000e+00
    18.2610   0.012560     -0.230  555835716     0.0708    -1.3974 0.0000e+00
    18.2500   0.012490     -0.230  555835719     0.0704    -1.3956 0.0000e+00
    18.2544   0.012470     -0.230  555835721     0.0703    -1.3965 0.0000e+00
    18.2439   0.012410     -0.230  555835722     0.0700    -1.3948 0.0000e+00
