Code/Hansen Zooplankton Code and Sample Data/data/ctd/gsl_11_SBE37SI-RS232_03706156_2017_08_10.cnv
* Sea-Bird SBE37SI-RS232  Data File:
* FileName = C:\Users\General Lab Use\Desktop\SHELAGH CTD 2017\gsl_11_SBE37SI-RS232_03706156_2017_08_10.cnv
* Software version 1.00d
* Temperature SN = 6156
* Conductivity SN = 6156
* System UpLoad Time = Aug 10 2017 15:50:10
* <ApplicationData>
* <Seaterm232>
# nquan = 5
# nvalues = 2243
# units = specified
# name 0 = t090C: Temperature [ITS-90, deg C]
# name 1 = c0S/m: Conductivity [S/m]
# name 2 = prM: Pressure [db]
# name 3 = timeK: Time, Seacat Plus [seconds]
# name 4 = flag: Flag
# span 0 =      0.3286,    18.3628
# span 1 =    0.000202,   3.405209
# span 2 =      -0.233,     89.657
# span 3 =   555681024,  555684453
# span 4 =  0.0000e+00, 0.0000e+00
# interval = seconds: 6.000000
# start_time = Aug 10 2017 11:50:24
# bad_flag = -9.990e-29
*END*
[from data line 286]
    14.6821    0.11769      -0.19  555681462 0.0000e+00
    14.6339    0.11581      -0.18  555681464 0.0000e+00
    14.5817    0.11217      -0.18  555681465 0.0000e+00
    14.5320    0.11075      -0.18  555681467 0.0000e+00
    14.4849    0.10848      -0.18  555681468 0.0000e+00
    14.4583    0.10771      -0.18  555681470 0.0000e+00
    14.4283    0.10589      -0.18  555681472 0.0000e+00
    14.3832    0.10496      -0.18  555681473 0.0000e+00
    14.3526    0.10381      -0.18  555681475 0.0000e+00
    14.3231    0.10245      -0.18  555681476 0.0000e+00
    14.2905    0.10283      -0.18  555681478 0.0000e+00
    14.2704    0.10155      -0.18  555681479 0.0000e+00
    14.2459    0.10165      -0.18  555681481 0.0000e+00
    14.2373    0.10068      -0.17  555681482 0.0000e+00
    14.2046    0.10081      -0.17  555681484 0.0000e+00
    14.1948    0.09952      -0.17  555681485 0.0000e+00
    14.2039    0.09948      -0.17  555681487 0.0000e+00
    14.1983    0.09846      -0.17  555681488 0.0000e+00
    14.1895    0.09765      -0.17  555681490 0.0000e+00
    14.1679    0.09691      -0.17  555681491 0.0000e+00
    14.1572    0.09582      -0.17  555681493 0.0000e+00
    14.1242    0.09579      -0.17  555681494 0.0000e+00
    14.0893    0.09225      -0.17  555681496 0.0000e+00
    14.0537    0.09447      -0.17  555681498 0.0000e+00
    14.0398    0.08889      -0.17  555681499 0.0000e+00
    14.0484    0.09278      -0.17  555681501 0.0000e+00
    14.0296    0.08672      -0.17  555681502 0.0000e+00
    14.0392    0.09021      -0.17  555681504 0.0000e+00
    14.0413    0.08494      -0.17  555681505 0.0000e+00
    14.0530    0.08710      -0.17  555681507 0.0000e+00
    14.0686    0.08245      -0.17  555681508 0.0000e+00
    14.0854    0.08412      -0.17  555681510 0.0000e+00
    14.1143    0.08031      -0.17  555681511 0.0000e+00
    14.1266    0.08069      -0.17  555681513 0.0000e+00
    14.1308    0.07824      -0.17  555681514 0.0000e+00
    14.1433    0.07900      -0.17  555681516 0.0000e+00
    14.1581    0.07442      -0.17  555681517 0.0000e+00
    14.1309    0.07805      -0.17  555681519 0.0000e+00
    14.1147    0.07225      -0.17  555681520 0.0000e+00
    14.1014    0.07583      -0.17  555681522 0.0000e+00
    14.0681    0.07197      -0.17  555681524 0.0000e+00
    14.0247    0.07318      -0.17  555681525 0.0000e+00
    13.9981    0.07175      -0.17  555681527 0.0000e+00
    13.9587    0.07136      -0.17  555681528 0.0000e+00
    13.9679    0.06967      -0.16  555681530 0.0000e+00
    13.9939    0.07173      -0.16  555681531 0.0000e+00
    13.9836    0.06786      -0.17  555681533 0.0000e+00
    13.9561    0.07145      -0.16  555681534 0.0000e+00
    13.9195    0.06742      -0.16  555681536 0.0000e+00
    13.9253    0.06949      -0.17  555681537 0.0000e+00
    13.9227    0.06806      -0.17  555681539 0.0000e+00
    13.9239    0.06742      -0.16  555681540 0.0000e+00
    13.9241    0.06808      -0.16  555681542 0.0000e+00
    13.9005    0.06682      -0.16  555681543 0.0000e+00
    13.9082    0.06561      -0.16  555681545 0.0000e+00
    13.8887    0.06720      -0.16  555681546 0.0000e+00
    13.8939    0.06465      -0.16  555681548 0.0000e+00
    13.9138    0.06559      -0.16  555681550 0.0000e+00
    13.8994    0.06602      -0.16  555681551 0.0000e+00
    13.8984    0.06305      -0.16  555681553 0.0000e+00
    13.8992    0.06721      -0.16  555681554 0.0000e+00
    13.8913    0.06265      -0.16  555681556 0.0000e+00
    13.8830    0.06576      -0.16  555681557 0.0000e+00
    13.8766    0.06365      -0.16  555681559 0.0000e+00
    13.8679    0.06342      -0.16  555681560 0.0000e+00
    13.8630    0.06403      -0.16  555681562 0.0000e+00
    13.8725    0.06249      -0.16  555681563 0.0000e+00
    13.8586    0.06275      -0.16  555681565 0.0000e+00
    13.8668    0.06334      -0.16  555681566 0.0000e+00
    13.8488    0.06156      -0.16  555681568 0.0000e+00
    13.8319    0.06208      -0.16  555681569 0.0000e+00
    13.8182    0.06110      -0.16  555681571 0.0000e+00
    13.8126    0.06175      -0.17  555681572 0.0000e+00
    13.8103    0.06033      -0.16  555681574 0.0000e+00
    13.7954    0.06141      -0.17  555681576 0.0000e+00
    13.7928    0.06037      -0.16  555681577 0.0000e+00
    13.7796    0.06030      -0.17  555681579 0.0000e+00
    13.7517    0.06053      -0.17  555681580 0.0000e+00
    13.7473    0.05935      -0.17  555681582 0.0000e+00
    13.7531    0.06007      -0.17  555681583 0.0000e+00
    13.7346    0.05986      -0.17  555681585 0.0000e+00
    13.7172    0.05891      -0.16  555681586 0.0000e+00
    13.7056    0.06426      -0.17  555681588 0.0000e+00
    13.7363    0.06228      -0.17  555681589 0.0000e+00
    13.7463    0.05984      -0.17  555681591 0.0000e+00
    13.7698    0.06030      -0.17  555681592 0.0000e+00
    13.7866    0.06197      -0.17  555681594 0.0000e+00
    13.7875    0.05987      -0.17  555681595 0.0000e+00
    13.8346    0.06132      -0.17  555681597 0.0000e+00
    13.8564    0.06072      -0.17  555681598 0.0000e+00
    13.8696    0.05647      -0.17  555681600 0.0000e+00
    13.8688    0.05947      -0.17  555681602 0.0000e+00
    13.8632    0.05322      -0.17  555681603 0.0000e+00
    13.8855    0.06490      -0.17  555681605 0.0000e+00
    13.9049    0.05551      -0.17  555681606 0.0000e+00
    13.8982    0.06696      -0.17  555681608 0.0000e+00
    13.8856    0.05810      -0.17  555681609 0.0000e+00
    13.8895    0.07183      -0.17  555681611 0.0000e+00
    13.9040    0.06555      -0.17  555681612 0.0000e+00
    13.9236    0.07385      -0.17  555681614 0.0000e+00
    13.9635    0.07289      -0.17  555681615 0.0000e+00
    13.9832    0.07269      -0.17  555681617 0.0000e+00
    14.0015    0.07853      -0.17  555681618 0.0000e+00
    14.0356    0.07546      -0.17  555681620 0.0000e+00
    14.0548    0.07856      -0.18  555681621 0.0000e+00
    14.0698    0.07285      -0.18  555681623 0.0000e+00
    14.0909    0.04551      -0.18  555681624 0.0000e+00
    14.1074    0.03103      -0.19  555681626 0.0000e+00
    14.1283    0.03174      -0.19  555681627 0.0000e+00
    14.1474    0.02710      -0.19  555681629 0.0000e+00
    14.1541    0.02731      -0.19  555681631 0.0000e+00
    14.1567    0.02415      -0.19  555681632 0.0000e+00
    14.1667    0.02629      -0.19  555681634 0.0000e+00
    14.1688    0.02303      -0.19  555681635 0.0000e+00
    14.1740    0.02537      -0.19  555681637 0.0000e+00
    14.1802    0.02274      -0.19  555681638 0.0000e+00
    14.1682    0.02620      -0.19  555681640 0.0000e+00
    14.1625    0.02726      -0.19  555681641 0.0000e+00
    14.1693    0.02927      -0.19  555681643 0.0000e+00
    14.1757    0.03181      -0.19  555681644 0.0000e+00
    14.1903    0.03554      -0.19  555681646 0.0000e+00
    14.1901    0.03426      -0.19  555681647 0.0000e+00
    14.2051    0.03020      -0.19  555681649 0.0000e+00
    14.2111    0.02810      -0.20  555681650 0.0000e+00
    14.2385    0.02806      -0.20  555681652 0.0000e+00
    14.2767    0.03003      -0.20  555681653 0.0000e+00
    14.3066    0.02949      -0.21  555681655 0.0000e+00
    14.3319    0.03326      -0.20  555681656 0.0000e+00
    14.3549    0.03102      -0.20  555681658 0.0000e+00
    14.3957    0.03240      -0.20  555681659 0.0000e+00
    14.3867    0.03108      -0.20  555681661 0.0000e+00
    14.4261    0.03309      -0.20  555681663 0.0000e+00
    14.4483    0.03590      -0.20  555681664 0.0000e+00
    14.4715    0.03704      -0.20  555681666 0.0000e+00
    14.5076    0.03810      -0.20  555681667 0.0000e+00
    14.5153    0.03803      -0.20  555681669 0.0000e+00
    14.5301    0.03676      -0.20  555681670 0.0000e+00
    14.5296    0.03610      -0.20  555681672 0.0000e+00
    14.5501    0.03196      -0.20  555681673 0.0000e+00
    14.5791    0.03193      -0.20  555681675 0.0000e+00
    14.5884    0.03326      -0.21  555681676 0.0000e+00
    14.5843    0.03827      -0.20  555681678 0.0000e+00
    14.5804    0.04218      -0.19  555681679 0.0000e+00
    15.1159    2.51947      -0.02  555681681 0.0000e+00
    15.2546    3.37118       0.86  555681682 0.0000e+00
    15.2384    3.32094       1.32  555681684 0.0000e+00
    15.2567    3.36980       2.41  555681685 0.0000e+00
    15.2609    3.37280       2.53  555681687 0.0000e+00
    15.2627    3.38034       3.40  555681688 0.0000e+00
    15.2331    3.37411       3.69  555681690 0.0000e+00
    15.0162    3.36980       4.43  555681691 0.0000e+00
    14.9430    3.36399       4.93  555681693 0.0000e+00
    14.7990    3.35545       5.69  555681695 0.0000e+00
    14.3137    3.33045       6.43  555681696 0.0000e+00
    13.6539    3.29836       7.59  555681698 0.0000e+00
    13.5012    3.29661       8.02  555681699 0.0000e+00
    13.4413    3.28938       9.23  555681701 0.0000e+00
    13.5602    3.29977       9.52  555681702 0.0000e+00
    13.7064    3.34216      10.53  555681704 0.0000e+00
    13.7460    3.35375      11.16  555681705 0.0000e+00
    13.5722    3.34996      12.16  555681707 0.0000e+00
    13.4558    3.33810      12.97  555681708 0.0000e+00
    12.8520    3.31677      13.97  555681710 0.0000e+00
    12.5359    3.30434      14.80  555681711 0.0000e+00
    12.1155    3.28396      15.67  555681713 0.0000e+00
    11.4570    3.24898      16.46  555681714 0.0000e+00
    10.4584    3.22732      17.11  555681716 0.0000e+00
     9.8674    3.17359      18.08  555681717 0.0000e+00
     9.4499    3.18230      18.86  555681719 0.0000e+00
     8.8450    3.13330      19.40  555681720 0.0000e+00
     7.7548    3.04577      20.55  555681722 0.0000e+00
     6.3544    3.02068      20.77  555681723 0.0000e+00
     6.0644    2.96308      21.89  555681725 0.0000e+00
     5.9357    2.95988      22.04  555681726 0.0000e+00
     5.2539    2.92563      22.87  555681728 0.0000e+00
     4.3201    2.91087      23.39  555681730 0.0000e+00
     3.6038    2.88311      24.09  555681731 0.0000e+00
     2.8612    2.80706      24.88  555681733 0.0000e+00
     1.8555    2.76828      25.87  555681734 0.0000e+00
     1.6546    2.74312      26.52  555681736 0.0000e+00
     1.7936    2.76138      27.38  555681737 0.0000e+00
     1.8197    2.74257      28.19  555681739 0.0000e+00
     1.6221    2.73197      29.37  555681740 0.0000e+00
     1.4663    2.73353      29.85  555681742 0.0000e+00
     1.3035    2.71644      31.24  555681743 0.0000e+00
     1.1459    2.70919      31.61  555681745 0.0000e+00
     1.0962    2.71047      32.71  555681746 0.0000e+00
     1.1014    2.71238      33.08  555681748 0.0000e+00
     1.0634    2.71465      33.94  555681749 0.0000e+00
     1.1075    2.70969      34.69  555681751 0.0000e+00
     1.1455    2.71712      35.63  555681752 0.0000e+00
     1.1555    2.71253      36.40  555681754 0.0000e+00
     1.0893    2.70872      37.44  555681755 0.0000e+00
     1.0607    2.70648      38.08  555681757 0.0000e+00
     1.0086    2.70274      39.48  555681759 0.0000e+00
     0.9628    2.70527      39.90  555681760 0.0000e+00
     0.8949    2.69675      41.34  555681762 0.0000e+00
     0.7904    2.70461      41.93  555681763 0.0000e+00
     0.6408    2.68604      43.24  555681765 0.0000e+00
     0.5532    2.69110      43.53  555681766 0.0000e+00
     0.5041    2.68187      44.87  555681768 0.0000e+00
     0.4882    2.68804      45.48  555681769 0.0000e+00
     0.4730    2.67934      46.65  555681771 0.0000e+00
     0.4377    2.68709      47.23  555681772 0.0000e+00
     0.4015    2.67707      48.24  555681774 0.0000e+00
     0.3944    2.68288      49.19  555681775 0.0000e+00
     0.3854    2.68095      50.16  555681777 0.0000e+00
     0.3416    2.68504      51.11  555681778 0.0000e+00
     0.3375    2.68612      51.77  555681780 0.0000e+00
     0.3413    2.68637      52.67  555681781 0.0000e+00
     0.3512    2.68709      53.40  555681783 0.0000e+00
     0.3542    2.68741      54.53  555681784 0.0000e+00
     0.3531    2.69121      55.08  555681786 0.0000e+00
     0.3537    2.69914      55.26  555681787 0.0000e+00
     0.3524    2.68871      56.25  555681789 0.0000e+00
     0.3471    2.69304      56.77  555681790 0.0000e+00
     0.3482    2.69123      57.41  555681792 0.0000e+00
     0.3553    2.69966      57.59  555681794 0.0000e+00
     0.3550    2.69200      58.42  555681795 0.0000e+00
     0.3515    2.69550      59.02  555681797 0.0000e+00
     0.3520    2.69362      59.66  555681798 0.0000e+00
     0.3471    2.69494      60.46  555681800 0.0000e+00
     0.3551    2.69423      61.21  555681801 0.0000e+00
     0.3535    2.69581      62.22  555681803 0.0000e+00
     0.3524    2.69681      62.82  555681804 0.0000e+00
     0.3534    2.69633      63.83  555681806 0.0000e+00
     0.3646    2.69934      64.44  555681807 0.0000e+00
     0.3999    2.70609      65.59  555681809 0.0000e+00
     0.4465    2.71110      66.18  555681810 0.0000e+00
     0.4590    2.71479      67.31  555681812 0.0000e+00
     0.4802    2.71864      68.12  555681813 0.0000e+00
     0.4868    2.72015      68.99  555681815 0.0000e+00
     0.4888    2.72156      69.77  555681816 0.0000e+00
     0.4910    2.72161      70.60  555681818 0.0000e+00
     0.4925    2.72247      71.47  555681819 0.0000e+00
     0.4961    2.72300      72.47  555681821 0.0000e+00
     0.5005    2.72373      73.56  555681822 0.0000e+00
     0.5041    2.72453      74.25  555681824 0.0000e+00
     0.5113    2.72584      75.32  555681826 0.0000e+00
     0.5144    2.72672      75.96  555681827 0.0000e+00
     0.5156    2.72640      76.98  555681829 0.0000e+00
     0.5163    2.72716      77.62  555681830 0.0000e+00
     0.5166    2.72665      78.48  555681832 0.0000e+00
     0.5181    2.72720      79.18  555681833 0.0000e+00
     0.5200    2.72764      79.96  555681835 0.0000e+00
     0.5240    2.72837      80.65  555681836 0.0000e+00
     0.5287    2.72901      81.22  555681838 0.0000e+00
     0.5452    2.73150      81.99  555681839 0.0000e+00
     0.5574    2.73296      82.49  555681841 0.0000e+00
     0.5721    2.73603      83.34  555681842 0.0000e+00
     0.6034    2.73960      83.91  555681844 0.0000e+00
     0.6467    2.74662      84.74  555681845 0.0000e+00
     0.6662    2.74885      85.19  555681847 0.0000e+00
     0.6720    2.75053      85.73  555681848 0.0000e+00
     0.6789    2.75183      86.32  555681850 0.0000e+00
     0.6820    2.75048      86.55  555681851 0.0000e+00
     0.6816    2.75285      87.26  555681853 0.0000e+00
     0.6822    2.75277      87.24  555681854 0.0000e+00
     0.6820    2.75356      88.04  555681856 0.0000e+00
     0.6822    2.75382      88.16  555681857 0.0000e+00
     0.6817    2.75397      88.94  555681859 0.0000e+00
     0.6815    2.75394      88.80  555681861 0.0000e+00
     0.6826    2.75415      88.92  555681862 0.0000e+00
     0.6818    2.75425      89.46  555681864 0.0000e+00
     0.6826    2.75410      88.48  555681865 0.0000e+00
     0.6822    2.75419      88.67  555681867 0.0000e+00
     0.6812    2.75434      89.04  555681868 0.0000e+00
     0.6828    2.75439      88.51  555681870 0.0000e+00
     0.6828    2.75444      87.71  555681871 0.0000e+00
     0.6817    2.75422      86.76  555681873 0.0000e+00
     0.6815    2.75417      86.11  555681874 0.0000e+00
     0.6809    2.75389      85.34  555681876 0.0000e+00
     0.6760    2.75261      84.74  555681877 0.0000e+00
     0.6687    2.75133      83.95  555681879 0.0000e+00
     0.6442    2.74752      83.40  555681880 0.0000e+00
     0.6009    2.73996      82.71  555681882 0.0000e+00
     0.5700    2.73576      81.87  555681883 0.0000e+00
     0.5573    2.73483      81.41  555681885 0.0000e+00
     0.5389    2.73025      80.57  555681886 0.0000e+00
     0.5288    2.72908      80.01  555681888 0.0000e+00
     0.5236    2.72840      79.46  555681890 0.0000e+00
     0.5213    2.72749      78.91  555681891 0.0000e+00
     0.5182    2.72686      78.10  555681893 0.0000e+00
     0.5168    2.72711      77.74  555681894 0.0000e+00
     0.5164    2.72638      77.23  555681896 0.0000e+00
