Code/Hansen Zooplankton Code and Sample Data/data/ctd/gsl_07_SBE37SI-RS232_03706156_2017_08_02.cnv
* Sea-Bird SBE37SI-RS232  Data File:
* FileName = C:\Users\General Lab Use\Desktop\SHELAGH CTD 2017\gsl_07_SBE37SI-RS232_03706156_2017_08_02.cnv
* Software version 1.00d
* Temperature SN = 6156
* Conductivity SN = 6156
* System UpLoad Time = Aug 02 2017 18:17:22
* <ApplicationData>
* <Seaterm232>
# nquan = 5
# nvalues = 1319
# units = specified
# name 0 = t090C: Temperature [ITS-90, deg C]
# name 1 = c0S/m: Conductivity [S/m]
# name 2 = prM: Pressure [db]
# name 3 = timeK: Time, Seacat Plus [seconds]
# name 4 = flag: Flag
# span 0 =      0.0424,    20.8527
# span 1 =   -0.013528,   3.627842
# span 2 =      -0.227,    107.692
# span 3 =   554998957,  555000967
# span 4 =  0.0000e+00, 0.0000e+00
# interval = seconds: 6.000000
# start_time = Aug 02 2017 14:22:37
# bad_flag = -9.990e-29
*END*
[from data line 858]
     0.8294    2.78326      88.67  555000265 0.0000e+00
     0.8279    2.78315      87.99  555000266 0.0000e+00
     0.8267    2.78305      87.51  555000268 0.0000e+00
     0.8255    2.78295      87.25  555000269 0.0000e+00
     0.8229    2.78281      86.59  555000271 0.0000e+00
     0.8190    2.78263      86.04  555000272 0.0000e+00
     0.8134    2.78254      85.61  555000274 0.0000e+00
     0.8111    2.78245      85.05  555000276 0.0000e+00
     0.8069    2.78236      84.56  555000277 0.0000e+00
     0.8006    2.78222      84.09  555000279 0.0000e+00
     0.7986    2.78212      83.57  555000280 0.0000e+00
     0.7935    2.78201      83.07  555000282 0.0000e+00
     0.7905    2.78190      82.65  555000283 0.0000e+00
     0.7866    2.78177      82.28  555000285 0.0000e+00
     0.7843    2.78168      81.75  555000286 0.0000e+00
     0.7808    2.78173      81.37  555000288 0.0000e+00
     0.7767    2.78164      80.85  555000289 0.0000e+00
     0.7740    2.78151      80.24  555000291 0.0000e+00
     0.7709    2.78143      79.72  555000292 0.0000e+00
     0.7634    2.78138      79.26  555000294 0.0000e+00
     0.7576    2.78130      78.74  555000295 0.0000e+00
     0.7510    2.78118      78.27  555000297 0.0000e+00
     0.7501    2.78103      77.78  555000298 0.0000e+00
     0.7459    2.78087      77.15  555000300 0.0000e+00
     0.7410    2.78075      76.69  555000301 0.0000e+00
     0.7368    2.78061      76.20  555000303 0.0000e+00
     0.7355    2.78046      75.69  555000304 0.0000e+00
     0.7310    2.78025      75.21  555000306 0.0000e+00
     0.7207    2.78005      74.77  555000308 0.0000e+00
     0.7061    2.77995      74.33  555000309 0.0000e+00
     0.6913    2.77982      73.98  555000311 0.0000e+00
     0.6830    2.77958      73.42  555000312 0.0000e+00
     0.6646    2.77903      72.71  555000314 0.0000e+00
     0.6527    2.77588      72.24  555000315 0.0000e+00
     0.6318    2.76866      71.55  555000317 0.0000e+00
     0.6117    2.76552      70.99  555000318 0.0000e+00
     0.5898    2.75899      70.29  555000320 0.0000e+00
     0.5755    2.75973      69.74  555000321 0.0000e+00
     0.5485    2.75962      69.07  555000323 0.0000e+00
     0.5162    2.75791      68.30  555000324 0.0000e+00
     0.4855    2.75740      67.44  555000326 0.0000e+00
     0.4363    2.75999      66.81  555000327 0.0000e+00
     0.4318    2.76042      66.12  555000329 0.0000e+00
     0.4799    2.75938      65.15  555000330 0.0000e+00
     0.4763    2.75568      64.63  555000332 0.0000e+00
     0.4632    2.75000      63.86  555000333 0.0000e+00
     0.4168    2.74802      63.08  555000335 0.0000e+00
     0.3751    2.74563      62.54  555000336 0.0000e+00
     0.3652    2.73714      61.84  555000338 0.0000e+00
     0.3622    2.71637      61.08  555000340 0.0000e+00
     0.3217    2.70884      60.46  555000341 0.0000e+00
     0.2460    2.69604      59.66  555000343 0.0000e+00
     0.1983    2.69522      59.18  555000344 0.0000e+00
     0.1420    2.68645      58.36  555000346 0.0000e+00
     0.1103    2.67968      57.59  555000347 0.0000e+00
     0.0705    2.67832      56.93  555000349 0.0000e+00
     0.0544    2.67820      56.20  555000350 0.0000e+00
     0.0575    2.67221      55.49  555000352 0.0000e+00
     0.0451    2.67539      55.00  555000353 0.0000e+00
     0.0424    2.66569      54.10  555000355 0.0000e+00
     0.0459    2.66949      53.81  555000356 0.0000e+00
     0.0535    2.66265      52.83  555000358 0.0000e+00
     0.0593    2.66278      52.33  555000359 0.0000e+00
     0.0685    2.66186      51.78  555000361 0.0000e+00
     0.0858    2.65882      51.05  555000362 0.0000e+00
     0.1058    2.66149      50.71  555000364 0.0000e+00
     0.2153    2.66549      50.13  555000365 0.0000e+00
     0.2106    2.66280      49.52  555000367 0.0000e+00
     0.1767    2.66168      49.21  555000368 0.0000e+00
     0.1506    2.65626      48.30  555000370 0.0000e+00
     0.1309    2.65822      48.00  555000371 0.0000e+00
     0.1200    2.65424      47.30  555000373 0.0000e+00
     0.1985    2.65986      46.78  555000375 0.0000e+00
     0.3025    2.66200      46.35  555000376 0.0000e+00
     0.2691    2.65937      45.47  555000378 0.0000e+00
     0.2307    2.65702      45.12  555000379 0.0000e+00
     0.1791    2.65422      44.34  555000381 0.0000e+00
     0.2700    2.65716      43.75  555000382 0.0000e+00
     0.2568    2.65542      43.11  555000384 0.0000e+00
     0.2235    2.65254      42.40  555000385 0.0000e+00
     0.2133    2.65151      41.86  555000387 0.0000e+00
     0.2303    2.65137      41.33  555000388 0.0000e+00
     0.2888    2.65195      40.48  555000390 0.0000e+00
     0.3448    2.65188      39.90  555000391 0.0000e+00
     0.3738    2.65172      39.35  555000393 0.0000e+00
     0.3896    2.65194      38.39  555000394 0.0000e+00
     0.4251    2.65142      37.90  555000396 0.0000e+00
     0.4600    2.65180      37.19  555000397 0.0000e+00
     0.5004    2.65316      36.40  555000399 0.0000e+00
     0.5635    2.65357      35.83  555000400 0.0000e+00
     0.6157    2.65246      35.07  555000402 0.0000e+00
     0.6680    2.65595      34.32  555000403 0.0000e+00
     0.8001    2.65518      33.86  555000405 0.0000e+00
     0.8684    2.66043      32.89  555000407 0.0000e+00
     0.9145    2.66088      32.28  555000408 0.0000e+00
     0.9867    2.66109      31.69  555000410 0.0000e+00
     0.9994    2.66453      30.95  555000411 0.0000e+00
     1.0479    2.66468      30.44  555000413 0.0000e+00
     1.1857    2.66663      29.94  555000414 0.0000e+00
     1.2897    2.67305      29.16  555000416 0.0000e+00
     1.3710    2.67274      28.61  555000417 0.0000e+00
     1.4355    2.67057      28.07  555000419 0.0000e+00
     1.4504    2.67789      27.27  555000420 0.0000e+00
     1.4469    2.67336      26.83  555000422 0.0000e+00
     1.4529    2.67438      26.20  555000423 0.0000e+00
     1.4925    2.67855      25.45  555000425 0.0000e+00
     1.5506    2.67524      25.10  555000426 0.0000e+00
     1.6302    2.68981      24.01  555000428 0.0000e+00
     1.8930    2.68849      23.61  555000429 0.0000e+00
     2.1686    2.71126      22.75  555000431 0.0000e+00
     2.4714    2.72377      22.14  555000432 0.0000e+00
     2.8410    2.73568      21.56  555000434 0.0000e+00
     3.3398    2.74076      20.98  555000435 0.0000e+00
     3.5624    2.76893      20.12  555000437 0.0000e+00
     3.8313    2.75949      19.78  555000438 0.0000e+00
     3.9035    2.77772      18.91  555000440 0.0000e+00
     3.9637    2.76171      18.67  555000442 0.0000e+00
     4.1113    2.79159      17.73  555000443 0.0000e+00
     4.6353    2.79113      17.47  555000445 0.0000e+00
     4.8749    2.82147      16.63  555000446 0.0000e+00
     5.1953    2.81769      16.24  555000448 0.0000e+00
     5.3576    2.84382      15.35  555000449 0.0000e+00
     5.6923    2.84392      14.95  555000451 0.0000e+00
     5.9662    2.87773      13.94  555000452 0.0000e+00
     6.5975    2.88106      13.58  555000454 0.0000e+00
     7.1320    2.94900      12.68  555000455 0.0000e+00
     8.1438    2.96117      12.31  555000457 0.0000e+00
     8.6858    3.02699      11.21  555000458 0.0000e+00
     9.1020    3.02732      10.87  555000460 0.0000e+00
     9.6013    3.09770       9.90  555000461 0.0000e+00
    10.8556    3.16520       9.36  555000463 0.0000e+00
    13.9647    3.35321       8.65  555000464 0.0000e+00
    15.9741    3.37887       8.19  555000466 0.0000e+00
    16.6161    3.47353       7.46  555000467 0.0000e+00
    16.9646    3.48360       7.01  555000469 0.0000e+00
    17.1516    3.51301       6.52  555000471 0.0000e+00
    17.2336    3.52897       6.05  555000472 0.0000e+00
    17.3153    3.53077       5.62  555000474 0.0000e+00
    17.3289    3.54439       5.04  555000475 0.0000e+00
    17.3731    3.54032       4.77  555000477 0.0000e+00
    17.3867    3.55842       4.08  555000478 0.0000e+00
    17.5217    3.54766       3.95  555000480 0.0000e+00
    17.5413    3.56687       3.42  555000481 0.0000e+00
    17.6124    3.57096       3.12  555000483 0.0000e+00
    17.7120    3.58195       2.57  555000484 0.0000e+00
    17.8330    3.58900       2.08  555000486 0.0000e+00
    17.8419    3.58977       1.47  555000487 0.0000e+00
    17.9748    3.60215       1.02  555000489 0.0000e+00
    17.9985    3.61048       0.49  555000490 0.0000e+00
    18.0850    3.61368       0.07  555000492 0.0000e+00
    18.0846    3.61145      -0.08  555000493 0.0000e+00
    18.0585    3.59928       0.05  555000495 0.0000e+00
    18.0341    3.59619       0.07  555000496 0.0000e+00
    18.0211    3.58587       0.23  555000498 0.0000e+00
    18.0100    3.59754       0.02  555000499 0.0000e+00
    18.0139    1.29951      -0.18  555000501 0.0000e+00
    17.7354    0.60743      -0.16  555000502 0.0000e+00
    17.9126    0.98547      -0.18  555000504 0.0000e+00
    17.8549    2.99219      -0.16  555000506 0.0000e+00
    17.8677    0.42452      -0.18  555000507 0.0000e+00
    17.8686    2.71267      -0.18  555000509 0.0000e+00
    17.7785    0.30828      -0.18  555000510 0.0000e+00
    17.6547    0.19700      -0.18  555000512 0.0000e+00
    17.4502    0.16640      -0.17  555000513 0.0000e+00
    17.2909    0.15365      -0.18  555000515 0.0000e+00
    17.1762    0.10576      -0.18  555000516 0.0000e+00
    16.8058    0.13606      -0.18  555000518 0.0000e+00
    16.7858    0.15274      -0.18  555000519 0.0000e+00
    16.7872    0.13052      -0.18  555000521 0.0000e+00
    16.7733    0.12974      -0.18  555000522 0.0000e+00
    16.7803    0.10916      -0.18  555000524 0.0000e+00
    16.7851    0.09515      -0.18  555000525 0.0000e+00
    16.7762    0.07669      -0.18  555000527 0.0000e+00
    16.4904    0.08473      -0.18  555000528 0.0000e+00
    16.5274    0.08388      -0.18  555000530 0.0000e+00
    16.5555    0.08677      -0.18  555000531 0.0000e+00
    16.5584    0.09244      -0.18  555000533 0.0000e+00
    16.5768    0.09212      -0.18  555000535 0.0000e+00
    16.5949    0.08213      -0.18  555000536 0.0000e+00
    16.6009    0.08906      -0.18  555000538 0.0000e+00
    16.6119    0.09082      -0.18  555000539 0.0000e+00
    16.6283    0.08888      -0.19  555000541 0.0000e+00
    16.6389    0.08723      -0.18  555000542 0.0000e+00
    16.6410    0.08460      -0.19  555000544 0.0000e+00
    16.6812    0.06619      -0.19  555000545 0.0000e+00
    16.7033    0.05701      -0.19  555000547 0.0000e+00
    16.7530    0.06349      -0.19  555000548 0.0000e+00
    16.8152    0.07403      -0.20  555000550 0.0000e+00
    16.8865    0.05533      -0.19  555000551 0.0000e+00
    16.9152    0.04859      -0.19  555000553 0.0000e+00
    16.9461    0.05092      -0.20  555000554 0.0000e+00
    16.9580    0.04799      -0.20  555000556 0.0000e+00
    16.9792    0.04697      -0.19  555000557 0.0000e+00
    16.9995    0.05112      -0.19  555000559 0.0000e+00
    17.0301    0.04944      -0.19  555000560 0.0000e+00
    17.0489    0.05340      -0.19  555000562 0.0000e+00
    17.0709    0.05628      -0.20  555000563 0.0000e+00
    17.1043    0.05868      -0.19  555000565 0.0000e+00
    17.1198    0.05227      -0.20  555000567 0.0000e+00
    17.1291    0.05126      -0.19  555000568 0.0000e+00
    17.1269    0.04816      -0.19  555000570 0.0000e+00
    17.1178    0.04494      -0.19  555000571 0.0000e+00
    17.1168    0.04520      -0.19  555000573 0.0000e+00
    17.1272    0.04753      -0.19  555000574 0.0000e+00
    17.1308    0.04844      -0.20  555000576 0.0000e+00
    17.1532    0.04714      -0.19  555000577 0.0000e+00
    17.1667    0.04586      -0.20  555000579 0.0000e+00
    17.1949    0.04043      -0.19  555000580 0.0000e+00
    17.1995    0.04043      -0.20  555000582 0.0000e+00
    17.2282    0.03690      -0.19  555000583 0.0000e+00
    17.2409    0.03778      -0.19  555000585 0.0000e+00
    17.2806    0.03851      -0.19  555000586 0.0000e+00
    17.3103    0.04451      -0.19  555000588 0.0000e+00
    17.3379    0.03975      -0.18  555000589 0.0000e+00
    17.3522    0.04082      -0.17  555000591 0.0000e+00
    17.3808    0.06397      -0.18  555000592 0.0000e+00
    17.4581    0.05755      -0.18  555000594 0.0000e+00
    17.5375    0.05165      -0.18  555000595 0.0000e+00
    17.5687    0.04489      -0.18  555000597 0.0000e+00
    17.6079    0.04112      -0.18  555000599 0.0000e+00
    17.6193    0.03833      -0.18  555000600 0.0000e+00
    17.6643    0.03638      -0.18  555000602 0.0000e+00
    17.7418    0.03459      -0.18  555000603 0.0000e+00
    17.7319    0.03325      -0.18  555000605 0.0000e+00
    17.6957    0.03147      -0.18  555000606 0.0000e+00
    17.6420    0.03033      -0.18  555000608 0.0000e+00
    17.6205    0.02847      -0.18  555000609 0.0000e+00
    17.6652    0.02758      -0.18  555000611 0.0000e+00
    17.6701    0.02651      -0.18  555000612 0.0000e+00
    17.7135    0.02625      -0.18  555000614 0.0000e+00
    17.7287    0.02548      -0.18  555000615 0.0000e+00
    17.7665    0.02535      -0.18  555000617 0.0000e+00
    17.7571    0.02462      -0.18  555000618 0.0000e+00
    17.7589    0.02432      -0.18  555000620 0.0000e+00
    17.7684    0.02408      -0.18  555000621 0.0000e+00
    17.7560    0.02371      -0.18  555000623 0.0000e+00
    17.7130    0.02322      -0.18  555000624 0.0000e+00
    17.7003    0.02306      -0.18  555000626 0.0000e+00
    17.7161    0.02279      -0.18  555000628 0.0000e+00
    17.6850    0.02268      -0.18  555000629 0.0000e+00
    17.6939    0.02223      -0.18  555000631 0.0000e+00
    17.7578    0.02201      -0.18  555000632 0.0000e+00
    17.8492    0.02189      -0.18  555000634 0.0000e+00
    17.8556    0.02177      -0.19  555000635 0.0000e+00
    17.8404    0.02158      -0.18  555000637 0.0000e+00
    17.8867    0.02145      -0.18  555000638 0.0000e+00
    17.8636    0.02139      -0.18  555000640 0.0000e+00
    17.8261    0.02098      -0.18  555000641 0.0000e+00
    17.8648    0.02090      -0.19  555000643 0.0000e+00
    17.8961    0.02068      -0.19  555000644 0.0000e+00
    17.8956    0.02054      -0.19  555000646 0.0000e+00
    17.9603    0.02024      -0.19  555000647 0.0000e+00
    18.0234    0.02027      -0.19  555000649 0.0000e+00
    18.0384    0.02001      -0.18  555000650 0.0000e+00
    17.9623    0.02009      -0.19  555000652 0.0000e+00
    17.9249    0.02059      -0.19  555000653 0.0000e+00
    17.9612    0.02052      -0.19  555000655 0.0000e+00
    18.1050    0.02033      -0.19  555000656 0.0000e+00
    18.2241    0.02023      -0.19  555000658 0.0000e+00
    18.3336    0.01990      -0.19  555000660 0.0000e+00
    18.4988    0.01965      -0.19  555000661 0.0000e+00
    18.5955    0.01949      -0.19  555000663 0.0000e+00
    18.6761    0.01954      -0.19  555000664 0.0000e+00
    18.7410    0.01940      -0.19  555000666 0.0000e+00
    18.8334    0.01910      -0.19  555000667 0.0000e+00
    18.9028    0.01930      -0.19  555000669 0.0000e+00
    18.9977    0.01889      -0.19  555000670 0.0000e+00
    19.0445    0.01892      -0.19  555000672 0.0000e+00
    19.1458    0.01882      -0.19  555000673 0.0000e+00
    19.2320    0.01873      -0.19  555000675 0.0000e+00
    19.3058    0.01868      -0.19  555000676 0.0000e+00
    19.2676    0.01859      -0.19  555000678 0.0000e+00
    19.1715    0.01853      -0.19  555000679 0.0000e+00
    19.0795    0.01820      -0.19  555000681 0.0000e+00
    18.9811    0.01823      -0.19  555000682 0.0000e+00
    18.8861    0.01796      -0.20  555000684 0.0000e+00
    18.7737    0.01807      -0.19  555000685 0.0000e+00
    18.7153    0.01802      -0.20  555000687 0.0000e+00
    18.5580    0.01827      -0.19  555000688 0.0000e+00
    18.4600    0.01807      -0.20  555000690 0.0000e+00
    18.3579    0.01807      -0.20  555000692 0.0000e+00
    18.3134    0.01786      -0.20  555000693 0.0000e+00
    18.2699    0.01778      -0.20  555000695 0.0000e+00
    18.2566    0.01753      -0.20  555000696 0.0000e+00
