Code/Hansen Zooplankton Code and Sample Data/data/ctd/gsl_02_SBE37SI-RS232_03706156_2017_07_05.cnv
* Sea-Bird SBE37SI-RS232  Data File:
* FileName = C:\Users\General Lab Use\Desktop\SHELAGH CTD 2017\gsl_02_SBE37SI-RS232_03706156_2017_07_05.cnv
* Software version 1.00d
* Temperature SN = 6156
* Conductivity SN = 6156
* System UpLoad Time = Jul 05 2017 03:39:18
* <ApplicationData>
* <Seaterm232>
# nquan = 5
# nvalues = 2305
# units = specified
# name 0 = t090C: Temperature [ITS-90, deg C]
# name 1 = c0S/m: Conductivity [S/m]
# name 2 = prM: Pressure [db]
# name 3 = timeK: Time, Seacat Plus [seconds]
# name 4 = flag: Flag
# span 0 =     -1.0350,    18.0956
# span 1 =    0.001332,   3.291286
# span 2 =      -0.255,     69.245
# span 3 =   552524350,  552527860
# span 4 =  0.0000e+00, 0.0000e+00
# interval = seconds: 6.000000
# start_time = Jul 04 2017 22:59:10
# bad_flag = -9.990e-29
*END*
[from data line 858]
    14.2638    0.09564      -0.20  552525656 0.0000e+00
    14.2713    0.09582      -0.20  552525658 0.0000e+00
    14.2685    0.09289      -0.21  552525659 0.0000e+00
    14.2661    0.08848      -0.20  552525661 0.0000e+00
    14.2643    0.08644      -0.21  552525662 0.0000e+00
    14.2617    0.08313      -0.21  552525664 0.0000e+00
    14.2637    0.08256      -0.21  552525665 0.0000e+00
    14.2615    0.07969      -0.21  552525667 0.0000e+00
    14.2584    0.07819      -0.21  552525668 0.0000e+00
    14.2577    0.07554      -0.21  552525670 0.0000e+00
    14.2570    0.07378      -0.21  552525671 0.0000e+00
    14.2592    0.07172      -0.21  552525673 0.0000e+00
    14.2625    0.07004      -0.21  552525675 0.0000e+00
    14.2612    0.06772      -0.21  552525676 0.0000e+00
    14.2624    0.06642      -0.21  552525678 0.0000e+00
    14.2590    0.06470      -0.21  552525679 0.0000e+00
    14.2545    0.06365      -0.21  552525681 0.0000e+00
    14.2479    0.06223      -0.21  552525682 0.0000e+00
    14.2434    0.06167      -0.21  552525684 0.0000e+00
    14.2394    0.06142      -0.21  552525685 0.0000e+00
    14.2373    0.06047      -0.21  552525687 0.0000e+00
    14.2366    0.06030      -0.21  552525688 0.0000e+00
    14.2354    0.05938      -0.21  552525690 0.0000e+00
    14.2327    0.05893      -0.21  552525691 0.0000e+00
    14.2321    0.05868      -0.21  552525693 0.0000e+00
    14.2367    0.05941      -0.21  552525694 0.0000e+00
    14.2404    0.05956      -0.21  552525696 0.0000e+00
    14.2433    0.05927      -0.21  552525697 0.0000e+00
    14.2424    0.05880      -0.21  552525699 0.0000e+00
    14.2395    0.05834      -0.21  552525700 0.0000e+00
    14.2484    0.05793      -0.22  552525702 0.0000e+00
    14.2582    0.05731      -0.22  552525704 0.0000e+00
    14.2570    0.05656      -0.22  552525705 0.0000e+00
    14.2590    0.05609      -0.22  552525707 0.0000e+00
    14.2544    0.05515      -0.22  552525708 0.0000e+00
    14.2548    0.05417      -0.22  552525710 0.0000e+00
    14.2522    0.05341      -0.22  552525711 0.0000e+00
    14.2413    0.05362      -0.22  552525713 0.0000e+00
    14.2380    0.05410      -0.22  552525714 0.0000e+00
    14.2314    0.05355      -0.22  552525716 0.0000e+00
    14.2186    0.05379      -0.22  552525717 0.0000e+00
    14.2063    0.05260      -0.22  552525719 0.0000e+00
    14.1939    0.05162      -0.22  552525720 0.0000e+00
    14.1860    0.05067      -0.22  552525722 0.0000e+00
    14.1750    0.04979      -0.22  552525723 0.0000e+00
    14.1651    0.04936      -0.22  552525725 0.0000e+00
    14.1513    0.04893      -0.22  552525726 0.0000e+00
    14.1402    0.04788      -0.22  552525728 0.0000e+00
    14.1282    0.04783      -0.22  552525729 0.0000e+00
    14.1237    0.04726      -0.22  552525731 0.0000e+00
    14.1222    0.04608      -0.22  552525732 0.0000e+00
    14.1241    0.04591      -0.22  552525734 0.0000e+00
    14.1251    0.04521      -0.22  552525735 0.0000e+00
    14.1148    0.04349      -0.22  552525737 0.0000e+00
    14.1118    0.04265      -0.22  552525739 0.0000e+00
    14.1116    0.04194      -0.22  552525740 0.0000e+00
    14.1030    0.04145      -0.23  552525742 0.0000e+00
    14.1010    0.04157      -0.23  552525743 0.0000e+00
    14.1106    0.04127      -0.23  552525745 0.0000e+00
    14.1261    0.04156      -0.23  552525746 0.0000e+00
    14.1454    0.04143      -0.23  552525748 0.0000e+00
    14.1600    0.04125      -0.23  552525749 0.0000e+00
    14.1747    0.04088      -0.23  552525751 0.0000e+00
    14.1856    0.04100      -0.23  552525752 0.0000e+00
    14.1916    0.04082      -0.23  552525754 0.0000e+00
    14.2009    0.04051      -0.23  552525755 0.0000e+00
    14.2112    0.04035      -0.23  552525757 0.0000e+00
    14.2210    0.04057      -0.23  552525758 0.0000e+00
    14.2345    0.04022      -0.23  552525760 0.0000e+00
    14.2412    0.04077      -0.23  552525761 0.0000e+00
    14.2449    0.04034      -0.23  552525763 0.0000e+00
    14.2416    0.04112      -0.23  552525764 0.0000e+00
    14.2346    0.04079      -0.23  552525766 0.0000e+00
    14.2247    0.04127      -0.23  552525768 0.0000e+00
    14.2229    0.04091      -0.23  552525769 0.0000e+00
    14.2199    0.04109      -0.23  552525771 0.0000e+00
    14.2102    0.04062      -0.23  552525772 0.0000e+00
    14.1947    0.04069      -0.23  552525774 0.0000e+00
    14.1812    0.04024      -0.23  552525775 0.0000e+00
    14.1680    0.03998      -0.23  552525777 0.0000e+00
    14.1483    0.03984      -0.23  552525778 0.0000e+00
    14.1270    0.03965      -0.23  552525780 0.0000e+00
    14.1075    0.03960      -0.23  552525781 0.0000e+00
    14.1022    0.03945      -0.23  552525783 0.0000e+00
    14.0963    0.03922      -0.23  552525784 0.0000e+00
    14.0892    0.03932      -0.23  552525786 0.0000e+00
    14.0846    0.03905      -0.23  552525787 0.0000e+00
    14.0829    0.03899      -0.23  552525789 0.0000e+00
    14.0811    0.03886      -0.23  552525790 0.0000e+00
    14.0853    0.03897      -0.23  552525792 0.0000e+00
    14.0812    0.03883      -0.23  552525793 0.0000e+00
    14.0788    0.03900      -0.23  552525795 0.0000e+00
    14.0834    0.03896      -0.23  552525796 0.0000e+00
    14.0832    0.03877      -0.23  552525798 0.0000e+00
    14.0799    0.03875      -0.23  552525800 0.0000e+00
    14.0801    0.03837      -0.23  552525801 0.0000e+00
    14.0848    0.03853      -0.23  552525803 0.0000e+00
    14.0901    0.03825      -0.23  552525804 0.0000e+00
    14.0984    0.03842      -0.23  552525806 0.0000e+00
    14.1052    0.03808      -0.23  552525807 0.0000e+00
    14.1132    0.03836      -0.23  552525809 0.0000e+00
    14.1184    0.03810      -0.23  552525810 0.0000e+00
    14.1228    0.03811      -0.23  552525812 0.0000e+00
    14.1262    0.03816      -0.23  552525813 0.0000e+00
    14.1355    0.03845      -0.23  552525815 0.0000e+00
    14.1483    0.03843      -0.23  552525816 0.0000e+00
    14.1571    0.03821      -0.23  552525818 0.0000e+00
    14.1678    0.03857      -0.23  552525819 0.0000e+00
    14.1833    0.03830      -0.23  552525821 0.0000e+00
    14.1957    0.03862      -0.23  552525822 0.0000e+00
    14.2066    0.03864      -0.24  552525824 0.0000e+00
    14.2097    0.03899      -0.23  552525825 0.0000e+00
    14.2102    0.03889      -0.23  552525827 0.0000e+00
    14.2076    0.03911      -0.24  552525829 0.0000e+00
    14.2042    0.03871      -0.24  552525830 0.0000e+00
    14.2049    0.03853      -0.24  552525832 0.0000e+00
    14.2065    0.03857      -0.24  552525833 0.0000e+00
    14.2046    0.03842      -0.24  552525835 0.0000e+00
    14.1988    0.03843      -0.23  552525836 0.0000e+00
    14.2008    0.03783      -0.24  552525838 0.0000e+00
    14.2069    0.03834      -0.24  552525839 0.0000e+00
    14.2108    0.03828      -0.23  552525841 0.0000e+00
    14.2176    0.03846      -0.24  552525842 0.0000e+00
    14.2168    0.03873      -0.24  552525844 0.0000e+00
    14.2108    0.03919      -0.24  552525845 0.0000e+00
    14.2012    0.03943      -0.24  552525847 0.0000e+00
    14.1882    0.03919      -0.24  552525848 0.0000e+00
    14.1842    0.03868      -0.24  552525850 0.0000e+00
    14.1847    0.03867      -0.24  552525851 0.0000e+00
    14.1954    0.03828      -0.24  552525853 0.0000e+00
    14.2056    0.03795      -0.24  552525854 0.0000e+00
    14.2122    0.03814      -0.24  552525856 0.0000e+00
    14.2112    0.03782      -0.24  552525857 0.0000e+00
    14.2105    0.03766      -0.24  552525859 0.0000e+00
    14.2096    0.03744      -0.24  552525861 0.0000e+00
    14.2021    0.03794      -0.24  552525862 0.0000e+00
    14.1916    0.03779      -0.24  552525864 0.0000e+00
    14.1845    0.03755      -0.24  552525865 0.0000e+00
    14.1806    0.03770      -0.24  552525867 0.0000e+00
    14.1800    0.03774      -0.24  552525868 0.0000e+00
    14.1705    0.03791      -0.24  552525870 0.0000e+00
    14.1701    0.03818      -0.24  552525871 0.0000e+00
    14.1643    0.03831      -0.24  552525873 0.0000e+00
    14.1620    0.03861      -0.24  552525874 0.0000e+00
    14.1581    0.03812      -0.24  552525876 0.0000e+00
    14.1614    0.03877      -0.24  552525877 0.0000e+00
    14.1663    0.03840      -0.24  552525879 0.0000e+00
    14.1724    0.03858      -0.24  552525880 0.0000e+00
    14.1726    0.03830      -0.24  552525882 0.0000e+00
    14.1686    0.03811      -0.24  552525883 0.0000e+00
    14.1712    0.03760      -0.24  552525885 0.0000e+00
    14.1748    0.03726      -0.24  552525886 0.0000e+00
    14.1799    0.03708      -0.24  552525888 0.0000e+00
    14.1840    0.03683      -0.24  552525890 0.0000e+00
    14.1842    0.03672      -0.24  552525891 0.0000e+00
    14.1819    0.03651      -0.24  552525893 0.0000e+00
    14.1932    0.03683      -0.24  552525894 0.0000e+00
    14.1950    0.03649      -0.24  552525896 0.0000e+00
    14.1878    0.03739      -0.24  552525897 0.0000e+00
    14.1729    0.03703      -0.24  552525899 0.0000e+00
    14.1641    0.03742      -0.24  552525900 0.0000e+00
    14.1572    0.03709      -0.24  552525902 0.0000e+00
    14.1470    0.03686      -0.24  552525903 0.0000e+00
    14.1437    0.03663      -0.24  552525905 0.0000e+00
    14.1426    0.03634      -0.24  552525906 0.0000e+00
    14.1343    0.03637      -0.24  552525908 0.0000e+00
    14.1340    0.03594      -0.24  552525909 0.0000e+00
    14.1257    0.03559      -0.24  552525911 0.0000e+00
    14.1255    0.03553      -0.24  552525912 0.0000e+00
    14.1249    0.03579      -0.24  552525914 0.0000e+00
    14.1224    0.03567      -0.24  552525915 0.0000e+00
    14.1226    0.03560      -0.24  552525917 0.0000e+00
    14.1276    0.03547      -0.24  552525918 0.0000e+00
    14.1290    0.03569      -0.24  552525920 0.0000e+00
    14.1226    0.03532      -0.24  552525922 0.0000e+00
    14.1241    0.03536      -0.24  552525923 0.0000e+00
    14.1264    0.03536      -0.24  552525925 0.0000e+00
    14.1226    0.03524      -0.24  552525926 0.0000e+00
    14.1256    0.03486      -0.24  552525928 0.0000e+00
    14.1320    0.03477      -0.24  552525929 0.0000e+00
    14.1377    0.03474      -0.24  552525931 0.0000e+00
    14.1524    0.03435      -0.24  552525932 0.0000e+00
    14.1710    0.03453      -0.24  552525934 0.0000e+00
    14.1853    0.03450      -0.24  552525935 0.0000e+00
    14.1790    0.03439      -0.24  552525937 0.0000e+00
    14.1816    0.03421      -0.24  552525938 0.0000e+00
    14.1840    0.03398      -0.24  552525940 0.0000e+00
    14.1843    0.03405      -0.24  552525941 0.0000e+00
    14.1799    0.03412      -0.24  552525943 0.0000e+00
    14.1777    0.03402      -0.24  552525944 0.0000e+00
    14.1683    0.03405      -0.24  552525946 0.0000e+00
    14.1623    0.03380      -0.24  552525947 0.0000e+00
    14.1663    0.03387      -0.24  552525949 0.0000e+00
    14.1761    0.03386      -0.24  552525950 0.0000e+00
    14.1805    0.03399      -0.24  552525952 0.0000e+00
    14.1867    0.03406      -0.24  552525954 0.0000e+00
    14.1907    0.03405      -0.24  552525955 0.0000e+00
    14.1946    0.03380      -0.24  552525957 0.0000e+00
    14.1952    0.03396      -0.24  552525958 0.0000e+00
    14.1960    0.03387      -0.24  552525960 0.0000e+00
    14.1984    0.03349      -0.24  552525961 0.0000e+00
    14.2078    0.03376      -0.24  552525963 0.0000e+00
    14.2286    0.03329      -0.24  552525964 0.0000e+00
    14.2464    0.03318      -0.24  552525966 0.0000e+00
    14.2631    0.03307      -0.24  552525967 0.0000e+00
    14.2588    0.03289      -0.24  552525969 0.0000e+00
    14.2470    0.03300      -0.24  552525970 0.0000e+00
    14.2492    0.03294      -0.24  552525972 0.0000e+00
    14.2543    0.03299      -0.24  552525973 0.0000e+00
    14.2528    0.03298      -0.24  552525975 0.0000e+00
    14.2587    0.03300      -0.24  552525976 0.0000e+00
    14.2477    0.03285      -0.24  552525978 0.0000e+00
    14.2254    0.03279      -0.24  552525979 0.0000e+00
    14.2165    0.03270      -0.24  552525981 0.0000e+00
    14.2232    0.03263      -0.24  552525982 0.0000e+00
    14.2280    0.03257      -0.24  552525984 0.0000e+00
    14.2284    0.03250      -0.24  552525986 0.0000e+00
    14.2270    0.03246      -0.24  552525987 0.0000e+00
    14.2191    0.03243      -0.24  552525989 0.0000e+00
    14.2082    0.03246      -0.24  552525990 0.0000e+00
    14.2085    0.03273      -0.24  552525992 0.0000e+00
    14.2039    0.03258      -0.24  552525993 0.0000e+00
    14.2068    0.03287      -0.24  552525995 0.0000e+00
    14.2136    0.03259      -0.24  552525996 0.0000e+00
    14.1968    0.03249      -0.24  552525998 0.0000e+00
    14.1956    0.03237      -0.24  552525999 0.0000e+00
    14.1912    0.03234      -0.24  552526001 0.0000e+00
    14.1934    0.03245      -0.24  552526002 0.0000e+00
    14.2006    0.03248      -0.24  552526004 0.0000e+00
    14.2042    0.03255      -0.24  552526005 0.0000e+00
    14.1939    0.03237      -0.24  552526007 0.0000e+00
    14.1757    0.03244      -0.24  552526008 0.0000e+00
    14.1675    0.03237      -0.24  552526010 0.0000e+00
    14.1722    0.03241      -0.24  552526011 0.0000e+00
    14.1729    0.03254      -0.24  552526013 0.0000e+00
    14.1716    0.03244      -0.24  552526015 0.0000e+00
    14.1730    0.03242      -0.24  552526016 0.0000e+00
    14.1760    0.03262      -0.24  552526018 0.0000e+00
    14.1686    0.03271      -0.24  552526019 0.0000e+00
    14.1683    0.03254      -0.24  552526021 0.0000e+00
    14.1637    0.03258      -0.24  552526022 0.0000e+00
    14.1713    0.03245      -0.24  552526024 0.0000e+00
    14.1791    0.03235      -0.24  552526025 0.0000e+00
    14.1731    0.03232      -0.24  552526027 0.0000e+00
    14.1627    0.03242      -0.24  552526028 0.0000e+00
    14.1716    0.03229      -0.24  552526030 0.0000e+00
    14.1856    0.03254      -0.24  552526031 0.0000e+00
    14.1907    0.03243      -0.24  552526033 0.0000e+00
    14.1906    0.03232      -0.24  552526034 0.0000e+00
    14.1977    0.03241      -0.24  552526036 0.0000e+00
    14.1942    0.03234      -0.24  552526037 0.0000e+00
    14.1917    0.03219      -0.24  552526039 0.0000e+00
    14.1909    0.03237      -0.24  552526040 0.0000e+00
    14.1887    0.03241      -0.24  552526042 0.0000e+00
    14.1905    0.03246      -0.24  552526043 0.0000e+00
    14.1907    0.03249      -0.24  552526045 0.0000e+00
    14.1958    0.03234      -0.24  552526047 0.0000e+00
    14.2094    0.03234      -0.24  552526048 0.0000e+00
    14.2271    0.03231      -0.24  552526050 0.0000e+00
    14.2359    0.03240      -0.24  552526051 0.0000e+00
    14.2340    0.03224      -0.24  552526053 0.0000e+00
    14.2328    0.03218      -0.24  552526054 0.0000e+00
    14.2269    0.03232      -0.24  552526056 0.0000e+00
    14.2275    0.03233      -0.24  552526057 0.0000e+00
    14.2112    0.03257      -0.24  552526059 0.0000e+00
    14.2071    0.03238      -0.24  552526060 0.0000e+00
    14.2086    0.03267      -0.24  552526062 0.0000e+00
    14.2057    0.03252      -0.24  552526063 0.0000e+00
    14.2073    0.03262      -0.24  552526065 0.0000e+00
    14.1927    0.03272      -0.24  552526066 0.0000e+00
    14.1724    0.03281      -0.24  552526068 0.0000e+00
    14.1748    0.03278      -0.24  552526069 0.0000e+00
    14.1712    0.03296      -0.24  552526071 0.0000e+00
    14.1707    0.03279      -0.24  552526072 0.0000e+00
    14.1591    0.03293      -0.24  552526074 0.0000e+00
    14.1651    0.03281      -0.24  552526076 0.0000e+00
    14.1705    0.03290      -0.24  552526077 0.0000e+00
    14.1726    0.03287      -0.24  552526079 0.0000e+00
    14.1717    0.03296      -0.24  552526080 0.0000e+00
    14.1786    0.03281      -0.24  552526082 0.0000e+00
    14.1668    0.03301      -0.24  552526083 0.0000e+00
    14.1582    0.03301      -0.24  552526085 0.0000e+00
    14.1457    0.03297      -0.24  552526086 0.0000e+00
    14.1277    0.03287      -0.24  552526088 0.0000e+00
