Code/Hansen Zooplankton Code and Sample Data/data/ctd/gsl_05_SBE37SI-RS232_03706156_2017_07_08.cnv
* Sea-Bird SBE37SI-RS232  Data File:
* FileName = C:\Users\General Lab Use\Desktop\SHELAGH CTD 2017\gsl_05_SBE37SI-RS232_03706156_2017_07_08.cnv
* Software version 1.00d
* Temperature SN = 6156
* Conductivity SN = 6156
* System UpLoad Time = Jul 09 2017 00:00:20
* <ApplicationData>
* <Seaterm232>
# nquan = 5
# nvalues = 1823
# units = specified
# name 0 = t090C: Temperature [ITS-90, deg C]
# name 1 = c0S/m: Conductivity [S/m]
# name 2 = prM: Pressure [db]
# name 3 = timeK: Time, Seacat Plus [seconds]
# name 4 = flag: Flag
# span 0 =     -0.1402,    21.3840
# span 1 =    0.000527,   3.349358
# span 2 =      -0.402,     83.604
# span 3 =   552856310,  552859088
# span 4 =  0.0000e+00, 0.0000e+00
# interval = seconds: 6.000000
# start_time = Jul 08 2017 19:11:50
# bad_flag = -9.990e-29
*END*
[from data line 1143]
    17.0998    0.01256      -0.39  552858052 0.0000e+00
    17.1004    0.01255      -0.39  552858054 0.0000e+00
    17.1055    0.01255      -0.39  552858055 0.0000e+00
    17.1140    0.01252      -0.39  552858057 0.0000e+00
    17.1147    0.01250      -0.39  552858058 0.0000e+00
    17.1176    0.01248      -0.39  552858060 0.0000e+00
    17.1171    0.01244      -0.39  552858061 0.0000e+00
    17.1185    0.01243      -0.39  552858063 0.0000e+00
    17.1273    0.01246      -0.39  552858064 0.0000e+00
    17.1250    0.01248      -0.39  552858066 0.0000e+00
    17.1169    0.01246      -0.39  552858067 0.0000e+00
    17.1198    0.01249      -0.39  552858069 0.0000e+00
    17.1202    0.01245      -0.39  552858070 0.0000e+00
    17.1242    0.01247      -0.39  552858072 0.0000e+00
    17.1292    0.01246      -0.39  552858073 0.0000e+00
    17.1296    0.01246      -0.39  552858075 0.0000e+00
    17.1332    0.01240      -0.39  552858076 0.0000e+00
    17.1300    0.01240      -0.39  552858078 0.0000e+00
    17.1331    0.01241      -0.39  552858079 0.0000e+00
    17.1345    0.01241      -0.39  552858081 0.0000e+00
    17.1411    0.01237      -0.39  552858083 0.0000e+00
    17.1419    0.01236      -0.39  552858084 0.0000e+00
    17.1433    0.01235      -0.39  552858086 0.0000e+00
    17.1413    0.01234      -0.39  552858087 0.0000e+00
    17.1533    0.01239      -0.39  552858089 0.0000e+00
    17.1567    0.01238      -0.39  552858090 0.0000e+00
    17.1587    0.01236      -0.39  552858092 0.0000e+00
    17.1613    0.01234      -0.39  552858093 0.0000e+00
    17.1681    0.01233      -0.39  552858095 0.0000e+00
    17.1751    0.01231      -0.39  552858096 0.0000e+00
    17.1721    0.01228      -0.39  552858098 0.0000e+00
    17.1738    0.01229      -0.39  552858099 0.0000e+00
    17.1849    0.01230      -0.39  552858101 0.0000e+00
    17.1919    0.01225      -0.39  552858102 0.0000e+00
    17.1954    0.01226      -0.39  552858104 0.0000e+00
    17.1965    0.01222      -0.39  552858105 0.0000e+00
    17.1963    0.01219      -0.39  552858107 0.0000e+00
    17.1994    0.01218      -0.39  552858108 0.0000e+00
    17.2030    0.01218      -0.39  552858110 0.0000e+00
    17.1995    0.01213      -0.39  552858112 0.0000e+00
    17.1919    0.01210      -0.39  552858113 0.0000e+00
    17.1911    0.01209      -0.39  552858115 0.0000e+00
    17.1912    0.01208      -0.39  552858116 0.0000e+00
    17.1922    0.01203      -0.39  552858118 0.0000e+00
    17.1890    0.01206      -0.39  552858119 0.0000e+00
    17.1863    0.01201      -0.39  552858121 0.0000e+00
    17.1827    0.01201      -0.39  552858122 0.0000e+00
    17.1771    0.01200      -0.39  552858124 0.0000e+00
    17.1758    0.01201      -0.39  552858125 0.0000e+00
    17.1722    0.01202      -0.39  552858127 0.0000e+00
    17.1691    0.01199      -0.39  552858128 0.0000e+00
    17.1633    0.01199      -0.39  552858130 0.0000e+00
    17.1647    0.01200      -0.39  552858131 0.0000e+00
    17.1633    0.01199      -0.39  552858133 0.0000e+00
    17.1637    0.01201      -0.39  552858134 0.0000e+00
    17.1605    0.01200      -0.39  552858136 0.0000e+00
    17.1601    0.01199      -0.39  552858137 0.0000e+00
    17.1623    0.01199      -0.39  552858139 0.0000e+00
    17.1743    0.01201      -0.39  552858140 0.0000e+00
    17.1768    0.01208      -0.39  552858142 0.0000e+00
    17.1803    0.01210      -0.39  552858144 0.0000e+00
    17.1859    0.01215      -0.39  552858145 0.0000e+00
    17.1927    0.01219      -0.39  552858147 0.0000e+00
    17.1929    0.01220      -0.39  552858148 0.0000e+00
    17.1923    0.01218      -0.39  552858150 0.0000e+00
    17.1910    0.01213      -0.39  552858151 0.0000e+00
    17.1900    0.01211      -0.39  552858153 0.0000e+00
    17.1929    0.01205      -0.39  552858154 0.0000e+00
    17.1983    0.01203      -0.39  552858156 0.0000e+00
    17.1982    0.01202      -0.39  552858157 0.0000e+00
    17.1988    0.01200      -0.39  552858159 0.0000e+00
    17.2036    0.01197      -0.39  552858160 0.0000e+00
    17.2138    0.01194      -0.39  552858162 0.0000e+00
    17.2260    0.01202      -0.39  552858163 0.0000e+00
    17.2393    0.01203      -0.39  552858165 0.0000e+00
    17.2433    0.01208      -0.39  552858166 0.0000e+00
    17.2453    0.01206      -0.39  552858168 0.0000e+00
    17.2511    0.01209      -0.39  552858169 0.0000e+00
    17.2554    0.01208      -0.39  552858171 0.0000e+00
    17.2606    0.01215      -0.39  552858173 0.0000e+00
    17.2582    0.01212      -0.39  552858174 0.0000e+00
    17.2569    0.01211      -0.39  552858176 0.0000e+00
    17.2584    0.01210      -0.39  552858177 0.0000e+00
    17.2614    0.01213      -0.39  552858179 0.0000e+00
    17.2632    0.01212      -0.39  552858180 0.0000e+00
    17.2629    0.01209      -0.39  552858182 0.0000e+00
    17.2696    0.01210      -0.39  552858183 0.0000e+00
    17.2729    0.01211      -0.39  552858185 0.0000e+00
    17.2721    0.01213      -0.39  552858186 0.0000e+00
    17.2702    0.01209      -0.39  552858188 0.0000e+00
    17.2661    0.01214      -0.39  552858189 0.0000e+00
    17.2640    0.01211      -0.39  552858191 0.0000e+00
    17.2661    0.01206      -0.39  552858192 0.0000e+00
    17.2703    0.01204      -0.39  552858194 0.0000e+00
    17.2792    0.01202      -0.39  552858195 0.0000e+00
    17.2883    0.01206      -0.39  552858197 0.0000e+00
    17.2952    0.01207      -0.39  552858198 0.0000e+00
    17.3085    0.01218      -0.39  552858200 0.0000e+00
    17.3221    0.01214      -0.39  552858201 0.0000e+00
    17.3425    0.01211      -0.39  552858203 0.0000e+00
    17.3511    0.01205      -0.39  552858205 0.0000e+00
    17.3648    0.01216      -0.39  552858206 0.0000e+00
    17.3658    0.01213      -0.39  552858208 0.0000e+00
    17.3789    0.01213      -0.39  552858209 0.0000e+00
    17.3799    0.01206      -0.39  552858211 0.0000e+00
    17.3777    0.01203      -0.39  552858212 0.0000e+00
    17.3737    0.01198      -0.39  552858214 0.0000e+00
    17.3709    0.01197      -0.39  552858215 0.0000e+00
    17.3642    0.01192      -0.39  552858217 0.0000e+00
    17.3618    0.01192      -0.39  552858218 0.0000e+00
    17.3606    0.01192      -0.39  552858220 0.0000e+00
    17.3670    0.01189      -0.39  552858221 0.0000e+00
    17.3661    0.01190      -0.39  552858223 0.0000e+00
    17.3634    0.01186      -0.39  552858224 0.0000e+00
    17.3552    0.01186      -0.39  552858226 0.0000e+00
    17.3532    0.01184      -0.39  552858227 0.0000e+00
    17.3545    0.01195      -0.39  552858229 0.0000e+00
    17.3544    0.01192      -0.39  552858230 0.0000e+00
    17.3519    0.01196      -0.39  552858232 0.0000e+00
    17.3499    0.01194      -0.39  552858234 0.0000e+00
    17.3529    0.01196      -0.39  552858235 0.0000e+00
    17.3517    0.01192      -0.39  552858237 0.0000e+00
    17.3507    0.01189      -0.39  552858238 0.0000e+00
    17.3505    0.01187      -0.39  552858240 0.0000e+00
    17.3450    0.01187      -0.39  552858241 0.0000e+00
    17.3337    0.01223      -0.39  552858243 0.0000e+00
    17.3284    0.01203      -0.39  552858244 0.0000e+00
    17.3246    0.01205      -0.39  552858246 0.0000e+00
    17.3176    0.01197      -0.39  552858247 0.0000e+00
    17.3081    0.01203      -0.39  552858249 0.0000e+00
    17.2965    0.01203      -0.39  552858250 0.0000e+00
    17.2961    0.01201      -0.39  552858252 0.0000e+00
    17.2888    0.01194      -0.39  552858253 0.0000e+00
    17.2833    0.01191      -0.39  552858255 0.0000e+00
    17.2812    0.01185      -0.39  552858256 0.0000e+00
    17.2824    0.01187      -0.39  552858258 0.0000e+00
    17.2850    0.01186      -0.39  552858259 0.0000e+00
    17.2863    0.01196      -0.39  552858261 0.0000e+00
    17.2863    0.01192      -0.39  552858263 0.0000e+00
    17.2871    0.01197      -0.39  552858264 0.0000e+00
    17.2875    0.01195      -0.39  552858266 0.0000e+00
    17.2872    0.01192      -0.39  552858267 0.0000e+00
    17.2825    0.01189      -0.39  552858269 0.0000e+00
    17.2790    0.01187      -0.39  552858270 0.0000e+00
    17.2740    0.01184      -0.39  552858272 0.0000e+00
    17.2695    0.01180      -0.39  552858273 0.0000e+00
    17.2656    0.01178      -0.39  552858275 0.0000e+00
    17.2601    0.01174      -0.39  552858276 0.0000e+00
    17.2612    0.01174      -0.39  552858278 0.0000e+00
    17.2627    0.01171      -0.39  552858279 0.0000e+00
    17.2611    0.01169      -0.39  552858281 0.0000e+00
    17.2584    0.01167      -0.39  552858282 0.0000e+00
    17.2593    0.01164      -0.39  552858284 0.0000e+00
    17.2611    0.01164      -0.39  552858285 0.0000e+00
    17.2634    0.01165      -0.39  552858287 0.0000e+00
    17.2625    0.01177      -0.39  552858288 0.0000e+00
    17.2589    0.02166      -0.40  552858290 0.0000e+00
    17.2592    0.03952      -0.40  552858291 0.0000e+00
    17.2610    0.03746      -0.40  552858293 0.0000e+00
    17.2668    0.03140      -0.40  552858295 0.0000e+00
    17.2678    0.02870      -0.40  552858296 0.0000e+00
    17.2657    0.03299      -0.40  552858298 0.0000e+00
    17.2623    0.03398      -0.40  552858299 0.0000e+00
    17.2741    0.03243      -0.40  552858301 0.0000e+00
    17.2761    0.03357      -0.40  552858302 0.0000e+00
    17.2737    0.03295      -0.40  552858304 0.0000e+00
    17.2743    0.03362      -0.40  552858305 0.0000e+00
    17.2788    0.03214      -0.40  552858307 0.0000e+00
    17.2841    0.02994      -0.40  552858308 0.0000e+00
    17.2928    0.03000      -0.40  552858310 0.0000e+00
    17.3044    0.03297      -0.40  552858311 0.0000e+00
    17.3121    0.03046      -0.40  552858313 0.0000e+00
    17.3257    0.02708      -0.40  552858314 0.0000e+00
    17.3353    0.02549      -0.40  552858316 0.0000e+00
    17.3494    0.02348      -0.40  552858317 0.0000e+00
    17.3543    0.02233      -0.40  552858319 0.0000e+00
    17.3648    0.02103      -0.40  552858320 0.0000e+00
    17.3688    0.02033      -0.40  552858322 0.0000e+00
    17.3769    0.01937      -0.40  552858323 0.0000e+00
    17.3843    0.01866      -0.40  552858325 0.0000e+00
    17.3982    0.01790      -0.40  552858327 0.0000e+00
    17.4057    0.01728      -0.40  552858328 0.0000e+00
    17.4144    0.01682      -0.40  552858330 0.0000e+00
    17.4169    0.01647      -0.40  552858331 0.0000e+00
    17.4246    0.01608      -0.40  552858333 0.0000e+00
    17.4252    0.01620      -0.40  552858334 0.0000e+00
    17.4471    0.01586      -0.40  552858336 0.0000e+00
    17.4520    0.01621      -0.40  552858337 0.0000e+00
    17.4513    0.01640      -0.40  552858339 0.0000e+00
    17.4627    0.01761      -0.40  552858340 0.0000e+00
    17.4640    0.10800      -0.38  552858342 0.0000e+00
    17.3069    3.20213      -0.05  552858343 0.0000e+00
    17.3099    3.32124       0.60  552858345 0.0000e+00
    17.2963    3.32071       0.91  552858346 0.0000e+00
    17.2917    3.32017       1.55  552858348 0.0000e+00
    17.2822    3.31988       1.93  552858349 0.0000e+00
    17.1954    3.31285       2.54  552858351 0.0000e+00
    15.7892    3.23825       3.32  552858352 0.0000e+00
    15.5632    3.22241       3.87  552858354 0.0000e+00
    15.4706    3.21128       4.51  552858356 0.0000e+00
    15.4234    3.20158       5.08  552858357 0.0000e+00
    15.3787    3.19418       5.79  552858359 0.0000e+00
    15.3494    3.20872       6.40  552858360 0.0000e+00
    14.9832    3.22532       7.03  552858362 0.0000e+00
    12.2482    3.18430       7.49  552858363 0.0000e+00
    10.3739    3.12036       8.27  552858365 0.0000e+00
     8.7264    3.09432       8.88  552858366 0.0000e+00
     7.9296    3.07084       9.73  552858368 0.0000e+00
     7.4663    3.07365      10.31  552858369 0.0000e+00
     6.9087    3.03249      11.09  552858371 0.0000e+00
     6.6068    3.03992      11.64  552858372 0.0000e+00
     6.3472    2.99242      12.41  552858374 0.0000e+00
     5.8671    2.99584      12.88  552858375 0.0000e+00
     5.6187    2.94681      13.66  552858377 0.0000e+00
     4.9238    2.93231      14.20  552858378 0.0000e+00
     4.3370    2.88939      14.95  552858380 0.0000e+00
     4.0576    2.90366      15.44  552858381 0.0000e+00
     3.8475    2.85757      16.21  552858383 0.0000e+00
     3.6119    2.85670      16.76  552858384 0.0000e+00
     3.3499    2.85353      17.34  552858386 0.0000e+00
     3.1671    2.83961      17.88  552858387 0.0000e+00
     3.0894    2.81894      18.55  552858389 0.0000e+00
     2.8949    2.84115      19.04  552858391 0.0000e+00
     2.6777    2.81319      19.56  552858392 0.0000e+00
     2.3320    2.83442      20.02  552858394 0.0000e+00
     1.9703    2.78102      20.60  552858395 0.0000e+00
     1.7664    2.77189      20.85  552858397 0.0000e+00
     1.6813    2.74514      21.33  552858398 0.0000e+00
     1.6015    2.74003      21.57  552858400 0.0000e+00
     1.4572    2.74748      21.94  552858401 0.0000e+00
     1.1435    2.75095      22.41  552858403 0.0000e+00
     0.9655    2.70430      22.86  552858404 0.0000e+00
     0.6625    2.71214      23.19  552858406 0.0000e+00
     0.4798    2.65522      23.89  552858407 0.0000e+00
     0.3846    2.71711      24.09  552858409 0.0000e+00
     0.2898    2.64542      24.74  552858410 0.0000e+00
     0.2253    2.68771      25.04  552858412 0.0000e+00
     0.1709    2.63098      25.70  552858413 0.0000e+00
     0.1411    2.63271      26.24  552858415 0.0000e+00
     0.1130    2.66213      26.58  552858416 0.0000e+00
     0.1107    2.62624      27.31  552858418 0.0000e+00
     0.1064    2.63733      27.69  552858419 0.0000e+00
     0.0896    2.62323      28.28  552858421 0.0000e+00
     0.0401    2.61971      28.90  552858423 0.0000e+00
     0.0043    2.64868      29.12  552858424 0.0000e+00
     0.0347    2.62106      29.99  552858426 0.0000e+00
     0.0763    2.63888      30.02  552858427 0.0000e+00
     0.0927    2.62244      30.87  552858429 0.0000e+00
     0.1244    2.63447      31.15  552858430 0.0000e+00
     0.1221    2.62897      31.75  552858432 0.0000e+00
     0.1125    2.63317      32.24  552858433 0.0000e+00
     0.0752    2.62553      32.82  552858435 0.0000e+00
     0.0165    2.62968      33.27  552858436 0.0000e+00
    -0.0061    2.62374      34.00  552858438 0.0000e+00
     0.0207    2.62861      34.06  552858439 0.0000e+00
     0.0313    2.62166      34.85  552858441 0.0000e+00
     0.1278    2.63086      35.01  552858442 0.0000e+00
     0.1417    2.62687      35.84  552858444 0.0000e+00
     0.1313    2.63471      36.03  552858445 0.0000e+00
     0.0976    2.62345      36.82  552858447 0.0000e+00
    -0.0304    2.62733      36.89  552858448 0.0000e+00
    -0.0529    2.61688      37.75  552858450 0.0000e+00
    -0.0496    2.62731      37.86  552858451 0.0000e+00
    -0.0654    2.61885      38.55  552858453 0.0000e+00
    -0.0746    2.62132      38.67  552858454 0.0000e+00
    -0.0797    2.61768      39.45  552858456 0.0000e+00
    -0.0670    2.62182      39.46  552858458 0.0000e+00
    -0.0672    2.61932      40.25  552858459 0.0000e+00
    -0.0757    2.62240      40.34  552858461 0.0000e+00
    -0.0205    2.62201      41.03  552858462 0.0000e+00
     0.0068    2.62506      41.21  552858464 0.0000e+00
     0.0452    2.62836      41.91  552858465 0.0000e+00
     0.0695    2.63143      42.24  552858467 0.0000e+00
     0.0613    2.63271      42.81  552858468 0.0000e+00
     0.0901    2.63545      43.12  552858470 0.0000e+00
     0.1090    2.63773      43.56  552858471 0.0000e+00
     0.1143    2.63931      44.12  552858473 0.0000e+00
     0.1106    2.64067      44.54  552858474 0.0000e+00
     0.1032    2.64081      45.16  552858476 0.0000e+00
     0.0930    2.64095      45.67  552858477 0.0000e+00
     0.0708    2.64305      46.00  552858479 0.0000e+00
     0.0271    2.64045      46.54  552858480 0.0000e+00
     0.0135    2.64269      46.89  552858482 0.0000e+00
     0.0030    2.63963      47.54  552858483 0.0000e+00
    -0.0298    2.64083      47.96  552858485 0.0000e+00
