Code/Hansen Zooplankton Code and Sample Data/data/ctd/gsl_03_SBE37SI-RS232_03706156_2017_07_05.cnv
* Sea-Bird SBE37SI-RS232  Data File:
* FileName = C:\Users\General Lab Use\Desktop\SHELAGH CTD 2017\gsl_03_SBE37SI-RS232_03706156_2017_07_05.cnv
* Software version 1.00d
* Temperature SN = 6156
* Conductivity SN = 6156
* System UpLoad Time = Jul 05 2017 12:41:05
* <ApplicationData>
* <Seaterm232>
# nquan = 5
# nvalues = 1164
# units = specified
# name 0 = t090C: Temperature [ITS-90, deg C]
# name 1 = c0S/m: Conductivity [S/m]
# name 2 = prM: Pressure [db]
# name 3 = timeK: Time, Seacat Plus [seconds]
# name 4 = flag: Flag
# span 0 =     -0.1974,    15.7360
# span 1 =    0.001344,   3.148847
# span 2 =      -0.237,     87.605
# span 3 =   552546502,  552548270
# span 4 =  0.0000e+00, 0.0000e+00
# interval = seconds: 6.000000
# start_time = Jul 05 2017 05:08:22
# bad_flag = -9.990e-29
*END*
[from data line 286]
     0.1476    2.69018      69.21  552546936 0.0000e+00
     0.0718    2.68154      67.73  552546938 0.0000e+00
     0.0558    2.67925      66.28  552546940 0.0000e+00
     0.0475    2.67776      64.79  552546941 0.0000e+00
     0.0293    2.67385      63.15  552546943 0.0000e+00
     0.0101    2.67138      61.35  552546944 0.0000e+00
    -0.0049    2.66890      59.97  552546946 0.0000e+00
    -0.0314    2.66494      58.43  552546947 0.0000e+00
    -0.0647    2.66657      58.24  552546949 0.0000e+00
    -0.0867    2.65721      56.94  552546950 0.0000e+00
    -0.0979    2.65472      55.31  552546952 0.0000e+00
    -0.1136    2.65570      54.16  552546953 0.0000e+00
    -0.1516    2.64568      52.46  552546955 0.0000e+00
    -0.1620    2.64392      50.94  552546956 0.0000e+00
    -0.1842    2.63877      49.20  552546958 0.0000e+00
    -0.1360    2.64522      47.87  552546959 0.0000e+00
     0.0004    2.65175      46.15  552546961 0.0000e+00
     0.0670    2.65292      44.70  552546962 0.0000e+00
     0.1111    2.65118      43.35  552546964 0.0000e+00
     0.0355    2.64215      41.80  552546965 0.0000e+00
     0.0928    2.64593      40.36  552546967 0.0000e+00
     0.2056    2.64913      38.86  552546968 0.0000e+00
     0.4941    2.65800      37.14  552546970 0.0000e+00
     0.7098    2.66218      35.67  552546971 0.0000e+00
     0.8108    2.66227      34.16  552546973 0.0000e+00
     0.9020    2.66442      32.70  552546974 0.0000e+00
     0.9968    2.66982      31.34  552546976 0.0000e+00
     1.1483    2.67388      30.09  552546977 0.0000e+00
     1.4289    2.68459      28.65  552546979 0.0000e+00
     1.8596    2.69972      27.20  552546981 0.0000e+00
     2.2485    2.71545      25.95  552546982 0.0000e+00
     2.7639    2.76069      24.40  552546984 0.0000e+00
     3.5321    2.78944      23.08  552546985 0.0000e+00
     4.1600    2.84020      21.61  552546987 0.0000e+00
     4.9463    2.87468      20.30  552546988 0.0000e+00
     5.8879    2.93312      18.81  552546990 0.0000e+00
     6.6801    2.93415      17.80  552546991 0.0000e+00
     6.8459    2.91620      16.34  552546993 0.0000e+00
     6.3219    2.86382      15.06  552546994 0.0000e+00
     6.6156    2.86219      13.71  552546996 0.0000e+00
     7.2431    2.88268      12.13  552546997 0.0000e+00
     8.6502    2.97774      10.82  552546999 0.0000e+00
    12.5905    3.07350       9.29  552547000 0.0000e+00
    13.6180    3.06975       8.05  552547002 0.0000e+00
    13.8272    3.07783       6.96  552547003 0.0000e+00
    13.9041    3.05248       6.31  552547005 0.0000e+00
    13.9267    3.02448       6.29  552547006 0.0000e+00
    13.9371    2.98150       6.27  552547008 0.0000e+00
    13.9344    3.05377       5.79  552547009 0.0000e+00
    13.9879    3.05501       5.54  552547011 0.0000e+00
    14.0176    3.05184       5.43  552547012 0.0000e+00
    14.0446    3.08934       4.59  552547014 0.0000e+00
    14.1628    3.07930       3.94  552547015 0.0000e+00
    14.2594    3.08850       3.32  552547017 0.0000e+00
    14.2779    3.08679       2.81  552547018 0.0000e+00
    14.2868    3.10628       2.25  552547020 0.0000e+00
    14.2887    3.11777       1.31  552547022 0.0000e+00
    14.2912    3.11852       0.38  552547023 0.0000e+00
    14.2884    2.23827      -0.15  552547025 0.0000e+00
    14.2739    2.83346      -0.13  552547026 0.0000e+00
    14.2559    0.37785      -0.20  552547028 0.0000e+00
    14.2233    0.33125      -0.20  552547029 0.0000e+00
    14.1887    0.31858      -0.20  552547031 0.0000e+00
    14.0487    0.25105      -0.20  552547032 0.0000e+00
    13.7064    0.14262      -0.20  552547034 0.0000e+00
    13.6442    0.16222      -0.20  552547035 0.0000e+00
    13.5860    0.11806      -0.21  552547037 0.0000e+00
    13.5280    0.10205      -0.20  552547038 0.0000e+00
    13.4747    0.08073      -0.20  552547040 0.0000e+00
    13.4497    0.06226      -0.19  552547041 0.0000e+00
    13.4277    0.05911      -0.19  552547043 0.0000e+00
    13.4093    0.05993      -0.19  552547044 0.0000e+00
    13.3883    0.05988      -0.19  552547046 0.0000e+00
    13.3525    0.05735      -0.19  552547047 0.0000e+00
    13.3296    0.05409      -0.19  552547049 0.0000e+00
    13.3124    0.05191      -0.18  552547050 0.0000e+00
    13.2830    0.04912      -0.18  552547052 0.0000e+00
    13.2626    0.04810      -0.18  552547053 0.0000e+00
    13.2415    0.04623      -0.18  552547055 0.0000e+00
    13.2261    0.04540      -0.18  552547056 0.0000e+00
    13.2049    0.04411      -0.18  552547058 0.0000e+00
    13.1743    0.04358      -0.18  552547060 0.0000e+00
    13.1640    0.04250      -0.18  552547061 0.0000e+00
    13.1655    0.04248      -0.18  552547063 0.0000e+00
    13.1470    0.04134      -0.18  552547064 0.0000e+00
    13.1478    0.04138      -0.18  552547066 0.0000e+00
    13.1273    0.04024      -0.18  552547067 0.0000e+00
    13.1143    0.04027      -0.18  552547069 0.0000e+00
    13.0947    0.03914      -0.18  552547070 0.0000e+00
    13.0944    0.03911      -0.18  552547072 0.0000e+00
    13.0734    0.03862      -0.18  552547073 0.0000e+00
    13.0455    0.03852      -0.18  552547075 0.0000e+00
    13.0329    0.03813      -0.18  552547076 0.0000e+00
    13.0029    0.03797      -0.18  552547078 0.0000e+00
    12.9923    0.03760      -0.18  552547079 0.0000e+00
    13.0069    0.03745      -0.18  552547081 0.0000e+00
    12.9823    0.03706      -0.18  552547082 0.0000e+00
    12.9701    0.03684      -0.18  552547084 0.0000e+00
    12.9387    0.03643      -0.18  552547085 0.0000e+00
    12.9168    0.03608      -0.18  552547087 0.0000e+00
    12.9170    0.03607      -0.18  552547088 0.0000e+00
    12.9000    0.03535      -0.18  552547090 0.0000e+00
    12.8784    0.03566      -0.18  552547091 0.0000e+00
    12.8665    0.03492      -0.18  552547093 0.0000e+00
    12.8614    0.03515      -0.18  552547094 0.0000e+00
    12.8523    0.03457      -0.18  552547096 0.0000e+00
    12.8488    0.03473      -0.18  552547097 0.0000e+00
    12.8620    0.03401      -0.18  552547099 0.0000e+00
    12.8700    0.03422      -0.18  552547101 0.0000e+00
    12.8681    0.03364      -0.18  552547102 0.0000e+00
    12.8727    0.03378      -0.18  552547104 0.0000e+00
    12.8704    0.03328      -0.18  552547105 0.0000e+00
    12.8682    0.03343      -0.18  552547107 0.0000e+00
    12.8859    0.03313      -0.18  552547108 0.0000e+00
    12.9094    0.03306      -0.18  552547110 0.0000e+00
    12.9232    0.03285      -0.18  552547111 0.0000e+00
    12.9174    0.03278      -0.18  552547113 0.0000e+00
    12.9072    0.03246      -0.18  552547114 0.0000e+00
    12.8985    0.03254      -0.18  552547116 0.0000e+00
    12.8974    0.03205      -0.18  552547117 0.0000e+00
    12.9077    0.03224      -0.18  552547119 0.0000e+00
    12.8884    0.03197      -0.18  552547120 0.0000e+00
    12.8783    0.03189      -0.18  552547122 0.0000e+00
    12.8767    0.03982      -0.18  552547123 0.0000e+00
    12.8776    0.03842      -0.19  552547125 0.0000e+00
    12.8704    0.03997      -0.19  552547126 0.0000e+00
    12.8566    0.03673      -0.19  552547128 0.0000e+00
    12.8551    0.03595      -0.19  552547129 0.0000e+00
    12.8539    0.03493      -0.19  552547131 0.0000e+00
    12.8534    0.03449      -0.19  552547132 0.0000e+00
    12.8433    0.03376      -0.19  552547134 0.0000e+00
    12.8372    0.03357      -0.19  552547136 0.0000e+00
    12.8197    0.03279      -0.19  552547137 0.0000e+00
    12.8026    0.03274      -0.19  552547139 0.0000e+00
    12.7932    0.03206      -0.19  552547140 0.0000e+00
    12.7801    0.03194      -0.19  552547142 0.0000e+00
    12.7712    0.03146      -0.19  552547143 0.0000e+00
    12.7826    0.03143      -0.19  552547145 0.0000e+00
    12.7825    0.03085      -0.19  552547146 0.0000e+00
    12.7812    0.03101      -0.19  552547148 0.0000e+00
    12.7759    0.03048      -0.19  552547149 0.0000e+00
    12.7565    0.03037      -0.19  552547151 0.0000e+00
    12.7480    0.03012      -0.19  552547152 0.0000e+00
    12.7523    0.02996      -0.19  552547154 0.0000e+00
    12.7455    0.02975      -0.19  552547155 0.0000e+00
    12.7499    0.02962      -0.19  552547157 0.0000e+00
    12.7524    0.02942      -0.19  552547158 0.0000e+00
    12.7518    0.02936      -0.19  552547160 0.0000e+00
    12.7669    0.02910      -0.19  552547161 0.0000e+00
    12.7691    0.02919      -0.19  552547163 0.0000e+00
    12.7769    0.02893      -0.19  552547164 0.0000e+00
    12.7940    0.02889      -0.19  552547166 0.0000e+00
    12.7916    0.02856      -0.19  552547167 0.0000e+00
    12.7814    0.02865      -0.19  552547169 0.0000e+00
    12.7704    0.02830      -0.19  552547170 0.0000e+00
    12.7642    0.02849      -0.19  552547172 0.0000e+00
    12.7613    0.02821      -0.19  552547173 0.0000e+00
    12.7552    0.02839      -0.19  552547175 0.0000e+00
    12.7403    0.02802      -0.19  552547177 0.0000e+00
    12.7387    0.02828      -0.19  552547178 0.0000e+00
    12.7334    0.02792      -0.19  552547180 0.0000e+00
    12.7306    0.02806      -0.19  552547181 0.0000e+00
    12.7287    0.02797      -0.19  552547183 0.0000e+00
    12.7198    0.02780      -0.19  552547184 0.0000e+00
    12.7160    0.02785      -0.19  552547186 0.0000e+00
    12.7103    0.02764      -0.19  552547187 0.0000e+00
    12.7004    0.02778      -0.19  552547189 0.0000e+00
    12.7017    0.02747      -0.19  552547190 0.0000e+00
    12.7046    0.02771      -0.19  552547192 0.0000e+00
    12.7051    0.02737      -0.19  552547193 0.0000e+00
    12.7065    0.02755      -0.19  552547195 0.0000e+00
    12.7019    0.02734      -0.19  552547196 0.0000e+00
    12.7101    0.02758      -0.19  552547198 0.0000e+00
    12.7246    0.02747      -0.19  552547199 0.0000e+00
    12.7609    0.04900      -0.20  552547201 0.0000e+00
    12.8239    0.06124      -0.20  552547202 0.0000e+00
    12.9057    0.05891      -0.20  552547204 0.0000e+00
    12.8885    0.04621      -0.20  552547205 0.0000e+00
    12.8636    0.03890      -0.20  552547207 0.0000e+00
    12.8863    0.03628      -0.20  552547208 0.0000e+00
    12.9121    0.03385      -0.20  552547210 0.0000e+00
    12.9433    0.03166      -0.20  552547211 0.0000e+00
    12.9709    0.02992      -0.20  552547213 0.0000e+00
    13.0013    0.02844      -0.20  552547215 0.0000e+00
    13.0247    0.04820      -0.20  552547216 0.0000e+00
    13.0472    0.06540      -0.20  552547218 0.0000e+00
    13.0563    0.07061      -0.20  552547219 0.0000e+00
    13.0803    0.08351      -0.20  552547221 0.0000e+00
    13.0924    0.08352      -0.20  552547222 0.0000e+00
    13.1028    0.08285      -0.20  552547224 0.0000e+00
    13.1122    0.07732      -0.20  552547225 0.0000e+00
    13.1181    0.07527      -0.20  552547227 0.0000e+00
    13.1363    0.07361      -0.20  552547228 0.0000e+00
    13.1373    0.07038      -0.20  552547230 0.0000e+00
    13.1441    0.06767      -0.21  552547231 0.0000e+00
    13.1514    0.06673      -0.21  552547233 0.0000e+00
    13.1584    0.06387      -0.20  552547234 0.0000e+00
    13.1682    0.06295      -0.21  552547236 0.0000e+00
    13.1809    0.06089      -0.20  552547237 0.0000e+00
    13.1919    0.06046      -0.21  552547239 0.0000e+00
    13.2022    0.05815      -0.21  552547240 0.0000e+00
    13.2057    0.05822      -0.21  552547242 0.0000e+00
    13.2128    0.05503      -0.20  552547243 0.0000e+00
    13.2126    0.04981      -0.20  552547245 0.0000e+00
    13.2241    0.05398      -0.20  552547246 0.0000e+00
    13.2131    0.05926      -0.21  552547248 0.0000e+00
    13.1995    0.06250      -0.21  552547249 0.0000e+00
    13.1861    0.06359      -0.21  552547251 0.0000e+00
    13.1733    0.06549      -0.21  552547253 0.0000e+00
    13.1797    0.06674      -0.21  552547254 0.0000e+00
    13.1740    0.06961      -0.21  552547256 0.0000e+00
    13.1555    0.07114      -0.21  552547257 0.0000e+00
    13.1265    0.07364      -0.21  552547259 0.0000e+00
    13.1059    0.07377      -0.21  552547260 0.0000e+00
    13.1023    0.07541      -0.21  552547262 0.0000e+00
    13.0984    0.07540      -0.21  552547263 0.0000e+00
    13.0905    0.07498      -0.21  552547265 0.0000e+00
    13.0952    0.07559      -0.21  552547266 0.0000e+00
    13.0919    0.07423      -0.21  552547268 0.0000e+00
    13.0926    0.07499      -0.21  552547269 0.0000e+00
    13.0915    0.07297      -0.21  552547271 0.0000e+00
    13.0813    0.07724      -0.21  552547272 0.0000e+00
    13.0784    0.07222      -0.21  552547274 0.0000e+00
    13.0496    0.07689      -0.21  552547275 0.0000e+00
    13.0342    0.07171      -0.21  552547277 0.0000e+00
    13.0359    0.07709      -0.21  552547278 0.0000e+00
    13.0360    0.07253      -0.21  552547280 0.0000e+00
    13.0396    0.07528      -0.21  552547281 0.0000e+00
    13.0282    0.07491      -0.21  552547283 0.0000e+00
    13.0162    0.07510      -0.21  552547284 0.0000e+00
    13.0148    0.07309      -0.21  552547286 0.0000e+00
    13.0099    0.07640      -0.21  552547287 0.0000e+00
    13.0152    0.07586      -0.21  552547289 0.0000e+00
    13.0095    0.07410      -0.21  552547291 0.0000e+00
    13.0020    0.07886      -0.21  552547292 0.0000e+00
    12.9878    0.07379      -0.21  552547294 0.0000e+00
    12.9859    0.07811      -0.21  552547295 0.0000e+00
    12.9850    0.07545      -0.21  552547297 0.0000e+00
    12.9709    0.07801      -0.21  552547298 0.0000e+00
    12.9584    0.07479      -0.21  552547300 0.0000e+00
    12.9523    0.07830      -0.21  552547301 0.0000e+00
    12.9366    0.07606      -0.21  552547303 0.0000e+00
    12.9376    0.07761      -0.21  552547304 0.0000e+00
    12.9259    0.07755      -0.21  552547306 0.0000e+00
    12.9265    0.07717      -0.21  552547307 0.0000e+00
    12.9307    0.07734      -0.21  552547309 0.0000e+00
    12.9237    0.07804      -0.21  552547310 0.0000e+00
    12.9093    0.07675      -0.21  552547312 0.0000e+00
    12.9104    0.07770      -0.21  552547313 0.0000e+00
    12.8928    0.07697      -0.22  552547315 0.0000e+00
    12.8725    0.07879      -0.22  552547316 0.0000e+00
    12.8733    0.07520      -0.21  552547318 0.0000e+00
    12.8536    0.08156      -0.22  552547319 0.0000e+00
    12.8281    0.07522      -0.22  552547321 0.0000e+00
    12.8171    0.07867      -0.22  552547322 0.0000e+00
    12.8024    0.08055      -0.21  552547324 0.0000e+00
    12.7965    0.07884      -0.22  552547325 0.0000e+00
    12.7902    0.07730      -0.22  552547327 0.0000e+00
    12.7938    0.08099      -0.22  552547329 0.0000e+00
    12.7926    0.08060      -0.22  552547330 0.0000e+00
    12.7963    0.07657      -0.22  552547332 0.0000e+00
    12.8017    0.08437      -0.22  552547333 0.0000e+00
    12.8082    0.07895      -0.22  552547335 0.0000e+00
    12.8101    0.08325      -0.22  552547336 0.0000e+00
    12.8133    0.08086      -0.22  552547338 0.0000e+00
    12.8161    0.08299      -0.22  552547339 0.0000e+00
    12.8235    0.08050      -0.22  552547341 0.0000e+00
    12.8282    0.08238      -0.22  552547342 0.0000e+00
    12.8321    0.08202      -0.22  552547344 0.0000e+00
    12.8217    0.08191      -0.22  552547345 0.0000e+00
    12.8266    0.08292      -0.22  552547347 0.0000e+00
    12.8289    0.08287      -0.22  552547348 0.0000e+00
    12.8285    0.08200      -0.22  552547350 0.0000e+00
    12.8229    0.08342      -0.22  552547351 0.0000e+00
    12.8257    0.08792      -0.22  552547353 0.0000e+00
    12.8516    0.06278      -0.22  552547354 0.0000e+00
    12.8603    0.04331      -0.22  552547356 0.0000e+00
    12.8705    0.03763      -0.22  552547357 0.0000e+00
    12.8876    0.03698      -0.22  552547359 0.0000e+00
    12.9242    0.04170      -0.23  552547360 0.0000e+00
    12.9708    0.04345      -0.22  552547362 0.0000e+00
    12.9688    0.03793      -0.22  552547363 0.0000e+00
    12.9820    0.03356      -0.22  552547365 0.0000e+00
    13.0151    0.03103      -0.23  552547367 0.0000e+00
    13.0553    0.02939      -0.22  552547368 0.0000e+00
