Code/Hansen Zooplankton Code and Sample Data/data/ctd/gsl_04_SBE37SI-RS232_03706156_2017_07_05.cnv
* Sea-Bird SBE37SI-RS232  Data File:
* FileName = C:\Users\General Lab Use\Desktop\SHELAGH CTD 2017\gsl_04_SBE37SI-RS232_03706156_2017_07_05.cnv
* Software version 1.00d
* Temperature SN = 6156
* Conductivity SN = 6156
* System UpLoad Time = Jul 05 2017 23:04:23
* <ApplicationData>
* <Seaterm232>
# nquan = 5
# nvalues = 949
# units = specified
# name 0 = t090C: Temperature [ITS-90, deg C]
# name 1 = c0S/m: Conductivity [S/m]
# name 2 = prM: Pressure [db]
# name 3 = timeK: Time, Seacat Plus [seconds]
# name 4 = flag: Flag
# span 0 =     -1.1264,    20.2321
# span 1 =    0.000637,   3.376331
# span 2 =      -0.237,     67.463
# span 3 =   552596726,  552598172
# span 4 =  0.0000e+00, 0.0000e+00
# interval = seconds: 6.000000
# start_time = Jul 05 2017 19:05:26
# bad_flag = -9.990e-29
*END*
[from data line 286]
    -0.8945    2.58129      66.58  552597162 0.0000e+00
    -0.8946    2.58120      67.43  552597163 0.0000e+00
    -0.8826    2.59066      67.45  552597165 0.0000e+00
    -0.8841    2.59233      67.46  552597166 0.0000e+00
    -0.8845    2.58346      66.40  552597168 0.0000e+00
    -0.8902    2.57412      65.55  552597169 0.0000e+00
    -0.8999    2.57295      64.76  552597171 0.0000e+00
    -0.9020    2.57032      63.59  552597172 0.0000e+00
    -0.9270    2.56885      62.97  552597174 0.0000e+00
    -0.9874    2.54756      61.27  552597175 0.0000e+00
    -1.0648    2.54025      60.93  552597177 0.0000e+00
    -1.0969    2.52661      59.43  552597178 0.0000e+00
    -1.1213    2.52495      59.38  552597180 0.0000e+00
    -1.1206    2.52090      58.34  552597182 0.0000e+00
    -1.1165    2.52301      57.84  552597183 0.0000e+00
    -1.1051    2.51947      55.91  552597185 0.0000e+00
    -1.0668    2.52327      54.95  552597186 0.0000e+00
    -1.0706    2.52269      54.40  552597188 0.0000e+00
    -1.0555    2.52273      54.46  552597189 0.0000e+00
    -1.0447    2.51970      53.38  552597191 0.0000e+00
    -1.0187    2.52517      52.36  552597192 0.0000e+00
    -0.9346    2.52613      50.94  552597194 0.0000e+00
    -0.8760    2.52625      49.54  552597195 0.0000e+00
    -0.7157    2.53696      48.32  552597197 0.0000e+00
    -0.5513    2.53981      47.22  552597198 0.0000e+00
    -0.6000    2.53267      45.91  552597200 0.0000e+00
    -0.6600    2.53148      44.85  552597201 0.0000e+00
    -0.5652    2.54031      43.34  552597203 0.0000e+00
    -0.0941    2.55471      42.47  552597204 0.0000e+00
     0.3194    2.59762      40.68  552597206 0.0000e+00
     0.7790    2.59561      39.87  552597207 0.0000e+00
     1.1496    2.64369      38.36  552597209 0.0000e+00
     1.4820    2.63680      37.57  552597210 0.0000e+00
     1.6392    2.66350      36.03  552597212 0.0000e+00
     2.0685    2.70314      34.76  552597213 0.0000e+00
     2.5893    2.71565      33.58  552597215 0.0000e+00
     2.9706    2.75213      31.78  552597217 0.0000e+00
     3.0863    2.73826      31.07  552597218 0.0000e+00
     3.3310    2.77513      29.30  552597220 0.0000e+00
     3.8142    2.78164      28.65  552597221 0.0000e+00
     4.3481    2.84145      26.72  552597223 0.0000e+00
     4.3834    2.82424      26.43  552597224 0.0000e+00
     4.3432    2.83161      24.38  552597226 0.0000e+00
     5.3663    2.87899      23.94  552597227 0.0000e+00
     5.8006    2.92563      22.31  552597229 0.0000e+00
     5.8333    2.92329      21.35  552597230 0.0000e+00
     6.1898    2.95019      19.92  552597232 0.0000e+00
     6.3093    2.95147      18.99  552597233 0.0000e+00
     6.6251    2.97858      17.75  552597235 0.0000e+00
     6.8905    2.95221      16.40  552597236 0.0000e+00
     6.1735    2.86463      15.34  552597238 0.0000e+00
     6.0926    2.87224      13.89  552597239 0.0000e+00
     7.2131    2.88759      12.91  552597241 0.0000e+00
     8.0411    2.93430      11.32  552597242 0.0000e+00
     8.5556    2.91389      10.53  552597244 0.0000e+00
     8.9501    2.96957       8.94  552597245 0.0000e+00
    11.4979    2.98340       8.32  552597247 0.0000e+00
    14.5629    3.19652       6.63  552597249 0.0000e+00
    15.8123    3.20573       6.16  552597250 0.0000e+00
    16.2118    3.24570       4.59  552597252 0.0000e+00
    16.3559    3.24785       3.77  552597253 0.0000e+00
    17.3998    3.32313       2.59  552597255 0.0000e+00
    17.5755    3.31621       2.30  552597256 0.0000e+00
    17.6070    3.32098       2.03  552597258 0.0000e+00
    17.6146    3.34854       0.88  552597259 0.0000e+00
    17.6054    3.33633       1.02  552597261 0.0000e+00
    17.6020    3.32536       0.73  552597262 0.0000e+00
    17.5951    3.31664       1.09  552597264 0.0000e+00
    17.5868    3.30772       0.90  552597265 0.0000e+00
    17.6129    3.28112       0.95  552597267 0.0000e+00
    17.6097    3.31717       0.60  552597268 0.0000e+00
    17.5998    2.71034      -0.12  552597270 0.0000e+00
    17.5820    0.38276      -0.22  552597271 0.0000e+00
    17.4414    0.32502      -0.22  552597273 0.0000e+00
    17.3161    0.32848      -0.22  552597274 0.0000e+00
    17.1076    0.28357      -0.21  552597276 0.0000e+00
    16.9609    0.18587      -0.21  552597277 0.0000e+00
    16.8782    0.16985      -0.20  552597279 0.0000e+00
    16.8111    0.13225      -0.20  552597281 0.0000e+00
    16.7648    0.17575      -0.19  552597282 0.0000e+00
    16.7304    0.19426      -0.19  552597284 0.0000e+00
    16.7050    0.11162      -0.19  552597285 0.0000e+00
    16.6801    0.08891      -0.19  552597287 0.0000e+00
    16.6543    0.08037      -0.19  552597288 0.0000e+00
    16.6251    0.07800      -0.19  552597290 0.0000e+00
    16.6009    0.07273      -0.18  552597291 0.0000e+00
    16.5789    0.06340      -0.18  552597293 0.0000e+00
    16.5753    0.06226      -0.18  552597294 0.0000e+00
    16.5694    0.06264      -0.18  552597296 0.0000e+00
    16.5691    0.05789      -0.18  552597297 0.0000e+00
    16.5625    0.05513      -0.18  552597299 0.0000e+00
    16.5550    0.04956      -0.18  552597300 0.0000e+00
    16.5359    0.05029      -0.18  552597302 0.0000e+00
    16.5342    0.04917      -0.18  552597303 0.0000e+00
    16.5173    0.04984      -0.18  552597305 0.0000e+00
    16.5047    0.04655      -0.18  552597306 0.0000e+00
    16.5074    0.04641      -0.18  552597308 0.0000e+00
    16.5093    0.04588      -0.18  552597309 0.0000e+00
    16.5081    0.04550      -0.18  552597311 0.0000e+00
    16.5186    0.04399      -0.18  552597313 0.0000e+00
    16.5247    0.04453      -0.18  552597314 0.0000e+00
    16.5180    0.04328      -0.18  552597316 0.0000e+00
    16.5089    0.04088      -0.18  552597317 0.0000e+00
    16.4964    0.03762      -0.18  552597319 0.0000e+00
    16.4925    0.03664      -0.19  552597320 0.0000e+00
    16.4891    0.03546      -0.19  552597322 0.0000e+00
    16.4748    0.03667      -0.19  552597323 0.0000e+00
    16.4541    0.03481      -0.19  552597325 0.0000e+00
    16.4424    0.03470      -0.19  552597326 0.0000e+00
    16.4352    0.03375      -0.19  552597328 0.0000e+00
    16.4281    0.03372      -0.18  552597329 0.0000e+00
    16.4138    0.03301      -0.18  552597331 0.0000e+00
    16.4130    0.03245      -0.18  552597332 0.0000e+00
    16.4092    0.03188      -0.18  552597334 0.0000e+00
    16.4157    0.03376      -0.18  552597335 0.0000e+00
    16.4109    0.03275      -0.18  552597337 0.0000e+00
    16.4048    0.03164      -0.18  552597338 0.0000e+00
    16.3884    0.03289      -0.18  552597340 0.0000e+00
    16.3637    0.03272      -0.18  552597341 0.0000e+00
    16.3464    0.03260      -0.18  552597343 0.0000e+00
    16.3474    0.03124      -0.18  552597345 0.0000e+00
    16.3494    0.03071      -0.18  552597346 0.0000e+00
    16.3624    0.03046      -0.18  552597348 0.0000e+00
    16.3774    0.02977      -0.18  552597349 0.0000e+00
    16.3775    0.02961      -0.18  552597351 0.0000e+00
    16.3791    0.02960      -0.18  552597352 0.0000e+00
    16.3850    0.02946      -0.18  552597354 0.0000e+00
    16.3962    0.02940      -0.18  552597355 0.0000e+00
    16.4039    0.02899      -0.17  552597357 0.0000e+00
    16.4139    0.02900      -0.18  552597358 0.0000e+00
    16.4225    0.02893      -0.18  552597360 0.0000e+00
    16.4298    0.02863      -0.18  552597361 0.0000e+00
    16.4329    0.02869      -0.17  552597363 0.0000e+00
    16.4427    0.02811      -0.18  552597364 0.0000e+00
    16.4670    0.02851      -0.18  552597366 0.0000e+00
    16.4817    0.02777      -0.18  552597367 0.0000e+00
    16.4916    0.02806      -0.18  552597369 0.0000e+00
    16.4924    0.02765      -0.18  552597370 0.0000e+00
    16.4938    0.02800      -0.18  552597372 0.0000e+00
    16.4998    0.02730      -0.18  552597373 0.0000e+00
    16.5049    0.02764      -0.17  552597375 0.0000e+00
    16.4999    0.02699      -0.18  552597377 0.0000e+00
    16.4909    0.02684      -0.17  552597378 0.0000e+00
    16.4855    0.02793      -0.17  552597380 0.0000e+00
    16.4761    0.02664      -0.18  552597381 0.0000e+00
    16.4787    0.02683      -0.18  552597383 0.0000e+00
    16.4843    0.02631      -0.18  552597384 0.0000e+00
    16.4967    0.02662      -0.18  552597386 0.0000e+00
    16.5056    0.02646      -0.18  552597387 0.0000e+00
    16.5136    0.02680      -0.18  552597389 0.0000e+00
    16.5194    0.02640      -0.18  552597390 0.0000e+00
    16.5107    0.02685      -0.18  552597392 0.0000e+00
    16.4748    0.02670      -0.18  552597393 0.0000e+00
    16.4824    0.02613      -0.18  552597395 0.0000e+00
    16.4969    0.02607      -0.18  552597396 0.0000e+00
    16.5016    0.02701      -0.18  552597398 0.0000e+00
    16.5131    0.02685      -0.17  552597399 0.0000e+00
    16.5290    0.02668      -0.18  552597401 0.0000e+00
    16.5434    0.02650      -0.18  552597403 0.0000e+00
    16.5548    0.15966      -0.18  552597404 0.0000e+00
    16.5367    0.10740      -0.18  552597406 0.0000e+00
    16.5132    0.07549      -0.18  552597407 0.0000e+00
    16.5284    0.06509      -0.18  552597409 0.0000e+00
    16.5400    0.08201      -0.18  552597410 0.0000e+00
    16.5302    0.06374      -0.18  552597412 0.0000e+00
    16.5114    0.04149      -0.19  552597413 0.0000e+00
    16.5366    0.04560      -0.18  552597415 0.0000e+00
    16.5521    0.05088      -0.19  552597416 0.0000e+00
    16.5643    0.04438      -0.18  552597418 0.0000e+00
    16.5822    0.03878      -0.19  552597419 0.0000e+00
    16.5854    0.03706      -0.18  552597421 0.0000e+00
    16.5845    0.03749      -0.18  552597422 0.0000e+00
    16.5792    0.03427      -0.19  552597424 0.0000e+00
    16.5881    0.03464      -0.18  552597425 0.0000e+00
    16.5841    0.03170      -0.19  552597427 0.0000e+00
    16.5953    0.02966      -0.19  552597428 0.0000e+00
    16.5986    0.02856      -0.19  552597430 0.0000e+00
    16.5991    0.02710      -0.19  552597431 0.0000e+00
    16.6044    0.02673      -0.19  552597433 0.0000e+00
    16.6001    0.02754      -0.19  552597435 0.0000e+00
    16.6088    0.02998      -0.19  552597436 0.0000e+00
    16.6187    0.02822      -0.19  552597438 0.0000e+00
    16.6293    0.02827      -0.19  552597439 0.0000e+00
    16.6511    0.02837      -0.19  552597441 0.0000e+00
    16.6833    0.02980      -0.19  552597442 0.0000e+00
    16.6920    0.03009      -0.19  552597444 0.0000e+00
    16.7215    0.03389      -0.19  552597445 0.0000e+00
    16.7736    0.03279      -0.19  552597447 0.0000e+00
    16.7338    0.03099      -0.19  552597448 0.0000e+00
    16.7615    0.03109      -0.19  552597450 0.0000e+00
    16.7482    0.02991      -0.19  552597451 0.0000e+00
    16.7746    0.02865      -0.19  552597453 0.0000e+00
    16.8567    0.02716      -0.19  552597454 0.0000e+00
    16.8495    0.02576      -0.19  552597456 0.0000e+00
    16.8325    0.04536      -0.17  552597457 0.0000e+00
    17.4491    3.32887       0.39  552597459 0.0000e+00
    17.5815    3.35939       0.88  552597460 0.0000e+00
    17.5915    3.35695       1.42  552597462 0.0000e+00
    17.5888    3.34967       1.72  552597463 0.0000e+00
    17.5868    3.35728       2.26  552597465 0.0000e+00
    17.5835    3.34663       2.33  552597467 0.0000e+00
    17.5767    3.35811       2.85  552597468 0.0000e+00
    17.5466    3.35494       3.11  552597470 0.0000e+00
    17.3419    3.35047       3.74  552597471 0.0000e+00
    16.9029    3.33122       3.99  552597473 0.0000e+00
    16.4782    3.30399       4.53  552597474 0.0000e+00
    16.3721    3.30196       5.06  552597476 0.0000e+00
    16.2993    3.29925       5.30  552597477 0.0000e+00
    16.2663    3.29625       5.58  552597479 0.0000e+00
    16.2409    3.29210       5.38  552597480 0.0000e+00
    16.2361    3.29347       5.80  552597482 0.0000e+00
    16.1929    3.28994       6.41  552597483 0.0000e+00
    15.8137    3.27666       6.98  552597485 0.0000e+00
    15.2619    3.24475       7.79  552597486 0.0000e+00
    14.1949    3.22434       8.31  552597488 0.0000e+00
    10.8037    3.09676       9.14  552597489 0.0000e+00
     9.2136    3.07668       9.84  552597491 0.0000e+00
     8.9350    3.01933      10.89  552597492 0.0000e+00
     8.6014    3.05485      11.11  552597494 0.0000e+00
     8.4425    2.99901      12.03  552597495 0.0000e+00
     8.1663    3.03546      12.22  552597497 0.0000e+00
     8.1044    3.00147      13.15  552597499 0.0000e+00
     7.6046    3.02669      13.60  552597500 0.0000e+00
     7.1656    2.95383      14.58  552597502 0.0000e+00
     6.4548    2.92938      15.23  552597503 0.0000e+00
     5.9305    2.88911      16.30  552597505 0.0000e+00
     6.4087    2.94385      16.90  552597506 0.0000e+00
     6.9707    3.00046      17.88  552597508 0.0000e+00
     6.8742    3.02321      18.41  552597509 0.0000e+00
     6.6971    3.01916      19.22  552597511 0.0000e+00
     6.4201    3.01313      19.97  552597512 0.0000e+00
     6.3299    3.00814      20.88  552597514 0.0000e+00
     6.2351    3.00163      21.55  552597515 0.0000e+00
     6.0203    2.98548      22.41  552597517 0.0000e+00
     5.8694    2.98113      23.21  552597518 0.0000e+00
     5.8306    2.98482      23.89  552597520 0.0000e+00
     5.6451    2.95848      24.80  552597521 0.0000e+00
     4.7977    2.92925      25.42  552597523 0.0000e+00
     4.3207    2.87126      26.30  552597524 0.0000e+00
     4.3120    2.86703      27.06  552597526 0.0000e+00
     4.5655    2.88900      27.96  552597527 0.0000e+00
     4.3475    2.87310      28.68  552597529 0.0000e+00
     4.0074    2.85385      29.52  552597530 0.0000e+00
     3.7223    2.83366      30.32  552597532 0.0000e+00
     3.3709    2.80913      31.26  552597534 0.0000e+00
     3.1076    2.79906      32.01  552597535 0.0000e+00
     3.0439    2.78896      32.91  552597537 0.0000e+00
     2.9317    2.78990      33.48  552597538 0.0000e+00
     2.6957    2.76775      34.31  552597540 0.0000e+00
     2.6592    2.77304      34.90  552597541 0.0000e+00
     2.4750    2.75606      35.58  552597543 0.0000e+00
     2.0426    2.73129      36.30  552597544 0.0000e+00
     1.7725    2.71417      37.02  552597546 0.0000e+00
     1.7145    2.70814      37.78  552597547 0.0000e+00
     1.5678    2.71092      38.31  552597549 0.0000e+00
     1.4968    2.69390      39.15  552597550 0.0000e+00
     1.3814    2.70150      39.56  552597552 0.0000e+00
     1.2015    2.67192      40.40  552597553 0.0000e+00
     0.9238    2.66149      41.01  552597555 0.0000e+00
     0.7467    2.64524      41.98  552597556 0.0000e+00
     0.4257    2.65430      42.35  552597558 0.0000e+00
     0.2692    2.62541      43.28  552597559 0.0000e+00
    -0.0741    2.63237      43.66  552597561 0.0000e+00
    -0.4386    2.58694      44.56  552597562 0.0000e+00
    -0.5706    2.57371      45.09  552597564 0.0000e+00
    -0.6566    2.56599      45.99  552597566 0.0000e+00
    -0.6242    2.55865      46.67  552597567 0.0000e+00
    -0.5371    2.56672      47.52  552597569 0.0000e+00
    -0.5115    2.56419      48.22  552597570 0.0000e+00
    -0.6523    2.56883      48.92  552597572 0.0000e+00
    -0.7321    2.55631      49.64  552597573 0.0000e+00
    -0.8342    2.55209      50.32  552597575 0.0000e+00
    -0.8401    2.54722      51.11  552597576 0.0000e+00
    -0.9289    2.55764      51.65  552597578 0.0000e+00
    -0.9222    2.53894      52.57  552597579 0.0000e+00
    -1.0078    2.54739      52.97  552597581 0.0000e+00
    -1.0386    2.53459      53.80  552597582 0.0000e+00
    -1.0594    2.54045      54.23  552597584 0.0000e+00
    -1.0790    2.53331      55.10  552597585 0.0000e+00
    -1.0636    2.53634      55.53  552597587 0.0000e+00
    -1.0688    2.53083      56.31  552597588 0.0000e+00
    -1.1148    2.53176      56.88  552597590 0.0000e+00
    -1.0986    2.53127      57.67  552597591 0.0000e+00
    -1.1185    2.53074      58.22  552597593 0.0000e+00
    -1.1218    2.52878      59.08  552597594 0.0000e+00
