Code/Hansen Zooplankton Code and Sample Data/data/ctd/gsl_01_SBE37SI-RS232_03706156_2017_07_03_final.cnv
* Sea-Bird SBE37SI-RS232  Data File:
* FileName = C:\Users\General Lab Use\Desktop\SHELAGH CTD 2017\gsl_01_SBE37SI-RS232_03706156_2017_07_03.cnv
* Software version 1.00d
* Temperature SN = 6156
* Conductivity SN = 6156
* System UpLoad Time = Jul 03 2017 22:38:41
* <ApplicationData>
* <Seaterm232>
# nquan = 7                                 
# nvalues = 1298                        
# units = specified
# name 0 = t090C: Temperature [ITS-90, deg C]
# name 1 = c0S/m: Conductivity [S/m]
# name 2 = prM: Pressure [db]
# name 3 = timeK: Time, Seacat Plus [seconds]
# name 4 = sal00: Salinity [PSU]
# name 5 = sigma-t00: Density [sigma-t, Kg/m^3 ]
# name 6 = flag: flag
# span 0 =    -0.7642,    21.7318       
# span 1 =   0.000050,   3.358380       
# span 2 =     -0.390,     66.020       
# span 3 =  552405754,  552407731       
# span 4 =     0.0096,    31.5411       
# span 5 =    -2.1595,    25.3414       
# span 6 = 0.0000e+00, 0.0000e+00       
# interval = seconds: 6.000000
# start_time = Jul 03 2017 14:02:34
# bad_flag = -9.990e-29
*END*
[from data line 206]
    18.2644   2.890880      0.910  552406068    20.8208    14.3880 0.0000e+00
    17.2752   3.274590      1.110  552406070    24.4722    17.3922 0.0000e+00
    17.2033   3.337790      2.920  552406071    25.0386    17.8407 0.0000e+00
    17.1906   3.341710      3.370  552406073    25.0788    17.8743 0.0000e+00
    17.0450   3.325390      5.220  552406074    25.0328    17.8714 0.0000e+00
    16.9724   3.339900      5.980  552406076    25.1986    18.0141 0.0000e+00
    16.9916   3.353310      6.260  552406077    25.2984    18.0861 0.0000e+00
    16.9810   3.356030      5.540  552406079    25.3279    18.1111 0.0000e+00
    16.9749   3.349400      6.010  552406080    25.2763    18.0729 0.0000e+00
    16.9725   3.343320      4.750  552406082    25.2274    18.0361 0.0000e+00
    16.9599   3.334440      5.950  552406083    25.1608    17.9880 0.0000e+00
    16.9721   3.342050      5.260  552406085    25.2169    18.0282 0.0000e+00
    16.9655   3.336560      5.250  552406086    25.1752    17.9978 0.0000e+00
    16.9681   3.340220      5.790  552406088    25.2040    18.0192 0.0000e+00
    16.9702   3.343640      5.150  552406089    25.2314    18.0397 0.0000e+00
    16.9688   3.342420      5.600  552406091    25.2220    18.0328 0.0000e+00
    16.9734   3.346610      5.380  552406093    25.2541    18.0563 0.0000e+00
    16.9705   3.347430      5.580  552406094    25.2627    18.0635 0.0000e+00
    16.9743   3.348170      5.360  552406096    25.2666    18.0656 0.0000e+00
    16.9718   3.349000      5.470  552406097    25.2750    18.0727 0.0000e+00
    16.9720   3.347700      5.750  552406099    25.2640    18.0642 0.0000e+00
    16.9727   3.343280      5.410  552406100    25.2268    18.0356 0.0000e+00
    16.9700   3.343210      5.470  552406102    25.2278    18.0370 0.0000e+00
    16.9706   3.341750      5.730  552406103    25.2152    18.0272 0.0000e+00
    16.9736   3.343930      5.330  552406105    25.2316    18.0391 0.0000e+00
    16.9678   3.338290      5.550  552406106    25.1881    18.0071 0.0000e+00
    16.9627   3.345160      5.850  552406108    25.2486    18.0544 0.0000e+00
    16.9676   3.339010      5.080  552406109    25.1944    18.0120 0.0000e+00
    16.9400   3.347570      6.010  552406111    25.2828    18.0856 0.0000e+00
    16.9650   3.343260      5.480  552406112    25.2314    18.0408 0.0000e+00
    16.9680   3.340450      5.330  552406114    25.2061    18.0208 0.0000e+00
    16.9669   3.339880      6.050  552406115    25.2018    18.0178 0.0000e+00
    16.9685   3.330350      4.990  552406117    25.1216    17.9561 0.0000e+00
    16.9628   3.342060      6.220  552406118    25.2225    18.0345 0.0000e+00
    16.9576   3.345050      4.880  552406120    25.2511    18.0575 0.0000e+00
    16.9584   3.345180      6.360  552406121    25.2513    18.0575 0.0000e+00
    16.9533   3.347100      4.960  552406123    25.2709    18.0736 0.0000e+00
    16.9650   3.341230      6.080  552406124    25.2143    18.0277 0.0000e+00
    16.9679   3.344070      5.190  552406126    25.2364    18.0440 0.0000e+00
    16.9677   3.341150      5.930  552406127    25.2120    18.0254 0.0000e+00
    16.9689   3.341150      5.230  552406129    25.2114    18.0247 0.0000e+00
    16.9670   3.340470      5.920  552406130    25.2067    18.0215 0.0000e+00
    16.9687   3.342830      5.300  552406132    25.2255    18.0355 0.0000e+00
    16.9659   3.342230      6.030  552406134    25.2221    18.0335 0.0000e+00
    16.9673   3.341660      5.170  552406135    25.2167    18.0291 0.0000e+00
    16.9531   3.345250      6.180  552406137    25.2552    18.0616 0.0000e+00
    16.9635   3.344730      5.140  552406138    25.2447    18.0513 0.0000e+00
    16.9656   3.338670      5.990  552406140    25.1925    18.0110 0.0000e+00
    16.9673   3.340640      5.570  552406141    25.2080    18.0225 0.0000e+00
    16.9678   3.340890      5.330  552406143    25.2099    18.0238 0.0000e+00
    16.9659   3.338790      5.810  552406144    25.1934    18.0116 0.0000e+00
    16.9667   3.338440      5.040  552406146    25.1902    18.0090 0.0000e+00
    16.9646   3.336380      5.750  552406147    25.1741    17.9971 0.0000e+00
    16.9661   3.337480      5.320  552406149    25.1825    18.0032 0.0000e+00
    16.9648   3.337440      5.720  552406150    25.1829    18.0038 0.0000e+00
    16.9658   3.337120      5.400  552406152    25.1797    18.0011 0.0000e+00
    16.9430   3.350580      7.430  552406153    25.3057    18.1024 0.0000e+00
    16.3828   3.307780      8.250  552406155    25.2982    18.2188 0.0000e+00
    10.0583   3.020600     10.410  552406156    27.0154    20.7167 0.0000e+00
     8.7264   3.038250     11.980  552406158    28.2186    21.8530 0.0000e+00
     8.6746   3.037820     14.420  552406159    28.2545    21.8885 0.0000e+00
     7.7345   3.008720     15.400  552406161    28.7132    22.3767 0.0000e+00
     6.4650   2.958670     18.280  552406162    29.2413    22.9515 0.0000e+00
     6.8568   2.988550     19.750  552406164    29.2306    22.8955 0.0000e+00
     4.6846   2.825060     21.850  552406165    29.2967    23.1884 0.0000e+00
     4.9808   2.864640     24.700  552406167    29.4843    23.3074 0.0000e+00
     4.4911   2.859330     25.680  552406168    29.8611    23.6546 0.0000e+00
     4.4968   2.855770     26.050  552406170    29.8148    23.6174 0.0000e+00
     4.4500   2.853060     25.650  552406171    29.8260    23.6308 0.0000e+00
     4.4699   2.854240     26.190  552406173    29.8214    23.6252 0.0000e+00
     4.4591   2.862190     26.970  552406175    29.9224    23.7064 0.0000e+00
     4.1588   2.816560     29.340  552406176    29.6650    23.5305 0.0000e+00
     3.5189   2.808770     30.840  552406178    30.1588    23.9799 0.0000e+00
     3.1095   2.754390     33.300  552406179    29.8904    23.7999 0.0000e+00
     2.8419   2.756560     34.120  552406181    30.1656    24.0403 0.0000e+00
     2.5716   2.719740     36.340  552406182    29.9728    23.9067 0.0000e+00
     2.4856   2.736700     37.380  552406184    30.2595    24.1419 0.0000e+00
     2.2296   2.711420     39.920  552406185    30.1923    24.1063 0.0000e+00
     2.2524   2.737710     41.030  552406187    30.4923    24.3446 0.0000e+00
     1.8006   2.680990     42.880  552406188    30.2246    24.1606 0.0000e+00
     1.5394   2.673940     42.930  552406190    30.3883    24.3079 0.0000e+00
     1.5515   2.664170     44.220  552406191    30.2538    24.1993 0.0000e+00
     1.1791   2.650820     44.930  552406193    30.4466    24.3756 0.0000e+00
     1.0296   2.620810     46.570  552406194    30.2113    24.1948 0.0000e+00
     0.3451   2.598140     46.680  552406196    30.5933    24.5355 0.0000e+00
     0.1615   2.567010     48.990  552406197    30.3704    24.3638 0.0000e+00
    -0.2570   2.569580     50.060  552406199    30.8226    24.7450 0.0000e+00
    -0.4014   2.550910     52.430  552406200    30.7209    24.6680 0.0000e+00
    -0.5691   2.559390     52.350  552406202    31.0042    24.9027 0.0000e+00
    -0.5620   2.566630     52.860  552406203    31.0930    24.9742 0.0000e+00
    -0.5483   2.572030     52.530  552406205    31.1510    25.0207 0.0000e+00
    -0.5395   2.589000     52.520  552406206    31.3679    25.1957 0.0000e+00
    -0.5468   2.560480     54.360  552406208    30.9947    24.8943 0.0000e+00
    -0.6253   2.563480     56.070  552406209    31.1143    24.9935 0.0000e+00
    -0.6789   2.561300     57.900  552406211    31.1393    25.0155 0.0000e+00
    -0.7519   2.562500     60.040  552406212    31.2296    25.0908 0.0000e+00
    -0.7521   2.569080     61.680  552406214    31.3170    25.1615 0.0000e+00
    -0.7305   2.577120     63.750  552406216    31.4010    25.2289 0.0000e+00
    -0.7143   2.582770     65.390  552406217    31.4589    25.2752 0.0000e+00
    -0.6997   2.587590     65.500  552406219    31.5081    25.3145 0.0000e+00
    -0.7057   2.589610     66.020  552406220    31.5411    25.3414 0.0000e+00
    -0.7065   2.583910     65.240  552406222    31.4661    25.2807 0.0000e+00
    -0.7087   2.581850     66.020  552406223    31.4404    25.2600 0.0000e+00
    -0.7014   2.581660     64.710  552406225    31.4310    25.2522 0.0000e+00
    -0.7078   2.581830     64.420  552406226    31.4401    25.2597 0.0000e+00
    -0.7087   2.580930     63.540  552406228    31.4295    25.2512 0.0000e+00
    -0.7150   2.580130     62.410  552406229    31.4260    25.2486 0.0000e+00
    -0.7233   2.581800     62.170  552406231    31.4571    25.2740 0.0000e+00
    -0.7263   2.571380     60.840  552406232    31.3215    25.1644 0.0000e+00
    -0.7424   2.570250     60.830  552406234    31.3231    25.1662 0.0000e+00
    -0.7460   2.563250     59.410  552406235    31.2339    25.0941 0.0000e+00
    -0.7601   2.559150     58.660  552406237    31.1940    25.0623 0.0000e+00
    -0.7593   2.558040     58.060  552406238    31.1786    25.0498 0.0000e+00
    -0.7205   2.554580     56.590  552406240    31.0931    24.9795 0.0000e+00
    -0.7017   2.552200     56.210  552406241    31.0422    24.9376 0.0000e+00
    -0.6940   2.550770     54.880  552406243    31.0159    24.9162 0.0000e+00
    -0.6216   2.553100     54.530  552406244    30.9730    24.8791 0.0000e+00
    -0.5763   2.552200     53.600  552406246    30.9152    24.8309 0.0000e+00
    -0.5452   2.551000     52.410  552406248    30.8681    24.7919 0.0000e+00
    -0.5683   2.547740     52.040  552406249    30.8485    24.7768 0.0000e+00
    -0.6049   2.539300     50.780  552406251    30.7742    24.7179 0.0000e+00
    -0.5822   2.541310     49.910  552406252    30.7784    24.7205 0.0000e+00
    -0.3067   2.542760     47.980  552406254    30.5203    24.5027 0.0000e+00
    -0.1804   2.546030     47.230  552406255    30.4373    24.4311 0.0000e+00
     0.1674   2.567670     45.790  552406257    30.3749    24.3672 0.0000e+00
     0.5758   2.575940     45.810  552406258    30.0806    24.1122 0.0000e+00
     0.6664   2.575950     45.500  552406260    29.9928    24.0374 0.0000e+00
     0.6828   2.588360     46.050  552406261    30.1354    24.1513 0.0000e+00
     0.6992   2.594620     45.140  552406263    30.2000    24.2024 0.0000e+00
     0.8315   2.599740     46.270  552406264    30.1360    24.1445 0.0000e+00
     0.6541   2.600450     45.030  552406266    30.3189    24.3002 0.0000e+00
     1.1422   2.630410     44.130  552406267    30.2250    24.1997 0.0000e+00
     1.1474   2.625070     45.550  552406269    30.1517    24.1406 0.0000e+00
     1.1052   2.626620     44.150  552406270    30.2129    24.1920 0.0000e+00
     1.3088   2.635340     45.250  552406272    30.1256    24.1107 0.0000e+00
     1.1484   2.633320     44.100  552406273    30.2557    24.2240 0.0000e+00
     1.3483   2.635520     42.980  552406275    30.0910    24.0807 0.0000e+00
     1.4844   2.644140     42.430  552406276    30.0687    24.0550 0.0000e+00
     1.6405   2.651960     42.310  552406278    30.0171    24.0043 0.0000e+00
     1.6527   2.654540     42.290  552406279    30.0376    24.0200 0.0000e+00
     1.6687   2.656660     42.300  552406281    30.0487    24.0279 0.0000e+00
     1.6326   2.655560     43.160  552406283    30.0691    24.0464 0.0000e+00
     1.6028   2.651070     42.880  552406284    30.0418    24.0263 0.0000e+00
     1.6234   2.652450     43.250  552406286    30.0391    24.0229 0.0000e+00
     1.5432   2.648850     43.190  552406287    30.0709    24.0532 0.0000e+00
     1.5702   2.654440     41.960  552406289    30.1155    24.0873 0.0000e+00
     1.7890   2.683210     39.150  552406290    30.2653    24.1938 0.0000e+00
     2.2735   2.687750     37.430  552406292    29.8622    23.8394 0.0000e+00
     2.3195   2.697210     35.250  552406293    29.9358    23.8950 0.0000e+00
     2.5088   2.706240     33.630  552406295    29.8691    23.8284 0.0000e+00
     2.8255   2.725680     31.410  552406296    29.8102    23.7581 0.0000e+00
     3.1258   2.739490     31.500  552406298    29.6983    23.6455 0.0000e+00
     3.1711   2.745890     30.710  552406299    29.7333    23.6698 0.0000e+00
     3.2344   2.750320     30.960  552406301    29.7278    23.6603 0.0000e+00
     3.3429   2.766730     28.270  552406302    29.8244    23.7284 0.0000e+00
     3.8729   2.807150     26.500  552406304    29.8162    23.6765 0.0000e+00
     4.4426   2.821150     23.820  552406305    29.4659    23.3459 0.0000e+00
     4.8069   2.824600     22.400  552406307    29.1834    23.0866 0.0000e+00
     4.8844   2.818160     21.590  552406308    29.0427    22.9675 0.0000e+00
     4.4426   2.784050     19.730  552406310    29.0411    23.0090 0.0000e+00
     5.5748   2.913760     18.230  552406311    29.5170    23.2706 0.0000e+00
     7.0954   2.930010     15.860  552406313    28.4035    22.2156 0.0000e+00
     6.8758   2.944560     13.930  552406315    28.7427    22.5093 0.0000e+00
     8.2857   3.019780     12.600  552406316    28.3809    22.0418 0.0000e+00
     9.0222   3.026700     11.220  552406318    27.8675    21.5362 0.0000e+00
     8.5696   2.963970     11.400  552406319    27.5801    21.3758 0.0000e+00
     8.5171   2.955890      9.100  552406321    27.5389    21.3509 0.0000e+00
     9.9311   2.960070      8.120  552406322    26.5125    20.3446 0.0000e+00
    14.8749   3.295960      6.270  552406324    26.1776    19.2080 0.0000e+00
    16.8857   3.266850      5.080  552406325    24.6431    17.6087 0.0000e+00
    16.9318   3.291090      3.300  552406327    24.8174    17.7318 0.0000e+00
    17.0715   3.295530      1.820  552406328    24.7691    17.6641 0.0000e+00
    17.1785   3.300730      0.470  552406330    24.7473    17.6237 0.0000e+00
    17.1885   3.271250      0.260  552406331    24.4971    17.4305 0.0000e+00
    17.1881   3.254980      0.120  552406333    24.3628    17.3280 0.0000e+00
    17.1814   3.272870     -0.220  552406334    24.5149    17.4456 0.0000e+00
    17.2085   0.507490     -0.380  552406336     3.2558     1.2354 0.0000e+00
    17.2019   0.395490     -0.380  552406337     2.4973     0.6568 0.0000e+00
    17.1724   0.330120     -0.380  552406339     2.0632     0.3299 0.0000e+00
    17.1477   0.222310     -0.380  552406340     1.3593    -0.2048 0.0000e+00
    17.0911   0.207980     -0.380  552406342     1.2689    -0.2641 0.0000e+00
    16.6940   0.146340     -0.380  552406343     0.8857    -0.4889 0.0000e+00
    16.7670   0.143810     -0.370  552406345     0.8681    -0.5150 0.0000e+00
    16.8428   0.132210     -0.370  552406347     0.7935    -0.5855 0.0000e+00
    16.9010   0.134810     -0.370  552406348     0.8087    -0.5840 0.0000e+00
    16.8832   0.154190     -0.370  552406350     0.9313    -0.4867 0.0000e+00
    16.8871   0.138310     -0.370  552406351     0.8309    -0.5644 0.0000e+00
    16.8638   0.130710     -0.370  552406353     0.7837    -0.5967 0.0000e+00
    16.8895   0.116620     -0.360  552406354     0.6952    -0.6692 0.0000e+00
    16.8873   0.117940     -0.360  552406356     0.7034    -0.6625 0.0000e+00
    16.8942   0.119270     -0.360  552406357     0.7116    -0.6574 0.0000e+00
    16.9238   0.108410     -0.360  552406359     0.6436    -0.7148 0.0000e+00
    16.9061   0.094580     -0.360  552406360     0.5586    -0.7771 0.0000e+00
    16.9245   0.090920     -0.360  552406362     0.5358    -0.7978 0.0000e+00
    16.9380   0.085980     -0.360  552406363     0.5054    -0.8235 0.0000e+00
    16.9619   0.089380     -0.360  552406365     0.5259    -0.8120 0.0000e+00
    17.0243   0.086910     -0.360  552406366     0.5101    -0.8351 0.0000e+00
    17.0412   0.086560     -0.360  552406368     0.5077    -0.8398 0.0000e+00
    17.0768   0.076800     -0.360  552406369     0.4481    -0.8920 0.0000e+00
    17.1401   0.077600     -0.360  552406371     0.4522    -0.8999 0.0000e+00
    17.1971   0.070700     -0.360  552406372     0.4101    -0.9424 0.0000e+00
    17.2422   0.071540     -0.360  552406374     0.4147    -0.9469 0.0000e+00
    17.2774   0.066450     -0.350  552406375     0.3839    -0.9768 0.0000e+00
    17.3221   0.055060     -0.350  552406377     0.3158    -1.0371 0.0000e+00
