Code/Hansen Zooplankton Code and Sample Data/data/ctd/gsl_15_SBE37SI-RS232_03706156_2017_08_12.cnv
* Sea-Bird SBE37SI-RS232  Data File:
* FileName = C:\Users\General Lab Use\Desktop\SHELAGH CTD 2017\gsl_15_SBE37SI-RS232_03706156_2017_08_12.cnv
* Software version 1.00d
* Temperature SN = 6156
* Conductivity SN = 6156
* System UpLoad Time = Aug 12 2017 05:01:32
* <ApplicationData>
* <Seaterm232>
# nquan = 5
# nvalues = 2498
# units = specified
# name 0 = t090C: Temperature [ITS-90, deg C]
# name 1 = c0S/m: Conductivity [S/m]
# name 2 = prM: Pressure [db]
# name 3 = timeK: Time, Seacat Plus [seconds]
# name 4 = flag: Flag
# span 0 =     -0.8190,    20.1498
# span 1 =    0.000295,   3.673859
# span 2 =      -0.249,     72.135
# span 3 =   555814505,  555818311
# span 4 =  0.0000e+00, 0.0000e+00
# interval = seconds: 6.000000
# start_time = Aug 12 2017 00:55:05
# bad_flag = -9.990e-29
*END*
[from data line 286]
    -0.5758    2.58102      41.98  555814942 0.0000e+00
    -0.5370    2.59238      42.17  555814943 0.0000e+00
    -0.4565    2.59160      44.04  555814945 0.0000e+00
    -0.3947    2.59712      44.50  555814946 0.0000e+00
    -0.6508    2.58284      45.97  555814948 0.0000e+00
    -0.7207    2.58956      46.85  555814949 0.0000e+00
    -0.7487    2.57897      48.10  555814951 0.0000e+00
    -0.8147    2.58573      48.83  555814952 0.0000e+00
    -0.7843    2.58165      50.28  555814954 0.0000e+00
    -0.6040    2.59809      50.77  555814955 0.0000e+00
    -0.4027    2.62059      51.99  555814957 0.0000e+00
    -0.0589    2.63967      52.35  555814958 0.0000e+00
     0.0260    2.65242      53.89  555814960 0.0000e+00
     0.0352    2.66051      54.66  555814961 0.0000e+00
     0.0292    2.65696      56.10  555814963 0.0000e+00
     0.0342    2.65993      56.69  555814964 0.0000e+00
     0.0498    2.65999      58.27  555814966 0.0000e+00
     0.0176    2.66325      58.90  555814967 0.0000e+00
    -0.0080    2.65838      60.57  555814969 0.0000e+00
    -0.0183    2.66131      60.52  555814970 0.0000e+00
    -0.0183    2.65827      62.06  555814972 0.0000e+00
    -0.0164    2.66028      61.94  555814973 0.0000e+00
    -0.0199    2.65723      63.90  555814975 0.0000e+00
    -0.0273    2.65863      63.38  555814976 0.0000e+00
    -0.0258    2.65751      65.12  555814978 0.0000e+00
    -0.0195    2.65836      65.16  555814980 0.0000e+00
    -0.0067    2.65980      66.55  555814981 0.0000e+00
     0.0029    2.66085      67.02  555814983 0.0000e+00
     0.0049    2.66136      68.01  555814984 0.0000e+00
     0.0073    2.66123      69.03  555814986 0.0000e+00
     0.0082    2.66275      69.95  555814987 0.0000e+00
     0.0145    2.66319      70.83  555814989 0.0000e+00
     0.0145    2.66416      71.57  555814990 0.0000e+00
     0.0133    2.66592      72.03  555814992 0.0000e+00
     0.0142    2.66865      72.05  555814993 0.0000e+00
     0.0152    2.66416      70.89  555814995 0.0000e+00
     0.0133    2.66144      70.31  555814996 0.0000e+00
     0.0107    2.66043      68.22  555814998 0.0000e+00
     0.0096    2.66111      67.19  555814999 0.0000e+00
     0.0048    2.66093      66.67  555815001 0.0000e+00
     0.0031    2.65960      66.86  555815002 0.0000e+00
     0.0034    2.66023      66.51  555815004 0.0000e+00
     0.0002    2.65981      66.71  555815005 0.0000e+00
     0.0013    2.65999      66.13  555815007 0.0000e+00
    -0.0026    2.65869      65.81  555815008 0.0000e+00
    -0.0100    2.65834      64.32  555815010 0.0000e+00
    -0.0220    2.65580      62.34  555815011 0.0000e+00
    -0.0213    2.65632      60.65  555815013 0.0000e+00
    -0.0212    2.65522      58.32  555815014 0.0000e+00
     0.0106    2.65680      56.64  555815016 0.0000e+00
     0.0298    2.65351      54.42  555815017 0.0000e+00
     0.0263    2.65245      53.01  555815019 0.0000e+00
    -0.0122    2.64034      50.93  555815020 0.0000e+00
    -0.2805    2.60387      49.35  555815022 0.0000e+00
    -0.7645    2.57242      47.64  555815023 0.0000e+00
    -0.8028    2.56450      45.70  555815025 0.0000e+00
    -0.7108    2.56762      44.42  555815027 0.0000e+00
    -0.4812    2.57739      42.21  555815028 0.0000e+00
    -0.4916    2.57366      41.15  555815030 0.0000e+00
    -0.5718    2.55983      38.94  555815031 0.0000e+00
    -0.5653    2.56097      37.83  555815033 0.0000e+00
    -0.4629    2.56602      36.29  555815034 0.0000e+00
    -0.2752    2.56713      35.21  555815036 0.0000e+00
    -0.0455    2.57783      33.37  555815037 0.0000e+00
     0.2265    2.59200      31.97  555815039 0.0000e+00
     0.5032    2.61106      30.39  555815040 0.0000e+00
     1.0396    2.63587      28.97  555815042 0.0000e+00
     1.4800    2.66019      27.53  555815043 0.0000e+00
     1.7018    2.65722      26.16  555815045 0.0000e+00
     1.9017    2.68755      24.61  555815046 0.0000e+00
     2.7673    2.72705      23.28  555815048 0.0000e+00
     2.9849    2.72466      21.65  555815049 0.0000e+00
     3.1750    2.73023      20.27  555815051 0.0000e+00
     3.8283    2.75066      19.10  555815052 0.0000e+00
     4.6379    2.80723      17.68  555815054 0.0000e+00
     5.3875    2.85391      15.68  555815055 0.0000e+00
     6.3081    2.87676      14.69  555815057 0.0000e+00
     7.4695    3.00060      12.71  555815058 0.0000e+00
     8.3077    3.01647      11.56  555815060 0.0000e+00
     9.5110    3.13263       9.95  555815061 0.0000e+00
    11.8448    3.28214       8.97  555815063 0.0000e+00
    16.8302    3.50765       7.77  555815064 0.0000e+00
    17.4855    3.53313       6.86  555815066 0.0000e+00
    18.2486    3.60630       5.56  555815068 0.0000e+00
    18.5283    3.58731       4.76  555815069 0.0000e+00
    18.6076    3.61833       3.43  555815071 0.0000e+00
    18.5981    3.61785       2.31  555815072 0.0000e+00
    18.6145    3.61039       1.73  555815074 0.0000e+00
    18.6012    3.58709       1.52  555815075 0.0000e+00
    18.5974    3.60433       1.81  555815077 0.0000e+00
    18.6023    3.62965       0.74  555815078 0.0000e+00
    18.6145    3.62716       1.11  555815080 0.0000e+00
    18.6049    3.61242       0.73  555815081 0.0000e+00
    18.6096    3.60915       1.03  555815083 0.0000e+00
    18.6057    3.61040       0.86  555815084 0.0000e+00
    18.6040    3.61690       0.84  555815086 0.0000e+00
    18.5974    3.62462       1.08  555815087 0.0000e+00
    18.6156    3.62287       0.73  555815089 0.0000e+00
    18.6096    3.62849       1.13  555815090 0.0000e+00
    18.6208    3.62452       0.79  555815092 0.0000e+00
    18.6078    3.61511       1.07  555815093 0.0000e+00
    18.6162    3.62928       0.79  555815095 0.0000e+00
    18.6010    3.61570       0.50  555815096 0.0000e+00
    18.6078    2.81256      -0.24  555815098 0.0000e+00
    18.5832    0.37160      -0.24  555815099 0.0000e+00
    18.5271    0.22258      -0.24  555815101 0.0000e+00
    18.4380    0.21322      -0.23  555815102 0.0000e+00
    18.3392    0.21065      -0.23  555815104 0.0000e+00
    18.2606    0.19451      -0.23  555815105 0.0000e+00
    18.1940    0.18115      -0.23  555815107 0.0000e+00
    18.1538    0.19436      -0.24  555815109 0.0000e+00
    18.1299    0.11068      -0.23  555815110 0.0000e+00
    18.1143    0.13353      -0.23  555815112 0.0000e+00
    18.1083    0.13473      -0.22  555815113 0.0000e+00
    18.0869    0.10618      -0.22  555815115 0.0000e+00
    18.0665    0.06652      -0.21  555815116 0.0000e+00
    18.0491    0.11260      -0.20  555815118 0.0000e+00
    18.0423    0.17524      -0.20  555815119 0.0000e+00
    18.0353    0.22076      -0.20  555815121 0.0000e+00
    18.0357    0.21802      -0.20  555815122 0.0000e+00
    18.0262    0.23608      -0.20  555815124 0.0000e+00
    18.0252    0.23853      -0.20  555815125 0.0000e+00
    18.0326    0.24211      -0.20  555815127 0.0000e+00
    18.0210    0.22806      -0.20  555815128 0.0000e+00
    18.0111    0.21418      -0.20  555815130 0.0000e+00
    17.9955    0.20728      -0.19  555815131 0.0000e+00
    17.9792    0.20050      -0.19  555815133 0.0000e+00
    18.0114    0.20040      -0.19  555815134 0.0000e+00
    18.0202    0.19068      -0.19  555815136 0.0000e+00
    17.9863    0.19184      -0.19  555815137 0.0000e+00
    18.0028    0.18277      -0.19  555815139 0.0000e+00
    17.9770    0.18974      -0.19  555815140 0.0000e+00
    18.0016    0.18192      -0.19  555815142 0.0000e+00
    17.9905    0.17946      -0.19  555815143 0.0000e+00
    18.0037    0.17316      -0.19  555815145 0.0000e+00
    18.0009    0.17164      -0.19  555815147 0.0000e+00
    18.0079    0.16644      -0.19  555815148 0.0000e+00
    17.9736    0.15857      -0.19  555815150 0.0000e+00
    17.9885    0.15884      -0.19  555815151 0.0000e+00
    18.0056    0.16107      -0.18  555815153 0.0000e+00
    18.0380    0.15947      -0.19  555815154 0.0000e+00
    18.0629    0.16290      -0.19  555815156 0.0000e+00
    18.0825    0.15606      -0.18  555815157 0.0000e+00
    18.0876    0.16280      -0.19  555815159 0.0000e+00
    18.0995    0.15658      -0.18  555815160 0.0000e+00
    18.1050    0.16075      -0.18  555815162 0.0000e+00
    18.1202    0.15707      -0.18  555815163 0.0000e+00
    18.1337    0.15468      -0.18  555815165 0.0000e+00
    18.1214    0.14031      -0.18  555815166 0.0000e+00
    18.0807    0.13553      -0.18  555815168 0.0000e+00
    18.0695    0.13934      -0.18  555815169 0.0000e+00
    18.0874    0.14080      -0.18  555815171 0.0000e+00
    18.1020    0.13803      -0.18  555815172 0.0000e+00
    18.0816    0.13038      -0.18  555815174 0.0000e+00
    18.0467    0.12284      -0.18  555815175 0.0000e+00
    18.0139    0.12222      -0.18  555815177 0.0000e+00
    17.9847    0.12304      -0.18  555815178 0.0000e+00
    17.9803    0.11807      -0.18  555815180 0.0000e+00
    17.9465    0.11704      -0.18  555815181 0.0000e+00
    17.9484    0.11728      -0.18  555815183 0.0000e+00
    17.9504    0.13101      -0.18  555815184 0.0000e+00
    17.9857    0.12524      -0.18  555815186 0.0000e+00
    17.9844    0.12880      -0.18  555815188 0.0000e+00
    17.9799    0.12214      -0.18  555815189 0.0000e+00
    17.9667    0.11405      -0.18  555815191 0.0000e+00
    17.9480    0.11356      -0.18  555815192 0.0000e+00
    17.9458    0.10873      -0.18  555815194 0.0000e+00
    17.9193    0.10913      -0.17  555815195 0.0000e+00
    17.9253    0.10736      -0.18  555815197 0.0000e+00
    17.9139    0.10312      -0.18  555815198 0.0000e+00
    17.9077    0.09880      -0.18  555815200 0.0000e+00
    17.8936    0.09756      -0.18  555815201 0.0000e+00
    17.8790    0.09366      -0.17  555815203 0.0000e+00
    17.8661    0.09649      -0.18  555815204 0.0000e+00
    17.8642    0.10021      -0.18  555815206 0.0000e+00
    17.8789    0.10412      -0.18  555815207 0.0000e+00
    17.9001    0.10311      -0.18  555815209 0.0000e+00
    17.8895    0.10096      -0.18  555815210 0.0000e+00
    17.8962    0.09738      -0.18  555815212 0.0000e+00
    17.8973    0.09765      -0.18  555815213 0.0000e+00
    17.8893    0.09604      -0.17  555815215 0.0000e+00
    17.8755    0.09094      -0.18  555815216 0.0000e+00
    17.8743    0.09098      -0.18  555815218 0.0000e+00
    17.9040    0.10451      -0.18  555815219 0.0000e+00
    17.9402    0.10593      -0.18  555815221 0.0000e+00
    17.9428    0.10821      -0.18  555815222 0.0000e+00
    17.9816    0.11308      -0.18  555815224 0.0000e+00
    18.0146    0.11246      -0.18  555815226 0.0000e+00
    18.0318    0.10722      -0.18  555815227 0.0000e+00
    18.0446    0.11106      -0.18  555815229 0.0000e+00
    18.0557    0.10660      -0.18  555815230 0.0000e+00
    18.0625    0.11132      -0.18  555815232 0.0000e+00
    18.0840    0.11100      -0.18  555815233 0.0000e+00
    18.0904    0.10578      -0.18  555815235 0.0000e+00
    18.0919    0.11013      -0.18  555815236 0.0000e+00
    18.1021    0.10923      -0.18  555815238 0.0000e+00
    18.0933    0.09952      -0.18  555815239 0.0000e+00
    18.0840    0.09933      -0.18  555815241 0.0000e+00
    18.0846    0.09869      -0.18  555815242 0.0000e+00
    18.0600    0.09162      -0.18  555815244 0.0000e+00
    18.0261    0.08747      -0.18  555815245 0.0000e+00
    18.0029    0.08594      -0.18  555815247 0.0000e+00
    18.0019    0.08601      -0.18  555815248 0.0000e+00
    17.9808    0.08208      -0.18  555815250 0.0000e+00
    17.9857    0.09082      -0.18  555815251 0.0000e+00
    18.0148    0.09398      -0.18  555815253 0.0000e+00
    18.0353    0.10388      -0.18  555815254 0.0000e+00
    18.0672    0.09563      -0.18  555815256 0.0000e+00
    18.0676    0.09770      -0.18  555815257 0.0000e+00
    18.0705    0.08674      -0.18  555815259 0.0000e+00
    18.0562    0.09342      -0.18  555815261 0.0000e+00
    18.0864    0.09818      -0.19  555815262 0.0000e+00
    18.1094    0.10216      -0.18  555815264 0.0000e+00
    18.1110    0.09069      -0.18  555815265 0.0000e+00
    18.0929    0.08716      -0.18  555815267 0.0000e+00
    18.0776    0.08723      -0.19  555815268 0.0000e+00
    18.0825    0.08562      -0.19  555815270 0.0000e+00
    18.0809    0.07632      -0.19  555815271 0.0000e+00
    18.1004    0.07083      -0.19  555815273 0.0000e+00
    18.1089    0.07221      -0.19  555815274 0.0000e+00
    18.1011    0.07119      -0.19  555815276 0.0000e+00
    18.0921    0.08048      -0.19  555815277 0.0000e+00
    18.1115    0.08020      -0.19  555815279 0.0000e+00
    18.0925    0.07907      -0.19  555815280 0.0000e+00
    18.0858    0.08172      -0.19  555815282 0.0000e+00
    18.0775    0.08169      -0.19  555815283 0.0000e+00
    18.0737    0.08382      -0.19  555815285 0.0000e+00
    18.0733    0.08340      -0.19  555815286 0.0000e+00
    18.0642    0.16329      -0.20  555815288 0.0000e+00
    18.0618    0.11052      -0.21  555815289 0.0000e+00
    18.0584    0.07816      -0.21  555815291 0.0000e+00
    18.0592    0.04903      -0.21  555815292 0.0000e+00
    18.0951    0.04220      -0.21  555815294 0.0000e+00
    18.0902    0.03448      -0.21  555815295 0.0000e+00
    18.0802    0.03243      -0.21  555815297 0.0000e+00
    18.0760    0.03144      -0.22  555815298 0.0000e+00
    18.0863    0.03085      -0.22  555815300 0.0000e+00
    18.0952    0.02894      -0.22  555815302 0.0000e+00
    18.0984    0.02825      -0.22  555815303 0.0000e+00
    18.1010    0.02718      -0.22  555815305 0.0000e+00
    18.1228    0.02641      -0.22  555815306 0.0000e+00
    18.1181    0.02547      -0.22  555815308 0.0000e+00
    18.1177    0.02517      -0.22  555815309 0.0000e+00
    18.1205    0.02410      -0.22  555815311 0.0000e+00
    18.1228    0.02361      -0.22  555815312 0.0000e+00
    18.1214    0.02303      -0.22  555815314 0.0000e+00
    18.1083    0.02295      -0.22  555815315 0.0000e+00
    18.1011    0.02227      -0.22  555815317 0.0000e+00
    18.0997    0.02287      -0.22  555815318 0.0000e+00
    18.1187    0.02342      -0.22  555815320 0.0000e+00
    18.1165    0.02366      -0.22  555815321 0.0000e+00
    18.1281    0.02484      -0.21  555815323 0.0000e+00
    18.1149    0.02459      -0.22  555815324 0.0000e+00
    18.1175    0.02566      -0.22  555815326 0.0000e+00
    18.1174    0.02453      -0.22  555815327 0.0000e+00
    18.1351    0.02300      -0.22  555815329 0.0000e+00
    18.1349    0.02099      -0.22  555815330 0.0000e+00
    18.1346    0.01948      -0.22  555815332 0.0000e+00
    18.2751    2.32946       0.03  555815333 0.0000e+00
    18.6128    3.64799       0.54  555815335 0.0000e+00
    18.6259    3.65158       1.24  555815336 0.0000e+00
    18.6281    3.64798       1.75  555815338 0.0000e+00
    18.6328    3.65548       2.67  555815340 0.0000e+00
    18.6318    3.64784       2.95  555815341 0.0000e+00
    18.6306    3.65662       4.10  555815343 0.0000e+00
    18.6309    3.65138       4.21  555815344 0.0000e+00
    18.6276    3.66072       5.16  555815346 0.0000e+00
    18.6044    3.65825       5.52  555815347 0.0000e+00
    18.5652    3.65928       6.42  555815349 0.0000e+00
    18.3368    3.64665       6.95  555815350 0.0000e+00
    17.9640    3.62571       7.81  555815352 0.0000e+00
    17.5443    3.61272       8.36  555815353 0.0000e+00
    17.4015    3.59699       9.26  555815355 0.0000e+00
    16.1916    3.58449       9.62  555815356 0.0000e+00
    13.4229    3.37718      10.64  555815358 0.0000e+00
    11.2202    3.32543      10.97  555815359 0.0000e+00
     9.4500    3.15616      12.01  555815361 0.0000e+00
     8.9183    3.17029      12.34  555815362 0.0000e+00
     8.3505    3.09276      13.24  555815364 0.0000e+00
     8.0133    3.09710      13.88  555815365 0.0000e+00
     7.5230    3.03095      15.03  555815367 0.0000e+00
     6.8119    2.99423      15.27  555815368 0.0000e+00
     6.5205    2.96520      16.40  555815370 0.0000e+00
     6.1009    2.95075      16.59  555815371 0.0000e+00
     5.6759    2.90137      17.70  555815373 0.0000e+00
