Code/Hansen Zooplankton Code and Sample Data/data/ctd/gsl_09_SBE37SI-RS232_03706156_2017_08_08_final.cnv
* Sea-Bird SBE37SI-RS232  Data File:
* FileName = C:\Users\General Lab Use\Desktop\SHELAGH CTD 2017\gsl_09_SBE37SI-RS232_03706156_2017_08_08.cnv
* Software version 1.00d
* Temperature SN = 6156
* Conductivity SN = 6156
* System UpLoad Time = Aug 08 2017 10:00:07
* <ApplicationData>
* <Seaterm232>
# nquan = 7                                 
# nvalues = 2463                        
# units = specified
# name 0 = t090C: Temperature [ITS-90, deg C]
# name 1 = c0S/m: Conductivity [S/m]
# name 2 = prM: Pressure [db]
# name 3 = timeK: Time, Seacat Plus [seconds]
# name 4 = sal00: Salinity [PSU]
# name 5 = sigma-t00: Density [sigma-t, Kg/m^3 ]
# name 6 = flag: flag
# span 0 =    -0.7449,    17.6751       
# span 1 =   0.000200,   3.563640       
# span 2 =     -0.310,     77.380       
# span 3 =  555485108,  555488848       
# span 4 =     0.0089,    31.6066       
# span 5 =    -1.2509,    25.3815       
# span 6 = 0.0000e+00, 0.0000e+00       
# interval = seconds: 6.000000
# start_time = Aug 08 2017 05:25:08
# bad_flag = -9.990e-29
*END*
[from data line 1231]
    14.2494   0.013710     -0.290  555486978     0.0833    -0.7243 0.0000e+00
    14.2457   0.013390     -0.290  555486980     0.0814    -0.7252 0.0000e+00
    14.2338   0.013600     -0.290  555486981     0.0827    -0.7225 0.0000e+00
    14.2262   0.013670     -0.290  555486983     0.0831    -0.7211 0.0000e+00
    14.2281   0.013650     -0.300  555486985     0.0830    -0.7215 0.0000e+00
    14.2242   0.013490     -0.290  555486986     0.0820    -0.7217 0.0000e+00
    14.2122   0.013850     -0.290  555486988     0.0842    -0.7183 0.0000e+00
    14.2116   0.013710     -0.290  555486989     0.0834    -0.7188 0.0000e+00
    14.2123   0.013760     -0.290  555486991     0.0836    -0.7187 0.0000e+00
    14.2080   0.013690     -0.290  555486992     0.0832    -0.7184 0.0000e+00
    14.1932   0.013780     -0.290  555486994     0.0838    -0.7159 0.0000e+00
    14.1889   0.013770     -0.290  555486995     0.0837    -0.7153 0.0000e+00
    14.1845   0.013800     -0.290  555486997     0.0839    -0.7146 0.0000e+00
    14.1893   0.013810     -0.290  555486998     0.0840    -0.7152 0.0000e+00
    14.2062   0.013750     -0.290  555487000     0.0836    -0.7179 0.0000e+00
    14.2395   0.013790     -0.290  555487001     0.0838    -0.7225 0.0000e+00
    14.2563   0.013790     -0.290  555487003     0.0837    -0.7249 0.0000e+00
    14.2561   0.013710     -0.290  555487004     0.0833    -0.7252 0.0000e+00
    14.2634   0.013680     -0.290  555487006     0.0831    -0.7264 0.0000e+00
    14.2572   0.013650     -0.290  555487007     0.0829    -0.7257 0.0000e+00
    14.2485   0.013700     -0.290  555487009     0.0832    -0.7242 0.0000e+00
    14.2407   0.013670     -0.290  555487010     0.0831    -0.7232 0.0000e+00
    14.2304   0.013670     -0.290  555487012     0.0831    -0.7217 0.0000e+00
    14.2195   0.013630     -0.290  555487013     0.0829    -0.7203 0.0000e+00
    14.2163   0.013590     -0.290  555487015     0.0826    -0.7201 0.0000e+00
    14.2111   0.013550     -0.290  555487016     0.0824    -0.7195 0.0000e+00
    14.2057   0.013480     -0.290  555487018     0.0820    -0.7191 0.0000e+00
    14.2095   0.013490     -0.290  555487019     0.0820    -0.7196 0.0000e+00
    14.2016   0.013470     -0.290  555487021     0.0819    -0.7185 0.0000e+00
    14.1971   0.013380     -0.290  555487023     0.0814    -0.7183 0.0000e+00
    14.1934   0.013350     -0.290  555487024     0.0812    -0.7179 0.0000e+00
    14.1921   0.013300     -0.290  555487026     0.0809    -0.7180 0.0000e+00
    14.1960   0.013260     -0.290  555487027     0.0807    -0.7187 0.0000e+00
    14.1927   0.013200     -0.290  555487029     0.0803    -0.7185 0.0000e+00
    14.1868   0.013190     -0.290  555487030     0.0803    -0.7177 0.0000e+00
    14.1761   0.013140     -0.290  555487032     0.0800    -0.7164 0.0000e+00
    14.1678   0.013090     -0.290  555487033     0.0797    -0.7155 0.0000e+00
    14.1661   0.013050     -0.290  555487035     0.0795    -0.7154 0.0000e+00
    14.1668   0.013020     -0.290  555487036     0.0793    -0.7156 0.0000e+00
    14.1693   0.012990     -0.290  555487038     0.0791    -0.7161 0.0000e+00
    14.1578   0.012930     -0.290  555487039     0.0788    -0.7148 0.0000e+00
    14.1526   0.012930     -0.290  555487041     0.0788    -0.7140 0.0000e+00
    14.1495   0.012920     -0.290  555487042     0.0788    -0.7136 0.0000e+00
    14.1526   0.012920     -0.290  555487044     0.0787    -0.7141 0.0000e+00
    14.1545   0.012910     -0.290  555487045     0.0787    -0.7144 0.0000e+00
    14.1612   0.012890     -0.290  555487047     0.0786    -0.7154 0.0000e+00
    14.1657   0.012890     -0.290  555487048     0.0785    -0.7161 0.0000e+00
    14.1697   0.012890     -0.290  555487050     0.0785    -0.7167 0.0000e+00
    14.1755   0.012870     -0.290  555487051     0.0784    -0.7176 0.0000e+00
    14.1816   0.012890     -0.290  555487053     0.0785    -0.7184 0.0000e+00
    14.1847   0.012880     -0.290  555487054     0.0785    -0.7188 0.0000e+00
    14.1887   0.012870     -0.290  555487056     0.0784    -0.7195 0.0000e+00
    14.1902   0.012870     -0.290  555487057     0.0784    -0.7197 0.0000e+00
    14.1931   0.012880     -0.290  555487059     0.0784    -0.7200 0.0000e+00
    14.2041   0.012860     -0.290  555487061     0.0783    -0.7217 0.0000e+00
    14.2188   0.012850     -0.290  555487062     0.0782    -0.7238 0.0000e+00
    14.2277   0.012840     -0.290  555487064     0.0782    -0.7252 0.0000e+00
    14.2377   0.012850     -0.290  555487065     0.0782    -0.7266 0.0000e+00
    14.2379   0.012820     -0.290  555487067     0.0780    -0.7267 0.0000e+00
    14.2442   0.012870     -0.290  555487068     0.0783    -0.7274 0.0000e+00
    14.2530   0.012880     -0.290  555487070     0.0783    -0.7286 0.0000e+00
    14.2628   0.012880     -0.290  555487071     0.0783    -0.7300 0.0000e+00
    14.2815   0.012890     -0.290  555487073     0.0784    -0.7327 0.0000e+00
    14.2841   0.012890     -0.290  555487074     0.0784    -0.7330 0.0000e+00
    14.2906   0.012890     -0.290  555487076     0.0783    -0.7340 0.0000e+00
    14.3067   0.012920     -0.290  555487077     0.0785    -0.7361 0.0000e+00
    14.3137   0.012900     -0.290  555487079     0.0784    -0.7372 0.0000e+00
    14.3281   0.012970     -0.290  555487080     0.0788    -0.7390 0.0000e+00
    14.3270   0.013020     -0.290  555487082     0.0791    -0.7386 0.0000e+00
    14.3213   0.013060     -0.290  555487083     0.0793    -0.7376 0.0000e+00
    14.3249   0.013080     -0.290  555487085     0.0794    -0.7380 0.0000e+00
    14.3235   0.013090     -0.290  555487086     0.0795    -0.7378 0.0000e+00
    14.3177   0.013100     -0.290  555487088     0.0795    -0.7369 0.0000e+00
    14.3152   0.013080     -0.290  555487089     0.0794    -0.7366 0.0000e+00
    14.3152   0.013100     -0.290  555487091     0.0796    -0.7365 0.0000e+00
    14.3101   0.013080     -0.290  555487092     0.0794    -0.7359 0.0000e+00
    14.3054   0.013100     -0.290  555487094     0.0796    -0.7351 0.0000e+00
    14.3015   0.013080     -0.290  555487095     0.0795    -0.7347 0.0000e+00
    14.2976   0.013100     -0.290  555487097     0.0796    -0.7340 0.0000e+00
    14.2916   0.013060     -0.290  555487098     0.0794    -0.7333 0.0000e+00
    14.2904   0.013110     -0.290  555487100     0.0797    -0.7329 0.0000e+00
    14.2772   0.013050     -0.290  555487101     0.0793    -0.7313 0.0000e+00
    14.2686   0.013110     -0.290  555487103     0.0797    -0.7298 0.0000e+00
    14.2647   0.013060     -0.290  555487105     0.0794    -0.7295 0.0000e+00
    14.2511   0.013140     -0.290  555487106     0.0799    -0.7271 0.0000e+00
    14.2541   0.013130     -0.290  555487108     0.0798    -0.7276 0.0000e+00
    14.2515   0.013150     -0.290  555487109     0.0800    -0.7271 0.0000e+00
    14.2381   0.013130     -0.290  555487111     0.0799    -0.7253 0.0000e+00
    14.2326   0.013120     -0.290  555487112     0.0798    -0.7246 0.0000e+00
    14.2406   0.013120     -0.290  555487114     0.0798    -0.7257 0.0000e+00
    14.2446   0.013130     -0.290  555487115     0.0798    -0.7262 0.0000e+00
    14.2408   0.013130     -0.290  555487117     0.0799    -0.7257 0.0000e+00
    14.2485   0.013140     -0.290  555487118     0.0799    -0.7268 0.0000e+00
    14.2551   0.013120     -0.290  555487120     0.0798    -0.7278 0.0000e+00
    14.2532   0.013160     -0.290  555487121     0.0800    -0.7273 0.0000e+00
    14.2527   0.013220     -0.290  555487123     0.0804    -0.7270 0.0000e+00
    14.2552   0.013200     -0.290  555487124     0.0802    -0.7274 0.0000e+00
    14.2666   0.013230     -0.290  555487126     0.0804    -0.7289 0.0000e+00
    14.2663   0.013270     -0.290  555487127     0.0806    -0.7287 0.0000e+00
    14.2663   0.013260     -0.290  555487129     0.0806    -0.7288 0.0000e+00
    14.2713   0.013200     -0.290  555487130     0.0802    -0.7298 0.0000e+00
    14.2810   0.013210     -0.290  555487132     0.0803    -0.7311 0.0000e+00
    14.2896   0.013230     -0.290  555487133     0.0804    -0.7322 0.0000e+00
    14.2926   0.013180     -0.290  555487135     0.0801    -0.7329 0.0000e+00
    14.2895   0.013300     -0.290  555487136     0.0808    -0.7319 0.0000e+00
    14.2876   0.013300     -0.290  555487138     0.0808    -0.7316 0.0000e+00
    14.2923   0.013270     -0.290  555487140     0.0806    -0.7325 0.0000e+00
    14.2977   0.013320     -0.290  555487141     0.0809    -0.7330 0.0000e+00
    14.3078   0.013380     -0.290  555487143     0.0812    -0.7342 0.0000e+00
    14.3149   0.013380     -0.290  555487144     0.0812    -0.7352 0.0000e+00
    14.3257   0.013300     -0.290  555487146     0.0807    -0.7371 0.0000e+00
    14.3207   0.013380     -0.290  555487147     0.0812    -0.7360 0.0000e+00
    14.3167   0.013420     -0.290  555487149     0.0814    -0.7353 0.0000e+00
    14.3179   0.013360     -0.290  555487150     0.0811    -0.7357 0.0000e+00
    14.3251   0.013310     -0.290  555487152     0.0808    -0.7370 0.0000e+00
    14.3292   0.013200     -0.290  555487153     0.0801    -0.7381 0.0000e+00
    14.3155   0.013330     -0.290  555487155     0.0809    -0.7355 0.0000e+00
    14.3010   0.013280     -0.290  555487156     0.0806    -0.7337 0.0000e+00
    14.2972   0.013290     -0.290  555487158     0.0807    -0.7331 0.0000e+00
    14.2937   0.013320     -0.290  555487159     0.0809    -0.7324 0.0000e+00
    14.2935   0.013320     -0.290  555487161     0.0809    -0.7324 0.0000e+00
    14.2999   0.013180     -0.290  555487162     0.0801    -0.7340 0.0000e+00
    14.3120   0.013260     -0.290  555487164     0.0805    -0.7353 0.0000e+00
    14.3245   0.013250     -0.290  555487165     0.0804    -0.7372 0.0000e+00
    14.3316   0.013270     -0.290  555487167     0.0805    -0.7381 0.0000e+00
    14.3346   0.013220     -0.290  555487168     0.0802    -0.7388 0.0000e+00
    14.3292   0.013270     -0.290  555487170     0.0805    -0.7378 0.0000e+00
    14.3265   0.013300     -0.290  555487171     0.0807    -0.7372 0.0000e+00
    14.3253   0.013310     -0.290  555487173     0.0808    -0.7370 0.0000e+00
    14.3330   0.013260     -0.290  555487174     0.0805    -0.7384 0.0000e+00
    14.3431   0.013250     -0.290  555487176     0.0804    -0.7399 0.0000e+00
    14.3545   0.013220     -0.290  555487177     0.0802    -0.7417 0.0000e+00
    14.3635   0.013210     -0.290  555487179     0.0801    -0.7430 0.0000e+00
    14.3685   0.013180     -0.290  555487181     0.0799    -0.7439 0.0000e+00
    14.3760   0.013160     -0.290  555487182     0.0798    -0.7450 0.0000e+00
    14.3846   0.013120     -0.290  555487184     0.0796    -0.7465 0.0000e+00
    14.3890   0.013130     -0.290  555487185     0.0796    -0.7471 0.0000e+00
    14.3799   0.013100     -0.290  555487187     0.0794    -0.7459 0.0000e+00
    14.3830   0.013080     -0.290  555487188     0.0793    -0.7464 0.0000e+00
    14.3848   0.013040     -0.290  555487190     0.0791    -0.7469 0.0000e+00
    14.3755   0.012960     -0.290  555487191     0.0786    -0.7459 0.0000e+00
    14.3588   0.012880     -0.290  555487193     0.0782    -0.7438 0.0000e+00
    14.3686   0.012840     -0.290  555487194     0.0779    -0.7454 0.0000e+00
    14.3796   0.012780     -0.290  555487196     0.0776    -0.7473 0.0000e+00
    14.3716   0.012660     -0.290  555487197     0.0769    -0.7467 0.0000e+00
    14.3738   0.012600     -0.290  555487199     0.0765    -0.7473 0.0000e+00
    14.3824   0.012640     -0.290  555487200     0.0767    -0.7484 0.0000e+00
    14.3857   0.012630     -0.290  555487202     0.0767    -0.7489 0.0000e+00
    14.3922   0.012490     -0.290  555487203     0.0758    -0.7505 0.0000e+00
    14.3943   0.012680     -0.290  555487205     0.0769    -0.7499 0.0000e+00
    14.3819   0.012830     -0.290  555487206     0.0778    -0.7474 0.0000e+00
    14.3678   0.012880     -0.290  555487208     0.0782    -0.7451 0.0000e+00
    14.3709   0.012820     -0.290  555487209     0.0778    -0.7459 0.0000e+00
    14.3886   0.012770     -0.290  555487211     0.0775    -0.7487 0.0000e+00
    14.4193   0.012680     -0.290  555487212     0.0769    -0.7535 0.0000e+00
    14.4531   0.012600     -0.290  555487214     0.0764    -0.7588 0.0000e+00
    14.4896   0.012560     -0.290  555487215     0.0761    -0.7643 0.0000e+00
    14.5331   0.012480     -0.290  555487217     0.0755    -0.7711 0.0000e+00
    14.5664   0.012400     -0.290  555487218     0.0750    -0.7763 0.0000e+00
    14.5860   0.012270     -0.290  555487220     0.0742    -0.7798 0.0000e+00
    14.6058   0.012260     -0.290  555487221     0.0741    -0.7828 0.0000e+00
    14.6411   0.012240     -0.290  555487223     0.0740    -0.7881 0.0000e+00
    14.6461   0.012250     -0.290  555487224     0.0740    -0.7888 0.0000e+00
    14.6561   0.012290     -0.290  555487226     0.0742    -0.7901 0.0000e+00
    14.6606   0.012270     -0.290  555487228     0.0741    -0.7908 0.0000e+00
    14.6489   0.012450     -0.290  555487229     0.0752    -0.7883 0.0000e+00
    14.6443   0.012370     -0.290  555487231     0.0747    -0.7880 0.0000e+00
    14.6386   0.012620     -0.290  555487232     0.0762    -0.7860 0.0000e+00
    14.6221   0.012550     -0.290  555487234     0.0758    -0.7839 0.0000e+00
    14.6158   0.012640     -0.290  555487235     0.0764    -0.7825 0.0000e+00
    14.6052   0.012730     -0.290  555487237     0.0769    -0.7805 0.0000e+00
    14.5947   0.012730     -0.290  555487238     0.0769    -0.7790 0.0000e+00
    14.5847   0.012780     -0.290  555487240     0.0772    -0.7773 0.0000e+00
    14.5714   0.012750     -0.290  555487241     0.0771    -0.7755 0.0000e+00
    14.5599   0.012820     -0.290  555487243     0.0775    -0.7735 0.0000e+00
    14.5494   0.013020     -0.290  555487244     0.0787    -0.7710 0.0000e+00
    14.5380   0.013030     -0.290  555487246     0.0788    -0.7693 0.0000e+00
    14.5248   0.013140     -0.290  555487247     0.0794    -0.7668 0.0000e+00
    14.5098   0.013060     -0.290  555487249     0.0790    -0.7650 0.0000e+00
    14.4897   0.013240     -0.290  555487250     0.0801    -0.7612 0.0000e+00
    14.4767   0.013300     -0.290  555487252     0.0805    -0.7591 0.0000e+00
    14.4648   0.013280     -0.290  555487253     0.0804    -0.7574 0.0000e+00
    14.4522   0.013430     -0.290  555487255     0.0813    -0.7549 0.0000e+00
    14.4442   0.013320     -0.290  555487256     0.0806    -0.7542 0.0000e+00
    14.4370   0.013370     -0.290  555487258     0.0809    -0.7529 0.0000e+00
    14.4280   0.013280     -0.290  555487259     0.0804    -0.7520 0.0000e+00
    14.4145   0.013290     -0.290  555487261     0.0805    -0.7500 0.0000e+00
    14.4037   0.013270     -0.290  555487262     0.0804    -0.7486 0.0000e+00
    14.3992   0.013220     -0.290  555487264     0.0801    -0.7481 0.0000e+00
    14.3903   0.013260     -0.290  555487265     0.0804    -0.7467 0.0000e+00
    14.3862   0.013230     -0.290  555487267     0.0802    -0.7462 0.0000e+00
    14.3852   0.013190     -0.290  555487268     0.0800    -0.7462 0.0000e+00
    14.3827   0.013220     -0.290  555487270     0.0802    -0.7457 0.0000e+00
    14.3842   0.013110     -0.290  555487271     0.0795    -0.7465 0.0000e+00
    14.3803   0.013140     -0.290  555487273     0.0797    -0.7458 0.0000e+00
    14.3773   0.013120     -0.290  555487274     0.0796    -0.7454 0.0000e+00
    14.3711   0.013180     -0.290  555487276     0.0799    -0.7442 0.0000e+00
    14.3692   0.013150     -0.290  555487278     0.0798    -0.7441 0.0000e+00
    14.3722   0.013030     -0.290  555487279     0.0790    -0.7451 0.0000e+00
    14.3802   0.013150     -0.290  555487281     0.0797    -0.7457 0.0000e+00
    14.3769   0.013080     -0.290  555487282     0.0793    -0.7455 0.0000e+00
    14.3778   0.013190     -0.290  555487284     0.0800    -0.7452 0.0000e+00
    14.3802   0.013120     -0.290  555487285     0.0796    -0.7458 0.0000e+00
    14.3810   0.013170     -0.290  555487287     0.0799    -0.7457 0.0000e+00
