Code/Hansen Zooplankton Code and Sample Data/data/ctd/gsl_10_SBE37SI-RS232_03706156_2017_08_08_final.cnv
* Sea-Bird SBE37SI-RS232  Data File:
* FileName = C:\Users\General Lab Use\Desktop\SHELAGH CTD 2017\gsl_10_SBE37SI-RS232_03706156_2017_08_08.cnv
* Software version 1.00d
* Temperature SN = 6156
* Conductivity SN = 6156
* System UpLoad Time = Aug 08 2017 16:32:06
* <ApplicationData>
* <Seaterm232>
# nquan = 7                                 
# nvalues = 1991                        
# units = specified
# name 0 = t090C: Temperature [ITS-90, deg C]
# name 1 = c0S/m: Conductivity [S/m]
# name 2 = prM: Pressure [db]
# name 3 = timeK: Time, Seacat Plus [seconds]
# name 4 = sal00: Salinity [PSU]
# name 5 = sigma-t00: Density [sigma-t, Kg/m^3 ]
# name 6 = flag: flag
# span 0 =     0.0970,    17.0813       
# span 1 =   0.000290,   3.488430       
# span 2 =     -0.310,    104.590       
# span 3 =  555511157,  555514191       
# span 4 =     0.0089,    32.4197       
# span 5 =    -1.2125,    25.9767       
# span 6 = 0.0000e+00, 0.0000e+00       
# interval = seconds: 6.000000
# start_time = Aug 08 2017 12:39:17
# bad_flag = -9.990e-29
*END*
[from data line 206]
     0.8838   2.783080     95.590  555511472    32.4012    25.9628 0.0000e+00
     0.8861   2.783110     97.540  555511473    32.3981    25.9601 0.0000e+00
     0.8918   2.784150     99.180  555511475    32.4046    25.9650 0.0000e+00
     0.8939   2.784630    100.400  555511476    32.4079    25.9675 0.0000e+00
     0.8973   2.784640    102.290  555511478    32.4034    25.9637 0.0000e+00
     0.9010   2.784820    102.790  555511479    32.4015    25.9621 0.0000e+00
     0.8995   2.785270    104.120  555511481    32.4081    25.9674 0.0000e+00
     0.9010   2.785440    104.340  555511483    32.4086    25.9678 0.0000e+00
     0.9006   2.779620    104.570  555511484    32.3343    25.9080 0.0000e+00
     0.9032   2.780800    104.590  555511486    32.3467    25.9178 0.0000e+00
     0.9043   2.785290    103.330  555511487    32.4038    25.9637 0.0000e+00
     0.9004   2.786150    101.880  555511489    32.4197    25.9767 0.0000e+00
     0.8994   2.785840    100.290  555511490    32.4177    25.9751 0.0000e+00
     0.8974   2.784000     98.310  555511492    32.3973    25.9589 0.0000e+00
     0.8906   2.783020     96.130  555511493    32.3930    25.9558 0.0000e+00
     0.8882   2.783400     95.310  555511495    32.4009    25.9623 0.0000e+00
     0.8863   2.782060     92.860  555511496    32.3870    25.9513 0.0000e+00
     0.8803   2.781490     91.600  555511498    32.3867    25.9513 0.0000e+00
     0.8681   2.779940     89.430  555511499    32.3807    25.9472 0.0000e+00
     0.8651   2.778530     88.120  555511501    32.3665    25.9360 0.0000e+00
     0.8306   2.774270     86.040  555511502    32.3489    25.9238 0.0000e+00
     0.8098   2.772190     84.590  555511504    32.3447    25.9215 0.0000e+00
     0.7734   2.767810     82.670  555511505    32.3273    25.9097 0.0000e+00
     0.7449   2.764890     81.010  555511507    32.3204    25.9057 0.0000e+00
     0.7278   2.761820     78.940  555511508    32.2998    25.8901 0.0000e+00
     0.6784   2.759010     78.590  555511510    32.3153    25.9053 0.0000e+00
     0.6484   2.750990     76.820  555511511    32.2441    25.8496 0.0000e+00
     0.6178   2.746630     74.170  555511513    32.2211    25.8327 0.0000e+00
     0.6090   2.741430     71.700  555511514    32.1645    25.7876 0.0000e+00
     0.5616   2.737070     70.120  555511516    32.1583    25.7852 0.0000e+00
     0.5116   2.727390     68.230  555511518    32.0861    25.7296 0.0000e+00
     0.4495   2.719190     65.300  555511519    32.0459    25.7005 0.0000e+00
     0.4266   2.719910     64.510  555511521    32.0796    25.7287 0.0000e+00
     0.4123   2.712930     62.200  555511522    32.0051    25.6694 0.0000e+00
     0.3849   2.705630     60.750  555511524    31.9395    25.6179 0.0000e+00
     0.2837   2.696940     58.930  555511525    31.9325    25.6172 0.0000e+00
     0.2479   2.688810     56.930  555511527    31.8647    25.5644 0.0000e+00
     0.1994   2.684290     54.720  555511528    31.8573    25.5607 0.0000e+00
     0.1823   2.683060     53.940  555511530    31.8595    25.5632 0.0000e+00
     0.1346   2.671100     51.710  555511531    31.7538    25.4802 0.0000e+00
     0.0970   2.668300     50.640  555511533    31.7567    25.4843 0.0000e+00
     0.1208   2.667310     49.040  555511534    31.7200    25.4536 0.0000e+00
     0.1878   2.666480     47.000  555511536    31.6411    25.3869 0.0000e+00
     0.2441   2.668350     45.830  555511537    31.6081    25.3577 0.0000e+00
     0.3819   2.673940     43.570  555511539    31.5406    25.2968 0.0000e+00
     0.5267   2.682230     42.230  555511540    31.5006    25.2574 0.0000e+00
     0.7722   2.690460     40.310  555511542    31.3581    25.1301 0.0000e+00
     0.8297   2.688610     39.580  555511543    31.2767    25.0616 0.0000e+00
     0.8401   2.690930     37.460  555511545    31.2971    25.0775 0.0000e+00
     0.8123   2.685960     36.430  555511546    31.2621    25.0508 0.0000e+00
     0.7346   2.673240     34.800  555511548    31.1781    24.9873 0.0000e+00
     0.8182   2.669910     33.120  555511550    31.0524    24.8819 0.0000e+00
     0.8806   2.673190     31.920  555511551    31.0326    24.8626 0.0000e+00
     1.1231   2.687560     30.100  555511553    30.9748    24.8029 0.0000e+00
     1.5232   2.698540     28.350  555511554    30.7197    24.5746 0.0000e+00
     1.8320   2.699230     26.800  555511556    30.4292    24.3224 0.0000e+00
     2.1426   2.721300     25.140  555511557    30.4042    24.2817 0.0000e+00
     2.6004   2.730520     23.190  555511559    30.0832    23.9927 0.0000e+00
     2.7926   2.732630     22.240  555511560    29.9292    23.8554 0.0000e+00
     3.0434   2.755880     19.960  555511562    29.9762    23.8736 0.0000e+00
     3.5470   2.761820     19.650  555511563    29.5836    23.5198 0.0000e+00
     4.1930   2.831440     16.820  555511565    29.8128    23.6446 0.0000e+00
     5.1954   2.835740     16.490  555511566    28.9733    22.8811 0.0000e+00
     5.7162   2.932110     14.400  555511568    29.5995    23.3201 0.0000e+00
     7.7322   3.023800     13.180  555511569    28.8750    22.5039 0.0000e+00
    10.9326   3.356530     11.090  555511571    29.6377    22.6149 0.0000e+00
    16.0225   3.389450     10.620  555511572    26.2250    19.0057 0.0000e+00
    16.2485   3.461240      8.340  555511574    26.6897    19.3131 0.0000e+00
    16.3590   3.441920      8.480  555511575    26.4515    19.1068 0.0000e+00
    16.3511   3.457250      7.420  555511577    26.5875    19.2127 0.0000e+00
    16.3783   3.460100      6.450  555511578    26.5940    19.2117 0.0000e+00
    16.3793   3.456660      6.430  555511580    26.5641    19.1886 0.0000e+00
    16.3866   3.451310      5.580  555511582    26.5140    19.1486 0.0000e+00
    16.3905   3.453620      4.910  555511583    26.5312    19.1610 0.0000e+00
    16.3835   3.462240      4.000  555511585    26.6095    19.2225 0.0000e+00
    16.3917   3.461220      3.130  555511586    26.5957    19.2101 0.0000e+00
    16.3828   3.430440      2.690  555511588    26.3399    19.0162 0.0000e+00
    16.3824   3.430170      2.930  555511589    26.3378    19.0146 0.0000e+00
    16.3546   3.441310      2.660  555511591    26.4510    19.1073 0.0000e+00
    16.3718   3.441320      2.130  555511592    26.4398    19.0951 0.0000e+00
    16.3746   3.457360      1.510  555511594    26.5747    19.1977 0.0000e+00
    16.3771   3.470800      2.880  555511595    26.6870    19.2832 0.0000e+00
    16.3785   3.473970      2.020  555511597    26.7133    19.3031 0.0000e+00
    16.3810   3.463570      2.280  555511598    26.6230    19.2334 0.0000e+00
    16.3823   3.461490      2.480  555511600    26.6044    19.2188 0.0000e+00
    16.3845   3.450980      2.250  555511601    26.5136    19.1488 0.0000e+00
    16.3823   3.453940      2.380  555511603    26.5402    19.1696 0.0000e+00
    16.3823   3.449060      2.360  555511604    26.4987    19.1378 0.0000e+00
    16.3914   3.463460      2.430  555511606    26.6151    19.2250 0.0000e+00
    16.3838   3.458660      2.200  555511607    26.5794    19.1993 0.0000e+00
    16.3832   3.465680      2.720  555511609    26.6394    19.2454 0.0000e+00
    16.3829   3.477330      1.780  555511610    26.7391    19.3218 0.0000e+00
    16.3879   3.470460      1.660  555511612    26.6773    19.2734 0.0000e+00
    16.3877   3.480930      0.360  555511614    26.7670    19.3421 0.0000e+00
    16.3949   1.552320     -0.290  555511615    11.0534     7.3366 0.0000e+00
    16.1881   0.270920     -0.290  555511617     1.7146     0.2340 0.0000e+00
    15.5094   0.222690     -0.290  555511618     1.4178     0.1171 0.0000e+00
    14.7966   0.196290     -0.290  555511620     1.2637     0.1092 0.0000e+00
    14.4192   0.175230     -0.280  555511621     1.1322     0.0639 0.0000e+00
    14.3006   0.173920     -0.280  555511623     1.1267     0.0769 0.0000e+00
    14.3401   0.081720     -0.270  555511624     0.5110    -0.4053 0.0000e+00
    14.4166   0.056290     -0.270  555511626     0.3465    -0.5439 0.0000e+00
    14.4663   0.049630     -0.270  555511627     0.3039    -0.5841 0.0000e+00
    14.4804   0.042810     -0.270  555511629     0.2610    -0.6195 0.0000e+00
    14.4689   0.039100     -0.270  555511630     0.2378    -0.6357 0.0000e+00
    14.4698   0.035390     -0.270  555511632     0.2148    -0.6538 0.0000e+00
    14.5090   0.033610     -0.270  555511633     0.2035    -0.6682 0.0000e+00
    14.5087   0.031050     -0.270  555511635     0.1878    -0.6804 0.0000e+00
    14.5700   0.028730     -0.270  555511636     0.1732    -0.7006 0.0000e+00
    14.6061   0.027560     -0.270  555511638     0.1659    -0.7115 0.0000e+00
    14.6780   0.026770     -0.270  555511639     0.1609    -0.7261 0.0000e+00
    14.6675   0.025210     -0.260  555511641     0.1514    -0.7318 0.0000e+00
    14.5643   0.024680     -0.270  555511642     0.1486    -0.7189 0.0000e+00
    14.4950   0.023660     -0.260  555511644     0.1426    -0.7135 0.0000e+00
    14.4967   0.024370     -0.270  555511646     0.1469    -0.7104 0.0000e+00
    14.4881   0.023590     -0.260  555511647     0.1422    -0.7128 0.0000e+00
    14.5485   0.022590     -0.260  555511649     0.1359    -0.7264 0.0000e+00
    14.5483   0.021590     -0.270  555511650     0.1299    -0.7311 0.0000e+00
    14.5449   0.020600     -0.260  555511652     0.1239    -0.7352 0.0000e+00
    14.6221   0.020480     -0.260  555511653     0.1230    -0.7472 0.0000e+00
    14.5703   0.019520     -0.260  555511655     0.1173    -0.7440 0.0000e+00
    14.6006   0.019530     -0.260  555511656     0.1173    -0.7485 0.0000e+00
    14.5376   0.018780     -0.260  555511658     0.1130    -0.7426 0.0000e+00
    14.4821   0.018460     -0.260  555511659     0.1112    -0.7360 0.0000e+00
    14.5089   0.018040     -0.260  555511661     0.1086    -0.7419 0.0000e+00
    14.4835   0.017770     -0.260  555511662     0.1071    -0.7394 0.0000e+00
    14.4842   0.017440     -0.260  555511664     0.1051    -0.7410 0.0000e+00
    14.5721   0.017170     -0.260  555511665     0.1033    -0.7552 0.0000e+00
    14.5813   0.016830     -0.260  555511667     0.1012    -0.7582 0.0000e+00
    14.6497   0.016880     -0.260  555511668     0.1014    -0.7681 0.0000e+00
    14.6453   0.016440     -0.260  555511670     0.0988    -0.7694 0.0000e+00
    14.6581   0.016640     -0.260  555511671     0.0999    -0.7704 0.0000e+00
    14.7018   0.016250     -0.260  555511673     0.0975    -0.7787 0.0000e+00
    14.7899   0.016280     -0.260  555511675     0.0975    -0.7918 0.0000e+00
    14.8042   0.015870     -0.260  555511676     0.0951    -0.7958 0.0000e+00
    14.8820   0.015970     -0.260  555511678     0.0955    -0.8071 0.0000e+00
    14.9601   0.015600     -0.260  555511679     0.0931    -0.8206 0.0000e+00
    15.0175   0.015430     -0.260  555511681     0.0920    -0.8301 0.0000e+00
    15.0626   0.015380     -0.260  555511682     0.0917    -0.8373 0.0000e+00
    15.1206   0.015050     -0.260  555511684     0.0896    -0.8477 0.0000e+00
    15.1141   0.014940     -0.260  555511685     0.0890    -0.8472 0.0000e+00
    15.1220   0.014790     -0.260  555511687     0.0881    -0.8491 0.0000e+00
    15.1060   0.014690     -0.260  555511688     0.0875    -0.8471 0.0000e+00
    15.0661   0.014390     -0.260  555511690     0.0859    -0.8423 0.0000e+00
    15.0042   0.014400     -0.260  555511691     0.0860    -0.8328 0.0000e+00
    15.0011   0.014140     -0.250  555511693     0.0845    -0.8335 0.0000e+00
    15.0396   0.013920     -0.260  555511694     0.0832    -0.8404 0.0000e+00
    15.0211   0.013850     -0.260  555511696     0.0828    -0.8379 0.0000e+00
    15.0194   0.013730     -0.260  555511697     0.0821    -0.8382 0.0000e+00
    15.0097   0.013600     -0.260  555511699     0.0813    -0.8373 0.0000e+00
    15.0237   0.013530     -0.260  555511700     0.0809    -0.8397 0.0000e+00
    15.0593   0.013370     -0.260  555511702     0.0799    -0.8459 0.0000e+00
    15.1481   0.013280     -0.260  555511703     0.0793    -0.8599 0.0000e+00
    15.1755   0.013100     -0.260  555511705     0.0782    -0.8649 0.0000e+00
    15.1699   0.013080     -0.260  555511707     0.0781    -0.8642 0.0000e+00
    15.1314   0.012870     -0.250  555511708     0.0769    -0.8592 0.0000e+00
    15.1470   0.013690     -0.250  555511710     0.0816    -0.8579 0.0000e+00
    15.0106   0.013620     -0.250  555511711     0.0815    -0.8373 0.0000e+00
    14.9084   0.013670     -0.250  555511713     0.0819    -0.8216 0.0000e+00
    14.7663   0.013900     -0.250  555511714     0.0835    -0.7991 0.0000e+00
    14.7723   0.014170     -0.250  555511716     0.0851    -0.7988 0.0000e+00
    14.7535   0.014530     -0.260  555511717     0.0872    -0.7943 0.0000e+00
    14.7596   0.014540     -0.250  555511719     0.0873    -0.7952 0.0000e+00
    14.7087   0.014590     -0.250  555511720     0.0877    -0.7874 0.0000e+00
    14.6487   0.014350     -0.260  555511722     0.0864    -0.7796 0.0000e+00
    14.6021   0.014550     -0.250  555511723     0.0876    -0.7717 0.0000e+00
    14.5995   0.014250     -0.260  555511725     0.0859    -0.7727 0.0000e+00
    14.5943   0.013740     -0.250  555511726     0.0829    -0.7743 0.0000e+00
    14.5564   0.013370     -0.250  555511728     0.0808    -0.7704 0.0000e+00
    14.5489   0.013000     -0.250  555511729     0.0786    -0.7710 0.0000e+00
    14.5529   0.012610     -0.250  555511731     0.0763    -0.7734 0.0000e+00
    14.5113   0.012330     -0.250  555511732     0.0747    -0.7686 0.0000e+00
    14.4975   0.011840     -0.260  555511734     0.0718    -0.7688 0.0000e+00
    14.4828   0.011520     -0.250  555511735     0.0700    -0.7681 0.0000e+00
    14.4431   0.011410     -0.260  555511737     0.0694    -0.7628 0.0000e+00
    14.3875   0.011000     -0.250  555511739     0.0671    -0.7566 0.0000e+00
    14.3281   0.010960     -0.260  555511740     0.0669    -0.7482 0.0000e+00
    14.3121   0.010580     -0.260  555511742     0.0647    -0.7476 0.0000e+00
    14.2939   0.010600     -0.260  555511743     0.0648    -0.7449 0.0000e+00
    14.2881   0.010390     -0.260  555511745     0.0636    -0.7451 0.0000e+00
    14.3028   0.010280     -0.260  555511746     0.0630    -0.7477 0.0000e+00
    14.3059   0.010110     -0.260  555511748     0.0620    -0.7489 0.0000e+00
    14.3096   0.009970     -0.260  555511749     0.0611    -0.7501 0.0000e+00
    14.3284   0.009960     -0.260  555511751     0.0610    -0.7528 0.0000e+00
    14.2913   0.009870     -0.260  555511752     0.0606    -0.7479 0.0000e+00
    14.2298   0.009710     -0.260  555511754     0.0597    -0.7398 0.0000e+00
    14.1637   0.009610     -0.260  555511755     0.0592    -0.7309 0.0000e+00
    14.1376   0.009270     -0.260  555511757     0.0572    -0.7287 0.0000e+00
    14.1649   0.009110     -0.260  555511758     0.0563    -0.7333 0.0000e+00
    14.1853   0.009230     -0.260  555511760     0.0569    -0.7357 0.0000e+00
    14.1567   0.009640     -0.260  555511761     0.0594    -0.7297 0.0000e+00
    14.1266   0.009910     -0.260  555511763     0.0610    -0.7242 0.0000e+00
    14.1132   0.009920     -0.260  555511764     0.0611    -0.7223 0.0000e+00
    14.1128   0.009910     -0.260  555511766     0.0610    -0.7223 0.0000e+00
    14.1163   0.009980     -0.260  555511767     0.0614    -0.7225 0.0000e+00
    14.1300   0.009900     -0.260  555511769     0.0609    -0.7248 0.0000e+00
    14.1539   0.009900     -0.260  555511771     0.0609    -0.7282 0.0000e+00
    14.1804   0.009650     -0.260  555511772     0.0594    -0.7331 0.0000e+00
    14.2106   0.009590     -0.260  555511774     0.0590    -0.7376 0.0000e+00
    14.2189   0.009440     -0.260  555511775     0.0581    -0.7395 0.0000e+00
    14.2388   0.009350     -0.260  555511777     0.0576    -0.7427 0.0000e+00
    14.2728   0.009210     -0.260  555511778     0.0567    -0.7482 0.0000e+00
    14.2940   0.009150     -0.260  555511780     0.0564    -0.7515 0.0000e+00
    14.2684   0.009340     -0.260  555511781     0.0575    -0.7470 0.0000e+00
