Code/Hansen Zooplankton Code and Sample Data/data/ctd/gsl_12_SBE37SI-RS232_03706156_2017_08_11_final.cnv
* Sea-Bird SBE37SI-RS232  Data File:
* FileName = C:\Users\General Lab Use\Desktop\SHELAGH CTD 2017\gsl_12_SBE37SI-RS232_03706156_2017_08_11.cnv
* Software version 1.00d
* Temperature SN = 6156
* Conductivity SN = 6156
* System UpLoad Time = Aug 11 2017 00:43:36
* <ApplicationData>
* <Seaterm232>
# nquan = 7                                 
# nvalues = 2318                        
# units = specified
# name 0 = t090C: Temperature [ITS-90, deg C]
# name 1 = c0S/m: Conductivity [S/m]
# name 2 = prM: Pressure [db]
# name 3 = timeK: Time, Seacat Plus [seconds]
# name 4 = sal00: Salinity [PSU]
# name 5 = sigma-t00: Density [sigma-t, Kg/m^3 ]
# name 6 = flag: flag
# span 0 =    -0.2584,    20.6000       
# span 1 =   0.000000,   3.665880       
# span 2 =     -0.250,    121.870       
# span 3 =  555711688,  555715230       
# span 4 =     0.0000,    32.5132       
# span 5 =    -1.9106,    26.0455       
# span 6 = 0.0000e+00, 0.0000e+00       
# interval = seconds: 6.000000
# start_time = Aug 10 2017 20:21:28
# bad_flag = -9.990e-29
*END*
[from data line 1026]
    17.0891   0.021170     -0.180  555713257     0.1204    -1.1464 0.0000e+00
    17.0864   0.020620     -0.180  555713258     0.1173    -1.1484 0.0000e+00
    17.0927   0.019940     -0.190  555713260     0.1134    -1.1524 0.0000e+00
    17.0978   0.019190     -0.180  555713261     0.1092    -1.1566 0.0000e+00
    17.1029   0.018360     -0.190  555713263     0.1045    -1.1611 0.0000e+00
    17.1048   0.016960     -0.190  555713264     0.0967    -1.1675 0.0000e+00
    17.1050   0.016280     -0.190  555713266     0.0929    -1.1704 0.0000e+00
    17.1095   0.015670     -0.190  555713267     0.0895    -1.1738 0.0000e+00
    17.1206   0.014790     -0.190  555713269     0.0846    -1.1796 0.0000e+00
    17.1458   0.014820     -0.190  555713271     0.0847    -1.1839 0.0000e+00
    17.1530   0.014150     -0.190  555713272     0.0810    -1.1880 0.0000e+00
    17.1544   0.013630     -0.190  555713274     0.0781    -1.1905 0.0000e+00
    17.1482   0.013590     -0.190  555713275     0.0779    -1.1896 0.0000e+00
    17.1760   0.013350     -0.190  555713277     0.0765    -1.1955 0.0000e+00
    17.1818   0.013580     -0.190  555713278     0.0778    -1.1956 0.0000e+00
    17.1801   0.013670     -0.190  555713280     0.0783    -1.1949 0.0000e+00
    17.1702   0.013740     -0.190  555713281     0.0787    -1.1928 0.0000e+00
    17.1767   0.013340     -0.190  555713283     0.0765    -1.1957 0.0000e+00
    17.1667   0.012850     -0.190  555713284     0.0738    -1.1960 0.0000e+00
    17.1677   0.012530     -0.190  555713286     0.0721    -1.1975 0.0000e+00
    17.1540   0.012200     -0.190  555713287     0.0703    -1.1965 0.0000e+00
    17.1423   0.012020     -0.190  555713289     0.0693    -1.1952 0.0000e+00
    17.1367   0.011720     -0.190  555713290     0.0677    -1.1955 0.0000e+00
    17.1308   0.011490     -0.190  555713292     0.0664    -1.1954 0.0000e+00
    17.1163   0.011440     -0.190  555713293     0.0661    -1.1930 0.0000e+00
    17.1136   0.011610     -0.190  555713295     0.0671    -1.1918 0.0000e+00
    17.1157   0.011640     -0.190  555713296     0.0672    -1.1921 0.0000e+00
    17.1298   0.011670     -0.190  555713298     0.0674    -1.1945 0.0000e+00
    17.1354   0.011450     -0.190  555713300     0.0662    -1.1964 0.0000e+00
    17.1352   0.011470     -0.190  555713301     0.0663    -1.1962 0.0000e+00
    17.1401   0.011290     -0.200  555713303     0.0653    -1.1979 0.0000e+00
    17.1368   0.011470     -0.190  555713304     0.0663    -1.1965 0.0000e+00
    17.1300   0.011580     -0.200  555713306     0.0669    -1.1949 0.0000e+00
    17.1279   0.011640     -0.190  555713307     0.0672    -1.1942 0.0000e+00
    17.1488   0.011580     -0.200  555713309     0.0669    -1.1982 0.0000e+00
    17.1559   0.011150     -0.200  555713310     0.0645    -1.2012 0.0000e+00
    17.1481   0.011070     -0.200  555713312     0.0641    -1.2002 0.0000e+00
    17.1583   0.011110     -0.200  555713313     0.0643    -1.2018 0.0000e+00
    17.1503   0.010920     -0.200  555713315     0.0633    -1.2012 0.0000e+00
    17.1542   0.010740     -0.200  555713316     0.0623    -1.2027 0.0000e+00
    17.1480   0.010370     -0.200  555713318     0.0603    -1.2031 0.0000e+00
    17.1353   0.010210     -0.200  555713319     0.0594    -1.2016 0.0000e+00
    17.1306   0.010070     -0.200  555713321     0.0587    -1.2013 0.0000e+00
    17.1193   0.010090     -0.200  555713323     0.0588    -1.1992 0.0000e+00
    17.1257   0.010090     -0.200  555713324     0.0588    -1.2004 0.0000e+00
    17.1326   0.010050     -0.200  555713326     0.0586    -1.2018 0.0000e+00
    17.1326   0.009860     -0.200  555713327     0.0575    -1.2025 0.0000e+00
    17.1451   0.009620     -0.200  555713329     0.0562    -1.2058 0.0000e+00
    17.1522   0.009550     -0.200  555713330     0.0558    -1.2073 0.0000e+00
    17.1580   0.009510     -0.200  555713332     0.0556    -1.2085 0.0000e+00
    17.1528   0.009640     -0.210  555713333     0.0563    -1.2070 0.0000e+00
    17.1347   0.009510     -0.210  555713335     0.0556    -1.2044 0.0000e+00
    17.1220   0.009500     -0.210  555713336     0.0556    -1.2022 0.0000e+00
    17.1003   0.009420     -0.210  555713338     0.0552    -1.1987 0.0000e+00
    17.0880   0.009390     -0.210  555713339     0.0550    -1.1967 0.0000e+00
    17.0743   0.009390     -0.210  555713341     0.0550    -1.1943 0.0000e+00
    17.0565   0.009330     -0.210  555713342     0.0547    -1.1914 0.0000e+00
    17.0313   0.009270     -0.210  555713344     0.0544    -1.1872 0.0000e+00
    17.0160   0.009190     -0.210  555713345     0.0540    -1.1849 0.0000e+00
    17.0078   0.009200     -0.210  555713347     0.0541    -1.1834 0.0000e+00
    17.0085   0.009130     -0.210  555713349     0.0537    -1.1838 0.0000e+00
    17.0155   0.009190     -0.210  555713350     0.0540    -1.1848 0.0000e+00
    17.0223   0.009170     -0.210  555713352     0.0539    -1.1861 0.0000e+00
    17.0310   0.009220     -0.210  555713353     0.0542    -1.1874 0.0000e+00
    17.0318   0.009170     -0.210  555713355     0.0539    -1.1877 0.0000e+00
    17.0378   0.009150     -0.210  555713356     0.0538    -1.1889 0.0000e+00
    17.0428   0.009120     -0.210  555713358     0.0536    -1.1899 0.0000e+00
    17.0508   0.009100     -0.210  555713359     0.0535    -1.1914 0.0000e+00
    17.0499   0.008920     -0.210  555713361     0.0525    -1.1919 0.0000e+00
    17.0566   0.008910     -0.210  555713362     0.0525    -1.1932 0.0000e+00
    17.0516   0.008810     -0.210  555713364     0.0519    -1.1927 0.0000e+00
    17.0522   0.008710     -0.210  555713365     0.0514    -1.1932 0.0000e+00
    17.0577   0.008490     -0.210  555713367     0.0502    -1.1951 0.0000e+00
    17.0614   0.008540     -0.210  555713368     0.0505    -1.1955 0.0000e+00
    17.0622   0.008350     -0.210  555713370     0.0494    -1.1965 0.0000e+00
    17.0638   0.008380     -0.210  555713371     0.0496    -1.1966 0.0000e+00
    17.0677   0.008340     -0.220  555713373     0.0494    -1.1975 0.0000e+00
    17.0637   0.008180     -0.210  555713375     0.0485    -1.1974 0.0000e+00
    17.0618   0.008110     -0.220  555713376     0.0482    -1.1974 0.0000e+00
    17.0729   0.008050     -0.220  555713378     0.0478    -1.1996 0.0000e+00
    17.0764   0.007990     -0.220  555713379     0.0475    -1.2004 0.0000e+00
    17.0737   0.007950     -0.220  555713381     0.0473    -1.2001 0.0000e+00
    17.0693   0.007920     -0.220  555713382     0.0471    -1.1995 0.0000e+00
    17.0653   0.007840     -0.220  555713384     0.0467    -1.1991 0.0000e+00
    17.0701   0.007810     -0.220  555713385     0.0465    -1.2001 0.0000e+00
    17.0713   0.007780     -0.220  555713387     0.0464    -1.2004 0.0000e+00
    17.0707   0.007680     -0.220  555713388     0.0458    -1.2007 0.0000e+00
    17.0681   0.007640     -0.220  555713390     0.0456    -1.2004 0.0000e+00
    17.0711   0.007690     -0.220  555713391     0.0459    -1.2008 0.0000e+00
    17.0674   0.007610     -0.220  555713393     0.0455    -1.2004 0.0000e+00
    17.0662   0.007600     -0.220  555713394     0.0454    -1.2003 0.0000e+00
    17.0629   0.007560     -0.220  555713396     0.0452    -1.1999 0.0000e+00
    17.0632   0.007590     -0.220  555713397     0.0454    -1.1998 0.0000e+00
    17.0550   0.007530     -0.220  555713399     0.0451    -1.1986 0.0000e+00
    17.0506   0.007450     -0.220  555713401     0.0446    -1.1982 0.0000e+00
    17.0526   0.007410     -0.220  555713402     0.0444    -1.1987 0.0000e+00
    17.0534   0.007350     -0.220  555713404     0.0441    -1.1991 0.0000e+00
    17.0525   0.007300     -0.220  555713405     0.0438    -1.1991 0.0000e+00
    17.0523   0.007220     -0.220  555713407     0.0434    -1.1994 0.0000e+00
    17.0471   0.007260     -0.220  555713408     0.0436    -1.1983 0.0000e+00
    17.0477   0.007270     -0.220  555713410     0.0437    -1.1984 0.0000e+00
    17.0451   0.007180     -0.220  555713411     0.0432    -1.1983 0.0000e+00
    17.0438   0.007180     -0.220  555713413     0.0432    -1.1981 0.0000e+00
    17.0488   0.007170     -0.220  555713414     0.0431    -1.1990 0.0000e+00
    17.0522   0.007110     -0.220  555713416     0.0428    -1.1998 0.0000e+00
    17.0524   0.007100     -0.220  555713417     0.0428    -1.1999 0.0000e+00
    17.0450   0.007030     -0.220  555713419     0.0424    -1.1989 0.0000e+00
    17.0454   0.007050     -0.220  555713420     0.0425    -1.1989 0.0000e+00
    17.0351   0.006970     -0.220  555713422     0.0421    -1.1974 0.0000e+00
    17.0301   0.006990     -0.220  555713423     0.0422    -1.1965 0.0000e+00
    17.0296   0.006950     -0.220  555713425     0.0420    -1.1965 0.0000e+00
    17.0363   0.006940     -0.220  555713427     0.0419    -1.1978 0.0000e+00
    17.0491   0.006890     -0.220  555713428     0.0417    -1.2002 0.0000e+00
    17.0538   0.006950     -0.220  555713430     0.0420    -1.2008 0.0000e+00
    17.0601   0.006990     -0.220  555713431     0.0422    -1.2017 0.0000e+00
    17.0716   0.006970     -0.220  555713433     0.0421    -1.2038 0.0000e+00
    17.0745   0.006960     -0.230  555713434     0.0420    -1.2044 0.0000e+00
    17.0745   0.006950     -0.230  555713436     0.0420    -1.2044 0.0000e+00
    17.0791   0.006910     -0.220  555713437     0.0417    -1.2054 0.0000e+00
    17.0867   0.006890     -0.230  555713439     0.0416    -1.2068 0.0000e+00
    17.0911   0.006860     -0.220  555713440     0.0415    -1.2077 0.0000e+00
    17.0909   0.006870     -0.230  555713442     0.0415    -1.2076 0.0000e+00
    17.1002   0.006870     -0.230  555713443     0.0415    -1.2092 0.0000e+00
    17.1046   0.006810     -0.220  555713445     0.0412    -1.2102 0.0000e+00
    17.1123   0.006830     -0.230  555713446     0.0413    -1.2115 0.0000e+00
    17.1142   0.006850     -0.230  555713448     0.0414    -1.2118 0.0000e+00
    17.1101   0.006860     -0.230  555713449     0.0415    -1.2110 0.0000e+00
    17.1153   0.006750     -0.230  555713451     0.0409    -1.2124 0.0000e+00
    17.1200   0.006720     -0.230  555713453     0.0407    -1.2133 0.0000e+00
    17.1133   0.006680     -0.230  555713454     0.0405    -1.2123 0.0000e+00
    17.1168   0.006660     -0.230  555713456     0.0404    -1.2130 0.0000e+00
    17.1274   0.006650     -0.230  555713457     0.0403    -1.2149 0.0000e+00
    17.1332   0.006660     -0.230  555713459     0.0404    -1.2159 0.0000e+00
    17.1316   0.006610     -0.230  555713460     0.0401    -1.2158 0.0000e+00
    17.1264   0.006610     -0.230  555713462     0.0401    -1.2149 0.0000e+00
    17.1234   0.006560     -0.230  555713463     0.0399    -1.2146 0.0000e+00
    17.1276   0.006580     -0.230  555713465     0.0400    -1.2152 0.0000e+00
    17.1282   0.006550     -0.230  555713466     0.0398    -1.2155 0.0000e+00
    17.1228   0.006630     -0.230  555713468     0.0402    -1.2142 0.0000e+00
    17.1140   0.006660     -0.230  555713469     0.0404    -1.2125 0.0000e+00
    17.1137   0.006650     -0.230  555713471     0.0403    -1.2125 0.0000e+00
    17.1220   0.006600     -0.230  555713472     0.0401    -1.2142 0.0000e+00
    17.1196   0.006560     -0.230  555713474     0.0399    -1.2139 0.0000e+00
    17.1174   0.006590     -0.230  555713475     0.0400    -1.2134 0.0000e+00
    17.1079   0.006570     -0.230  555713477     0.0399    -1.2118 0.0000e+00
    17.1036   0.006580     -0.230  555713479     0.0400    -1.2110 0.0000e+00
    17.1008   0.006650     -0.230  555713480     0.0404    -1.2102 0.0000e+00
    17.1010   0.006580     -0.230  555713482     0.0400    -1.2106 0.0000e+00
    17.0931   0.006550     -0.230  555713483     0.0398    -1.2093 0.0000e+00
    17.0925   0.006560     -0.230  555713485     0.0399    -1.2091 0.0000e+00
    17.0881   0.006470     -0.230  555713486     0.0394    -1.2087 0.0000e+00
    17.0895   0.006550     -0.230  555713488     0.0398    -1.2087 0.0000e+00
    17.0830   0.006490     -0.230  555713489     0.0395    -1.2078 0.0000e+00
    17.0766   0.006500     -0.230  555713491     0.0396    -1.2066 0.0000e+00
    17.0790   0.006520     -0.230  555713492     0.0397    -1.2069 0.0000e+00
    17.0796   0.006570     -0.230  555713494     0.0399    -1.2068 0.0000e+00
    17.0857   0.006510     -0.230  555713495     0.0396    -1.2082 0.0000e+00
    17.0893   0.006490     -0.230  555713497     0.0395    -1.2089 0.0000e+00
    17.0856   0.006450     -0.230  555713498     0.0393    -1.2084 0.0000e+00
    17.0826   0.006440     -0.230  555713500     0.0393    -1.2079 0.0000e+00
    17.0812   0.006370     -0.230  555713502     0.0389    -1.2079 0.0000e+00
    17.0907   0.006380     -0.230  555713503     0.0389    -1.2096 0.0000e+00
    17.1086   0.006380     -0.230  555713505     0.0389    -1.2127 0.0000e+00
    17.1178   0.006420     -0.230  555713506     0.0391    -1.2142 0.0000e+00
    17.1289   0.006400     -0.230  555713508     0.0390    -1.2162 0.0000e+00
    17.1356   0.006390     -0.230  555713509     0.0390    -1.2174 0.0000e+00
    17.1457   0.006350     -0.230  555713511     0.0387    -1.2193 0.0000e+00
    17.1501   0.006360     -0.230  555713512     0.0388    -1.2201 0.0000e+00
    17.1509   0.006370     -0.230  555713514     0.0388    -1.2202 0.0000e+00
    17.1599   0.006360     -0.230  555713515     0.0388    -1.2218 0.0000e+00
    17.1647   0.006470     -0.230  555713517     0.0394    -1.2222 0.0000e+00
    17.1655   0.006490     -0.230  555713518     0.0395    -1.2223 0.0000e+00
    17.1684   0.006460     -0.230  555713520     0.0393    -1.2229 0.0000e+00
    17.1698   0.006390     -0.230  555713521     0.0389    -1.2234 0.0000e+00
    17.1691   0.006420     -0.230  555713523     0.0391    -1.2232 0.0000e+00
    17.1597   0.006340     -0.230  555713524     0.0387    -1.2219 0.0000e+00
    17.1542   0.006350     -0.230  555713526     0.0387    -1.2208 0.0000e+00
    17.1605   0.006420     -0.230  555713528     0.0391    -1.2217 0.0000e+00
    17.1590   0.006290     -0.230  555713529     0.0384    -1.2219 0.0000e+00
    17.1557   0.006310     -0.230  555713531     0.0385    -1.2213 0.0000e+00
    17.1580   0.006320     -0.230  555713532     0.0386    -1.2216 0.0000e+00
    17.1579   0.006260     -0.230  555713534     0.0383    -1.2219 0.0000e+00
    17.1617   0.006230     -0.230  555713535     0.0381    -1.2227 0.0000e+00
    17.1679   0.006200     -0.230  555713537     0.0379    -1.2239 0.0000e+00
    17.1681   0.006190     -0.230  555713538     0.0379    -1.2239 0.0000e+00
    17.1535   0.006190     -0.230  555713540     0.0379    -1.2214 0.0000e+00
    17.1496   0.006300     -0.230  555713541     0.0385    -1.2202 0.0000e+00
    17.1438   0.006350     -0.230  555713543     0.0387    -1.2190 0.0000e+00
    17.1399   0.006350     -0.230  555713544     0.0387    -1.2183 0.0000e+00
    17.1342   0.006300     -0.230  555713546     0.0385    -1.2175 0.0000e+00
    17.1379   0.006280     -0.230  555713547     0.0384    -1.2183 0.0000e+00
    17.1330   0.006230     -0.230  555713549     0.0381    -1.2176 0.0000e+00
    17.1421   0.006220     -0.230  555713550     0.0381    -1.2192 0.0000e+00
    17.1479   0.006200     -0.230  555713552     0.0380    -1.2203 0.0000e+00
    17.1560   0.006260     -0.230  555713554     0.0383    -1.2215 0.0000e+00
    17.1603   0.006280     -0.230  555713555     0.0384    -1.2222 0.0000e+00
    17.1547   0.006270     -0.230  555713557     0.0383    -1.2213 0.0000e+00
    17.1470   0.006220     -0.230  555713558     0.0381    -1.2201 0.0000e+00
    17.1428   0.006210     -0.230  555713560     0.0380    -1.2194 0.0000e+00
    17.1468   0.006190     -0.230  555713561     0.0379    -1.2202 0.0000e+00
    17.1435   0.006170     -0.230  555713563     0.0378    -1.2197 0.0000e+00
    17.1455   0.006270     -0.230  555713564     0.0383    -1.2196 0.0000e+00
    17.1446   0.006240     -0.230  555713566     0.0382    -1.2196 0.0000e+00
    17.1429   0.006210     -0.230  555713567     0.0380    -1.2194 0.0000e+00
