Code/Hansen Zooplankton Code and Sample Data/data/ctd/gsl_04_SBE37SI-RS232_03706156_2017_07_05.cnv
* Sea-Bird SBE37SI-RS232  Data File:
* FileName = C:\Users\General Lab Use\Desktop\SHELAGH CTD 2017\gsl_04_SBE37SI-RS232_03706156_2017_07_05.cnv
* Software version 1.00d
* Temperature SN = 6156
* Conductivity SN = 6156
* System UpLoad Time = Jul 05 2017 23:04:23
* <ApplicationData>
* <Seaterm232>
# nquan = 5
# nvalues = 949
# units = specified
# name 0 = t090C: Temperature [ITS-90, deg C]
# name 1 = c0S/m: Conductivity [S/m]
# name 2 = prM: Pressure [db]
# name 3 = timeK: Time, Seacat Plus [seconds]
# name 4 = flag: Flag
# span 0 =     -1.1264,    20.2321
# span 1 =    0.000637,   3.376331
# span 2 =      -0.237,     67.463
# span 3 =   552596726,  552598172
# span 4 =  0.0000e+00, 0.0000e+00
# interval = seconds: 6.000000
# start_time = Jul 05 2017 19:05:26
# bad_flag = -9.990e-29
*END*
    20.0535    0.00259      -0.21  552596726 0.0000e+00
    20.0570    0.00261      -0.21  552596727 0.0000e+00
    20.0650    0.00263      -0.21  552596729 0.0000e+00
    20.0658    0.00258      -0.21  552596731 0.0000e+00
    20.0742    0.00266      -0.21  552596732 0.0000e+00
    20.0729    0.00258      -0.21  552596734 0.0000e+00
    20.0731    0.00263      -0.22  552596735 0.0000e+00
    20.0774    0.00259      -0.21  552596737 0.0000e+00
    20.0824    0.00267      -0.21  552596738 0.0000e+00
    20.0885    0.00254      -0.21  552596740 0.0000e+00
    20.0912    0.00267      -0.21  552596741 0.0000e+00
    20.0942    0.00258      -0.22  552596743 0.0000e+00
    20.1019    0.00277      -0.21  552596744 0.0000e+00
    20.1049    0.00257      -0.22  552596746 0.0000e+00
    20.1132    0.00273      -0.22  552596747 0.0000e+00
    20.1121    0.00262      -0.21  552596749 0.0000e+00
    20.1160    0.00265      -0.22  552596750 0.0000e+00
    20.1192    0.00269      -0.22  552596752 0.0000e+00
    20.1302    0.00247      -0.22  552596754 0.0000e+00
    20.1334    0.00281      -0.22  552596756 0.0000e+00
    20.1367    0.00246      -0.22  552596757 0.0000e+00
    20.1434    0.00281      -0.21  552596759 0.0000e+00
    20.1489    0.00575      -0.22  552596760 0.0000e+00
    20.1674    0.00996      -0.21  552596762 0.0000e+00
    20.1831    0.00584      -0.21  552596763 0.0000e+00
    20.2028    0.00477      -0.18  552596765 0.0000e+00
    20.2258    0.00472      -0.24  552596766 0.0000e+00
    20.2321    0.00418      -0.22  552596768 0.0000e+00
    20.1833    0.00491      -0.21  552596769 0.0000e+00
    20.1090    0.00489      -0.22  552596771 0.0000e+00
    20.0444    0.00386      -0.22  552596772 0.0000e+00
    19.9838    0.00301      -0.22  552596774 0.0000e+00
    19.9225    0.00250      -0.22  552596775 0.0000e+00
    19.8621    0.00335      -0.22  552596777 0.0000e+00
    19.8242    0.00450      -0.22  552596778 0.0000e+00
    19.7772    0.00524      -0.22  552596780 0.0000e+00
    19.7254    0.00556      -0.22  552596781 0.0000e+00
    19.6787    0.00551      -0.22  552596783 0.0000e+00
    19.6391    0.00552      -0.22  552596784 0.0000e+00
    19.6083    0.00528      -0.22  552596786 0.0000e+00
    19.5803    0.00437      -0.22  552596788 0.0000e+00
    19.5191    0.00361      -0.22  552596789 0.0000e+00
    19.3986    0.00457      -0.22  552596791 0.0000e+00
    19.3045    0.00476      -0.22  552596792 0.0000e+00
    19.2280    0.00272      -0.22  552596794 0.0000e+00
    19.1508    0.00234      -0.22  552596795 0.0000e+00
    19.0823    0.00184      -0.22  552596797 0.0000e+00
    19.0436    0.00248      -0.22  552596798 0.0000e+00
    19.0395    0.00268      -0.22  552596800 0.0000e+00
    19.0383    0.00250      -0.22  552596801 0.0000e+00
    19.0193    0.00211      -0.22  552596803 0.0000e+00
    18.9917    0.00185      -0.22  552596804 0.0000e+00
    18.9547    0.00170      -0.22  552596806 0.0000e+00
    18.9221    0.00155      -0.22  552596807 0.0000e+00
    18.8974    0.00149      -0.21  552596809 0.0000e+00
    18.8527    0.00138      -0.22  552596810 0.0000e+00
    18.8137    0.00130      -0.21  552596812 0.0000e+00
    18.7920    0.00125      -0.21  552596813 0.0000e+00
    18.7730    0.00125      -0.22  552596815 0.0000e+00
    18.7499    0.00118      -0.22  552596816 0.0000e+00
    18.7274    0.00117      -0.22  552596818 0.0000e+00
    18.7036    0.00109      -0.21  552596819 0.0000e+00
    18.6942    0.00113      -0.21  552596821 0.0000e+00
    18.6761    0.00108      -0.22  552596822 0.0000e+00
    18.6718    0.00111      -0.22  552596824 0.0000e+00
    18.6678    0.00106      -0.22  552596825 0.0000e+00
    18.6776    0.00103      -0.21  552596827 0.0000e+00
    18.6773    0.00100      -0.22  552596829 0.0000e+00
    18.6632    0.00098      -0.22  552596830 0.0000e+00
    18.6421    0.00096      -0.21  552596832 0.0000e+00
    18.6404    0.00092      -0.22  552596833 0.0000e+00
    18.6426    0.00092      -0.22  552596835 0.0000e+00
    18.6460    0.00089      -0.22  552596836 0.0000e+00
    18.6427    0.00089      -0.22  552596838 0.0000e+00
    18.6313    0.00087      -0.22  552596839 0.0000e+00
    18.6169    0.00087      -0.22  552596841 0.0000e+00
    18.5986    0.00085      -0.22  552596842 0.0000e+00
    18.5870    0.00084      -0.22  552596844 0.0000e+00
    18.5804    0.00083      -0.22  552596845 0.0000e+00
    18.5710    0.00081      -0.21  552596847 0.0000e+00
    18.5770    0.00081      -0.22  552596848 0.0000e+00
    18.5814    0.00080      -0.22  552596850 0.0000e+00
    18.5834    0.00080      -0.21  552596851 0.0000e+00
    18.5881    0.00079      -0.22  552596853 0.0000e+00
    18.5827    0.00078      -0.22  552596854 0.0000e+00
    18.5876    0.00079      -0.22  552596856 0.0000e+00
    18.5896    0.00078      -0.22  552596857 0.0000e+00
    18.5956    0.00076      -0.22  552596859 0.0000e+00
    18.5975    0.00076      -0.22  552596860 0.0000e+00
    18.5936    0.00076      -0.22  552596862 0.0000e+00
    18.5872    0.00076      -0.22  552596864 0.0000e+00
    18.5877    0.00077      -0.22  552596865 0.0000e+00
    18.5954    0.00076      -0.22  552596867 0.0000e+00
    18.5997    0.00076      -0.22  552596868 0.0000e+00
    18.6070    0.00076      -0.22  552596870 0.0000e+00
    18.6138    0.00077      -0.22  552596871 0.0000e+00
    18.6177    0.00077      -0.22  552596873 0.0000e+00
    18.6256    0.00079      -0.22  552596874 0.0000e+00
    18.6237    0.00077      -0.22  552596876 0.0000e+00
    18.6255    0.00077      -0.22  552596877 0.0000e+00
    18.6251    0.00078      -0.22  552596879 0.0000e+00
    18.6296    0.00078      -0.22  552596880 0.0000e+00
    18.6326    0.00082      -0.22  552596882 0.0000e+00
    18.6210    0.00082      -0.22  552596883 0.0000e+00
    18.6126    0.00088      -0.22  552596885 0.0000e+00
    18.6154    0.00085      -0.22  552596886 0.0000e+00
    18.6006    0.00090      -0.22  552596888 0.0000e+00
    18.5974    0.00087      -0.22  552596889 0.0000e+00
    18.5919    0.00093      -0.22  552596891 0.0000e+00
    18.5882    0.00090      -0.22  552596892 0.0000e+00
    18.5912    0.00088      -0.22  552596894 0.0000e+00
    18.5899    0.00089      -0.22  552596895 0.0000e+00
    18.5948    0.00086      -0.22  552596897 0.0000e+00
    18.5973    0.00085      -0.22  552596898 0.0000e+00
    18.5975    0.00086      -0.22  552596900 0.0000e+00
    18.5961    0.00085      -0.22  552596901 0.0000e+00
    18.5926    0.00087      -0.22  552596903 0.0000e+00
    18.5965    0.00085      -0.22  552596905 0.0000e+00
    18.6024    0.00089      -0.22  552596906 0.0000e+00
    18.6088    0.00085      -0.22  552596908 0.0000e+00
    18.6088    0.00088      -0.22  552596909 0.0000e+00
    18.6048    0.00084      -0.22  552596911 0.0000e+00
    18.5810    0.00086      -0.22  552596912 0.0000e+00
    18.5777    0.00084      -0.22  552596914 0.0000e+00
    18.5702    0.00085      -0.22  552596915 0.0000e+00
    18.5716    0.00084      -0.22  552596917 0.0000e+00
    18.5693    0.00084      -0.22  552596918 0.0000e+00
    18.5648    0.00085      -0.22  552596920 0.0000e+00
    18.5661    0.00084      -0.22  552596921 0.0000e+00
    18.5760    0.00083      -0.22  552596923 0.0000e+00
    18.5896    0.00082      -0.22  552596924 0.0000e+00
    18.6009    0.00081      -0.22  552596926 0.0000e+00
    18.6110    0.00080      -0.22  552596927 0.0000e+00
    18.6211    0.00080      -0.22  552596929 0.0000e+00
    18.6263    0.00080      -0.22  552596930 0.0000e+00
    18.6338    0.00079      -0.22  552596932 0.0000e+00
    18.6451    0.00078      -0.22  552596933 0.0000e+00
    18.6554    0.00115      -0.22  552596935 0.0000e+00
    18.6554    0.00179      -0.22  552596936 0.0000e+00
    18.6579    0.00131      -0.22  552596938 0.0000e+00
    18.6804    0.00109      -0.22  552596939 0.0000e+00
    18.7107    0.00098      -0.22  552596941 0.0000e+00
    18.7306    0.00093      -0.22  552596943 0.0000e+00
    18.7558    0.00087      -0.22  552596944 0.0000e+00
    18.7802    0.00084      -0.22  552596946 0.0000e+00
    18.8069    0.00078      -0.22  552596947 0.0000e+00
    18.8366    0.00076      -0.22  552596949 0.0000e+00
    18.8627    0.00074      -0.22  552596950 0.0000e+00
    18.8920    0.00074      -0.22  552596952 0.0000e+00
    18.9241    0.00071      -0.22  552596953 0.0000e+00
    18.9563    0.00069      -0.22  552596955 0.0000e+00
    18.9925    0.00067      -0.22  552596956 0.0000e+00
    19.0180    0.00065      -0.22  552596958 0.0000e+00
    19.0383    0.00064      -0.22  552596959 0.0000e+00
    19.0739    0.00067      -0.22  552596961 0.0000e+00
    19.1036    0.00098      -0.22  552596962 0.0000e+00
    19.1306    0.00268      -0.22  552596964 0.0000e+00
    19.1478    0.00313      -0.22  552596965 0.0000e+00
    19.1766    0.00315      -0.22  552596967 0.0000e+00
    19.1927    0.00304      -0.22  552596968 0.0000e+00
    19.2020    0.00271      -0.22  552596970 0.0000e+00
    19.2099    0.00275      -0.22  552596971 0.0000e+00
    19.2241    0.00246      -0.22  552596973 0.0000e+00
    19.2152    0.00329      -0.22  552596974 0.0000e+00
    19.1260    0.00293      -0.22  552596976 0.0000e+00
    19.0993    0.00239      -0.22  552596977 0.0000e+00
    19.0795    0.00171      -0.22  552596979 0.0000e+00
    19.0701    0.00171      -0.22  552596980 0.0000e+00
    19.0822    0.00140      -0.22  552596982 0.0000e+00
    19.0936    0.00126      -0.22  552596984 0.0000e+00
    19.1093    0.00116      -0.22  552596985 0.0000e+00
    19.1342    0.00110      -0.22  552596987 0.0000e+00
    19.1391    0.00117      -0.22  552596988 0.0000e+00
    19.1243    0.00133      -0.22  552596990 0.0000e+00
    19.1119    0.00137      -0.22  552596991 0.0000e+00
    19.1037    0.00139      -0.22  552596993 0.0000e+00
    19.0506    0.00121      -0.22  552596994 0.0000e+00
    18.9810    0.00105      -0.22  552596996 0.0000e+00
    18.9518    0.00099      -0.22  552596997 0.0000e+00
    18.9138    0.00101      -0.22  552596999 0.0000e+00
    18.8486    0.00110      -0.22  552597000 0.0000e+00
    18.8015    0.00108      -0.22  552597002 0.0000e+00
    18.7832    0.00112      -0.22  552597003 0.0000e+00
    18.7384    0.00114      -0.22  552597005 0.0000e+00
    18.7279    0.00111      -0.22  552597006 0.0000e+00
    18.7204    0.00109      -0.22  552597008 0.0000e+00
    18.7034    0.00107      -0.22  552597009 0.0000e+00
    18.6857    0.00103      -0.22  552597011 0.0000e+00
    18.6785    0.00100      -0.22  552597012 0.0000e+00
    18.6484    0.00097      -0.22  552597014 0.0000e+00
    18.6281    0.00095      -0.22  552597015 0.0000e+00
    18.6031    0.00091      -0.22  552597017 0.0000e+00
    18.5924    0.00087      -0.22  552597019 0.0000e+00
    18.5723    0.00083      -0.22  552597020 0.0000e+00
    18.5711    0.00078      -0.22  552597022 0.0000e+00
    18.5777    0.00076      -0.22  552597023 0.0000e+00
    18.5608    0.87489       0.04  552597025 0.0000e+00
    17.5593    3.34299       1.11  552597026 0.0000e+00
    17.5166    3.36017       2.32  552597028 0.0000e+00
    17.5351    3.36889       2.45  552597029 0.0000e+00
    17.5383    3.37519       2.66  552597031 0.0000e+00
    17.5411    3.37633       2.59  552597032 0.0000e+00
    17.5316    3.37578       2.47  552597034 0.0000e+00
    17.5330    3.37038       2.74  552597035 0.0000e+00
    17.5360    3.37055       2.45  552597037 0.0000e+00
    17.5377    3.36331       2.62  552597038 0.0000e+00
    17.5388    3.36398       2.59  552597040 0.0000e+00
    17.5323    3.36638       2.57  552597041 0.0000e+00
    17.5322    3.35710       2.60  552597043 0.0000e+00
    17.5313    3.36661       2.52  552597044 0.0000e+00
    17.5310    3.35268       2.67  552597046 0.0000e+00
    17.5265    3.36619       2.47  552597047 0.0000e+00
    17.5271    3.35915       2.67  552597049 0.0000e+00
    17.5269    3.36433       2.56  552597051 0.0000e+00
    17.5284    3.36390       2.59  552597052 0.0000e+00
    17.5284    3.36501       2.64  552597054 0.0000e+00
    17.5274    3.36814       2.48  552597055 0.0000e+00
    17.5331    3.33408       2.83  552597057 0.0000e+00
    17.5389    3.36787       2.35  552597058 0.0000e+00
    17.5372    3.36600       2.88  552597060 0.0000e+00
    17.5402    3.36896       2.26  552597061 0.0000e+00
    17.5337    3.36889       2.97  552597063 0.0000e+00
    17.5324    3.36758       2.31  552597064 0.0000e+00
    17.5292    3.36908       2.81  552597066 0.0000e+00
    17.5305    3.36797       2.41  552597067 0.0000e+00
    17.5282    3.36942       2.70  552597069 0.0000e+00
    17.5278    3.36797       1.76  552597070 0.0000e+00
    17.5223    3.36818       1.02  552597072 0.0000e+00
    17.5246    3.36768       0.34  552597073 0.0000e+00
    17.5217    3.36790       0.77  552597075 0.0000e+00
    17.5327    3.36911       1.61  552597076 0.0000e+00
    17.5488    3.36990       2.81  552597078 0.0000e+00
    17.5288    3.36073       4.30  552597079 0.0000e+00
    16.5785    3.32159       5.13  552597081 0.0000e+00
    16.3522    3.29541       6.46  552597083 0.0000e+00
    16.1398    3.28966       7.37  552597084 0.0000e+00
    15.1900    3.24013       8.53  552597086 0.0000e+00
    13.3211    3.18669       9.35  552597087 0.0000e+00
     9.4828    3.08746      10.23  552597089 0.0000e+00
     9.0029    3.01842      11.56  552597090 0.0000e+00
     8.6631    3.04551      12.45  552597092 0.0000e+00
     8.1292    2.99104      13.96  552597093 0.0000e+00
     7.4736    3.00339      14.77  552597095 0.0000e+00
     6.2235    2.89576      16.30  552597096 0.0000e+00
     6.1537    2.93378      17.75  552597098 0.0000e+00
     6.8838    3.02740      18.91  552597099 0.0000e+00
     6.5828    3.02051      20.01  552597101 0.0000e+00
     6.3706    3.00603      21.43  552597102 0.0000e+00
     6.2456    3.03443      22.27  552597104 0.0000e+00
     5.9062    2.97948      23.89  552597105 0.0000e+00
     5.8025    2.98448      24.90  552597107 0.0000e+00
     4.7719    2.89522      26.39  552597108 0.0000e+00
     4.3834    2.91370      27.38  552597110 0.0000e+00
     4.5065    2.89329      28.74  552597111 0.0000e+00
     4.0657    2.85887      30.03  552597113 0.0000e+00
     3.5684    2.81683      31.46  552597114 0.0000e+00
     3.1755    2.83021      32.49  552597116 0.0000e+00
     3.1925    2.81206      33.59  552597118 0.0000e+00
     2.7182    2.77025      34.96  552597119 0.0000e+00
     2.5831    2.76553      36.06  552597121 0.0000e+00
     1.9420    2.72981      37.36  552597122 0.0000e+00
     1.7864    2.73265      38.18  552597124 0.0000e+00
     1.5272    2.70571      39.34  552597125 0.0000e+00
     1.3939    2.68528      40.46  552597127 0.0000e+00
     0.9025    2.68367      41.39  552597128 0.0000e+00
     0.6758    2.64222      42.67  552597130 0.0000e+00
     0.1949    2.61843      43.98  552597131 0.0000e+00
    -0.3336    2.58661      45.18  552597133 0.0000e+00
    -0.5829    2.57327      46.39  552597134 0.0000e+00
    -0.6697    2.56611      47.75  552597136 0.0000e+00
    -0.5431    2.58195      48.77  552597137 0.0000e+00
    -0.5636    2.56667      50.14  552597139 0.0000e+00
    -0.8053    2.57808      51.01  552597140 0.0000e+00
    -0.8569    2.55148      52.44  552597142 0.0000e+00
    -0.9090    2.55306      53.58  552597143 0.0000e+00
    -1.0125    2.55526      54.56  552597145 0.0000e+00
    -1.0451    2.53761      56.02  552597146 0.0000e+00
    -1.0618    2.54413      57.07  552597148 0.0000e+00
    -1.0997    2.53311      58.59  552597150 0.0000e+00
    -1.1122    2.53951      59.51  552597151 0.0000e+00
    -1.1220    2.53752      60.61  552597153 0.0000e+00
    -1.1022    2.53963      61.81  552597154 0.0000e+00
    -1.0465    2.54980      62.80  552597156 0.0000e+00
    -1.0063    2.55856      63.96  552597157 0.0000e+00
    -0.9329    2.56887      64.89  552597159 0.0000e+00
