Code/Hansen Zooplankton Code and Sample Data/data/ctd/gsl_09_SBE37SI-RS232_03706156_2017_08_08_final.cnv
* Sea-Bird SBE37SI-RS232  Data File:
* FileName = C:\Users\General Lab Use\Desktop\SHELAGH CTD 2017\gsl_09_SBE37SI-RS232_03706156_2017_08_08.cnv
* Software version 1.00d
* Temperature SN = 6156
* Conductivity SN = 6156
* System UpLoad Time = Aug 08 2017 10:00:07
* <ApplicationData>
* <Seaterm232>
# nquan = 7                                 
# nvalues = 2463                        
# units = specified
# name 0 = t090C: Temperature [ITS-90, deg C]
# name 1 = c0S/m: Conductivity [S/m]
# name 2 = prM: Pressure [db]
# name 3 = timeK: Time, Seacat Plus [seconds]
# name 4 = sal00: Salinity [PSU]
# name 5 = sigma-t00: Density [sigma-t, Kg/m^3 ]
# name 6 = flag: flag
# span 0 =    -0.7449,    17.6751       
# span 1 =   0.000200,   3.563640       
# span 2 =     -0.310,     77.380       
# span 3 =  555485108,  555488848       
# span 4 =     0.0089,    31.6066       
# span 5 =    -1.2509,    25.3815       
# span 6 = 0.0000e+00, 0.0000e+00       
# interval = seconds: 6.000000
# start_time = Aug 08 2017 05:25:08
# bad_flag = -9.990e-29
*END*
[from data line 821]
    17.6233   3.553950      0.020  555486355    26.5647    18.9113 0.0000e+00
    17.6264   3.551850     -0.030  555486357    26.5453    18.8958 0.0000e+00
    17.6280   3.550490      0.230  555486359    26.5330    18.8859 0.0000e+00
    17.6244   3.550460     -0.120  555486360    26.5352    18.8884 0.0000e+00
    17.6278   3.553620     -0.120  555486362    26.5591    18.9060 0.0000e+00
    17.6298   3.547890      0.410  555486363    26.5102    18.8682 0.0000e+00
    17.6256   3.555910     -0.170  555486365    26.5795    18.9221 0.0000e+00
    17.6282   3.553850      0.100  555486366    26.5607    18.9071 0.0000e+00
    17.6222   1.890550     -0.240  555486368    13.2871     8.7960 0.0000e+00
    17.4935   2.784030      0.030  555486369    20.3550    14.2039 0.0000e+00
    17.6176   1.861780     -0.240  555486371    13.0686     8.6307 0.0000e+00
    17.5000   2.280380     -0.040  555486372    16.3525    11.1541 0.0000e+00
    17.6204   2.664030      0.180  555486374    19.3330    13.3978 0.0000e+00
    17.6247   3.029370     -0.230  555486375    22.2663    15.6318 0.0000e+00
    17.6216   3.311190      0.190  555486377    24.5650    17.3854 0.0000e+00
    17.6233   3.552450     -0.120  555486378    26.5524    18.9018 0.0000e+00
    17.6271   3.555850      0.060  555486380    26.5780    18.9205 0.0000e+00
    17.6247   3.554210      0.000  555486381    26.5660    18.9119 0.0000e+00
    17.5912   1.107240     -0.180  555486383     7.4464     4.3584 0.0000e+00
    17.6036   2.701920     -0.070  555486384    19.6433    13.6378 0.0000e+00
    17.6234   2.040200     -0.240  555486386    14.4371     9.6707 0.0000e+00
    17.4095   2.360670      0.140  555486387    17.0211    11.6822 0.0000e+00
    17.6126   2.429960     -0.110  555486389    17.4818    11.9900 0.0000e+00
    17.6245   3.556640     -0.220  555486390    26.5863    18.9275 0.0000e+00
    17.5656   2.222880     -0.160  555486392    15.8767    10.7782 0.0000e+00
    17.6165   3.551370      0.090  555486393    26.5478    18.8999 0.0000e+00
    17.6224   1.979600     -0.240  555486395    13.9705     9.3158 0.0000e+00
    17.2205   0.306900     -0.250  555486396     1.9075     0.2021 0.0000e+00
    16.7525   0.195790     -0.240  555486398     1.2006    -0.2571 0.0000e+00
    16.3367   0.154410     -0.240  555486400     0.9452    -0.3823 0.0000e+00
    16.2587   0.097020     -0.250  555486401     0.5826    -0.6484 0.0000e+00
    15.9440   0.479720     -0.200  555486403     3.1633     1.3867 0.0000e+00
    17.4540   1.525770     -0.250  555486404    10.5688     6.7618 0.0000e+00
    17.2049   0.886140     -0.170  555486406     5.9138     3.2646 0.0000e+00
    17.5311   0.924370     -0.250  555486407     6.1395     3.3747 0.0000e+00
    17.1383   0.240980     -0.250  555486409     1.4803    -0.1104 0.0000e+00
    16.4487   0.174990     -0.250  555486410     1.0749    -0.3016 0.0000e+00
    15.9006   0.162130     -0.250  555486412     1.0055    -0.2635 0.0000e+00
    15.5104   0.149800     -0.250  555486413     0.9344    -0.2554 0.0000e+00
    15.1412   0.096760     -0.250  555486415     0.5972    -0.4580 0.0000e+00
    15.0354   0.099080     -0.250  555486416     0.6137    -0.4290 0.0000e+00
    14.8561   0.093100     -0.250  555486418     0.5777    -0.4297 0.0000e+00
    14.6992   0.094880     -0.260  555486419     0.5916    -0.3955 0.0000e+00
    14.6292   0.073120     -0.250  555486421     0.4519    -0.4932 0.0000e+00
    14.5689   0.093870     -0.260  555486422     0.5869    -0.3798 0.0000e+00
    14.5511   0.120400     -0.260  555486424     0.7614    -0.2422 0.0000e+00
    14.4557   0.117540     -0.260  555486425     0.7443    -0.2415 0.0000e+00
    14.3306   0.106060     -0.260  555486427     0.6706    -0.2803 0.0000e+00
    14.2258   0.118120     -0.260  555486428     0.7525    -0.2018 0.0000e+00
    14.1815   0.103930     -0.260  555486430     0.6590    -0.2679 0.0000e+00
    14.1388   0.096300     -0.260  555486431     0.6093    -0.3003 0.0000e+00
    14.1245   0.090810     -0.260  555486433     0.5733    -0.3262 0.0000e+00
    14.1042   0.094930     -0.260  555486434     0.6008    -0.3020 0.0000e+00
    13.9691   0.064210     -0.260  555486436     0.4015    -0.4376 0.0000e+00
    13.8836   0.076960     -0.260  555486438     0.4856    -0.3604 0.0000e+00
    13.8489   0.073910     -0.260  555486439     0.4660    -0.3708 0.0000e+00
    13.8318   0.070830     -0.270  555486441     0.4461    -0.3839 0.0000e+00
    13.8286   0.068160     -0.260  555486442     0.4287    -0.3970 0.0000e+00
    13.8629   0.058320     -0.260  555486444     0.3644    -0.4516 0.0000e+00
    13.8412   0.062870     -0.260  555486445     0.3941    -0.4256 0.0000e+00
    13.8328   0.062080     -0.260  555486447     0.3891    -0.4283 0.0000e+00
    13.8464   0.059190     -0.260  555486448     0.3702    -0.4449 0.0000e+00
    13.9003   0.055610     -0.260  555486450     0.3466    -0.4706 0.0000e+00
    13.9521   0.059990     -0.260  555486451     0.3744    -0.4563 0.0000e+00
    13.9173   0.055290     -0.260  555486453     0.3444    -0.4747 0.0000e+00
    13.8630   0.051040     -0.260  555486454     0.3175    -0.4881 0.0000e+00
    13.8444   0.055370     -0.260  555486456     0.3455    -0.4637 0.0000e+00
    13.8975   0.053030     -0.260  555486457     0.3300    -0.4831 0.0000e+00
    13.9130   0.051890     -0.260  555486459     0.3226    -0.4911 0.0000e+00
    13.8983   0.052300     -0.260  555486460     0.3253    -0.4869 0.0000e+00
    13.8975   0.052000     -0.270  555486462     0.3234    -0.4883 0.0000e+00
    13.9230   0.049670     -0.260  555486463     0.3083    -0.5036 0.0000e+00
    13.9625   0.045850     -0.260  555486465     0.2836    -0.5282 0.0000e+00
    13.9944   0.045980     -0.260  555486466     0.2842    -0.5322 0.0000e+00
    14.0494   0.058060     -0.260  555486468     0.3611    -0.4802 0.0000e+00
    14.0521   0.041920     -0.260  555486469     0.2581    -0.5606 0.0000e+00
    14.0405   0.046970     -0.260  555486471     0.2902    -0.5340 0.0000e+00
    14.0804   0.044430     -0.260  555486472     0.2738    -0.5523 0.0000e+00
    14.1144   0.044400     -0.250  555486474     0.2734    -0.5575 0.0000e+00
    14.1573   0.038450     -0.250  555486476     0.2356    -0.5929 0.0000e+00
    14.1932   0.037460     -0.250  555486477     0.2292    -0.6029 0.0000e+00
    14.2245   0.034520     -0.250  555486479     0.2106    -0.6218 0.0000e+00
    14.2485   0.034830     -0.250  555486480     0.2124    -0.6238 0.0000e+00
    14.2682   0.032490     -0.250  555486482     0.1978    -0.6380 0.0000e+00
    14.2879   0.032400     -0.250  555486483     0.1971    -0.6413 0.0000e+00
    14.3230   0.030640     -0.250  555486485     0.1860    -0.6549 0.0000e+00
    14.3472   0.030320     -0.250  555486486     0.1840    -0.6600 0.0000e+00
    14.3644   0.028540     -0.250  555486488     0.1729    -0.6710 0.0000e+00
    14.3813   0.027110     -0.250  555486489     0.1641    -0.6803 0.0000e+00
    14.3870   0.025870     -0.260  555486491     0.1564    -0.6871 0.0000e+00
    14.4113   0.026170     -0.260  555486492     0.1582    -0.6892 0.0000e+00
    14.4360   0.024320     -0.260  555486494     0.1468    -0.7016 0.0000e+00
    14.4453   0.023910     -0.260  555486495     0.1443    -0.7049 0.0000e+00
    14.4520   0.022660     -0.260  555486497     0.1367    -0.7118 0.0000e+00
    14.4454   0.023550     -0.260  555486498     0.1421    -0.7067 0.0000e+00
    14.4466   0.022990     -0.260  555486500     0.1387    -0.7095 0.0000e+00
    14.4519   0.023930     -0.260  555486501     0.1444    -0.7058 0.0000e+00
    14.4455   0.023320     -0.260  555486503     0.1407    -0.7078 0.0000e+00
    14.4273   0.022850     -0.260  555486504     0.1379    -0.7073 0.0000e+00
    14.3899   0.022460     -0.260  555486506     0.1356    -0.7037 0.0000e+00
    14.3839   0.022320     -0.260  555486507     0.1348    -0.7034 0.0000e+00
    14.3735   0.022630     -0.260  555486509     0.1367    -0.7005 0.0000e+00
    14.3727   0.022030     -0.260  555486510     0.1331    -0.7032 0.0000e+00
    14.3688   0.021760     -0.260  555486512     0.1314    -0.7039 0.0000e+00
    14.3525   0.021140     -0.260  555486514     0.1277    -0.7044 0.0000e+00
    14.3412   0.021200     -0.260  555486515     0.1281    -0.7025 0.0000e+00
    14.3351   0.021220     -0.260  555486517     0.1283    -0.7015 0.0000e+00
    14.3337   0.020450     -0.260  555486518     0.1236    -0.7049 0.0000e+00
    14.3374   0.020140     -0.260  555486520     0.1217    -0.7069 0.0000e+00
    14.3421   0.020070     -0.260  555486521     0.1213    -0.7080 0.0000e+00
    14.3535   0.019510     -0.260  555486523     0.1179    -0.7122 0.0000e+00
    14.3637   0.019340     -0.260  555486524     0.1168    -0.7145 0.0000e+00
    14.3659   0.019160     -0.260  555486526     0.1157    -0.7157 0.0000e+00
    14.3859   0.019160     -0.260  555486527     0.1157    -0.7186 0.0000e+00
    14.4220   0.019230     -0.270  555486529     0.1160    -0.7236 0.0000e+00
    14.4575   0.018990     -0.270  555486530     0.1145    -0.7299 0.0000e+00
    14.4817   0.019020     -0.270  555486532     0.1146    -0.7333 0.0000e+00
    14.4977   0.018740     -0.270  555486533     0.1128    -0.7369 0.0000e+00
    14.4907   0.018930     -0.270  555486535     0.1140    -0.7350 0.0000e+00
    14.4975   0.019030     -0.270  555486536     0.1146    -0.7356 0.0000e+00
    14.5036   0.019190     -0.270  555486538     0.1155    -0.7357 0.0000e+00
    14.5108   0.019190     -0.270  555486539     0.1155    -0.7368 0.0000e+00
    14.5260   0.019930     -0.270  555486541     0.1199    -0.7356 0.0000e+00
    14.5333   0.019730     -0.270  555486542     0.1187    -0.7376 0.0000e+00
    14.5333   0.019520     -0.270  555486544     0.1174    -0.7386 0.0000e+00
    14.5217   0.018890     -0.270  555486545     0.1137    -0.7398 0.0000e+00
    14.5127   0.019670     -0.270  555486547     0.1184    -0.7348 0.0000e+00
    14.5079   0.019240     -0.270  555486548     0.1158    -0.7361 0.0000e+00
    14.4987   0.019300     -0.270  555486550     0.1162    -0.7345 0.0000e+00
    14.4896   0.019080     -0.270  555486551     0.1149    -0.7342 0.0000e+00
    14.4852   0.018950     -0.270  555486553     0.1141    -0.7341 0.0000e+00
    14.4891   0.018860     -0.270  555486555     0.1136    -0.7351 0.0000e+00
    14.4856   0.018230     -0.280  555486556     0.1098    -0.7375 0.0000e+00
    14.4767   0.017710     -0.270  555486558     0.1067    -0.7387 0.0000e+00
    14.4562   0.017410     -0.270  555486559     0.1050    -0.7371 0.0000e+00
    14.4407   0.017270     -0.280  555486561     0.1042    -0.7354 0.0000e+00
    14.4309   0.017100     -0.270  555486562     0.1032    -0.7348 0.0000e+00
    14.4168   0.016750     -0.280  555486564     0.1011    -0.7344 0.0000e+00
    14.3982   0.016210     -0.280  555486565     0.0979    -0.7342 0.0000e+00
    14.3876   0.016090     -0.280  555486567     0.0972    -0.7332 0.0000e+00
    14.3826   0.015680     -0.280  555486568     0.0948    -0.7344 0.0000e+00
    14.3782   0.015760     -0.280  555486570     0.0953    -0.7333 0.0000e+00
    14.3674   0.015910     -0.280  555486571     0.0962    -0.7311 0.0000e+00
    14.3649   0.015960     -0.280  555486573     0.0965    -0.7305 0.0000e+00
    14.3620   0.016100     -0.280  555486574     0.0973    -0.7294 0.0000e+00
    14.3658   0.015920     -0.280  555486576     0.0962    -0.7308 0.0000e+00
    14.3642   0.015950     -0.280  555486577     0.0964    -0.7304 0.0000e+00
    14.3616   0.015740     -0.280  555486579     0.0952    -0.7310 0.0000e+00
    14.3754   0.015770     -0.280  555486580     0.0953    -0.7329 0.0000e+00
    14.3979   0.015530     -0.280  555486582     0.0939    -0.7373 0.0000e+00
    14.4151   0.015350     -0.280  555486583     0.0927    -0.7406 0.0000e+00
    14.4220   0.015390     -0.280  555486585     0.0930    -0.7414 0.0000e+00
    14.4318   0.015380     -0.280  555486586     0.0929    -0.7429 0.0000e+00
    14.4276   0.015370     -0.280  555486588     0.0928    -0.7423 0.0000e+00
    14.4235   0.015360     -0.280  555486590     0.0928    -0.7418 0.0000e+00
    14.4220   0.015470     -0.280  555486591     0.0934    -0.7411 0.0000e+00
    14.4142   0.015560     -0.280  555486593     0.0940    -0.7395 0.0000e+00
    14.4183   0.015520     -0.280  555486594     0.0938    -0.7403 0.0000e+00
    14.4196   0.015470     -0.280  555486596     0.0935    -0.7407 0.0000e+00
    14.4140   0.015440     -0.280  555486597     0.0933    -0.7400 0.0000e+00
    14.4096   0.015430     -0.280  555486599     0.0932    -0.7394 0.0000e+00
    14.4040   0.015440     -0.280  555486600     0.0933    -0.7386 0.0000e+00
    14.3980   0.015440     -0.280  555486602     0.0933    -0.7377 0.0000e+00
    14.3904   0.015460     -0.280  555486603     0.0935    -0.7365 0.0000e+00
    14.3878   0.015560     -0.280  555486605     0.0941    -0.7357 0.0000e+00
    14.3845   0.015570     -0.280  555486606     0.0941    -0.7351 0.0000e+00
    14.3833   0.015590     -0.280  555486608     0.0942    -0.7349 0.0000e+00
    14.3873   0.015610     -0.280  555486609     0.0944    -0.7354 0.0000e+00
    14.3940   0.015610     -0.280  555486611     0.0943    -0.7363 0.0000e+00
    14.4058   0.015520     -0.280  555486612     0.0938    -0.7385 0.0000e+00
    14.4064   0.015350     -0.280  555486614     0.0928    -0.7394 0.0000e+00
    14.4082   0.015800     -0.280  555486615     0.0954    -0.7375 0.0000e+00
    14.4112   0.016100     -0.290  555486617     0.0972    -0.7366 0.0000e+00
    14.4207   0.015810     -0.290  555486618     0.0955    -0.7393 0.0000e+00
    14.4279   0.015740     -0.290  555486620     0.0950    -0.7407 0.0000e+00
    14.4166   0.015670     -0.290  555486621     0.0947    -0.7394 0.0000e+00
    14.4072   0.015630     -0.290  555486623     0.0944    -0.7382 0.0000e+00
    14.3942   0.015550     -0.290  555486624     0.0940    -0.7366 0.0000e+00
    14.3817   0.015540     -0.290  555486626     0.0939    -0.7349 0.0000e+00
    14.3760   0.015510     -0.290  555486627     0.0938    -0.7342 0.0000e+00
    14.3725   0.015420     -0.290  555486629     0.0932    -0.7341 0.0000e+00
    14.3544   0.015400     -0.290  555486630     0.0932    -0.7316 0.0000e+00
    14.3394   0.015340     -0.290  555486632     0.0928    -0.7297 0.0000e+00
    14.3320   0.015240     -0.290  555486634     0.0923    -0.7291 0.0000e+00
    14.3124   0.015180     -0.290  555486635     0.0919    -0.7265 0.0000e+00
    14.2985   0.015080     -0.290  555486637     0.0914    -0.7250 0.0000e+00
    14.2843   0.015060     -0.290  555486638     0.0913    -0.7230 0.0000e+00
    14.2730   0.015030     -0.290  555486640     0.0911    -0.7215 0.0000e+00
    14.2620   0.014960     -0.290  555486641     0.0907    -0.7203 0.0000e+00
    14.2417   0.014880     -0.290  555486643     0.0903    -0.7177 0.0000e+00
    14.2242   0.014800     -0.290  555486644     0.0898    -0.7156 0.0000e+00
    14.2155   0.014670     -0.290  555486646     0.0891    -0.7149 0.0000e+00
    14.2005   0.014600     -0.290  555486647     0.0887    -0.7131 0.0000e+00
    14.1604   0.015610     -0.290  555486649     0.0948    -0.7027 0.0000e+00
    14.1353   0.018710     -0.290  555486650     0.1136    -0.6846 0.0000e+00
    14.1322   0.018830     -0.290  555486652     0.1143    -0.6835 0.0000e+00
    14.1215   0.019290     -0.290  555486653     0.1171    -0.6798 0.0000e+00
    14.1154   0.020220     -0.300  555486655     0.1228    -0.6746 0.0000e+00
    14.1152   0.029870     -0.300  555486656     0.1822    -0.6284 0.0000e+00
    14.1083   0.030350     -0.300  555486658     0.1852    -0.6251 0.0000e+00
    14.1110   0.027840     -0.290  555486659     0.1696    -0.6376 0.0000e+00
    14.1119   0.025500     -0.290  555486661     0.1552    -0.6489 0.0000e+00
    14.1009   0.024180     -0.290  555486662     0.1471    -0.6537 0.0000e+00
    14.0977   0.023260     -0.290  555486664     0.1415    -0.6576 0.0000e+00
