Code/Hansen Zooplankton Code and Sample Data/data/ctd/gsl_15_SBE37SI-RS232_03706156_2017_08_12_final.cnv
* Sea-Bird SBE37SI-RS232  Data File:
* FileName = C:\Users\General Lab Use\Desktop\SHELAGH CTD 2017\gsl_15_SBE37SI-RS232_03706156_2017_08_12.cnv
* Software version 1.00d
* Temperature SN = 6156
* Conductivity SN = 6156
* System UpLoad Time = Aug 12 2017 05:01:32
* <ApplicationData>
* <Seaterm232>
# nquan = 7                                 
# nvalues = 2498                        
# units = specified
# name 0 = t090C: Temperature [ITS-90, deg C]
# name 1 = c0S/m: Conductivity [S/m]
# name 2 = prM: Pressure [db]
# name 3 = timeK: Time, Seacat Plus [seconds]
# name 4 = sal00: Salinity [PSU]
# name 5 = sigma-t00: Density [sigma-t, Kg/m^3 ]
# name 6 = flag: flag
# span 0 =    -0.8190,    20.1498       
# span 1 =   0.000290,   3.673860       
# span 2 =     -0.250,     72.140       
# span 3 =  555814505,  555818311       
# span 4 =     0.0101,    31.8351       
# span 5 =    -1.7889,    25.5512       
# span 6 = 0.0000e+00, 0.0000e+00       
# interval = seconds: 6.000000
# start_time = Aug 12 2017 00:55:05
# bad_flag = -9.990e-29
*END*
[from data line 1026]
    17.7057   0.018050     -0.220  555816068     0.1015    -1.2710 0.0000e+00
    17.7100   0.017990     -0.220  555816069     0.1012    -1.2721 0.0000e+00
    17.7101   0.017950     -0.220  555816071     0.1010    -1.2723 0.0000e+00
    17.7061   0.017930     -0.220  555816072     0.1009    -1.2716 0.0000e+00
    17.7176   0.017880     -0.220  555816074     0.1006    -1.2739 0.0000e+00
    17.7165   0.017860     -0.220  555816075     0.1005    -1.2738 0.0000e+00
    17.7332   0.017850     -0.220  555816077     0.1004    -1.2769 0.0000e+00
    17.7409   0.017800     -0.220  555816078     0.1001    -1.2786 0.0000e+00
    17.7411   0.017810     -0.220  555816080     0.1001    -1.2786 0.0000e+00
    17.7375   0.017760     -0.220  555816081     0.0999    -1.2781 0.0000e+00
    17.7391   0.017750     -0.220  555816083     0.0998    -1.2784 0.0000e+00
    17.7422   0.017720     -0.220  555816084     0.0996    -1.2791 0.0000e+00
    17.7434   0.017670     -0.220  555816086     0.0994    -1.2796 0.0000e+00
    17.7372   0.017660     -0.220  555816087     0.0993    -1.2785 0.0000e+00
    17.7311   0.017600     -0.220  555816089     0.0990    -1.2776 0.0000e+00
    17.7295   0.017600     -0.220  555816091     0.0990    -1.2773 0.0000e+00
    17.7324   0.017530     -0.220  555816092     0.0986    -1.2781 0.0000e+00
    17.7280   0.017560     -0.220  555816094     0.0988    -1.2772 0.0000e+00
    17.7300   0.017470     -0.220  555816095     0.0983    -1.2780 0.0000e+00
    17.7330   0.017480     -0.220  555816097     0.0983    -1.2785 0.0000e+00
    17.7378   0.017430     -0.220  555816098     0.0980    -1.2796 0.0000e+00
    17.7389   0.017430     -0.220  555816100     0.0980    -1.2798 0.0000e+00
    17.7436   0.017390     -0.230  555816101     0.0978    -1.2808 0.0000e+00
    17.7402   0.017410     -0.220  555816103     0.0979    -1.2801 0.0000e+00
    17.7570   0.017340     -0.220  555816104     0.0975    -1.2835 0.0000e+00
    17.7668   0.017430     -0.220  555816106     0.0980    -1.2849 0.0000e+00
    17.7739   0.017360     -0.230  555816107     0.0976    -1.2865 0.0000e+00
    17.7730   0.017400     -0.220  555816109     0.0978    -1.2862 0.0000e+00
    17.7771   0.017360     -0.220  555816110     0.0976    -1.2871 0.0000e+00
    17.7720   0.017340     -0.220  555816112     0.0975    -1.2862 0.0000e+00
    17.7741   0.017320     -0.220  555816113     0.0974    -1.2867 0.0000e+00
    17.7677   0.017320     -0.220  555816115     0.0974    -1.2855 0.0000e+00
    17.7779   0.017260     -0.220  555816116     0.0970    -1.2877 0.0000e+00
    17.7867   0.017260     -0.220  555816118     0.0970    -1.2893 0.0000e+00
    17.7987   0.017230     -0.220  555816120     0.0968    -1.2916 0.0000e+00
    17.7974   0.017210     -0.220  555816121     0.0967    -1.2915 0.0000e+00
    17.7939   0.017180     -0.220  555816123     0.0966    -1.2909 0.0000e+00
    17.7832   0.017170     -0.220  555816124     0.0965    -1.2890 0.0000e+00
    17.7777   0.017150     -0.220  555816126     0.0964    -1.2881 0.0000e+00
    17.7743   0.017140     -0.220  555816127     0.0964    -1.2875 0.0000e+00
    17.7707   0.017110     -0.220  555816129     0.0962    -1.2870 0.0000e+00
    17.7669   0.017100     -0.220  555816130     0.0962    -1.2863 0.0000e+00
    17.7681   0.017060     -0.220  555816132     0.0959    -1.2867 0.0000e+00
    17.7656   0.017040     -0.220  555816133     0.0958    -1.2863 0.0000e+00
    17.7605   0.017040     -0.230  555816135     0.0959    -1.2854 0.0000e+00
    17.7545   0.017010     -0.220  555816136     0.0957    -1.2844 0.0000e+00
    17.7525   0.016990     -0.220  555816138     0.0956    -1.2841 0.0000e+00
    17.7555   0.016970     -0.220  555816139     0.0955    -1.2848 0.0000e+00
    17.7613   0.016960     -0.220  555816141     0.0954    -1.2859 0.0000e+00
    17.7656   0.016940     -0.220  555816142     0.0953    -1.2867 0.0000e+00
    17.7589   0.016920     -0.220  555816144     0.0952    -1.2856 0.0000e+00
    17.7596   0.016910     -0.220  555816145     0.0951    -1.2858 0.0000e+00
    17.7583   0.016890     -0.220  555816147     0.0950    -1.2856 0.0000e+00
    17.7572   0.016870     -0.220  555816148     0.0949    -1.2855 0.0000e+00
    17.7563   0.016840     -0.220  555816150     0.0948    -1.2855 0.0000e+00
    17.7524   0.016840     -0.220  555816151     0.0948    -1.2847 0.0000e+00
    17.7563   0.016820     -0.220  555816153     0.0947    -1.2855 0.0000e+00
    17.7560   0.016790     -0.220  555816155     0.0945    -1.2856 0.0000e+00
    17.7562   0.016770     -0.220  555816156     0.0944    -1.2857 0.0000e+00
    17.7662   0.016740     -0.220  555816158     0.0942    -1.2877 0.0000e+00
    17.7787   0.016750     -0.230  555816159     0.0942    -1.2900 0.0000e+00
    17.7821   0.016700     -0.220  555816161     0.0939    -1.2908 0.0000e+00
    17.7791   0.016730     -0.220  555816162     0.0941    -1.2901 0.0000e+00
    17.7785   0.016680     -0.220  555816164     0.0938    -1.2902 0.0000e+00
    17.7727   0.016690     -0.220  555816165     0.0939    -1.2891 0.0000e+00
    17.7705   0.016640     -0.220  555816167     0.0936    -1.2889 0.0000e+00
    17.7692   0.016650     -0.220  555816168     0.0937    -1.2886 0.0000e+00
    17.7702   0.016610     -0.220  555816170     0.0935    -1.2890 0.0000e+00
    17.7821   0.016610     -0.220  555816171     0.0935    -1.2912 0.0000e+00
    17.8001   0.016580     -0.220  555816173     0.0933    -1.2946 0.0000e+00
    17.8222   0.016560     -0.220  555816174     0.0931    -1.2988 0.0000e+00
    17.8388   0.016540     -0.220  555816176     0.0930    -1.3019 0.0000e+00
    17.8463   0.016530     -0.220  555816177     0.0929    -1.3034 0.0000e+00
    17.8491   0.016500     -0.220  555816179     0.0927    -1.3040 0.0000e+00
    17.8460   0.016470     -0.220  555816180     0.0926    -1.3036 0.0000e+00
    17.8499   0.016450     -0.220  555816182     0.0924    -1.3044 0.0000e+00
    17.8457   0.016410     -0.220  555816183     0.0922    -1.3038 0.0000e+00
    17.8462   0.016390     -0.220  555816185     0.0921    -1.3039 0.0000e+00
    17.8614   0.016350     -0.220  555816187     0.0919    -1.3069 0.0000e+00
    17.8714   0.016340     -0.220  555816188     0.0918    -1.3088 0.0000e+00
    17.8773   0.016320     -0.220  555816190     0.0917    -1.3100 0.0000e+00
    17.8748   0.016290     -0.220  555816191     0.0915    -1.3096 0.0000e+00
    17.8810   0.016260     -0.220  555816193     0.0914    -1.3109 0.0000e+00
    17.8803   0.016260     -0.220  555816194     0.0914    -1.3108 0.0000e+00
    17.8832   0.016230     -0.220  555816196     0.0912    -1.3115 0.0000e+00
    17.8930   0.016250     -0.220  555816197     0.0913    -1.3132 0.0000e+00
    17.8988   0.016210     -0.220  555816199     0.0910    -1.3144 0.0000e+00
    17.9045   0.016210     -0.220  555816200     0.0910    -1.3155 0.0000e+00
    17.9068   0.016190     -0.220  555816202     0.0909    -1.3160 0.0000e+00
    17.8984   0.016150     -0.220  555816203     0.0907    -1.3146 0.0000e+00
    17.8867   0.016160     -0.220  555816205     0.0908    -1.3124 0.0000e+00
    17.8870   0.016130     -0.220  555816206     0.0906    -1.3126 0.0000e+00
    17.8874   0.016130     -0.220  555816208     0.0906    -1.3126 0.0000e+00
    17.8852   0.016120     -0.220  555816209     0.0906    -1.3123 0.0000e+00
    17.8888   0.016080     -0.220  555816211     0.0904    -1.3131 0.0000e+00
    17.8907   0.016090     -0.220  555816212     0.0904    -1.3134 0.0000e+00
    17.8939   0.016040     -0.220  555816214     0.0901    -1.3142 0.0000e+00
    17.8979   0.016050     -0.220  555816215     0.0902    -1.3149 0.0000e+00
    17.9025   0.016020     -0.220  555816217     0.0900    -1.3159 0.0000e+00
    17.9064   0.016000     -0.220  555816219     0.0899    -1.3167 0.0000e+00
    17.9006   0.015960     -0.220  555816220     0.0897    -1.3158 0.0000e+00
    17.8930   0.015970     -0.220  555816222     0.0897    -1.3144 0.0000e+00
    17.8855   0.015910     -0.220  555816223     0.0894    -1.3132 0.0000e+00
    17.8831   0.015960     -0.220  555816225     0.0897    -1.3126 0.0000e+00
    17.8939   0.015880     -0.220  555816226     0.0893    -1.3149 0.0000e+00
    17.8990   0.015970     -0.220  555816228     0.0897    -1.3155 0.0000e+00
    17.9057   0.015860     -0.220  555816229     0.0891    -1.3172 0.0000e+00
    17.9046   0.015970     -0.220  555816231     0.0897    -1.3165 0.0000e+00
    17.9123   0.015860     -0.220  555816232     0.0891    -1.3184 0.0000e+00
    17.9097   0.015940     -0.220  555816234     0.0896    -1.3176 0.0000e+00
    17.9111   0.015810     -0.220  555816235     0.0888    -1.3184 0.0000e+00
    17.9069   0.015940     -0.220  555816237     0.0896    -1.3171 0.0000e+00
    17.9110   0.015810     -0.220  555816238     0.0888    -1.3184 0.0000e+00
    17.9155   0.015930     -0.220  555816240     0.0895    -1.3187 0.0000e+00
    17.9150   0.015810     -0.220  555816241     0.0888    -1.3191 0.0000e+00
    17.9264   0.015880     -0.220  555816243     0.0892    -1.3209 0.0000e+00
    17.9337   0.015800     -0.220  555816244     0.0887    -1.3226 0.0000e+00
    17.9326   0.015810     -0.220  555816246     0.0888    -1.3224 0.0000e+00
    17.9355   0.015790     -0.220  555816247     0.0887    -1.3230 0.0000e+00
    17.9310   0.015740     -0.220  555816249     0.0884    -1.3224 0.0000e+00
    17.9312   0.015760     -0.220  555816251     0.0885    -1.3223 0.0000e+00
    17.9218   0.015690     -0.220  555816252     0.0882    -1.3209 0.0000e+00
    17.9127   0.015720     -0.220  555816254     0.0883    -1.3191 0.0000e+00
    17.9114   0.015650     -0.220  555816255     0.0880    -1.3191 0.0000e+00
    17.9148   0.015690     -0.220  555816257     0.0882    -1.3196 0.0000e+00
    17.9072   0.015640     -0.220  555816258     0.0879    -1.3184 0.0000e+00
    17.9005   0.015690     -0.220  555816260     0.0882    -1.3169 0.0000e+00
    17.8962   0.015610     -0.220  555816261     0.0878    -1.3165 0.0000e+00
    17.8902   0.015670     -0.220  555816263     0.0881    -1.3151 0.0000e+00
    17.8868   0.015610     -0.220  555816264     0.0878    -1.3147 0.0000e+00
    17.8850   0.015630     -0.220  555816266     0.0879    -1.3143 0.0000e+00
    17.8786   0.015590     -0.220  555816267     0.0877    -1.3133 0.0000e+00
    17.8769   0.015600     -0.220  555816269     0.0878    -1.3129 0.0000e+00
    17.8783   0.015550     -0.220  555816270     0.0875    -1.3134 0.0000e+00
    17.8735   0.015570     -0.220  555816272     0.0876    -1.3124 0.0000e+00
    17.8778   0.015550     -0.220  555816273     0.0875    -1.3133 0.0000e+00
    17.8763   0.015530     -0.220  555816275     0.0874    -1.3131 0.0000e+00
    17.8785   0.015540     -0.220  555816276     0.0874    -1.3135 0.0000e+00
    17.8752   0.015500     -0.220  555816278     0.0872    -1.3130 0.0000e+00
    17.8708   0.015510     -0.220  555816280     0.0873    -1.3122 0.0000e+00
    17.8691   0.015480     -0.220  555816281     0.0871    -1.3120 0.0000e+00
    17.8615   0.015470     -0.220  555816283     0.0871    -1.3106 0.0000e+00
    17.8648   0.015470     -0.220  555816284     0.0871    -1.3112 0.0000e+00
    17.8611   0.015430     -0.220  555816286     0.0869    -1.3107 0.0000e+00
    17.8625   0.015450     -0.220  555816287     0.0870    -1.3109 0.0000e+00
    17.8672   0.015400     -0.220  555816289     0.0867    -1.3120 0.0000e+00
    17.8789   0.015410     -0.220  555816290     0.0867    -1.3141 0.0000e+00
    17.8834   0.015370     -0.220  555816292     0.0865    -1.3151 0.0000e+00
    17.8861   0.015390     -0.220  555816293     0.0866    -1.3155 0.0000e+00
    17.8823   0.015330     -0.220  555816295     0.0863    -1.3151 0.0000e+00
    17.8761   0.015380     -0.220  555816296     0.0866    -1.3137 0.0000e+00
    17.8760   0.015300     -0.220  555816298     0.0861    -1.3140 0.0000e+00
    17.8768   0.015350     -0.220  555816299     0.0864    -1.3140 0.0000e+00
    17.8778   0.015260     -0.220  555816301     0.0859    -1.3145 0.0000e+00
    17.8745   0.015320     -0.220  555816302     0.0862    -1.3137 0.0000e+00
    17.8718   0.015230     -0.220  555816304     0.0857    -1.3135 0.0000e+00
    17.8730   0.015290     -0.220  555816305     0.0861    -1.3135 0.0000e+00
    17.8748   0.015210     -0.220  555816307     0.0856    -1.3142 0.0000e+00
    17.8772   0.015260     -0.220  555816308     0.0859    -1.3144 0.0000e+00
    17.8774   0.015190     -0.220  555816310     0.0855    -1.3147 0.0000e+00
    17.8735   0.015220     -0.220  555816311     0.0857    -1.3139 0.0000e+00
    17.8747   0.015190     -0.220  555816313     0.0855    -1.3142 0.0000e+00
    17.8702   0.015170     -0.220  555816315     0.0854    -1.3135 0.0000e+00
    17.8641   0.015180     -0.220  555816316     0.0855    -1.3123 0.0000e+00
    17.8631   0.015120     -0.220  555816318     0.0852    -1.3124 0.0000e+00
    17.8677   0.015160     -0.220  555816319     0.0854    -1.3131 0.0000e+00
    17.8697   0.015100     -0.220  555816321     0.0850    -1.3137 0.0000e+00
    17.8692   0.015130     -0.220  555816322     0.0852    -1.3135 0.0000e+00
    17.8695   0.015040     -0.220  555816324     0.0847    -1.3139 0.0000e+00
    17.8679   0.015130     -0.220  555816325     0.0852    -1.3132 0.0000e+00
    17.8639   0.015020     -0.220  555816327     0.0846    -1.3130 0.0000e+00
    17.8647   0.015140     -0.220  555816328     0.0853    -1.3126 0.0000e+00
    17.8754   0.015040     -0.220  555816330     0.0847    -1.3150 0.0000e+00
    17.8798   0.015120     -0.220  555816331     0.0851    -1.3155 0.0000e+00
    17.8821   0.015030     -0.220  555816333     0.0846    -1.3163 0.0000e+00
    17.8809   0.015090     -0.220  555816334     0.0850    -1.3158 0.0000e+00
    17.8776   0.015030     -0.220  555816336     0.0846    -1.3155 0.0000e+00
    17.8742   0.015030     -0.220  555816337     0.0847    -1.3148 0.0000e+00
    17.8754   0.015000     -0.220  555816339     0.0845    -1.3152 0.0000e+00
    17.8759   0.015000     -0.220  555816340     0.0845    -1.3153 0.0000e+00
    17.8769   0.014970     -0.220  555816342     0.0843    -1.3156 0.0000e+00
    17.8803   0.014970     -0.220  555816344     0.0843    -1.3162 0.0000e+00
    17.8929   0.014940     -0.220  555816345     0.0841    -1.3187 0.0000e+00
    17.8936   0.014930     -0.220  555816347     0.0841    -1.3188 0.0000e+00
    17.8917   0.014910     -0.220  555816348     0.0840    -1.3186 0.0000e+00
    17.8955   0.014900     -0.220  555816350     0.0839    -1.3193 0.0000e+00
    17.8960   0.014880     -0.220  555816351     0.0838    -1.3195 0.0000e+00
    17.8926   0.014890     -0.220  555816353     0.0839    -1.3188 0.0000e+00
    17.8865   0.014850     -0.220  555816354     0.0837    -1.3179 0.0000e+00
    17.8840   0.014880     -0.220  555816356     0.0838    -1.3173 0.0000e+00
    17.8927   0.014820     -0.220  555816357     0.0835    -1.3191 0.0000e+00
    17.8912   0.014860     -0.220  555816359     0.0837    -1.3187 0.0000e+00
    17.8982   0.014790     -0.220  555816360     0.0833    -1.3203 0.0000e+00
    17.9021   0.014850     -0.220  555816362     0.0836    -1.3207 0.0000e+00
    17.8985   0.014770     -0.220  555816363     0.0832    -1.3204 0.0000e+00
    17.8962   0.014840     -0.220  555816365     0.0836    -1.3197 0.0000e+00
    17.8979   0.014770     -0.220  555816366     0.0832    -1.3203 0.0000e+00
    17.8943   0.014810     -0.220  555816368     0.0834    -1.3195 0.0000e+00
    17.8939   0.014750     -0.220  555816369     0.0831    -1.3196 0.0000e+00
    17.8934   0.014770     -0.220  555816371     0.0832    -1.3195 0.0000e+00
    17.8995   0.014740     -0.220  555816372     0.0830    -1.3207 0.0000e+00
    17.9094   0.014740     -0.220  555816374     0.0830    -1.3226 0.0000e+00
    17.9108   0.014730     -0.220  555816375     0.0830    -1.3229 0.0000e+00
    17.9109   0.014700     -0.220  555816377     0.0828    -1.3230 0.0000e+00
