Code/Hansen Zooplankton Code and Sample Data/data/ctd/gsl_03_SBE37SI-RS232_03706156_2017_07_05_final.cnv
* Sea-Bird SBE37SI-RS232  Data File:
* FileName = C:\Users\General Lab Use\Desktop\SHELAGH CTD 2017\gsl_03_SBE37SI-RS232_03706156_2017_07_05.cnv
* Software version 1.00d
* Temperature SN = 6156
* Conductivity SN = 6156
* System UpLoad Time = Jul 05 2017 12:41:05
* <ApplicationData>
* <Seaterm232>
# nquan = 7                                 
# nvalues = 1164                        
# units = specified
# name 0 = t090C: Temperature [ITS-90, deg C]
# name 1 = c0S/m: Conductivity [S/m]
# name 2 = prM: Pressure [db]
# name 3 = timeK: Time, Seacat Plus [seconds]
# name 4 = sal00: Salinity [PSU]
# name 5 = sigma-t00: Density [sigma-t, Kg/m^3 ]
# name 6 = flag: flag
# span 0 =    -0.1974,    15.7360       
# span 1 =   0.001340,   3.148850       
# span 2 =     -0.240,     87.600       
# span 3 =  552546502,  552548270       
# span 4 =     0.0130,    32.6075       
# span 5 =    -0.9609,    26.0940       
# span 6 = 0.0000e+00, 0.0000e+00       
# interval = seconds: 6.000000
# start_time = Jul 05 2017 05:08:22
# bad_flag = -9.990e-29
*END*
[from data line 206]
     2.8314   2.860030     26.240  552546815    31.4306    25.0505 0.0000e+00
     2.3247   2.765760     27.520  552546817    30.7737    24.5644 0.0000e+00
     2.0657   2.754640     28.640  552546818    30.8877    24.6738 0.0000e+00
     1.6952   2.741730     29.750  552546820    31.0902    24.8607 0.0000e+00
     1.4503   2.733410     30.760  552546821    31.2283    24.9869 0.0000e+00
     1.1705   2.713830     31.920  552546823    31.2598    25.0290 0.0000e+00
     1.1205   2.724040     32.830  552546824    31.4392    25.1760 0.0000e+00
     0.9484   2.702220     34.220  552546826    31.3340    25.1012 0.0000e+00
     0.8952   2.696340     35.400  552546827    31.3119    25.0863 0.0000e+00
     0.8185   2.695130     36.590  552546829    31.3732    25.1398 0.0000e+00
     0.6860   2.691780     37.740  552546830    31.4640    25.2198 0.0000e+00
     0.6364   2.688670     38.860  552546832    31.4738    25.2303 0.0000e+00
     0.4154   2.674160     40.300  552546833    31.5110    25.2713 0.0000e+00
     0.2226   2.690270     41.390  552546835    31.9189    25.6092 0.0000e+00
     0.1710   2.691020     42.300  552546836    31.9820    25.6625 0.0000e+00
     0.0617   2.672970     43.550  552546838    31.8587    25.5681 0.0000e+00
     0.0614   2.673700     44.570  552546839    31.8680    25.5756 0.0000e+00
     0.1131   2.678720     45.820  552546841    31.8792    25.5823 0.0000e+00
     0.0966   2.678930     46.900  552546842    31.8986    25.5987 0.0000e+00
     0.0493   2.673260     48.090  552546844    31.8728    25.5800 0.0000e+00
     0.0045   2.673430     49.030  552546845    31.9212    25.6211 0.0000e+00
    -0.1050   2.659210     50.270  552546847    31.8476    25.5664 0.0000e+00
    -0.1810   2.668420     51.100  552546848    32.0483    25.7317 0.0000e+00
    -0.1684   2.668930     52.110  552546850    32.0413    25.7254 0.0000e+00
    -0.1568   2.656370     53.380  552546851    31.8625    25.5806 0.0000e+00
    -0.1586   2.664140     54.480  552546853    31.9663    25.6645 0.0000e+00
    -0.1364   2.658770     55.780  552546854    31.8715    25.5870 0.0000e+00
    -0.1052   2.666410     56.860  552546856    31.9390    25.6402 0.0000e+00
    -0.0942   2.661680     58.080  552546858    31.8644    25.5795 0.0000e+00
    -0.0841   2.667840     59.120  552546859    31.9344    25.6356 0.0000e+00
    -0.0458   2.667180     60.470  552546861    31.8850    25.5940 0.0000e+00
    -0.0181   2.676090     61.560  552546862    31.9726    25.6635 0.0000e+00
    -0.0013   2.672890     62.840  552546864    31.9122    25.6141 0.0000e+00
     0.0111   2.674130     64.110  552546865    31.9149    25.6157 0.0000e+00
     0.0277   2.675800     65.140  552546867    31.9189    25.6182 0.0000e+00
     0.0401   2.676500     66.290  552546868    31.9145    25.6141 0.0000e+00
     0.0446   2.677730     67.390  552546870    31.9253    25.6226 0.0000e+00
     0.0503   2.677250     68.590  552546871    31.9124    25.6119 0.0000e+00
     0.0584   2.678640     69.710  552546873    31.9215    25.6189 0.0000e+00
     0.0839   2.682520     70.570  552546874    31.9453    25.6370 0.0000e+00
     0.1512   2.688840     72.000  552546876    31.9571    25.6434 0.0000e+00
     0.2310   2.695620     72.900  552546877    31.9621    25.6436 0.0000e+00
     0.2871   2.703130     74.220  552546879    32.0009    25.6722 0.0000e+00
     0.3063   2.704810     74.780  552546880    32.0025    25.6726 0.0000e+00
     0.3689   2.715120     76.380  552546882    32.0706    25.7244 0.0000e+00
     0.4792   2.719480     77.220  552546883    32.0121    25.6717 0.0000e+00
     0.5450   2.732020     78.470  552546885    32.1055    25.7435 0.0000e+00
     0.5860   2.736150     79.400  552546886    32.1158    25.7496 0.0000e+00
     0.9648   2.783770     80.750  552546888    32.3341    25.9041 0.0000e+00
     1.1965   2.796780     81.730  552546889    32.2595    25.8302 0.0000e+00
     1.3934   2.830410     83.140  552546891    32.4817    25.9961 0.0000e+00
     1.4312   2.831980     84.080  552546892    32.4618    25.9778 0.0000e+00
     1.4343   2.838700     85.620  552546894    32.5428    26.0425 0.0000e+00
     1.4363   2.832930     86.410  552546896    32.4673    25.9818 0.0000e+00
     1.4363   2.835720     87.220  552546897    32.5021    26.0098 0.0000e+00
     1.4367   2.831930     87.510  552546899    32.4536    25.9708 0.0000e+00
     1.4367   2.830840     87.550  552546900    32.4398    25.9598 0.0000e+00
     1.4276   2.828190     87.590  552546902    32.4157    25.9410 0.0000e+00
     1.4118   2.826310     87.600  552546903    32.4082    25.9360 0.0000e+00
     1.4081   2.825020     87.590  552546905    32.3958    25.9263 0.0000e+00
     1.4093   2.831770     87.210  552546906    32.4801    25.9939 0.0000e+00
     1.4382   2.837830     86.440  552546908    32.5272    26.0298 0.0000e+00
     1.4404   2.838180     85.950  552546909    32.5297    26.0316 0.0000e+00
     1.4399   2.841210     85.110  552546911    32.5690    26.0632 0.0000e+00
     1.4392   2.842130     83.850  552546912    32.5820    26.0737 0.0000e+00
     1.4397   2.841890     83.270  552546914    32.5788    26.0711 0.0000e+00
     1.4396   2.843210     82.270  552546915    32.5962    26.0850 0.0000e+00
     1.4392   2.842830     82.480  552546917    32.5917    26.0814 0.0000e+00
     1.4392   2.843060     82.280  552546918    32.5947    26.0839 0.0000e+00
     1.4375   2.842960     82.380  552546920    32.5951    26.0843 0.0000e+00
     1.4405   2.843900     82.240  552546921    32.6040    26.0912 0.0000e+00
     1.4372   2.843680     82.050  552546923    32.6047    26.0921 0.0000e+00
     1.4415   2.844230     81.480  552546924    32.6075    26.0940 0.0000e+00
     1.3560   2.826100     79.850  552546926    32.4677    25.9873 0.0000e+00
     1.0420   2.789000     78.360  552546927    32.3221    25.8899 0.0000e+00
     0.6478   2.747000     76.730  552546929    32.1932    25.8087 0.0000e+00
     0.5343   2.735970     75.000  552546930    32.1698    25.7958 0.0000e+00
     0.3972   2.720640     73.510  552546932    32.1146    25.7584 0.0000e+00
     0.3073   2.711380     72.040  552546933    32.0887    25.7420 0.0000e+00
     0.2453   2.701980     70.390  552546935    32.0317    25.6990 0.0000e+00
     0.1476   2.690180     69.210  552546936    31.9800    25.6620 0.0000e+00
     0.0718   2.681540     67.730  552546938    31.9467    25.6386 0.0000e+00
     0.0558   2.679250     66.280  552546940    31.9342    25.6293 0.0000e+00
     0.0475   2.677760     64.790  552546941    31.9242    25.6215 0.0000e+00
     0.0293   2.673850     63.150  552546943    31.8928    25.5970 0.0000e+00
     0.0101   2.671380     61.350  552546944    31.8814    25.5887 0.0000e+00
    -0.0049   2.668900     59.970  552546946    31.8652    25.5763 0.0000e+00
    -0.0314   2.664940     58.430  552546947    31.8416    25.5584 0.0000e+00
    -0.0647   2.666570     58.240  552546949    31.8979    25.6053 0.0000e+00
    -0.0867   2.657210     56.940  552546950    31.7984    25.5259 0.0000e+00
    -0.0979   2.654720     55.310  552546952    31.7782    25.5101 0.0000e+00
    -0.1136   2.655700     54.160  552546953    31.8081    25.5349 0.0000e+00
    -0.1516   2.645680     52.460  552546955    31.7166    25.4626 0.0000e+00
    -0.1620   2.643920     50.940  552546956    31.7050    25.4537 0.0000e+00
    -0.1842   2.638770     49.200  552546958    31.6611    25.4192 0.0000e+00
    -0.1360   2.645220     47.870  552546959    31.6969    25.4461 0.0000e+00
     0.0004   2.651750     46.150  552546961    31.6423    25.3962 0.0000e+00
     0.0670   2.652920     44.700  552546962    31.5897    25.3509 0.0000e+00
     0.1111   2.651180     43.350  552546964    31.5222    25.2945 0.0000e+00
     0.0355   2.642150     41.800  552546965    31.4826    25.2659 0.0000e+00
     0.0928   2.645930     40.360  552546967    31.4740    25.2564 0.0000e+00
     0.2056   2.649130     38.860  552546968    31.4010    25.1925 0.0000e+00
     0.4941   2.658000     37.140  552546970    31.2234    25.0359 0.0000e+00
     0.7098   2.662180     35.670  552546971    31.0606    24.8941 0.0000e+00
     0.8108   2.662270     34.160  552546973    30.9615    24.8091 0.0000e+00
     0.9020   2.664420     32.700  552546974    30.8988    24.7540 0.0000e+00
     0.9968   2.669820     31.340  552546976    30.8742    24.7290 0.0000e+00
     1.1483   2.673880     30.090  552546977    30.7765    24.6422 0.0000e+00
     1.4289   2.684590     28.650  552546979    30.6367    24.5137 0.0000e+00
     1.8596   2.699720     27.200  552546981    30.4084    24.3040 0.0000e+00
     2.2485   2.715450     25.950  552546982    30.2308    24.1358 0.0000e+00
     2.7639   2.760690     24.400  552546984    30.2939    24.1486 0.0000e+00
     3.5321   2.789440     23.080  552546985    29.9218    23.7901 0.0000e+00
     4.1600   2.840200     21.610  552546987    29.9423    23.7505 0.0000e+00
     4.9463   2.874680     20.300  552546988    29.6310    23.4270 0.0000e+00
     5.8879   2.933120     18.810  552546990    29.4585    23.1896 0.0000e+00
     6.6801   2.934150     17.800  552546991    28.7926    22.5724 0.0000e+00
     6.8459   2.916200     16.340  552546993    28.4611    22.2915 0.0000e+00
     6.3219   2.863820     15.060  552546994    28.3289    22.2494 0.0000e+00
     6.6156   2.862190     13.710  552546996    28.0693    22.0108 0.0000e+00
     7.2431   2.882680     12.130  552546997    27.7804    21.7077 0.0000e+00
     8.6502   2.977740     10.820  552546999    27.6587    21.4260 0.0000e+00
    12.5905   3.073500      9.290  552547000    25.7160    19.2874 0.0000e+00
    13.6180   3.069750      8.050  552547002    24.9976    18.5451 0.0000e+00
    13.8272   3.077830      6.960  552547003    24.9345    18.4571 0.0000e+00
    13.9041   3.052480      6.310  552547005    24.6589    18.2303 0.0000e+00
    13.9267   3.024480      6.290  552547006    24.3952    18.0231 0.0000e+00
    13.9371   2.981500      6.270  552547008    24.0068    17.7221 0.0000e+00
    13.9344   3.053770      5.790  552547009    24.6512    18.2186 0.0000e+00
    13.9879   3.055010      5.540  552547011    24.6281    18.1907 0.0000e+00
    14.0176   3.051840      5.430  552547012    24.5810    18.1488 0.0000e+00
    14.0446   3.089340      4.590  552547014    24.8974    18.3871 0.0000e+00
    14.1628   3.079300      3.940  552547015    24.7326    18.2376 0.0000e+00
    14.2594   3.088500      3.320  552547017    24.7525    18.2343 0.0000e+00
    14.2779   3.086790      2.810  552547018    24.7257    18.2101 0.0000e+00
    14.2868   3.106280      2.250  552547020    24.8926    18.3367 0.0000e+00
    14.2887   3.117770      1.310  552547022    24.9933    18.4138 0.0000e+00
    14.2912   3.118520      0.380  552547023    24.9986    18.4174 0.0000e+00
    14.2884   2.238270     -0.150  552547025    17.3675    12.5555 0.0000e+00
    14.2739   2.833460     -0.130  552547026    22.5022    16.5015 0.0000e+00
    14.2559   0.377850     -0.200  552547028     2.5606     1.1904 0.0000e+00
    14.2233   0.331250     -0.200  552547029     2.2286     0.9392 0.0000e+00
    14.1887   0.318580     -0.200  552547031     2.1403     0.8761 0.0000e+00
    14.0487   0.251050     -0.200  552547032     1.6694     0.5328 0.0000e+00
    13.7064   0.142620     -0.200  552547034     0.9288     0.0077 0.0000e+00
    13.6442   0.162220     -0.200  552547035     1.0649     0.1217 0.0000e+00
    13.5860   0.118060     -0.210  552547037     0.7644    -0.1033 0.0000e+00
    13.5280   0.102050     -0.200  552547038     0.6574    -0.1785 0.0000e+00
    13.4747   0.080730     -0.200  552547040     0.5157    -0.2814 0.0000e+00
    13.4497   0.062260     -0.190  552547041     0.3940    -0.3726 0.0000e+00
    13.4277   0.059110     -0.190  552547043     0.3736    -0.3855 0.0000e+00
    13.4093   0.059930     -0.190  552547044     0.3791    -0.3788 0.0000e+00
    13.3883   0.059880     -0.190  552547046     0.3790    -0.3761 0.0000e+00
    13.3525   0.057350     -0.190  552547047     0.3628    -0.3840 0.0000e+00
    13.3296   0.054090     -0.190  552547049     0.3417    -0.3974 0.0000e+00
    13.3124   0.051910     -0.180  552547050     0.3276    -0.4061 0.0000e+00
    13.2830   0.049120     -0.180  552547052     0.3097    -0.4162 0.0000e+00
    13.2626   0.048100     -0.180  552547053     0.3032    -0.4185 0.0000e+00
    13.2415   0.046230     -0.180  552547055     0.2912    -0.4251 0.0000e+00
    13.2261   0.045400     -0.180  552547056     0.2859    -0.4272 0.0000e+00
    13.2049   0.044110     -0.180  552547058     0.2777    -0.4309 0.0000e+00
    13.1743   0.043580     -0.180  552547060     0.2745    -0.4294 0.0000e+00
    13.1640   0.042500     -0.180  552547061     0.2676    -0.4335 0.0000e+00
    13.1655   0.042480     -0.180  552547063     0.2674    -0.4338 0.0000e+00
    13.1470   0.041340     -0.180  552547064     0.2602    -0.4370 0.0000e+00
    13.1478   0.041380     -0.180  552547066     0.2604    -0.4369 0.0000e+00
    13.1273   0.040240     -0.180  552547067     0.2532    -0.4399 0.0000e+00
    13.1143   0.040270     -0.180  552547069     0.2534    -0.4380 0.0000e+00
    13.0947   0.039140     -0.180  552547070     0.2463    -0.4411 0.0000e+00
    13.0944   0.039110     -0.180  552547072     0.2461    -0.4412 0.0000e+00
    13.0734   0.038620     -0.180  552547073     0.2430    -0.4409 0.0000e+00
    13.0455   0.038520     -0.180  552547075     0.2426    -0.4377 0.0000e+00
    13.0329   0.038130     -0.180  552547076     0.2401    -0.4380 0.0000e+00
    13.0029   0.037970     -0.180  552547078     0.2392    -0.4348 0.0000e+00
    12.9923   0.037600     -0.180  552547079     0.2369    -0.4353 0.0000e+00
    13.0069   0.037450     -0.180  552547081     0.2359    -0.4380 0.0000e+00
    12.9823   0.037060     -0.180  552547082     0.2335    -0.4367 0.0000e+00
    12.9701   0.036840     -0.180  552547084     0.2321    -0.4362 0.0000e+00
    12.9387   0.036430     -0.180  552547085     0.2297    -0.4342 0.0000e+00
    12.9168   0.036080     -0.180  552547087     0.2275    -0.4331 0.0000e+00
    12.9170   0.036070     -0.180  552547088     0.2275    -0.4331 0.0000e+00
    12.9000   0.035350     -0.180  552547090     0.2229    -0.4346 0.0000e+00
    12.8784   0.035660     -0.180  552547091     0.2250    -0.4302 0.0000e+00
    12.8665   0.034920     -0.180  552547093     0.2203    -0.4324 0.0000e+00
    12.8614   0.035150     -0.180  552547094     0.2218    -0.4305 0.0000e+00
    12.8523   0.034570     -0.180  552547096     0.2181    -0.4323 0.0000e+00
    12.8488   0.034730     -0.180  552547097     0.2192    -0.4310 0.0000e+00
    12.8620   0.034010     -0.180  552547099     0.2144    -0.4364 0.0000e+00
    12.8700   0.034220     -0.180  552547101     0.2158    -0.4363 0.0000e+00
    12.8681   0.033640     -0.180  552547102     0.2120    -0.4390 0.0000e+00
    12.8727   0.033780     -0.180  552547104     0.2129    -0.4389 0.0000e+00
    12.8704   0.033280     -0.180  552547105     0.2097    -0.4411 0.0000e+00
    12.8682   0.033430     -0.180  552547107     0.2107    -0.4401 0.0000e+00
    12.8859   0.033130     -0.180  552547108     0.2086    -0.4439 0.0000e+00
    12.9094   0.033060     -0.180  552547110     0.2081    -0.4473 0.0000e+00
    12.9232   0.032850     -0.180  552547111     0.2067    -0.4501 0.0000e+00
    12.9174   0.032780     -0.180  552547113     0.2062    -0.4497 0.0000e+00
    12.9072   0.032460     -0.180  552547114     0.2042    -0.4500 0.0000e+00
    12.8985   0.032540     -0.180  552547116     0.2048    -0.4485 0.0000e+00
    12.8974   0.032050     -0.180  552547117     0.2016    -0.4508 0.0000e+00
    12.9077   0.032240     -0.180  552547119     0.2028    -0.4512 0.0000e+00
    12.8884   0.031970     -0.180  552547120     0.2012    -0.4500 0.0000e+00
    12.8783   0.031890     -0.180  552547122     0.2007    -0.4491 0.0000e+00
    12.8767   0.039820     -0.180  552547123     0.2520    -0.4089 0.0000e+00
