Code/Hansen Zooplankton Code and Sample Data/data/ctd/gsl_06_SBE37SI-RS232_03706156_2017_08_02_final.cnv
* Sea-Bird SBE37SI-RS232  Data File:
* FileName = C:\Users\General Lab Use\Desktop\SHELAGH CTD 2017\gsl_06_SBE37SI-RS232_03706156_2017_08_02.cnv
* Software version 1.00d
* Temperature SN = 6156
* Conductivity SN = 6156
* System UpLoad Time = Aug 02 2017 10:18:34
* <ApplicationData>
* <Seaterm232>
# nquan = 7                                 
# nvalues = 1764                        
# units = specified
# name 0 = t090C: Temperature [ITS-90, deg C]
# name 1 = c0S/m: Conductivity [S/m]
# name 2 = prM: Pressure [db]
# name 3 = timeK: Time, Seacat Plus [seconds]
# name 4 = sal00: Salinity [PSU]
# name 5 = sigma-t00: Density [sigma-t, Kg/m^3 ]
# name 6 = flag: flag
# span 0 =    -0.0117,    18.8960       
# span 1 =   0.001400,   3.550750       
# span 2 =     -0.240,     61.140       
# span 3 =  554968864,  554971543       
# span 4 =     0.0140,    32.1004       
# span 5 =    -1.5334,    25.7594       
# span 6 = 0.0000e+00, 0.0000e+00       
# interval = seconds: 6.000000
# start_time = Aug 02 2017 06:01:04
# bad_flag = -9.990e-29
*END*
[from data line 206]
    18.2917   0.001570     -0.220  554969176     0.0148    -1.4462 0.0000e+00
    18.2881   0.001540     -0.220  554969178     0.0147    -1.4456 0.0000e+00
    18.2812   0.001520     -0.220  554969179     0.0146    -1.4444 0.0000e+00
    18.2383   0.001490     -0.220  554969181     0.0145    -1.4365 0.0000e+00
    18.2019   0.001470     -0.220  554969183     0.0144    -1.4297 0.0000e+00
    18.1632   0.001450     -0.220  554969184     0.0143    -1.4225 0.0000e+00
    18.1341   0.001430     -0.220  554969186     0.0142    -1.4172 0.0000e+00
    18.1102   0.001400     -0.220  554969187     0.0140    -1.4128 0.0000e+00
    18.1061   0.001430     -0.210  554969189     0.0142    -1.4120 0.0000e+00
    17.5343   3.387720      0.330  554969190    25.2475    17.9260 0.0000e+00
    17.3982   3.518440      1.530  554969192    26.4160    18.8490 0.0000e+00
    17.3905   3.536250      2.130  554969193    26.5691    18.9677 0.0000e+00
    17.3965   3.538220      2.170  554969195    26.5815    18.9758 0.0000e+00
    17.3948   3.544450      2.090  554969196    26.6346    19.0167 0.0000e+00
    17.3943   3.541190      2.240  554969198    26.6077    18.9963 0.0000e+00
    17.3932   3.547420      2.090  554969199    26.6603    19.0368 0.0000e+00
    17.3919   3.543840      2.170  554969201    26.6313    19.0149 0.0000e+00
    17.3944   3.548460      2.160  554969202    26.6682    19.0425 0.0000e+00
    17.3940   3.549860      2.170  554969204    26.6801    19.0517 0.0000e+00
    17.3907   3.550750      2.150  554969205    26.6897    19.0598 0.0000e+00
    17.3939   3.545620      2.160  554969207    26.6449    19.0248 0.0000e+00
    17.3906   3.544710      2.160  554969208    26.6394    19.0214 0.0000e+00
    17.3939   3.540970      2.250  554969210    26.6061    18.9952 0.0000e+00
    17.3905   3.545140      2.040  554969211    26.6431    19.0243 0.0000e+00
    17.3901   3.544500      2.360  554969213    26.6380    19.0204 0.0000e+00
    17.3836   3.543050      2.030  554969214    26.6303    19.0160 0.0000e+00
    17.3830   3.545300      2.370  554969216    26.6493    19.0307 0.0000e+00
    17.3819   3.545210      1.970  554969217    26.6494    19.0310 0.0000e+00
    17.3810   3.546090      2.420  554969219    26.6572    19.0371 0.0000e+00
    17.3787   3.545820      1.970  554969220    26.6566    19.0372 0.0000e+00
    17.3806   3.546240      2.360  554969222    26.6587    19.0384 0.0000e+00
    17.3771   3.545380      2.030  554969223    26.6539    19.0355 0.0000e+00
    17.3804   3.546360      2.300  554969225    26.6598    19.0393 0.0000e+00
    17.3824   3.546890      2.070  554969226    26.6630    19.0413 0.0000e+00
    17.3881   3.547680      2.240  554969228    26.6658    19.0421 0.0000e+00
    17.3894   3.547460      2.170  554969229    26.6631    19.0398 0.0000e+00
    17.3915   3.547480      2.190  554969231    26.6619    19.0384 0.0000e+00
    17.3925   3.547440      2.200  554969232    26.6609    19.0374 0.0000e+00
    17.3923   3.547770      2.180  554969234    26.6638    19.0396 0.0000e+00
    17.3912   3.548030      2.210  554969235    26.6667    19.0421 0.0000e+00
    17.3904   3.548360      2.150  554969237    26.6700    19.0448 0.0000e+00
    17.3917   3.548360      2.170  554969239    26.6691    19.0438 0.0000e+00
    17.3893   3.548070      2.250  554969240    26.6683    19.0437 0.0000e+00
    17.3883   3.549250      2.110  554969242    26.6788    19.0520 0.0000e+00
    17.3886   3.547980      2.260  554969243    26.6680    19.0437 0.0000e+00
    17.3894   3.548400      2.130  554969245    26.6710    19.0458 0.0000e+00
    17.3886   3.548430      2.240  554969246    26.6717    19.0465 0.0000e+00
    17.3880   3.548030      2.090  554969248    26.6688    19.0444 0.0000e+00
    17.3879   3.547790      2.270  554969249    26.6668    19.0430 0.0000e+00
    17.3881   3.546890      1.780  554969251    26.6594    19.0372 0.0000e+00
    17.3890   3.546670      0.960  554969252    26.6572    19.0353 0.0000e+00
    17.3921   3.545340      0.080  554969254    26.6443    19.0248 0.0000e+00
    17.3921   3.546190      0.470  554969255    26.6513    19.0301 0.0000e+00
    17.3919   3.546320      1.600  554969257    26.6522    19.0308 0.0000e+00
    17.3938   3.546810      2.660  554969258    26.6547    19.0323 0.0000e+00
    17.3893   3.546650      4.080  554969260    26.6559    19.0343 0.0000e+00
    17.2140   3.538850      5.280  554969261    26.7057    19.1120 0.0000e+00
    16.5509   3.519840      6.430  554969263    26.9866    19.4746 0.0000e+00
    15.5401   3.507710      7.620  554969264    27.5748    20.1433 0.0000e+00
    14.7390   3.497440      8.800  554969266    28.0518    20.6764 0.0000e+00
    13.9832   3.453270      9.940  554969267    28.2035    20.9451 0.0000e+00
    12.0080   3.403020     10.720  554969269    29.2317    22.1121 0.0000e+00
    10.9312   3.248140     12.060  554969270    28.5805    21.7935 0.0000e+00
    10.1514   3.232220     12.720  554969272    29.0392    22.2779 0.0000e+00
     8.4155   3.091450     14.240  554969273    29.0181    22.5226 0.0000e+00
     8.2224   3.138300     14.760  554969275    29.6668    23.0577 0.0000e+00
     7.5915   3.063290     15.900  554969276    29.4093    22.9418 0.0000e+00
     6.7408   3.041080     16.880  554969278    29.9008    23.4372 0.0000e+00
     5.8920   2.991940     17.790  554969279    30.1083    23.7020 0.0000e+00
     5.4669   2.962800     19.150  554969281    30.1621    23.7921 0.0000e+00
     5.2627   2.980550     19.960  554969282    30.5469    24.1186 0.0000e+00
     4.7461   2.919540     21.150  554969284    30.3233    23.9957 0.0000e+00
     4.3735   2.897900     22.220  554969285    30.4156    24.1059 0.0000e+00
     4.0324   2.877640     23.430  554969287    30.4954    24.2016 0.0000e+00
     3.7975   2.895690     24.270  554969288    30.9274    24.5666 0.0000e+00
     3.3895   2.845350     25.450  554969290    30.7171    24.4353 0.0000e+00
     3.0394   2.873510     26.230  554969291    31.3904    25.0014 0.0000e+00
     2.5296   2.790450     27.530  554969293    30.8775    24.6323 0.0000e+00
     2.3134   2.803760     28.260  554969295    31.2507    24.9466 0.0000e+00
     2.1132   2.786820     29.260  554969296    31.2384    24.9511 0.0000e+00
     1.9807   2.780320     30.110  554969298    31.2882    25.0002 0.0000e+00
     1.7623   2.748450     31.500  554969299    31.1069    24.8698 0.0000e+00
     1.7007   2.773150     32.400  554969301    31.4761    25.1696 0.0000e+00
     1.5520   2.740340     33.690  554969302    31.2126    24.9680 0.0000e+00
     1.3015   2.749520     34.690  554969304    31.5786    25.2772 0.0000e+00
     0.9522   2.715010     36.140  554969305    31.4924    25.2283 0.0000e+00
     0.7323   2.719450     37.040  554969307    31.7731    25.4661 0.0000e+00
     0.4046   2.679480     38.330  554969308    31.5922    25.3372 0.0000e+00
     0.2360   2.680040     39.410  554969310    31.7726    25.4907 0.0000e+00
     0.1426   2.656670     40.660  554969311    31.5631    25.3261 0.0000e+00
     0.1145   2.664130     41.710  554969313    31.6891    25.4289 0.0000e+00
     0.0996   2.668760     42.560  554969314    31.7647    25.4905 0.0000e+00
     0.0887   2.646900     43.980  554969316    31.4889    25.2686 0.0000e+00
     0.0781   2.667310     44.710  554969317    31.7667    25.4932 0.0000e+00
     0.0746   2.644170     46.250  554969319    31.4664    25.2511 0.0000e+00
     0.0943   2.665890     47.060  554969320    31.7300    25.4628 0.0000e+00
     0.1052   2.647470     48.550  554969322    31.4768    25.2581 0.0000e+00
     0.0153   2.653310     49.080  554969323    31.6457    25.3983 0.0000e+00
     0.0187   2.651790     49.290  554969325    31.6221    25.3792 0.0000e+00
     0.0118   2.648830     50.090  554969326    31.5900    25.3535 0.0000e+00
     0.0152   2.655290     50.770  554969328    31.6708    25.4186 0.0000e+00
     0.0040   2.649290     52.140  554969329    31.6029    25.3643 0.0000e+00
     0.0098   2.659070     53.000  554969331    31.7248    25.4624 0.0000e+00
    -0.0061   2.648460     54.630  554969332    31.6010    25.3632 0.0000e+00
    -0.0075   2.653260     55.840  554969334    31.6648    25.4147 0.0000e+00
    -0.0117   2.649780     57.380  554969335    31.6226    25.3808 0.0000e+00
    -0.0101   2.650930     58.780  554969337    31.6352    25.3910 0.0000e+00
    -0.0067   2.654050     59.850  554969338    31.6721    25.4205 0.0000e+00
    -0.0057   2.658700     60.280  554969340    31.7319    25.4687 0.0000e+00
     0.0094   2.659470     61.010  554969341    31.7259    25.4633 0.0000e+00
     0.0453   2.665280     61.140  554969343    31.7648    25.4931 0.0000e+00
     0.0412   2.665750     60.620  554969344    31.7755    25.5019 0.0000e+00
     0.0329   2.657160     59.610  554969346    31.6720    25.4188 0.0000e+00
    -0.0027   2.648710     58.080  554969347    31.5988    25.3613 0.0000e+00
    -0.0078   2.648390     56.560  554969349    31.6008    25.3631 0.0000e+00
    -0.0078   2.645540     54.960  554969350    31.5643    25.3336 0.0000e+00
    -0.0098   2.645130     53.410  554969352    31.5618    25.3317 0.0000e+00
    -0.0047   2.643160     51.780  554969353    31.5316    25.3072 0.0000e+00
     0.0012   2.640620     50.190  554969355    31.4931    25.2758 0.0000e+00
     0.0070   2.638240     48.910  554969357    31.4567    25.2462 0.0000e+00
     0.0075   2.634180     47.470  554969358    31.4037    25.2034 0.0000e+00
     0.0911   2.634460     45.770  554969360    31.3226    25.1345 0.0000e+00
     0.0848   2.630610     44.370  554969361    31.2795    25.1000 0.0000e+00
     0.0710   2.629220     43.040  554969363    31.2762    25.0979 0.0000e+00
     0.0820   2.627020     41.180  554969364    31.2372    25.0660 0.0000e+00
     0.1007   2.626840     39.800  554969366    31.2166    25.0485 0.0000e+00
     0.1195   2.628700     38.110  554969367    31.2227    25.0526 0.0000e+00
     0.2710   2.639380     36.570  554969369    31.2086    25.0345 0.0000e+00
     0.5180   2.658680     35.090  554969370    31.2091    25.0232 0.0000e+00
     0.9207   2.681640     33.480  554969372    31.0995    24.9143 0.0000e+00
     1.2345   2.689490     32.250  554969373    30.8877    24.7265 0.0000e+00
     1.6139   2.705430     30.370  554969375    30.7162    24.5661 0.0000e+00
     1.7722   2.707080     29.120  554969376    30.5833    24.4497 0.0000e+00
     1.9879   2.716530     27.780  554969378    30.4927    24.3630 0.0000e+00
     2.2461   2.724120     26.330  554969379    30.3392    24.2226 0.0000e+00
     2.6003   2.745570     24.900  554969381    30.2651    24.1379 0.0000e+00
     3.2472   2.788760     23.080  554969382    30.1778    24.0178 0.0000e+00
     3.8640   2.811320     21.670  554969384    29.8755    23.7244 0.0000e+00
     4.2742   2.834760     20.130  554969385    29.7762    23.6079 0.0000e+00
     4.7567   2.854760     18.960  554969387    29.5735    23.4006 0.0000e+00
     5.0213   2.863080     17.680  554969388    29.4340    23.2634 0.0000e+00
     5.5756   2.884670     16.290  554969390    29.1923    23.0139 0.0000e+00
     5.9822   2.918310     15.080  554969391    29.2146    22.9865 0.0000e+00
     7.3337   2.994400     13.650  554969393    28.8944    22.5711 0.0000e+00
     7.9877   3.009980     12.570  554969394    28.5203    22.1916 0.0000e+00
     8.7787   3.040190     11.280  554969396    28.1972    21.8288 0.0000e+00
    10.0668   3.106270     10.450  554969397    27.8563    21.3700 0.0000e+00
    11.3899   3.271300      8.920  554969399    28.4510    21.6153 0.0000e+00
    13.6457   3.407850      7.510  554969400    28.0387    20.8841 0.0000e+00
    14.7117   3.436680      5.910  554969402    27.5325    20.2825 0.0000e+00
    15.8375   3.461990      4.370  554969403    26.9744    19.6196 0.0000e+00
    16.9485   3.474660      3.090  554969405    26.3426    18.8939 0.0000e+00
    17.3327   3.492150      1.790  554969406    26.2397    18.7291 0.0000e+00
    17.3501   3.506880      0.580  554969408    26.3514    18.8105 0.0000e+00
    17.3694   1.774470     -0.230  554969410    12.4785     8.2322 0.0000e+00
    17.3252   0.438810     -0.230  554969411     2.7808     0.8510 0.0000e+00
    17.2883   0.289240     -0.230  554969413     1.7886     0.0988 0.0000e+00
    17.1875   0.226150     -0.230  554969414     1.3828    -0.1940 0.0000e+00
    17.1120   0.182710     -0.230  554969416     1.1067    -0.3922 0.0000e+00
    16.9793   0.203230     -0.230  554969417     1.2418    -0.2651 0.0000e+00
    16.8627   0.125800     -0.230  554969419     0.7529    -0.6201 0.0000e+00
    16.7506   0.150490     -0.230  554969420     0.9108    -0.4794 0.0000e+00
    16.6734   0.129310     -0.230  554969422     0.7785    -0.5678 0.0000e+00
    16.6071   0.093290     -0.230  554969423     0.5546    -0.7287 0.0000e+00
    16.5359   0.079700     -0.220  554969425     0.4717    -0.7804 0.0000e+00
    16.4723   0.060530     -0.220  554969426     0.3553    -0.8593 0.0000e+00
    16.3987   0.052270     -0.220  554969428     0.3060    -0.8850 0.0000e+00
    16.2860   0.047200     -0.220  554969429     0.2762    -0.8891 0.0000e+00
    16.1549   0.044750     -0.210  554969431     0.2623    -0.8782 0.0000e+00
    16.0339   0.043240     -0.210  554969432     0.2540    -0.8647 0.0000e+00
    15.8908   0.042220     -0.210  554969434     0.2487    -0.8456 0.0000e+00
    15.7901   0.040910     -0.210  554969435     0.2414    -0.8350 0.0000e+00
    15.6875   0.039160     -0.210  554969437     0.2314    -0.8263 0.0000e+00
    15.5826   0.037910     -0.210  554969438     0.2244    -0.8151 0.0000e+00
    15.4904   0.036420     -0.210  554969440     0.2158    -0.8071 0.0000e+00
    15.4067   0.035420     -0.210  554969441     0.2102    -0.7984 0.0000e+00
    15.3297   0.034380     -0.210  554969443     0.2043    -0.7910 0.0000e+00
    15.2368   0.033420     -0.210  554969444     0.1989    -0.7808 0.0000e+00
    15.1503   0.032260     -0.210  554969446     0.1923    -0.7727 0.0000e+00
    15.0861   0.031240     -0.210  554969448     0.1864    -0.7674 0.0000e+00
    15.0151   0.030210     -0.220  554969449     0.1804    -0.7613 0.0000e+00
    14.9684   0.029490     -0.220  554969451     0.1762    -0.7574 0.0000e+00
    14.9267   0.028640     -0.210  554969452     0.1713    -0.7550 0.0000e+00
    14.8886   0.027840     -0.210  554969454     0.1666    -0.7529 0.0000e+00
    14.8546   0.027040     -0.210  554969455     0.1618    -0.7515 0.0000e+00
    14.8133   0.026110     -0.210  554969457     0.1564    -0.7496 0.0000e+00
    14.7708   0.025400     -0.200  554969458     0.1522    -0.7465 0.0000e+00
    14.7461   0.024600     -0.200  554969460     0.1474    -0.7465 0.0000e+00
    14.7091   0.024030     -0.200  554969461     0.1441    -0.7436 0.0000e+00
    14.6614   0.023200     -0.200  554969463     0.1393    -0.7404 0.0000e+00
    14.6445   0.022580     -0.200  554969464     0.1356    -0.7407 0.0000e+00
    14.6136   0.021970     -0.200  554969466     0.1320    -0.7390 0.0000e+00
    14.5662   0.021420     -0.200  554969467     0.1288    -0.7345 0.0000e+00
    14.5153   0.020940     -0.200  554969469     0.1260    -0.7293 0.0000e+00
    14.4860   0.020520     -0.200  554969470     0.1236    -0.7269 0.0000e+00
    14.4983   0.020130     -0.200  554969472     0.1212    -0.7305 0.0000e+00
    14.4957   0.019650     -0.200  554969473     0.1183    -0.7324 0.0000e+00
    14.4665   0.019230     -0.200  554969475     0.1159    -0.7301 0.0000e+00
    14.4335   0.018690     -0.200  554969476     0.1127    -0.7278 0.0000e+00
    14.4263   0.018420     -0.200  554969478     0.1111    -0.7280 0.0000e+00
    14.4162   0.017930     -0.200  554969479     0.1082    -0.7288 0.0000e+00
    14.3844   0.017680     -0.200  554969481     0.1068    -0.7253 0.0000e+00
    14.3819   0.017250     -0.200  554969482     0.1042    -0.7270 0.0000e+00
    14.3763   0.017010     -0.200  554969484     0.1028    -0.7273 0.0000e+00
