Code/Hansen Zooplankton Code and Sample Data/data/ctd/gsl_01_SBE37SI-RS232_03706156_2017_07_03.cnv
* Sea-Bird SBE37SI-RS232  Data File:
* FileName = C:\Users\General Lab Use\Desktop\SHELAGH CTD 2017\gsl_01_SBE37SI-RS232_03706156_2017_07_03.cnv
* Software version 1.00d
* Temperature SN = 6156
* Conductivity SN = 6156
* System UpLoad Time = Jul 03 2017 22:38:41
* <ApplicationData>
* <Seaterm232>
# nquan = 5
# nvalues = 1298
# units = specified
# name 0 = t090C: Temperature [ITS-90, deg C]
# name 1 = c0S/m: Conductivity [S/m]
# name 2 = prM: Pressure [db]
# name 3 = timeK: Time, Seacat Plus [seconds]
# name 4 = flag: Flag
# span 0 =     -0.7642,    21.7318
# span 1 =    0.000054,   3.358384
# span 2 =      -0.387,     66.022
# span 3 =   552405754,  552407731
# span 4 =  0.0000e+00, 0.0000e+00
# interval = seconds: 6.000000
# start_time = Jul 03 2017 14:02:34
# bad_flag = -9.990e-29
*END*
[from data line 858]
     1.7623    2.68664      40.79  552407062 0.0000e+00
     1.6391    2.70130      41.32  552407063 0.0000e+00
     1.4698    2.66999      42.42  552407065 0.0000e+00
     1.3477    2.67838      42.98  552407066 0.0000e+00
     1.2850    2.66272      43.82  552407068 0.0000e+00
     1.3222    2.66542      44.75  552407069 0.0000e+00
     1.1887    2.66094      45.49  552407071 0.0000e+00
     0.6318    2.61649      46.69  552407072 0.0000e+00
     0.3080    2.63324      47.29  552407074 0.0000e+00
    -0.0324    2.58302      48.41  552407075 0.0000e+00
    -0.1739    2.58134      49.25  552407077 0.0000e+00
    -0.2863    2.57539      50.13  552407078 0.0000e+00
    -0.3108    2.56335      50.91  552407080 0.0000e+00
    -0.5118    2.55783      52.01  552407081 0.0000e+00
    -0.6044    2.56017      52.86  552407083 0.0000e+00
    -0.5646    2.56512      53.96  552407084 0.0000e+00
    -0.5634    2.56553      54.98  552407086 0.0000e+00
    -0.6765    2.56609      55.88  552407087 0.0000e+00
    -0.7050    2.56408      56.64  552407089 0.0000e+00
    -0.7176    2.56195      57.76  552407090 0.0000e+00
    -0.7355    2.57133      58.43  552407092 0.0000e+00
    -0.7526    2.56368      59.39  552407094 0.0000e+00
    -0.7526    2.56794      60.34  552407095 0.0000e+00
    -0.7420    2.57187      61.11  552407097 0.0000e+00
    -0.7338    2.57336      62.16  552407098 0.0000e+00
    -0.7329    2.57726      63.15  552407100 0.0000e+00
    -0.7258    2.58443      63.82  552407101 0.0000e+00
    -0.7097    2.58173      64.98  552407103 0.0000e+00
    -0.7037    2.58520      64.53  552407104 0.0000e+00
    -0.7049    2.58085      65.50  552407106 0.0000e+00
    -0.7028    2.58313      64.70  552407107 0.0000e+00
    -0.7047    2.58398      64.64  552407109 0.0000e+00
    -0.7038    2.58440      64.27  552407110 0.0000e+00
    -0.7022    2.58651      64.35  552407112 0.0000e+00
    -0.7032    2.58660      64.12  552407113 0.0000e+00
    -0.7015    2.58794      64.03  552407115 0.0000e+00
    -0.7071    2.58401      64.50  552407116 0.0000e+00
    -0.7030    2.58606      64.18  552407118 0.0000e+00
    -0.7072    2.58663      64.23  552407119 0.0000e+00
    -0.7077    2.58425      63.83  552407121 0.0000e+00
    -0.7126    2.58625      63.78  552407122 0.0000e+00
    -0.7125    2.58476      63.45  552407124 0.0000e+00
    -0.7193    2.58498      63.38  552407125 0.0000e+00
    -0.7203    2.58746      63.38  552407127 0.0000e+00
    -0.7203    2.58405      63.18  552407129 0.0000e+00
    -0.7268    2.58349      63.44  552407130 0.0000e+00
    -0.7207    2.58656      63.33  552407132 0.0000e+00
    -0.7231    2.58292      63.53  552407133 0.0000e+00
    -0.7223    2.58294      63.17  552407135 0.0000e+00
    -0.7275    2.58355      63.02  552407136 0.0000e+00
    -0.7316    2.57416      62.11  552407138 0.0000e+00
    -0.7341    2.58064      61.97  552407139 0.0000e+00
    -0.7295    2.57391      61.58  552407141 0.0000e+00
    -0.7316    2.57463      61.52  552407142 0.0000e+00
    -0.7353    2.56704      60.93  552407144 0.0000e+00
    -0.7374    2.56684      60.59  552407145 0.0000e+00
    -0.7474    2.56085      59.57  552407147 0.0000e+00
    -0.7592    2.55727      58.90  552407148 0.0000e+00
    -0.7642    2.55407      57.94  552407150 0.0000e+00
    -0.7498    2.55262      57.07  552407151 0.0000e+00
    -0.7290    2.55076      56.31  552407153 0.0000e+00
    -0.7185    2.54918      55.65  552407154 0.0000e+00
    -0.7071    2.54908      54.53  552407156 0.0000e+00
    -0.6244    2.55111      54.12  552407157 0.0000e+00
    -0.5601    2.55163      53.00  552407159 0.0000e+00
    -0.5820    2.54379      52.41  552407161 0.0000e+00
    -0.6144    2.53724      51.38  552407162 0.0000e+00
    -0.5513    2.53802      51.05  552407164 0.0000e+00
    -0.4390    2.54242      49.76  552407165 0.0000e+00
    -0.3125    2.54190      49.68  552407167 0.0000e+00
    -0.3038    2.54218      48.72  552407168 0.0000e+00
    -0.2128    2.54410      48.11  552407170 0.0000e+00
    -0.1657    2.54778      47.48  552407171 0.0000e+00
     0.0358    2.55436      47.00  552407173 0.0000e+00
     0.1765    2.57013      46.26  552407174 0.0000e+00
     0.4600    2.58295      45.49  552407176 0.0000e+00
     0.6401    2.60591      44.89  552407177 0.0000e+00
     1.2014    2.63321      43.89  552407179 0.0000e+00
     1.2534    2.62330      43.77  552407180 0.0000e+00
     1.2409    2.63208      42.66  552407182 0.0000e+00
     1.3159    2.63175      42.14  552407183 0.0000e+00
     1.3817    2.64035      41.16  552407185 0.0000e+00
     1.5308    2.63774      40.85  552407186 0.0000e+00
     1.6138    2.65095      39.79  552407188 0.0000e+00
     1.7845    2.64539      39.64  552407189 0.0000e+00
     2.0918    2.69853      38.55  552407191 0.0000e+00
     2.5119    2.69462      38.54  552407193 0.0000e+00
     2.4599    2.69511      37.62  552407194 0.0000e+00
     2.2345    2.67810      37.42  552407196 0.0000e+00
     2.2511    2.68714      36.74  552407197 0.0000e+00
     2.3874    2.68986      36.49  552407199 0.0000e+00
     2.4715    2.69946      35.94  552407200 0.0000e+00
     2.5035    2.69706      35.50  552407202 0.0000e+00
     2.5105    2.69733      35.18  552407203 0.0000e+00
     2.5410    2.70047      34.64  552407205 0.0000e+00
     2.5966    2.70345      34.36  552407206 0.0000e+00
     2.6626    2.69700      34.52  552407208 0.0000e+00
     2.6871    2.71058      34.00  552407209 0.0000e+00
     2.7187    2.70486      34.03  552407211 0.0000e+00
     2.7406    2.71545      33.39  552407212 0.0000e+00
     2.7909    2.71777      32.47  552407214 0.0000e+00
     2.7665    2.71602      31.92  552407215 0.0000e+00
     2.8039    2.72417      30.96  552407217 0.0000e+00
     3.0855    2.74333      30.29  552407218 0.0000e+00
     3.2450    2.75533      29.68  552407220 0.0000e+00
     3.4498    2.76544      28.80  552407221 0.0000e+00
     3.5080    2.77183      28.35  552407223 0.0000e+00
     3.7768    2.78761      27.67  552407224 0.0000e+00
     3.8662    2.79275      26.95  552407226 0.0000e+00
     4.0543    2.80440      26.54  552407228 0.0000e+00
     4.3368    2.82170      25.76  552407229 0.0000e+00
     4.4528    2.81862      25.29  552407231 0.0000e+00
     4.5234    2.82543      24.44  552407232 0.0000e+00
     4.5427    2.82208      24.01  552407234 0.0000e+00
     4.5592    2.83844      23.15  552407235 0.0000e+00
     5.0488    2.86578      22.75  552407237 0.0000e+00
     5.1829    2.85151      22.06  552407238 0.0000e+00
     4.4701    2.78325      21.56  552407240 0.0000e+00
     4.3111    2.77555      21.04  552407241 0.0000e+00
     4.3015    2.77122      20.49  552407243 0.0000e+00
     4.3749    2.77660      19.91  552407244 0.0000e+00
     4.6193    2.80007      19.40  552407246 0.0000e+00
     5.1692    2.83935      18.91  552407247 0.0000e+00
     5.7698    2.87893      18.33  552407249 0.0000e+00
     6.0786    2.88142      18.04  552407250 0.0000e+00
     6.2539    2.89394      17.71  552407252 0.0000e+00
     6.4748    2.90856      17.39  552407253 0.0000e+00
     6.5293    2.91767      17.04  552407255 0.0000e+00
     6.6713    2.93445      16.52  552407256 0.0000e+00
     6.6685    2.89933      16.12  552407258 0.0000e+00
     6.5710    2.89883      15.87  552407260 0.0000e+00
     7.0783    2.94604      15.32  552407261 0.0000e+00
     7.7034    2.97628      14.92  552407263 0.0000e+00
     7.9806    2.99787      14.49  552407264 0.0000e+00
     8.3965    3.02311      13.95  552407266 0.0000e+00
     8.6107    3.03523      13.57  552407267 0.0000e+00
     8.7726    3.03398      13.08  552407269 0.0000e+00
     8.8192    3.03777      12.64  552407270 0.0000e+00
     8.9286    3.01778      12.09  552407272 0.0000e+00
     8.7661    2.98880      11.68  552407273 0.0000e+00
     8.4937    2.95114      11.04  552407275 0.0000e+00
     8.4938    2.94158      10.57  552407276 0.0000e+00
     8.6673    2.94911      10.12  552407278 0.0000e+00
     8.9065    2.95179       9.44  552407279 0.0000e+00
     9.1123    2.94573       9.03  552407281 0.0000e+00
     9.4431    2.96955       8.71  552407282 0.0000e+00
    11.0515    3.05201       8.07  552407284 0.0000e+00
    12.2237    3.09917       7.85  552407285 0.0000e+00
    14.0640    3.22760       7.37  552407287 0.0000e+00
    15.9804    3.29364       6.85  552407288 0.0000e+00
    16.7545    3.26216       6.93  552407290 0.0000e+00
    16.8102    3.31942       6.46  552407292 0.0000e+00
    16.8928    3.31657       6.21  552407293 0.0000e+00
    16.9281    3.32789       5.78  552407295 0.0000e+00
    16.9021    3.32272       5.25  552407296 0.0000e+00
    16.9077    3.30709       4.87  552407298 0.0000e+00
    16.9130    3.30169       4.45  552407299 0.0000e+00
    16.9533    3.30449       3.86  552407301 0.0000e+00
    17.0351    3.30262       3.50  552407302 0.0000e+00
    17.0778    3.31158       2.91  552407304 0.0000e+00
    17.1263    3.30976       2.49  552407305 0.0000e+00
    17.1554    3.31785       2.00  552407307 0.0000e+00
    17.2379    3.32559       1.40  552407308 0.0000e+00
    17.2906    3.32263       1.15  552407310 0.0000e+00
    17.3189    3.33064       0.48  552407311 0.0000e+00
    17.3222    3.32389       0.41  552407313 0.0000e+00
    17.3390    2.72684      -0.21  552407314 0.0000e+00
    17.3394    3.32892      -0.22  552407316 0.0000e+00
    17.2723    0.69771      -0.32  552407317 0.0000e+00
    17.2365    2.24043      -0.32  552407319 0.0000e+00
    17.2253    0.41298      -0.32  552407320 0.0000e+00
    17.0699    1.62810      -0.15  552407322 0.0000e+00
    17.2916    0.86106      -0.32  552407324 0.0000e+00
    17.1794    0.35436      -0.31  552407325 0.0000e+00
    17.2767    2.42841      -0.31  552407327 0.0000e+00
    17.2072    0.40895      -0.32  552407328 0.0000e+00
    17.1304    0.28416      -0.32  552407330 0.0000e+00
    17.1137    0.25649      -0.32  552407331 0.0000e+00
    17.0978    0.21473      -0.32  552407333 0.0000e+00
    16.9225    1.61759      -0.26  552407334 0.0000e+00
    17.2138    0.44035      -0.32  552407336 0.0000e+00
    17.0586    0.28066      -0.32  552407337 0.0000e+00
    16.9947    0.24975      -0.32  552407339 0.0000e+00
    16.9981    0.23435      -0.31  552407340 0.0000e+00
    16.9569    0.19859      -0.31  552407342 0.0000e+00
    16.8360    0.18901      -0.30  552407343 0.0000e+00
    16.8576    0.17209      -0.31  552407345 0.0000e+00
    16.5938    0.16465      -0.30  552407346 0.0000e+00
    16.6663    0.11743      -0.31  552407348 0.0000e+00
    16.7583    0.12928      -0.32  552407349 0.0000e+00
    16.8275    0.11765      -0.32  552407351 0.0000e+00
    16.8924    0.10817      -0.32  552407352 0.0000e+00
    16.9300    0.10800      -0.32  552407354 0.0000e+00
    16.9860    0.09385      -0.32  552407356 0.0000e+00
    17.0115    0.08834      -0.32  552407357 0.0000e+00
    17.0372    0.07873      -0.32  552407359 0.0000e+00
    17.0869    0.10296      -0.32  552407360 0.0000e+00
    17.0866    0.09839      -0.32  552407362 0.0000e+00
    17.1399    0.08771      -0.32  552407363 0.0000e+00
    17.1746    0.07416      -0.33  552407365 0.0000e+00
    17.2161    0.07324      -0.33  552407366 0.0000e+00
    17.2423    0.06233      -0.33  552407368 0.0000e+00
    17.2707    0.06606      -0.32  552407369 0.0000e+00
    17.3041    0.05798      -0.32  552407371 0.0000e+00
    17.3170    0.06604      -0.33  552407372 0.0000e+00
    17.3450    0.05960      -0.32  552407374 0.0000e+00
    17.3338    0.05843      -0.34  552407375 0.0000e+00
    17.3591    0.06097      -0.35  552407377 0.0000e+00
    17.3688    0.05648      -0.34  552407378 0.0000e+00
    17.3894    0.05158      -0.34  552407380 0.0000e+00
    17.3999    0.05125      -0.34  552407381 0.0000e+00
    17.4010    0.05027      -0.34  552407383 0.0000e+00
    17.4126    0.05080      -0.34  552407385 0.0000e+00
    17.4132    0.05021      -0.34  552407386 0.0000e+00
    17.4231    0.05381      -0.34  552407388 0.0000e+00
    17.4174    0.05693      -0.34  552407389 0.0000e+00
    17.4305    0.05426      -0.34  552407391 0.0000e+00
    17.4585    0.04989      -0.35  552407392 0.0000e+00
    17.4799    0.05382      -0.34  552407394 0.0000e+00
    17.4960    0.05029      -0.34  552407395 0.0000e+00
    17.5090    0.05145      -0.34  552407397 0.0000e+00
    17.5084    0.05236      -0.34  552407398 0.0000e+00
    17.5086    0.05175      -0.34  552407400 0.0000e+00
    17.5246    0.05363      -0.34  552407401 0.0000e+00
    17.5368    0.05309      -0.34  552407403 0.0000e+00
    17.5328    0.05404      -0.34  552407404 0.0000e+00
    17.5326    0.05078      -0.34  552407406 0.0000e+00
    17.5412    0.05464      -0.34  552407407 0.0000e+00
    17.5440    0.04988      -0.34  552407409 0.0000e+00
    17.5494    0.05030      -0.34  552407410 0.0000e+00
    17.5409    0.05591      -0.34  552407412 0.0000e+00
    17.5508    0.07154      -0.34  552407413 0.0000e+00
    17.5633    0.06330      -0.33  552407415 0.0000e+00
    17.5928    0.05674      -0.33  552407416 0.0000e+00
    17.6291    0.05513      -0.33  552407418 0.0000e+00
    17.6570    0.06782      -0.34  552407420 0.0000e+00
    17.6901    0.06637      -0.33  552407421 0.0000e+00
    17.7076    0.07125      -0.33  552407423 0.0000e+00
    17.6932    0.06842      -0.33  552407424 0.0000e+00
    17.7038    0.06302      -0.33  552407426 0.0000e+00
    17.7076    0.06721      -0.33  552407427 0.0000e+00
    17.7122    0.06256      -0.33  552407429 0.0000e+00
    17.7137    0.06418      -0.33  552407430 0.0000e+00
    17.7036    0.05586      -0.33  552407432 0.0000e+00
    17.7019    0.05642      -0.33  552407433 0.0000e+00
    17.6830    0.04991      -0.33  552407435 0.0000e+00
    17.6648    0.04675      -0.33  552407436 0.0000e+00
    17.6591    0.04231      -0.33  552407438 0.0000e+00
    17.6638    0.04192      -0.33  552407439 0.0000e+00
    17.6460    0.03929      -0.33  552407441 0.0000e+00
    17.6429    0.04172      -0.33  552407442 0.0000e+00
    17.6166    0.04496      -0.34  552407444 0.0000e+00
    17.6120    0.04458      -0.34  552407445 0.0000e+00
    17.6146    0.04178      -0.34  552407447 0.0000e+00
    17.6401    0.03659      -0.34  552407449 0.0000e+00
    17.6512    0.03368      -0.34  552407450 0.0000e+00
    17.6691    0.03161      -0.34  552407452 0.0000e+00
    17.6587    0.03020      -0.34  552407453 0.0000e+00
    17.6494    0.02895      -0.34  552407455 0.0000e+00
    17.6450    0.02788      -0.34  552407456 0.0000e+00
    17.6439    0.02690      -0.34  552407458 0.0000e+00
    17.6544    0.02627      -0.34  552407459 0.0000e+00
    17.6589    0.02562      -0.33  552407461 0.0000e+00
    17.6824    0.02711      -0.34  552407462 0.0000e+00
    17.7059    0.02731      -0.34  552407464 0.0000e+00
    17.7031    0.02652      -0.34  552407465 0.0000e+00
    17.7040    0.02523      -0.34  552407467 0.0000e+00
    17.7353    0.02397      -0.35  552407468 0.0000e+00
    17.8008    0.02496      -0.35  552407470 0.0000e+00
    17.8051    0.02533      -0.35  552407471 0.0000e+00
    17.8039    0.02680      -0.35  552407473 0.0000e+00
    17.8043    0.02679      -0.35  552407474 0.0000e+00
    17.7983    0.02788      -0.35  552407476 0.0000e+00
    17.7695    0.02875      -0.35  552407478 0.0000e+00
    17.7874    0.02860      -0.35  552407479 0.0000e+00
    17.7946    0.02836      -0.35  552407481 0.0000e+00
    17.8223    0.02928      -0.35  552407482 0.0000e+00
    17.8410    0.02790      -0.35  552407484 0.0000e+00
    17.8577    0.02715      -0.35  552407485 0.0000e+00
    17.8623    0.02619      -0.35  552407487 0.0000e+00
    17.8621    0.02559      -0.35  552407488 0.0000e+00
    17.8600    0.02479      -0.35  552407490 0.0000e+00
    17.8594    0.02394      -0.35  552407491 0.0000e+00
    17.8559    0.02301      -0.36  552407493 0.0000e+00
