Code/Hansen Zooplankton Code and Sample Data/data/ctd/gsl_09_SBE37SI-RS232_03706156_2017_08_08.cnv
* Sea-Bird SBE37SI-RS232  Data File:
* FileName = C:\Users\General Lab Use\Desktop\SHELAGH CTD 2017\gsl_09_SBE37SI-RS232_03706156_2017_08_08.cnv
* Software version 1.00d
* Temperature SN = 6156
* Conductivity SN = 6156
* System UpLoad Time = Aug 08 2017 10:00:07
* <ApplicationData>
* <Seaterm232>
# nquan = 5
# nvalues = 2463
# units = specified
# name 0 = t090C: Temperature [ITS-90, deg C]
# name 1 = c0S/m: Conductivity [S/m]
# name 2 = prM: Pressure [db]
# name 3 = timeK: Time, Seacat Plus [seconds]
# name 4 = flag: Flag
# span 0 =     -0.7449,    17.6751
# span 1 =    0.000196,   3.563643
# span 2 =      -0.307,     77.385
# span 3 =   555485108,  555488848
# span 4 =  0.0000e+00, 0.0000e+00
# interval = seconds: 6.000000
# start_time = Aug 08 2017 05:25:08
# bad_flag = -9.990e-29
*END*
[from data line 1429]
    14.3722    0.01303      -0.29  555487279 0.0000e+00
    14.3802    0.01315      -0.29  555487281 0.0000e+00
    14.3769    0.01308      -0.29  555487282 0.0000e+00
    14.3778    0.01319      -0.29  555487284 0.0000e+00
    14.3802    0.01312      -0.29  555487285 0.0000e+00
    14.3810    0.01317      -0.29  555487287 0.0000e+00
    14.3917    0.01311      -0.29  555487288 0.0000e+00
    14.4022    0.01325      -0.29  555487290 0.0000e+00
    14.3975    0.01324      -0.29  555487291 0.0000e+00
    14.3905    0.01327      -0.29  555487293 0.0000e+00
    14.3913    0.01313      -0.29  555487294 0.0000e+00
    14.4040    0.01330      -0.29  555487296 0.0000e+00
    14.4069    0.01324      -0.29  555487297 0.0000e+00
    14.4172    0.01336      -0.29  555487299 0.0000e+00
    14.4199    0.01328      -0.29  555487300 0.0000e+00
    14.4200    0.01327      -0.29  555487302 0.0000e+00
    14.4237    0.01323      -0.29  555487303 0.0000e+00
    14.4175    0.01332      -0.29  555487305 0.0000e+00
    14.4074    0.01332      -0.29  555487306 0.0000e+00
    14.4010    0.01327      -0.29  555487308 0.0000e+00
    14.3972    0.01341      -0.29  555487309 0.0000e+00
    14.3974    0.01337      -0.29  555487311 0.0000e+00
    14.3935    0.01336      -0.29  555487312 0.0000e+00
    14.3931    0.01334      -0.29  555487314 0.0000e+00
    14.3872    0.01337      -0.29  555487315 0.0000e+00
    14.3714    0.01326      -0.29  555487317 0.0000e+00
    14.3631    0.01339      -0.29  555487318 0.0000e+00
    14.3556    0.01329      -0.29  555487320 0.0000e+00
    14.3549    0.01340      -0.29  555487321 0.0000e+00
    14.3631    0.01334      -0.29  555487323 0.0000e+00
    14.3719    0.01352      -0.29  555487324 0.0000e+00
    14.3792    0.01354      -0.29  555487326 0.0000e+00
    14.4074    0.01366      -0.29  555487327 0.0000e+00
    14.4227    0.01367      -0.29  555487329 0.0000e+00
    14.4325    0.01345      -0.29  555487331 0.0000e+00
    14.4446    0.01338      -0.29  555487332 0.0000e+00
    14.4550    0.01342      -0.29  555487334 0.0000e+00
    14.4656    0.01344      -0.29  555487335 0.0000e+00
    14.4609    0.01333      -0.29  555487337 0.0000e+00
    14.4595    0.01319      -0.29  555487338 0.0000e+00
    14.4518    0.01319      -0.29  555487340 0.0000e+00
    14.4522    0.01307      -0.29  555487341 0.0000e+00
    14.4520    0.01307      -0.29  555487343 0.0000e+00
    14.4571    0.01295      -0.29  555487344 0.0000e+00
    14.4570    0.01291      -0.29  555487346 0.0000e+00
    14.4614    0.01290      -0.29  555487347 0.0000e+00
    14.4626    0.01287      -0.29  555487349 0.0000e+00
    14.4661    0.01287      -0.29  555487350 0.0000e+00
    14.4705    0.01284      -0.29  555487352 0.0000e+00
    14.4781    0.01276      -0.29  555487353 0.0000e+00
    14.4797    0.01273      -0.29  555487355 0.0000e+00
    14.4797    0.01267      -0.29  555487356 0.0000e+00
    14.4804    0.01262      -0.29  555487358 0.0000e+00
    14.4724    0.01261      -0.29  555487359 0.0000e+00
    14.4763    0.01256      -0.29  555487361 0.0000e+00
    14.4685    0.01259      -0.29  555487362 0.0000e+00
    14.4690    0.01246      -0.29  555487364 0.0000e+00
    14.4630    0.01248      -0.29  555487365 0.0000e+00
    14.4540    0.01239      -0.29  555487367 0.0000e+00
    14.4512    0.01242      -0.29  555487368 0.0000e+00
    14.4451    0.01236      -0.29  555487370 0.0000e+00
    14.4426    0.01245      -0.29  555487371 0.0000e+00
    14.4426    0.01240      -0.29  555487373 0.0000e+00
    14.4436    0.01245      -0.29  555487374 0.0000e+00
    14.4425    0.01240      -0.29  555487376 0.0000e+00
    14.4373    0.01243      -0.29  555487377 0.0000e+00
    14.4355    0.01238      -0.29  555487379 0.0000e+00
    14.4348    0.01238      -0.29  555487381 0.0000e+00
    14.4341    0.01238      -0.29  555487382 0.0000e+00
    14.4381    0.01244      -0.29  555487384 0.0000e+00
    14.4431    0.01242      -0.29  555487385 0.0000e+00
    14.4472    0.01245      -0.29  555487387 0.0000e+00
    14.4544    0.01246      -0.29  555487388 0.0000e+00
    14.4609    0.01241      -0.29  555487390 0.0000e+00
    14.4605    0.01241      -0.29  555487391 0.0000e+00
    14.4647    0.01244      -0.29  555487393 0.0000e+00
    14.4705    0.01239      -0.29  555487394 0.0000e+00
    14.4696    0.01241      -0.29  555487396 0.0000e+00
    14.4677    0.01242      -0.29  555487397 0.0000e+00
    14.4613    0.01243      -0.29  555487399 0.0000e+00
    14.4493    0.01249      -0.29  555487400 0.0000e+00
    14.4416    0.01246      -0.29  555487402 0.0000e+00
    14.4249    0.01252      -0.29  555487403 0.0000e+00
    14.4184    0.01247      -0.29  555487405 0.0000e+00
    14.4022    0.01247      -0.29  555487406 0.0000e+00
    14.4010    0.01248      -0.29  555487408 0.0000e+00
    14.3873    0.01242      -0.29  555487409 0.0000e+00
    14.3769    0.01243      -0.29  555487411 0.0000e+00
    14.3623    0.01233      -0.29  555487412 0.0000e+00
    14.3515    0.01235      -0.29  555487414 0.0000e+00
    14.3504    0.01229      -0.29  555487415 0.0000e+00
    14.3400    0.01227      -0.29  555487417 0.0000e+00
    14.3317    0.01226      -0.29  555487418 0.0000e+00
    14.3297    0.01219      -0.29  555487420 0.0000e+00
    14.3259    0.01220      -0.29  555487421 0.0000e+00
    14.3284    0.01236      -0.29  555487423 0.0000e+00
    14.3237    0.01231      -0.29  555487424 0.0000e+00
    14.3256    0.01245      -0.29  555487426 0.0000e+00
    14.3281    0.01241      -0.29  555487427 0.0000e+00
    14.3289    0.01247      -0.29  555487429 0.0000e+00
    14.3334    0.01242      -0.29  555487430 0.0000e+00
    14.3356    0.01247      -0.29  555487432 0.0000e+00
    14.3460    0.01248      -0.29  555487434 0.0000e+00
    14.3502    0.01255      -0.29  555487435 0.0000e+00
    14.3608    0.01264      -0.29  555487437 0.0000e+00
    14.3677    0.01262      -0.29  555487438 0.0000e+00
    14.3691    0.01264      -0.29  555487440 0.0000e+00
    14.3705    0.01256      -0.29  555487441 0.0000e+00
    14.3680    0.01260      -0.29  555487443 0.0000e+00
    14.3698    0.01259      -0.29  555487444 0.0000e+00
    14.3814    0.01263      -0.29  555487446 0.0000e+00
    14.3849    0.01264      -0.29  555487447 0.0000e+00
    14.3966    0.01266      -0.29  555487449 0.0000e+00
    14.4053    0.01273      -0.29  555487450 0.0000e+00
    14.4099    0.01265      -0.29  555487452 0.0000e+00
    14.4142    0.01281      -0.29  555487453 0.0000e+00
    14.4113    0.01272      -0.29  555487455 0.0000e+00
    14.4099    0.01280      -0.29  555487456 0.0000e+00
    14.4034    0.01284      -0.29  555487458 0.0000e+00
    14.4054    0.01286      -0.29  555487459 0.0000e+00
    14.4012    0.01286      -0.29  555487461 0.0000e+00
    14.3996    0.01287      -0.29  555487462 0.0000e+00
    14.3938    0.01283      -0.29  555487464 0.0000e+00
    14.3927    0.01282      -0.29  555487465 0.0000e+00
    14.3935    0.01286      -0.29  555487467 0.0000e+00
    14.3949    0.01276      -0.29  555487468 0.0000e+00
    14.3896    0.01278      -0.29  555487470 0.0000e+00
    14.3898    0.01280      -0.29  555487471 0.0000e+00
    14.3867    0.01277      -0.29  555487473 0.0000e+00
    14.3871    0.01265      -0.29  555487474 0.0000e+00
    14.4017    0.01268      -0.29  555487476 0.0000e+00
    14.4115    0.01268      -0.29  555487477 0.0000e+00
    14.4161    0.01273      -0.29  555487479 0.0000e+00
    14.4289    0.01279      -0.29  555487480 0.0000e+00
    14.4395    0.01276      -0.29  555487482 0.0000e+00
    14.4483    0.01277      -0.29  555487483 0.0000e+00
    14.4605    0.01265      -0.29  555487485 0.0000e+00
    14.4759    0.01282      -0.29  555487487 0.0000e+00
    14.4860    0.01276      -0.29  555487488 0.0000e+00
    14.5029    0.01281      -0.29  555487490 0.0000e+00
    14.5290    0.01282      -0.29  555487491 0.0000e+00
    14.5487    0.01287      -0.29  555487493 0.0000e+00
    14.5682    0.01289      -0.29  555487494 0.0000e+00
    14.5678    0.01303      -0.29  555487496 0.0000e+00
    14.5659    0.01293      -0.29  555487497 0.0000e+00
    14.5634    0.01297      -0.29  555487499 0.0000e+00
    14.5648    0.01280      -0.29  555487500 0.0000e+00
    14.5659    0.01278      -0.29  555487502 0.0000e+00
    14.5648    0.01268      -0.29  555487503 0.0000e+00
    14.5635    0.01263      -0.29  555487505 0.0000e+00
    14.5651    0.01259      -0.29  555487506 0.0000e+00
    14.5598    0.01253      -0.29  555487508 0.0000e+00
    14.5514    0.01251      -0.29  555487509 0.0000e+00
    14.5428    0.01253      -0.29  555487511 0.0000e+00
    14.5389    0.01250      -0.29  555487512 0.0000e+00
    14.5384    0.01248      -0.29  555487514 0.0000e+00
    14.5430    0.01243      -0.29  555487515 0.0000e+00
    14.5477    0.01246      -0.29  555487517 0.0000e+00
    14.5477    0.01243      -0.29  555487518 0.0000e+00
    14.5498    0.01244      -0.29  555487520 0.0000e+00
    14.5511    0.01240      -0.29  555487521 0.0000e+00
    14.5519    0.01233      -0.29  555487523 0.0000e+00
    14.5510    0.01233      -0.29  555487524 0.0000e+00
    14.5543    0.01235      -0.29  555487526 0.0000e+00
    14.5614    0.01230      -0.29  555487527 0.0000e+00
    14.5530    0.01225      -0.29  555487529 0.0000e+00
    14.5493    0.01224      -0.29  555487530 0.0000e+00
    14.5449    0.01223      -0.29  555487532 0.0000e+00
    14.5323    0.01226      -0.29  555487533 0.0000e+00
    14.5300    0.01224      -0.29  555487535 0.0000e+00
    14.5246    0.01227      -0.29  555487536 0.0000e+00
    14.5194    0.01215      -0.29  555487538 0.0000e+00
    14.5074    0.01237      -0.29  555487540 0.0000e+00
    14.4988    0.01220      -0.29  555487541 0.0000e+00
    14.5027    0.01239      -0.29  555487543 0.0000e+00
    14.5071    0.01234      -0.29  555487544 0.0000e+00
    14.5044    0.01248      -0.29  555487546 0.0000e+00
    14.4963    0.01258      -0.29  555487547 0.0000e+00
    14.4893    0.01251      -0.29  555487549 0.0000e+00
    14.4951    0.01271      -0.29  555487550 0.0000e+00
    14.4918    0.01273      -0.29  555487552 0.0000e+00
    14.4953    0.01281      -0.29  555487553 0.0000e+00
    14.5017    0.01296      -0.29  555487555 0.0000e+00
    14.5098    0.01292      -0.29  555487556 0.0000e+00
    14.4983    0.01302      -0.29  555487558 0.0000e+00
    14.5058    0.01292      -0.29  555487559 0.0000e+00
    14.5061    0.01293      -0.29  555487561 0.0000e+00
    14.5126    0.01301      -0.29  555487562 0.0000e+00
    14.5236    0.01299      -0.29  555487564 0.0000e+00
    14.5283    0.01306      -0.29  555487565 0.0000e+00
    14.5304    0.01314      -0.29  555487567 0.0000e+00
    14.5288    0.01300      -0.29  555487568 0.0000e+00
    14.5303    0.01301      -0.29  555487570 0.0000e+00
    14.5331    0.01322      -0.29  555487571 0.0000e+00
    14.5244    0.01311      -0.29  555487573 0.0000e+00
    14.5186    0.01323      -0.29  555487574 0.0000e+00
    14.5103    0.01322      -0.29  555487576 0.0000e+00
    14.5035    0.01327      -0.29  555487577 0.0000e+00
    14.5043    0.01333      -0.29  555487579 0.0000e+00
    14.4980    0.01320      -0.29  555487580 0.0000e+00
    14.4978    0.01329      -0.29  555487582 0.0000e+00
    14.4970    0.01319      -0.29  555487583 0.0000e+00
    14.4998    0.01324      -0.29  555487585 0.0000e+00
    14.4984    0.01335      -0.29  555487586 0.0000e+00
    14.4992    0.01334      -0.29  555487588 0.0000e+00
    14.5027    0.01343      -0.29  555487589 0.0000e+00
    14.5129    0.01337      -0.29  555487591 0.0000e+00
    14.5174    0.01342      -0.29  555487593 0.0000e+00
    14.5201    0.01338      -0.29  555487594 0.0000e+00
    14.5219    0.01345      -0.29  555487596 0.0000e+00
    14.5207    0.01327      -0.29  555487597 0.0000e+00
    14.5209    0.01342      -0.29  555487599 0.0000e+00
    14.5276    0.01341      -0.29  555487600 0.0000e+00
    14.5331    0.01338      -0.29  555487602 0.0000e+00
    14.5431    0.01333      -0.29  555487603 0.0000e+00
    14.5582    0.01333      -0.29  555487605 0.0000e+00
    14.5641    0.01316      -0.29  555487606 0.0000e+00
    14.5603    0.01331      -0.29  555487608 0.0000e+00
    14.5659    0.01333      -0.29  555487609 0.0000e+00
    14.5714    0.01330      -0.29  555487611 0.0000e+00
    14.5814    0.01335      -0.29  555487612 0.0000e+00
    14.5845    0.01349      -0.29  555487614 0.0000e+00
    14.5860    0.01342      -0.29  555487615 0.0000e+00
    14.5879    0.01351      -0.29  555487617 0.0000e+00
    14.5866    0.01335      -0.29  555487618 0.0000e+00
    14.5953    0.01337      -0.29  555487620 0.0000e+00
    14.6022    0.01331      -0.29  555487621 0.0000e+00
    14.6211    0.01334      -0.29  555487623 0.0000e+00
    14.6359    0.01343      -0.29  555487624 0.0000e+00
    14.6507    0.01328      -0.29  555487626 0.0000e+00
    14.6453    0.01332      -0.29  555487627 0.0000e+00
    14.6391    0.01338      -0.29  555487629 0.0000e+00
    14.6283    0.01332      -0.29  555487630 0.0000e+00
    14.6152    0.01336      -0.29  555487632 0.0000e+00
    14.6128    0.01322      -0.29  555487633 0.0000e+00
    14.6165    0.01319      -0.29  555487635 0.0000e+00
    14.6180    0.01324      -0.29  555487636 0.0000e+00
    14.6194    0.01320      -0.29  555487638 0.0000e+00
    14.6248    0.01327      -0.29  555487639 0.0000e+00
    14.6289    0.01330      -0.29  555487641 0.0000e+00
    14.6386    0.01356      -0.29  555487642 0.0000e+00
    14.6374    0.01331      -0.29  555487644 0.0000e+00
    14.6422    0.01332      -0.29  555487646 0.0000e+00
    14.6356    0.01332      -0.29  555487647 0.0000e+00
    14.6277    0.01350      -0.29  555487649 0.0000e+00
    14.6237    0.01348      -0.29  555487650 0.0000e+00
    14.6212    0.01341      -0.29  555487652 0.0000e+00
    14.6238    0.01338      -0.29  555487653 0.0000e+00
    14.6189    0.01335      -0.29  555487655 0.0000e+00
    14.6110    0.01339      -0.29  555487656 0.0000e+00
    14.6049    0.01345      -0.29  555487658 0.0000e+00
    14.6029    0.01336      -0.29  555487659 0.0000e+00
    14.6025    0.01329      -0.29  555487661 0.0000e+00
    14.6055    0.01334      -0.29  555487662 0.0000e+00
    14.6057    0.01326      -0.29  555487664 0.0000e+00
    14.6024    0.01332      -0.29  555487665 0.0000e+00
    14.6008    0.01323      -0.29  555487667 0.0000e+00
    14.5969    0.01343      -0.29  555487668 0.0000e+00
    14.6021    0.01317      -0.29  555487670 0.0000e+00
    14.6070    0.01342      -0.29  555487671 0.0000e+00
    14.6365    0.01325      -0.29  555487673 0.0000e+00
    14.6705    0.01341      -0.29  555487674 0.0000e+00
    14.7063    0.01326      -0.29  555487676 0.0000e+00
    14.7284    0.01327      -0.29  555487677 0.0000e+00
    14.7609    0.01319      -0.29  555487679 0.0000e+00
    14.7832    0.01320      -0.29  555487680 0.0000e+00
    14.7942    0.01324      -0.29  555487682 0.0000e+00
    14.7934    0.01321      -0.29  555487683 0.0000e+00
    14.7943    0.01327      -0.29  555487685 0.0000e+00
    14.7794    0.01330      -0.29  555487686 0.0000e+00
    14.7825    0.01325      -0.29  555487688 0.0000e+00
    14.7921    0.01322      -0.29  555487689 0.0000e+00
    14.7770    0.01322      -0.29  555487691 0.0000e+00
    14.7772    0.01314      -0.29  555487692 0.0000e+00
    14.7799    0.01309      -0.29  555487694 0.0000e+00
    14.7776    0.01318      -0.29  555487695 0.0000e+00
    14.7795    0.01315      -0.29  555487697 0.0000e+00
    14.7818    0.01321      -0.29  555487699 0.0000e+00
    14.7831    0.01314      -0.29  555487700 0.0000e+00
    14.7877    0.01311      -0.29  555487702 0.0000e+00
    14.7916    0.01313      -0.29  555487703 0.0000e+00
    14.7929    0.01302      -0.29  555487705 0.0000e+00
    14.7846    0.01306      -0.29  555487706 0.0000e+00
    14.7782    0.01297      -0.29  555487708 0.0000e+00
    14.7739    0.01305      -0.29  555487709 0.0000e+00
