Code/Hansen Zooplankton Code and Sample Data/data/ctd/gsl_14_SBE37SI-RS232_03706156_2017_08_12_final.cnv
* Sea-Bird SBE37SI-RS232  Data File:
* FileName = C:\Users\General Lab Use\Desktop\SHELAGH CTD 2017\gsl_14_SBE37SI-RS232_03706156_2017_08_12.cnv
* Software version 1.00d
* Temperature SN = 6156
* Conductivity SN = 6156
* System UpLoad Time = Aug 12 2017 00:06:42
* <ApplicationData>
* <Seaterm232>
# nquan = 7                                 
# nvalues = 1912                        
# units = specified
# name 0 = t090C: Temperature [ITS-90, deg C]
# name 1 = c0S/m: Conductivity [S/m]
# name 2 = prM: Pressure [db]
# name 3 = timeK: Time, Seacat Plus [seconds]
# name 4 = sal00: Salinity [PSU]
# name 5 = sigma-t00: Density [sigma-t, Kg/m^3 ]
# name 6 = flag: flag
# span 0 =     0.4996,    19.9572       
# span 1 =  -0.005600,   3.661720       
# span 2 =     -0.230,     88.160       
# span 3 =  555797777,  555800700       
# span 4 =     0.0000,    32.2655       
# span 5 =    -1.7019,    25.8671       
# span 6 = 0.0000e+00, 0.0000e+00       
# interval = seconds: 6.000000
# start_time = Aug 11 2017 20:16:17
# bad_flag = -9.990e-29
*END*
[from data line 1231]
     1.6957   2.736040     31.970  555799660    31.0175    24.8024 0.0000e+00
     1.5015   2.729970     33.000  555799661    31.1329    24.9072 0.0000e+00
     1.3845   2.722530     33.940  555799663    31.1550    24.9322 0.0000e+00
     1.3434   2.728290     34.840  555799664    31.2682    25.0255 0.0000e+00
     1.4923   2.737650     35.750  555799666    31.2371    24.9914 0.0000e+00
     1.5099   2.752270     36.600  555799667    31.4028    25.1232 0.0000e+00
     1.4429   2.738750     37.530  555799669    31.2992    25.0442 0.0000e+00
     1.2196   2.746980     38.270  555799670    31.6273    25.3212 0.0000e+00
     1.0641   2.732740     39.280  555799672    31.6034    25.3111 0.0000e+00
     1.0306   2.728540     39.990  555799673    31.5835    25.2971 0.0000e+00
     0.9400   2.728290     40.980  555799675    31.6719    25.3732 0.0000e+00
     0.8776   2.721240     41.740  555799676    31.6448    25.3550 0.0000e+00
     0.8355   2.716780     42.680  555799678    31.6301    25.3454 0.0000e+00
     0.7709   2.713340     43.630  555799679    31.6513    25.3660 0.0000e+00
     0.6951   2.715400     44.460  555799681    31.7550    25.4535 0.0000e+00
     0.6777   2.712360     45.350  555799683    31.7332    25.4368 0.0000e+00
     0.6485   2.714410     46.120  555799684    31.7892    25.4834 0.0000e+00
     0.5427   2.707670     47.030  555799686    31.8105    25.5061 0.0000e+00
     0.5287   2.717670     47.500  555799687    31.9541    25.6225 0.0000e+00
     0.5240   2.713360     48.050  555799689    31.9029    25.5814 0.0000e+00
     0.5275   2.730330     48.190  555799690    32.1190    25.7553 0.0000e+00
     0.5324   2.716950     48.770  555799692    31.9403    25.6111 0.0000e+00
     0.5260   2.711350     49.480  555799693    31.8740    25.5581 0.0000e+00
     0.5132   2.722670     49.620  555799695    32.0338    25.6874 0.0000e+00
     0.5074   2.716830     49.980  555799696    31.9639    25.6314 0.0000e+00
     0.5017   2.718050     49.780  555799698    31.9857    25.6493 0.0000e+00
     0.5028   2.715870     50.040  555799699    31.9562    25.6255 0.0000e+00
     0.4996   2.715250     49.730  555799701    31.9517    25.6220 0.0000e+00
     0.5025   2.713860     49.930  555799702    31.9305    25.6048 0.0000e+00
     0.5010   2.718170     49.880  555799704    31.9880    25.6511 0.0000e+00
     0.5017   2.710010     49.510  555799705    31.8817    25.5655 0.0000e+00
     0.5061   2.704740     48.710  555799707    31.8094    25.5071 0.0000e+00
     0.5169   2.710210     48.410  555799709    31.8692    25.5547 0.0000e+00
     0.5227   2.702830     47.720  555799710    31.7681    25.4730 0.0000e+00
     0.5187   2.704400     47.350  555799712    31.7927    25.4930 0.0000e+00
     0.5151   2.698780     46.590  555799713    31.7241    25.4380 0.0000e+00
     0.5109   2.700120     46.140  555799715    31.7460    25.4558 0.0000e+00
     0.5690   2.701360     45.430  555799716    31.7028    25.4180 0.0000e+00
     0.6491   2.700220     44.810  555799718    31.6063    25.3363 0.0000e+00
     0.6746   2.705360     44.440  555799719    31.6467    25.3674 0.0000e+00
     0.6834   2.701510     43.970  555799721    31.5884    25.3200 0.0000e+00
     0.7082   2.702560     43.450  555799722    31.5769    25.3095 0.0000e+00
     0.7420   2.699340     42.650  555799724    31.5015    25.2470 0.0000e+00
     0.8093   2.702430     42.220  555799725    31.4730    25.2205 0.0000e+00
     0.8397   2.698660     41.390  555799727    31.3943    25.1556 0.0000e+00
     0.8682   2.699220     40.950  555799728    31.3729    25.1369 0.0000e+00
     0.9327   2.701510     40.110  555799730    31.3375    25.1049 0.0000e+00
     0.9828   2.703200     39.700  555799731    31.3089    25.0791 0.0000e+00
     1.0170   2.704720     39.360  555799733    31.2940    25.0652 0.0000e+00
     1.0256   2.703360     39.050  555799735    31.2682    25.0440 0.0000e+00
     1.0425   2.705630     39.080  555799736    31.2801    25.0526 0.0000e+00
     1.0550   2.703960     38.750  555799738    31.2465    25.0249 0.0000e+00
     1.0843   2.704750     38.630  555799739    31.2272    25.0078 0.0000e+00
     1.1223   2.705990     38.510  555799741    31.2050    24.9877 0.0000e+00
     1.1356   2.706350     38.400  555799742    31.1963    24.9800 0.0000e+00
     1.1376   2.707040     38.090  555799744    31.2032    24.9855 0.0000e+00
     1.2262   2.712220     37.310  555799745    31.1808    24.9623 0.0000e+00
     1.3711   2.714680     36.720  555799747    31.0679    24.8631 0.0000e+00
     1.4590   2.717330     36.080  555799748    31.0146    24.8149 0.0000e+00
     1.5002   2.718660     35.230  555799750    30.9910    24.7935 0.0000e+00
     1.5131   2.714440     34.490  555799751    30.9257    24.7404 0.0000e+00
     1.4326   2.703340     33.930  555799753    30.8659    24.6973 0.0000e+00
     1.3559   2.696800     33.290  555799754    30.8595    24.6968 0.0000e+00
     1.3711   2.696450     32.310  555799756    30.8407    24.6808 0.0000e+00
     1.5703   2.702250     31.770  555799757    30.7183    24.5705 0.0000e+00
     1.6527   2.703970     31.060  555799759    30.6597    24.5185 0.0000e+00
     1.7685   2.705610     30.320  555799760    30.5680    24.4376 0.0000e+00
     1.7087   2.701510     29.880  555799762    30.5752    24.4472 0.0000e+00
     1.8549   2.706480     29.270  555799764    30.4957    24.3742 0.0000e+00
     1.8990   2.710670     28.400  555799765    30.5056    24.3792 0.0000e+00
     2.1567   2.713940     28.060  555799767    30.2987    24.1964 0.0000e+00
     2.4469   2.734600     27.320  555799768    30.2758    24.1577 0.0000e+00
     2.6055   2.739350     26.580  555799770    30.1838    24.0727 0.0000e+00
     2.6513   2.736060     26.120  555799771    30.1010    24.0032 0.0000e+00
     2.8722   2.747550     25.530  555799773    30.0330    23.9322 0.0000e+00
     3.0802   2.769190     24.660  555799774    30.0990    23.9685 0.0000e+00
     3.3099   2.764670     24.320  555799776    29.8322    23.7374 0.0000e+00
     3.3562   2.773630     23.580  555799777    29.8964    23.7846 0.0000e+00
     3.3927   2.778450     22.910  555799779    29.9202    23.8006 0.0000e+00
     3.4470   2.775500     22.410  555799780    29.8355    23.7286 0.0000e+00
     3.6573   2.783390     21.920  555799782    29.7362    23.6318 0.0000e+00
     4.2744   2.833480     20.960  555799783    29.7608    23.5957 0.0000e+00
     4.6888   2.834800     20.570  555799785    29.4050    23.2738 0.0000e+00
     4.9837   2.880140     19.680  555799786    29.6600    23.4462 0.0000e+00
     5.8343   2.928990     19.020  555799788    29.4594    23.1963 0.0000e+00
     6.2532   2.931440     18.530  555799790    29.1247    22.8845 0.0000e+00
     6.4437   2.944450     17.960  555799791    29.1045    22.8462 0.0000e+00
     6.6294   2.972300     17.160  555799793    29.2496    22.9382 0.0000e+00
     7.1910   2.974370     16.790  555799794    28.7982    22.5138 0.0000e+00
     7.4621   2.997790     16.030  555799796    28.8226    22.4982 0.0000e+00
     7.7215   3.027620     15.360  555799797    28.9233    22.5432 0.0000e+00
     8.0123   3.028090     14.960  555799799    28.6887    22.3203 0.0000e+00
     8.1131   3.041720     14.400  555799800    28.7488    22.3536 0.0000e+00
     8.5178   3.087230     13.610  555799802    28.8908    22.4084 0.0000e+00
     9.5559   3.120180     13.130  555799803    28.3924    21.8666 0.0000e+00
    11.0422   3.195360     12.590  555799805    27.9824    21.3104 0.0000e+00
    11.7234   3.266040     11.670  555799806    28.1452    21.3204 0.0000e+00
    12.5109   3.285760     11.250  555799808    27.7436    20.8692 0.0000e+00
    13.4177   3.324810     10.380  555799809    27.4452    20.4700 0.0000e+00
    13.6650   3.356740      9.820  555799811    27.5588    20.5102 0.0000e+00
    14.7860   3.435340      9.290  555799812    27.4671    20.2171 0.0000e+00
    15.2373   3.489280      8.410  555799814    27.6255    20.2458 0.0000e+00
    15.6087   3.481600      8.090  555799815    27.2998    19.9178 0.0000e+00
    15.8819   3.532960      7.150  555799817    27.5561    20.0562 0.0000e+00
    16.0916   3.521190      6.780  555799819    27.3100    19.8224 0.0000e+00
    16.2374   3.553530      6.010  555799820    27.4878    19.9270 0.0000e+00
    16.3126   3.558170      5.400  555799822    27.4760    19.9015 0.0000e+00
    16.3410   3.552080      5.090  555799823    27.4045    19.8405 0.0000e+00
    16.3424   3.570450      4.160  555799825    27.5610    19.9601 0.0000e+00
    16.3475   3.555270      3.930  555799826    27.4276    19.8569 0.0000e+00
    16.3482   3.569660      3.130  555799828    27.5505    19.9509 0.0000e+00
    16.3511   3.568310      2.710  555799829    27.5371    19.9400 0.0000e+00
    16.3540   3.568660      2.310  555799831    27.5382    19.9402 0.0000e+00
    16.3529   3.575910      1.610  555799832    27.6013    19.9887 0.0000e+00
    16.3516   3.569060      1.260  555799834    27.5436    19.9449 0.0000e+00
    16.3532   3.569770      0.770  555799835    27.5488    19.9484 0.0000e+00
    16.3621   3.574480      0.310  555799837    27.5831    19.9728 0.0000e+00
    16.3746   3.530400      0.130  555799838    27.1978    19.6749 0.0000e+00
    16.3805   3.455000     -0.000  555799840    26.5511    19.1784 0.0000e+00
    16.3813   3.565030      0.220  555799841    27.4891    19.8965 0.0000e+00
    16.3819   3.557270     -0.000  555799843    27.4224    19.8453 0.0000e+00
    16.3801   3.569010     -0.150  555799845    27.5240    19.9236 0.0000e+00
    16.3572   0.458780     -0.210  555799846     2.9857     1.1801 0.0000e+00
    16.3331   0.241340     -0.210  555799848     1.5121     0.0540 0.0000e+00
    16.3549   2.291820     -0.210  555799849    16.9138    11.8167 0.0000e+00
    16.3086   1.892720     -0.170  555799851    13.7417     9.4045 0.0000e+00
    16.3372   0.284580     -0.200  555799852     1.7995     0.2740 0.0000e+00
    16.3771   0.754150     -0.160  555799854     5.0758     2.7759 0.0000e+00
    16.3454   0.890560     -0.210  555799855     6.0728     3.5435 0.0000e+00
    16.3169   2.218140     -0.090  555799857    16.3355    11.3828 0.0000e+00
    16.3592   1.679360     -0.200  555799858    12.0498     8.1037 0.0000e+00
    16.3628   3.573420     -0.050  555799860    27.5737    19.9654 0.0000e+00
    16.3784   1.960180     -0.210  555799861    14.2515     9.7800 0.0000e+00
    16.3226   0.263530     -0.210  555799863     1.6597     0.1692 0.0000e+00
    16.2525   0.191820     -0.210  555799864     1.1895    -0.1803 0.0000e+00
    16.2812   0.162870     -0.200  555799866     1.0009    -0.3301 0.0000e+00
    16.2987   0.138270     -0.200  555799867     0.8427    -0.4548 0.0000e+00
    16.3361   0.125860     -0.200  555799869     0.7630    -0.5224 0.0000e+00
    16.3726   0.107830     -0.200  555799870     0.6486    -0.6166 0.0000e+00
    16.3985   0.098540     -0.200  555799872     0.5901    -0.6660 0.0000e+00
    16.4057   0.085860     -0.200  555799874     0.5112    -0.7280 0.0000e+00
    16.4172   0.072840     -0.200  555799875     0.4309    -0.7918 0.0000e+00
    16.4608   0.059110     -0.200  555799877     0.3468    -0.8640 0.0000e+00
    16.4868   0.050780     -0.200  555799878     0.2964    -0.9072 0.0000e+00
    16.4923   0.047060     -0.200  555799880     0.2740    -0.9254 0.0000e+00
    16.5335   0.039020     -0.200  555799881     0.2260    -0.9694 0.0000e+00
    16.5834   0.035530     -0.200  555799883     0.2051    -0.9939 0.0000e+00
    16.5950   0.031650     -0.200  555799884     0.1824    -1.0135 0.0000e+00
    16.5883   0.027710     -0.200  555799886     0.1594    -1.0300 0.0000e+00
    16.5657   0.024290     -0.200  555799887     0.1397    -1.0414 0.0000e+00
    16.5541   0.022420     -0.200  555799889     0.1290    -1.0478 0.0000e+00
    16.5961   0.023260     -0.210  555799890     0.1337    -1.0512 0.0000e+00
    16.6437   0.021320     -0.200  555799892     0.1224    -1.0680 0.0000e+00
    16.6677   0.020580     -0.200  555799893     0.1181    -1.0754 0.0000e+00
    16.7061   0.025280     -0.210  555799895     0.1450    -1.0612 0.0000e+00
    16.7489   0.029500     -0.200  555799897     0.1692    -1.0499 0.0000e+00
    16.7646   0.033110     -0.200  555799898     0.1902    -1.0364 0.0000e+00
    16.7987   0.031100     -0.200  555799900     0.1783    -1.0514 0.0000e+00
    16.8330   0.029890     -0.200  555799901     0.1712    -1.0628 0.0000e+00
    16.8796   0.029060     -0.210  555799903     0.1662    -1.0747 0.0000e+00
    16.8950   0.029030     -0.200  555799904     0.1659    -1.0775 0.0000e+00
    16.9080   0.029360     -0.200  555799906     0.1678    -1.0784 0.0000e+00
    16.9297   0.029970     -0.200  555799907     0.1712    -1.0795 0.0000e+00
    16.9490   0.031060     -0.200  555799909     0.1775    -1.0780 0.0000e+00
    16.9586   0.032770     -0.200  555799910     0.1873    -1.0721 0.0000e+00
    16.9799   0.034140     -0.200  555799912     0.1952    -1.0697 0.0000e+00
    16.9909   0.033190     -0.200  555799913     0.1896    -1.0759 0.0000e+00
    16.9865   0.030940     -0.200  555799915     0.1766    -1.0852 0.0000e+00
    17.0056   0.028430     -0.200  555799916     0.1621    -1.0997 0.0000e+00
    17.0345   0.028190     -0.200  555799918     0.1606    -1.1059 0.0000e+00
    17.0296   0.028540     -0.200  555799919     0.1626    -1.1035 0.0000e+00
    17.0178   0.030080     -0.200  555799921     0.1715    -1.0946 0.0000e+00
    16.9944   0.026300     -0.190  555799923     0.1499    -1.1072 0.0000e+00
    16.9905   0.022720     -0.180  555799924     0.1295    -1.1222 0.0000e+00
    16.9998   0.021070     -0.180  555799926     0.1201    -1.1311 0.0000e+00
    17.0001   0.020030     -0.180  555799927     0.1142    -1.1357 0.0000e+00
    17.0028   0.019460     -0.180  555799929     0.1110    -1.1387 0.0000e+00
    17.0020   0.018650     -0.180  555799930     0.1064    -1.1420 0.0000e+00
    17.0339   0.017980     -0.180  555799932     0.1026    -1.1506 0.0000e+00
    17.0607   0.017470     -0.180  555799933     0.0996    -1.1575 0.0000e+00
    17.0816   0.017010     -0.180  555799935     0.0970    -1.1632 0.0000e+00
    17.0911   0.016310     -0.180  555799936     0.0931    -1.1678 0.0000e+00
    17.1034   0.015970     -0.180  555799938     0.0912    -1.1715 0.0000e+00
    17.1055   0.015710     -0.180  555799939     0.0897    -1.1730 0.0000e+00
    17.1099   0.015570     -0.180  555799941     0.0889    -1.1743 0.0000e+00
    17.1153   0.015320     -0.180  555799942     0.0875    -1.1764 0.0000e+00
    17.1041   0.015130     -0.180  555799944     0.0865    -1.1752 0.0000e+00
    17.0701   0.014950     -0.180  555799945     0.0856    -1.1700 0.0000e+00
    17.0555   0.014760     -0.180  555799947     0.0845    -1.1682 0.0000e+00
    17.0458   0.014610     -0.180  555799949     0.0837    -1.1672 0.0000e+00
    17.0327   0.014420     -0.180  555799950     0.0827    -1.1657 0.0000e+00
    17.0441   0.014310     -0.180  555799952     0.0821    -1.1681 0.0000e+00
    17.0310   0.014130     -0.180  555799953     0.0811    -1.1666 0.0000e+00
    17.0118   0.014040     -0.180  555799955     0.0806    -1.1636 0.0000e+00
    16.9873   0.013880     -0.180  555799956     0.0798    -1.1600 0.0000e+00
    16.9844   0.013760     -0.180  555799958     0.0791    -1.1600 0.0000e+00
    16.9765   0.013610     -0.180  555799959     0.0783    -1.1593 0.0000e+00
    16.9611   0.013490     -0.180  555799961     0.0776    -1.1571 0.0000e+00
    16.9733   0.013410     -0.180  555799962     0.0772    -1.1596 0.0000e+00
    16.9871   0.013310     -0.180  555799964     0.0766    -1.1624 0.0000e+00
    16.9745   0.013250     -0.180  555799965     0.0763    -1.1605 0.0000e+00
    16.9671   0.013180     -0.180  555799967     0.0759    -1.1595 0.0000e+00
    16.9518   0.013110     -0.180  555799968     0.0756    -1.1571 0.0000e+00
    16.9492   0.013050     -0.180  555799970     0.0752    -1.1569 0.0000e+00
