Code/Hansen Zooplankton Code and Sample Data/data/ctd/gsl_12_SBE37SI-RS232_03706156_2017_08_11_final.cnv
* Sea-Bird SBE37SI-RS232  Data File:
* FileName = C:\Users\General Lab Use\Desktop\SHELAGH CTD 2017\gsl_12_SBE37SI-RS232_03706156_2017_08_11.cnv
* Software version 1.00d
* Temperature SN = 6156
* Conductivity SN = 6156
* System UpLoad Time = Aug 11 2017 00:43:36
* <ApplicationData>
* <Seaterm232>
# nquan = 7                                 
# nvalues = 2318                        
# units = specified
# name 0 = t090C: Temperature [ITS-90, deg C]
# name 1 = c0S/m: Conductivity [S/m]
# name 2 = prM: Pressure [db]
# name 3 = timeK: Time, Seacat Plus [seconds]
# name 4 = sal00: Salinity [PSU]
# name 5 = sigma-t00: Density [sigma-t, Kg/m^3 ]
# name 6 = flag: flag
# span 0 =    -0.2584,    20.6000       
# span 1 =   0.000000,   3.665880       
# span 2 =     -0.250,    121.870       
# span 3 =  555711688,  555715230       
# span 4 =     0.0000,    32.5132       
# span 5 =    -1.9106,    26.0455       
# span 6 = 0.0000e+00, 0.0000e+00       
# interval = seconds: 6.000000
# start_time = Aug 10 2017 20:21:28
# bad_flag = -9.990e-29
*END*
[from data line 1642]
    17.8523   0.005080     -0.220  555714198     0.0319    -1.3514 0.0000e+00
    17.8510   0.005070     -0.220  555714200     0.0318    -1.3512 0.0000e+00
    17.8553   0.005100     -0.220  555714201     0.0320    -1.3519 0.0000e+00
    17.8598   0.005090     -0.220  555714203     0.0319    -1.3528 0.0000e+00
    17.8703   0.005100     -0.220  555714205     0.0320    -1.3547 0.0000e+00
    17.8751   0.005100     -0.220  555714206     0.0320    -1.3555 0.0000e+00
    17.8738   0.005100     -0.220  555714208     0.0320    -1.3553 0.0000e+00
    17.8701   0.005110     -0.220  555714209     0.0320    -1.3546 0.0000e+00
    17.8681   0.005140     -0.220  555714211     0.0322    -1.3541 0.0000e+00
    17.8729   0.005130     -0.220  555714212     0.0321    -1.3550 0.0000e+00
    17.8761   0.005150     -0.220  555714214     0.0322    -1.3555 0.0000e+00
    17.8739   0.005150     -0.220  555714215     0.0322    -1.3551 0.0000e+00
    17.8736   0.005160     -0.220  555714217     0.0323    -1.3550 0.0000e+00
    17.8727   0.005160     -0.220  555714218     0.0323    -1.3549 0.0000e+00
    17.8740   0.005170     -0.220  555714220     0.0323    -1.3551 0.0000e+00
    17.8787   0.005170     -0.220  555714221     0.0323    -1.3559 0.0000e+00
    17.8763   0.005170     -0.220  555714223     0.0323    -1.3555 0.0000e+00
    17.8725   0.005180     -0.220  555714224     0.0324    -1.3548 0.0000e+00
    17.8721   0.005180     -0.220  555714226     0.0324    -1.3547 0.0000e+00
    17.8908   0.005210     -0.220  555714227     0.0325    -1.3580 0.0000e+00
    17.9024   0.005240     -0.220  555714229     0.0327    -1.3600 0.0000e+00
    17.9075   0.005260     -0.220  555714230     0.0328    -1.3609 0.0000e+00
    17.9080   0.005280     -0.210  555714232     0.0329    -1.3609 0.0000e+00
    17.9120   0.005300     -0.220  555714233     0.0330    -1.3616 0.0000e+00
    17.9155   0.005310     -0.210  555714235     0.0330    -1.3622 0.0000e+00
    17.9128   0.005310     -0.220  555714237     0.0330    -1.3617 0.0000e+00
    17.9167   0.005330     -0.220  555714238     0.0331    -1.3623 0.0000e+00
    17.9203   0.005330     -0.220  555714240     0.0331    -1.3630 0.0000e+00
    17.9166   0.005350     -0.220  555714241     0.0332    -1.3622 0.0000e+00
    17.9290   0.005360     -0.220  555714243     0.0333    -1.3645 0.0000e+00
    17.9329   0.005360     -0.220  555714244     0.0333    -1.3652 0.0000e+00
    17.9350   0.005360     -0.220  555714246     0.0333    -1.3656 0.0000e+00
    17.9400   0.005370     -0.220  555714247     0.0333    -1.3664 0.0000e+00
    17.9425   0.005380     -0.220  555714249     0.0334    -1.3669 0.0000e+00
    17.9460   0.005400     -0.220  555714250     0.0335    -1.3674 0.0000e+00
    17.9589   0.005430     -0.220  555714252     0.0336    -1.3697 0.0000e+00
    17.9633   0.005430     -0.220  555714253     0.0336    -1.3705 0.0000e+00
    17.9630   0.005450     -0.220  555714255     0.0337    -1.3704 0.0000e+00
    17.9663   0.005440     -0.220  555714256     0.0337    -1.3710 0.0000e+00
    17.9667   0.005450     -0.220  555714258     0.0337    -1.3711 0.0000e+00
    17.9690   0.005450     -0.220  555714259     0.0337    -1.3715 0.0000e+00
    17.9656   0.005450     -0.220  555714261     0.0337    -1.3709 0.0000e+00
    17.9639   0.005450     -0.210  555714262     0.0337    -1.3705 0.0000e+00
    17.9714   0.005470     -0.220  555714264     0.0338    -1.3718 0.0000e+00
    17.9761   0.005470     -0.210  555714265     0.0338    -1.3727 0.0000e+00
    17.9863   0.005480     -0.220  555714267     0.0339    -1.3746 0.0000e+00
    17.9889   0.005480     -0.220  555714269     0.0339    -1.3750 0.0000e+00
    17.9922   0.005460     -0.220  555714270     0.0338    -1.3757 0.0000e+00
    17.9933   0.005450     -0.220  555714272     0.0337    -1.3760 0.0000e+00
    17.9966   0.005440     -0.220  555714273     0.0337    -1.3766 0.0000e+00
    17.9996   0.005430     -0.220  555714275     0.0336    -1.3772 0.0000e+00
    18.0084   0.005430     -0.220  555714276     0.0336    -1.3789 0.0000e+00
    18.0251   0.005430     -0.220  555714278     0.0336    -1.3820 0.0000e+00
    18.0361   0.005430     -0.220  555714279     0.0336    -1.3840 0.0000e+00
    18.0405   0.005420     -0.220  555714281     0.0336    -1.3849 0.0000e+00
    18.0463   0.005400     -0.220  555714282     0.0335    -1.3860 0.0000e+00
    18.0494   0.005380     -0.220  555714284     0.0334    -1.3867 0.0000e+00
    18.0443   0.005380     -0.220  555714285     0.0334    -1.3857 0.0000e+00
    18.0484   0.005370     -0.220  555714287     0.0333    -1.3865 0.0000e+00
    18.0507   0.005360     -0.220  555714288     0.0333    -1.3870 0.0000e+00
    18.0502   0.005360     -0.220  555714290     0.0333    -1.3869 0.0000e+00
    18.0674   0.005360     -0.220  555714291     0.0333    -1.3901 0.0000e+00
    18.0832   0.005380     -0.220  555714293     0.0333    -1.3929 0.0000e+00
    18.0820   0.005360     -0.220  555714294     0.0332    -1.3928 0.0000e+00
    18.0857   0.005360     -0.220  555714296     0.0332    -1.3935 0.0000e+00
    18.0935   0.005360     -0.220  555714298     0.0332    -1.3949 0.0000e+00
    18.1001   0.005360     -0.220  555714299     0.0332    -1.3962 0.0000e+00
    18.1156   0.005390     -0.210  555714301     0.0334    -1.3989 0.0000e+00
    18.1205   0.005370     -0.220  555714302     0.0333    -1.3999 0.0000e+00
    18.1233   0.005370     -0.220  555714304     0.0333    -1.4005 0.0000e+00
    18.1250   0.005370     -0.220  555714305     0.0333    -1.4008 0.0000e+00
    18.1297   0.005370     -0.220  555714307     0.0333    -1.4017 0.0000e+00
    18.1248   0.005350     -0.220  555714308     0.0332    -1.4008 0.0000e+00
    18.1204   0.005340     -0.220  555714310     0.0331    -1.4000 0.0000e+00
    18.1277   0.005350     -0.220  555714311     0.0332    -1.4014 0.0000e+00
    18.1341   0.005360     -0.220  555714313     0.0332    -1.4025 0.0000e+00
    18.1431   0.005360     -0.220  555714314     0.0332    -1.4042 0.0000e+00
    18.1411   0.005350     -0.220  555714316     0.0332    -1.4039 0.0000e+00
    18.1506   0.005370     -0.220  555714317     0.0333    -1.4056 0.0000e+00
    18.1480   0.005370     -0.220  555714319     0.0333    -1.4051 0.0000e+00
    18.1552   0.005400     -0.220  555714320     0.0334    -1.4063 0.0000e+00
    18.1621   0.005420     -0.220  555714322     0.0335    -1.4075 0.0000e+00
    18.1710   0.005420     -0.220  555714323     0.0335    -1.4092 0.0000e+00
    18.1664   0.005400     -0.220  555714325     0.0334    -1.4084 0.0000e+00
    18.1607   0.005380     -0.220  555714327     0.0333    -1.4074 0.0000e+00
    18.1644   0.005370     -0.220  555714328     0.0333    -1.4081 0.0000e+00
    18.1588   0.005370     -0.220  555714330     0.0333    -1.4071 0.0000e+00
    18.1631   0.005370     -0.220  555714331     0.0333    -1.4079 0.0000e+00
    18.1576   0.005370     -0.220  555714333     0.0333    -1.4069 0.0000e+00
    18.1554   0.005360     -0.220  555714334     0.0332    -1.4065 0.0000e+00
    18.1492   0.005370     -0.220  555714336     0.0333    -1.4053 0.0000e+00
    18.1586   0.005380     -0.220  555714337     0.0333    -1.4070 0.0000e+00
    18.1624   0.005370     -0.220  555714339     0.0333    -1.4078 0.0000e+00
    18.1619   0.005370     -0.220  555714340     0.0333    -1.4077 0.0000e+00
    18.1743   0.005380     -0.220  555714342     0.0333    -1.4099 0.0000e+00
    18.1727   0.005350     -0.240  555714343     0.0332    -1.4098 0.0000e+00
    18.1749   0.005440     -0.240  555714345     0.0336    -1.4098 0.0000e+00
    18.1839   0.005570     -0.240  555714346     0.0343    -1.4110 0.0000e+00
    18.1746   0.005810     -0.240  555714348     0.0355    -1.4083 0.0000e+00
    18.1670   0.005890     -0.240  555714349     0.0359    -1.4066 0.0000e+00
    18.1586   0.005880     -0.250  555714351     0.0359    -1.4051 0.0000e+00
    18.1517   0.005880     -0.240  555714352     0.0359    -1.4038 0.0000e+00
    18.1516   0.005900     -0.250  555714354     0.0360    -1.4037 0.0000e+00
    18.1482   0.005960     -0.240  555714355     0.0363    -1.4028 0.0000e+00
    18.1455   0.006000     -0.250  555714357     0.0365    -1.4021 0.0000e+00
    18.1393   0.006030     -0.240  555714359     0.0366    -1.4009 0.0000e+00
    18.1358   0.006100     -0.240  555714360     0.0370    -1.3999 0.0000e+00
    18.1301   0.006110     -0.250  555714362     0.0371    -1.3988 0.0000e+00
    18.1255   0.040720     -0.240  555714363     0.2275    -1.2515 0.0000e+00
    18.1228   0.050480     -0.240  555714365     0.2835    -1.2080 0.0000e+00
    18.1253   0.074100     -0.240  555714366     0.4212    -1.1028 0.0000e+00
    18.1232   0.059560     -0.240  555714368     0.3361    -1.1677 0.0000e+00
    18.1293   0.061870     -0.240  555714369     0.3495    -1.1586 0.0000e+00
    18.1347   0.059050     -0.230  555714371     0.3331    -1.1722 0.0000e+00
    18.1503   0.057900     -0.240  555714372     0.3263    -1.1803 0.0000e+00
    18.1667   0.053150     -0.240  555714374     0.2986    -1.2046 0.0000e+00
    18.1847   0.936160     -0.140  555714375     6.1259     3.2369 0.0000e+00
    18.0722   0.723400     -0.040  555714377     4.6572     2.1413 0.0000e+00
    18.0951   3.653190      0.870  555714378    27.0741    19.1907 0.0000e+00
    18.1091   3.651110      1.130  555714380    27.0477    19.1673 0.0000e+00
    18.1085   3.652970      2.130  555714381    27.0631    19.1792 0.0000e+00
    18.1089   3.651190      2.440  555714383    27.0481    19.1677 0.0000e+00
    18.1115   3.654000      3.430  555714384    27.0692    19.1831 0.0000e+00
    18.1176   3.653230      3.450  555714386    27.0589    19.1738 0.0000e+00
    18.1179   3.655340      4.580  555714387    27.0757    19.1866 0.0000e+00
    18.1158   3.653140      4.580  555714389    27.0590    19.1743 0.0000e+00
    18.0437   3.645340      5.710  555714391    27.0420    19.1783 0.0000e+00
    17.4632   3.633260      5.720  555714392    27.3283    19.5311 0.0000e+00
    17.1411   3.581090      6.670  555714394    27.1076    19.4356 0.0000e+00
    16.9795   3.575650      7.040  555714395    27.1702    19.5199 0.0000e+00
    16.9481   3.559880      7.840  555714397    27.0582    19.4412 0.0000e+00
    16.8845   3.556930      8.370  555714398    27.0758    19.4689 0.0000e+00
    16.8294   3.548150      9.170  555714400    27.0385    19.4526 0.0000e+00
    16.7271   3.546090      9.760  555714401    27.0896    19.5145 0.0000e+00
    16.7190   3.545420     10.400  555714403    27.0892    19.5160 0.0000e+00
    16.7199   3.548590     11.250  555714404    27.1152    19.5357 0.0000e+00
    16.7165   3.550070     11.820  555714406    27.1299    19.5476 0.0000e+00
    16.6662   3.549580     12.430  555714407    27.1595    19.5815 0.0000e+00
    16.5345   3.535020     13.350  555714409    27.1246    19.5838 0.0000e+00
    15.5185   3.512040     13.640  555714410    27.6256    20.1869 0.0000e+00
    14.9472   3.441860     14.380  555714412    27.4099    20.1402 0.0000e+00
    13.9517   3.402430     14.760  555714413    27.7649    20.6133 0.0000e+00
    13.7286   3.384760     15.110  555714415    27.7657    20.6574 0.0000e+00
    13.4612   3.371370     15.400  555714416    27.8376    20.7644 0.0000e+00
    13.3742   3.365160     16.050  555714418    27.8439    20.7859 0.0000e+00
    13.2004   3.362440     16.170  555714419    27.9461    20.8978 0.0000e+00
    13.1809   3.346320     16.850  555714421    27.8118    20.7978 0.0000e+00
    12.8365   3.323920     17.200  555714423    27.8572    20.8972 0.0000e+00
    12.7304   3.323260     17.660  555714424    27.9291    20.9724 0.0000e+00
    12.2036   3.297180     18.420  555714426    28.0765    21.1822 0.0000e+00
    12.0001   3.296280     18.780  555714427    28.2209    21.3304 0.0000e+00
    11.5721   3.270470     19.450  555714429    28.2996    21.4664 0.0000e+00
    11.4166   3.272580     19.860  555714430    28.4387    21.6012 0.0000e+00
    11.2258   3.259210     20.670  555714432    28.4564    21.6475 0.0000e+00
    11.1818   3.264790     20.900  555714433    28.5443    21.7232 0.0000e+00
    11.1113   3.248370     21.790  555714435    28.4394    21.6537 0.0000e+00
    11.0310   3.254080     22.200  555714436    28.5568    21.7584 0.0000e+00
    10.8770   3.258110     22.920  555714438    28.7158    21.9078 0.0000e+00
    10.7771   3.245040     23.590  555714439    28.6661    21.8857 0.0000e+00
    10.5523   3.244040     23.990  555714441    28.8328    22.0524 0.0000e+00
    10.3534   3.210080     24.920  555714442    28.6546    21.9460 0.0000e+00
    10.0307   3.214520     25.350  555714444    28.9546    22.2312 0.0000e+00
     9.9754   3.189250     26.260  555714445    28.7464    22.0777 0.0000e+00
     9.8882   3.198360     26.610  555714447    28.9068    22.2164 0.0000e+00
     9.7906   3.181380     27.430  555714448    28.8146    22.1597 0.0000e+00
     9.5091   3.176510     28.260  555714450    28.9914    22.3410 0.0000e+00
     9.2494   3.164380     28.900  555714451    29.0787    22.4486 0.0000e+00
     9.1472   3.158660     29.730  555714453    29.1034    22.4832 0.0000e+00
     9.0563   3.160890     30.420  555714455    29.2002    22.5723 0.0000e+00
     8.9973   3.156360     31.130  555714456    29.2020    22.5824 0.0000e+00
     8.9773   3.161570     31.930  555714458    29.2714    22.6396 0.0000e+00
     8.9821   3.159450     32.590  555714459    29.2455    22.6186 0.0000e+00
     8.9306   3.164850     33.250  555714461    29.3429    22.7024 0.0000e+00
     8.8291   3.153540     33.980  555714462    29.3103    22.6918 0.0000e+00
     7.9463   3.133890     34.520  555714464    29.8464    23.2368 0.0000e+00
     7.7471   3.098440     35.380  555714465    29.6414    23.1032 0.0000e+00
     7.3871   3.105920     35.700  555714467    30.0297    23.4559 0.0000e+00
     7.2370   3.059600     36.670  555714468    29.6629    23.1873 0.0000e+00
     6.5591   3.049890     36.970  555714470    30.1471    23.6535 0.0000e+00
     6.2937   3.007930     37.990  555714471    29.9205    23.5070 0.0000e+00
     5.5781   3.007800     38.450  555714473    30.5581    24.0928 0.0000e+00
     5.0270   2.964340     39.460  555714474    30.5692    24.1615 0.0000e+00
     4.8217   2.990090     39.730  555714476    31.0535    24.5666 0.0000e+00
     4.6532   2.952150     40.430  555714477    30.7742    24.3626 0.0000e+00
     4.4507   2.932380     39.900  555714479    30.7347    24.3515 0.0000e+00
     4.5435   2.944970     39.940  555714480    30.7937    24.3891 0.0000e+00
     4.6259   2.940540     39.600  555714482    30.6663    24.2798 0.0000e+00
     4.7513   2.937050     39.250  555714483    30.5106    24.1437 0.0000e+00
     4.8380   2.955330     39.110  555714485    30.6403    24.2375 0.0000e+00
     4.8675   2.944300     38.800  555714486    30.4872    24.1132 0.0000e+00
     4.9480   2.946410     38.330  555714488    30.4378    24.0657 0.0000e+00
     4.9824   2.957670     38.720  555714490    30.5345    24.1387 0.0000e+00
     4.9617   2.955380     38.760  555714491    30.5273    24.1352 0.0000e+00
     4.8837   2.937720     39.720  555714493    30.3967    24.0398 0.0000e+00
     4.7824   2.938550     39.370  555714494    30.4992    24.1314 0.0000e+00
     4.7305   2.927660     40.340  555714496    30.4215    24.0752 0.0000e+00
     4.4875   2.923410     39.960  555714497    30.5967    24.2384 0.0000e+00
     4.4398   2.913950     40.640  555714499    30.5312    24.1911 0.0000e+00
     4.2504   2.919300     40.960  555714500    30.7693    24.3985 0.0000e+00
     3.9902   2.900050     41.560  555714502    30.7882    24.4382 0.0000e+00
     3.7205   2.912800     41.840  555714503    31.1939    24.7856 0.0000e+00
     3.2106   2.858330     42.640  555714505    31.0341    24.7030 0.0000e+00
     2.8623   2.862100     42.690  555714506    31.4169    25.0370 0.0000e+00
     2.6988   2.815370     43.650  555714508    31.0088    24.7242 0.0000e+00
