Code/Hansen Zooplankton Code and Sample Data/data/ctd/gsl_14_SBE37SI-RS232_03706156_2017_08_12.cnv
* Sea-Bird SBE37SI-RS232  Data File:
* FileName = C:\Users\General Lab Use\Desktop\SHELAGH CTD 2017\gsl_14_SBE37SI-RS232_03706156_2017_08_12.cnv
* Software version 1.00d
* Temperature SN = 6156
* Conductivity SN = 6156
* System UpLoad Time = Aug 12 2017 00:06:42
* <ApplicationData>
* <Seaterm232>
# nquan = 5
# nvalues = 1912
# units = specified
# name 0 = t090C: Temperature [ITS-90, deg C]
# name 1 = c0S/m: Conductivity [S/m]
# name 2 = prM: Pressure [db]
# name 3 = timeK: Time, Seacat Plus [seconds]
# name 4 = flag: Flag
# span 0 =      0.4996,    19.9572
# span 1 =   -0.005600,   3.661720
# span 2 =      -0.234,     88.163
# span 3 =   555797777,  555800700
# span 4 =  0.0000e+00, 0.0000e+00
# interval = seconds: 6.000000
# start_time = Aug 11 2017 20:16:17
# bad_flag = -9.990e-29
*END*
[from data line 1143]
    17.1587    0.01650      -0.21  555799525 0.0000e+00
    17.1609    0.01638      -0.21  555799527 0.0000e+00
    17.1621    0.01648      -0.21  555799528 0.0000e+00
    17.1651    0.01637      -0.21  555799530 0.0000e+00
    17.1677    0.01641      -0.21  555799531 0.0000e+00
    17.1671    0.01641      -0.21  555799533 0.0000e+00
    17.1695    0.01637      -0.21  555799534 0.0000e+00
    17.1695    0.01635      -0.21  555799536 0.0000e+00
    17.1674    0.01636      -0.21  555799537 0.0000e+00
    17.1669    0.01632      -0.21  555799539 0.0000e+00
    17.1706    0.01634      -0.21  555799540 0.0000e+00
    17.1710    0.01628      -0.21  555799542 0.0000e+00
    17.1692    0.01630      -0.21  555799543 0.0000e+00
    17.1689    0.01626      -0.21  555799545 0.0000e+00
    17.1701    0.01628      -0.21  555799547 0.0000e+00
    17.1695    0.01626      -0.21  555799548 0.0000e+00
    17.1699    0.01625      -0.22  555799550 0.0000e+00
    17.1761    0.02756      -0.22  555799551 0.0000e+00
    17.1816    0.05066      -0.23  555799553 0.0000e+00
    17.1841    0.04466      -0.23  555799554 0.0000e+00
    17.1981    0.03151      -0.23  555799556 0.0000e+00
    17.2021    0.02490      -0.23  555799557 0.0000e+00
    17.2221    0.02199      -0.23  555799559 0.0000e+00
    17.2419    0.02030      -0.23  555799560 0.0000e+00
    17.2686    0.01871      -0.23  555799562 0.0000e+00
    17.2786    0.01766      -0.23  555799563 0.0000e+00
    17.2843    0.01675      -0.23  555799565 0.0000e+00
    17.2848    0.01611      -0.23  555799566 0.0000e+00
    17.2895    0.01553      -0.23  555799568 0.0000e+00
    17.2899    0.01525      -0.23  555799569 0.0000e+00
    17.2927    0.01524      -0.23  555799571 0.0000e+00
    17.2937    0.01553      -0.23  555799572 0.0000e+00
    17.3001    0.01668      -0.23  555799574 0.0000e+00
    17.3067    0.01716      -0.23  555799576 0.0000e+00
    17.3155    0.01993      -0.23  555799577 0.0000e+00
    17.3159    0.02220      -0.23  555799579 0.0000e+00
    17.3216    0.02031      -0.23  555799580 0.0000e+00
    17.3240    0.01934      -0.23  555799582 0.0000e+00
    17.3210    0.01812      -0.23  555799583 0.0000e+00
    17.3157    0.01717      -0.23  555799585 0.0000e+00
    16.8414    3.59986       0.50  555799586 0.0000e+00
    16.6525    3.60916       0.77  555799588 0.0000e+00
    16.6355    3.60892       1.51  555799589 0.0000e+00
    16.6103    3.60496       2.21  555799591 0.0000e+00
    16.5353    3.60231       2.78  555799592 0.0000e+00
    16.4902    3.60226       3.15  555799594 0.0000e+00
    16.4730    3.59948       3.78  555799595 0.0000e+00
    16.4379    3.60033       4.18  555799597 0.0000e+00
    16.4033    3.59601       4.96  555799598 0.0000e+00
    16.3949    3.59653       5.42  555799600 0.0000e+00
    16.3406    3.59205       6.20  555799602 0.0000e+00
    16.2554    3.58627       6.82  555799603 0.0000e+00
    15.9877    3.57899       7.44  555799605 0.0000e+00
    15.6006    3.54819       8.17  555799606 0.0000e+00
    15.3048    3.55122       8.54  555799608 0.0000e+00
    15.2016    3.51871       9.27  555799609 0.0000e+00
    14.7490    3.49151       9.81  555799611 0.0000e+00
    13.8983    3.44238      10.38  555799612 0.0000e+00
    13.6677    3.42920      10.89  555799614 0.0000e+00
    13.5021    3.40630      11.55  555799615 0.0000e+00
    12.6898    3.40233      12.08  555799617 0.0000e+00
    11.9620    3.33238      12.85  555799618 0.0000e+00
    10.4746    3.29379      13.46  555799620 0.0000e+00
     9.4056    3.19618      14.31  555799621 0.0000e+00
     8.4769    3.15590      15.02  555799623 0.0000e+00
     8.1365    3.13668      15.82  555799624 0.0000e+00
     7.8144    3.10364      16.77  555799626 0.0000e+00
     7.4142    3.08782      17.47  555799628 0.0000e+00
     6.7597    3.04491      18.45  555799629 0.0000e+00
     6.3590    3.03224      19.11  555799631 0.0000e+00
     5.8825    2.99264      20.21  555799632 0.0000e+00
     4.8948    2.95769      20.87  555799634 0.0000e+00
     4.6537    2.92074      21.72  555799635 0.0000e+00
     3.7505    2.85810      22.72  555799637 0.0000e+00
     3.4155    2.87281      23.13  555799638 0.0000e+00
     3.4022    2.84434      23.78  555799640 0.0000e+00
     3.3732    2.86317      23.61  555799641 0.0000e+00
     3.3452    2.85004      24.17  555799643 0.0000e+00
     3.2560    2.84856      24.27  555799644 0.0000e+00
     3.1607    2.81510      25.22  555799646 0.0000e+00
     2.8935    2.80446      25.98  555799647 0.0000e+00
     2.6553    2.79177      26.91  555799649 0.0000e+00
     2.6200    2.77486      27.81  555799650 0.0000e+00
     2.1385    2.79385      28.13  555799652 0.0000e+00
     1.9465    2.76567      28.47  555799653 0.0000e+00
     1.9305    2.75732      29.07  555799655 0.0000e+00
     1.8822    2.74636      29.97  555799657 0.0000e+00
     1.7505    2.74166      30.91  555799658 0.0000e+00
     1.6957    2.73604      31.97  555799660 0.0000e+00
     1.5015    2.72997      33.00  555799661 0.0000e+00
     1.3845    2.72253      33.94  555799663 0.0000e+00
     1.3434    2.72829      34.84  555799664 0.0000e+00
     1.4923    2.73765      35.75  555799666 0.0000e+00
     1.5099    2.75227      36.60  555799667 0.0000e+00
     1.4429    2.73875      37.53  555799669 0.0000e+00
     1.2196    2.74698      38.27  555799670 0.0000e+00
     1.0641    2.73274      39.28  555799672 0.0000e+00
     1.0306    2.72854      39.99  555799673 0.0000e+00
     0.9400    2.72829      40.98  555799675 0.0000e+00
     0.8776    2.72124      41.74  555799676 0.0000e+00
     0.8355    2.71678      42.68  555799678 0.0000e+00
     0.7709    2.71334      43.63  555799679 0.0000e+00
     0.6951    2.71540      44.46  555799681 0.0000e+00
     0.6777    2.71236      45.35  555799683 0.0000e+00
     0.6485    2.71441      46.12  555799684 0.0000e+00
     0.5427    2.70767      47.03  555799686 0.0000e+00
     0.5287    2.71767      47.50  555799687 0.0000e+00
     0.5240    2.71336      48.05  555799689 0.0000e+00
     0.5275    2.73033      48.19  555799690 0.0000e+00
     0.5324    2.71695      48.77  555799692 0.0000e+00
     0.5260    2.71135      49.48  555799693 0.0000e+00
     0.5132    2.72267      49.62  555799695 0.0000e+00
     0.5074    2.71683      49.98  555799696 0.0000e+00
     0.5017    2.71805      49.78  555799698 0.0000e+00
     0.5028    2.71587      50.04  555799699 0.0000e+00
     0.4996    2.71525      49.73  555799701 0.0000e+00
     0.5025    2.71386      49.93  555799702 0.0000e+00
     0.5010    2.71817      49.88  555799704 0.0000e+00
     0.5017    2.71001      49.51  555799705 0.0000e+00
     0.5061    2.70474      48.71  555799707 0.0000e+00
     0.5169    2.71021      48.41  555799709 0.0000e+00
     0.5227    2.70283      47.72  555799710 0.0000e+00
     0.5187    2.70440      47.35  555799712 0.0000e+00
     0.5151    2.69878      46.59  555799713 0.0000e+00
     0.5109    2.70012      46.14  555799715 0.0000e+00
     0.5690    2.70136      45.43  555799716 0.0000e+00
     0.6491    2.70022      44.81  555799718 0.0000e+00
     0.6746    2.70536      44.44  555799719 0.0000e+00
     0.6834    2.70151      43.97  555799721 0.0000e+00
     0.7082    2.70256      43.45  555799722 0.0000e+00
     0.7420    2.69934      42.65  555799724 0.0000e+00
     0.8093    2.70243      42.22  555799725 0.0000e+00
     0.8397    2.69866      41.39  555799727 0.0000e+00
     0.8682    2.69922      40.95  555799728 0.0000e+00
     0.9327    2.70151      40.11  555799730 0.0000e+00
     0.9828    2.70320      39.70  555799731 0.0000e+00
     1.0170    2.70472      39.36  555799733 0.0000e+00
     1.0256    2.70336      39.05  555799735 0.0000e+00
     1.0425    2.70563      39.08  555799736 0.0000e+00
     1.0550    2.70396      38.75  555799738 0.0000e+00
     1.0843    2.70475      38.63  555799739 0.0000e+00
     1.1223    2.70599      38.51  555799741 0.0000e+00
     1.1356    2.70635      38.40  555799742 0.0000e+00
     1.1376    2.70704      38.09  555799744 0.0000e+00
     1.2262    2.71222      37.31  555799745 0.0000e+00
     1.3711    2.71468      36.72  555799747 0.0000e+00
     1.4590    2.71733      36.08  555799748 0.0000e+00
     1.5002    2.71866      35.23  555799750 0.0000e+00
     1.5131    2.71444      34.49  555799751 0.0000e+00
     1.4326    2.70334      33.93  555799753 0.0000e+00
     1.3559    2.69680      33.29  555799754 0.0000e+00
     1.3711    2.69645      32.31  555799756 0.0000e+00
     1.5703    2.70225      31.77  555799757 0.0000e+00
     1.6527    2.70397      31.06  555799759 0.0000e+00
     1.7685    2.70561      30.32  555799760 0.0000e+00
     1.7087    2.70151      29.88  555799762 0.0000e+00
     1.8549    2.70648      29.27  555799764 0.0000e+00
     1.8990    2.71067      28.40  555799765 0.0000e+00
     2.1567    2.71394      28.06  555799767 0.0000e+00
     2.4469    2.73460      27.32  555799768 0.0000e+00
     2.6055    2.73935      26.58  555799770 0.0000e+00
     2.6513    2.73606      26.12  555799771 0.0000e+00
     2.8722    2.74755      25.53  555799773 0.0000e+00
     3.0802    2.76919      24.66  555799774 0.0000e+00
     3.3099    2.76467      24.32  555799776 0.0000e+00
     3.3562    2.77363      23.58  555799777 0.0000e+00
     3.3927    2.77845      22.91  555799779 0.0000e+00
     3.4470    2.77550      22.41  555799780 0.0000e+00
     3.6573    2.78339      21.92  555799782 0.0000e+00
     4.2744    2.83348      20.96  555799783 0.0000e+00
     4.6888    2.83480      20.57  555799785 0.0000e+00
     4.9837    2.88014      19.68  555799786 0.0000e+00
     5.8343    2.92899      19.02  555799788 0.0000e+00
     6.2532    2.93144      18.53  555799790 0.0000e+00
     6.4437    2.94445      17.96  555799791 0.0000e+00
     6.6294    2.97230      17.16  555799793 0.0000e+00
     7.1910    2.97437      16.79  555799794 0.0000e+00
     7.4621    2.99779      16.03  555799796 0.0000e+00
     7.7215    3.02762      15.36  555799797 0.0000e+00
     8.0123    3.02809      14.96  555799799 0.0000e+00
     8.1131    3.04172      14.40  555799800 0.0000e+00
     8.5178    3.08723      13.61  555799802 0.0000e+00
     9.5559    3.12018      13.13  555799803 0.0000e+00
    11.0422    3.19536      12.59  555799805 0.0000e+00
    11.7234    3.26604      11.67  555799806 0.0000e+00
    12.5109    3.28576      11.25  555799808 0.0000e+00
    13.4177    3.32481      10.38  555799809 0.0000e+00
    13.6650    3.35674       9.82  555799811 0.0000e+00
    14.7860    3.43534       9.29  555799812 0.0000e+00
    15.2373    3.48928       8.41  555799814 0.0000e+00
    15.6087    3.48160       8.09  555799815 0.0000e+00
    15.8819    3.53296       7.15  555799817 0.0000e+00
    16.0916    3.52119       6.78  555799819 0.0000e+00
    16.2374    3.55353       6.01  555799820 0.0000e+00
    16.3126    3.55817       5.40  555799822 0.0000e+00
    16.3410    3.55208       5.09  555799823 0.0000e+00
    16.3424    3.57045       4.16  555799825 0.0000e+00
    16.3475    3.55527       3.93  555799826 0.0000e+00
    16.3482    3.56966       3.13  555799828 0.0000e+00
    16.3511    3.56831       2.71  555799829 0.0000e+00
    16.3540    3.56866       2.31  555799831 0.0000e+00
    16.3529    3.57591       1.61  555799832 0.0000e+00
    16.3516    3.56906       1.26  555799834 0.0000e+00
    16.3532    3.56977       0.77  555799835 0.0000e+00
    16.3621    3.57448       0.31  555799837 0.0000e+00
    16.3746    3.53040       0.13  555799838 0.0000e+00
    16.3805    3.45500      -0.00  555799840 0.0000e+00
    16.3813    3.56503       0.22  555799841 0.0000e+00
    16.3819    3.55727      -0.00  555799843 0.0000e+00
    16.3801    3.56901      -0.15  555799845 0.0000e+00
    16.3572    0.45878      -0.21  555799846 0.0000e+00
    16.3331    0.24134      -0.21  555799848 0.0000e+00
    16.3549    2.29182      -0.21  555799849 0.0000e+00
    16.3086    1.89272      -0.17  555799851 0.0000e+00
    16.3372    0.28458      -0.20  555799852 0.0000e+00
    16.3771    0.75415      -0.16  555799854 0.0000e+00
    16.3454    0.89056      -0.21  555799855 0.0000e+00
    16.3169    2.21814      -0.09  555799857 0.0000e+00
    16.3592    1.67936      -0.20  555799858 0.0000e+00
    16.3628    3.57342      -0.05  555799860 0.0000e+00
    16.3784    1.96018      -0.21  555799861 0.0000e+00
    16.3226    0.26353      -0.21  555799863 0.0000e+00
    16.2525    0.19182      -0.21  555799864 0.0000e+00
    16.2812    0.16287      -0.20  555799866 0.0000e+00
    16.2987    0.13827      -0.20  555799867 0.0000e+00
    16.3361    0.12586      -0.20  555799869 0.0000e+00
    16.3726    0.10783      -0.20  555799870 0.0000e+00
    16.3985    0.09854      -0.20  555799872 0.0000e+00
    16.4057    0.08586      -0.20  555799874 0.0000e+00
    16.4172    0.07284      -0.20  555799875 0.0000e+00
    16.4608    0.05911      -0.20  555799877 0.0000e+00
    16.4868    0.05078      -0.20  555799878 0.0000e+00
    16.4923    0.04706      -0.20  555799880 0.0000e+00
    16.5335    0.03902      -0.20  555799881 0.0000e+00
    16.5834    0.03553      -0.20  555799883 0.0000e+00
    16.5950    0.03165      -0.20  555799884 0.0000e+00
    16.5883    0.02771      -0.20  555799886 0.0000e+00
    16.5657    0.02429      -0.20  555799887 0.0000e+00
    16.5541    0.02242      -0.20  555799889 0.0000e+00
    16.5961    0.02326      -0.21  555799890 0.0000e+00
    16.6437    0.02132      -0.20  555799892 0.0000e+00
    16.6677    0.02058      -0.20  555799893 0.0000e+00
    16.7061    0.02528      -0.21  555799895 0.0000e+00
    16.7489    0.02950      -0.20  555799897 0.0000e+00
    16.7646    0.03311      -0.20  555799898 0.0000e+00
    16.7987    0.03110      -0.20  555799900 0.0000e+00
    16.8330    0.02989      -0.20  555799901 0.0000e+00
    16.8796    0.02906      -0.21  555799903 0.0000e+00
    16.8950    0.02903      -0.20  555799904 0.0000e+00
    16.9080    0.02936      -0.20  555799906 0.0000e+00
    16.9297    0.02997      -0.20  555799907 0.0000e+00
    16.9490    0.03106      -0.20  555799909 0.0000e+00
    16.9586    0.03277      -0.20  555799910 0.0000e+00
    16.9799    0.03414      -0.20  555799912 0.0000e+00
    16.9909    0.03319      -0.20  555799913 0.0000e+00
    16.9865    0.03094      -0.20  555799915 0.0000e+00
    17.0056    0.02843      -0.20  555799916 0.0000e+00
    17.0345    0.02819      -0.20  555799918 0.0000e+00
    17.0296    0.02854      -0.20  555799919 0.0000e+00
    17.0178    0.03008      -0.20  555799921 0.0000e+00
    16.9944    0.02630      -0.19  555799923 0.0000e+00
    16.9905    0.02272      -0.18  555799924 0.0000e+00
    16.9998    0.02107      -0.18  555799926 0.0000e+00
    17.0001    0.02003      -0.18  555799927 0.0000e+00
    17.0028    0.01946      -0.18  555799929 0.0000e+00
    17.0020    0.01865      -0.18  555799930 0.0000e+00
    17.0339    0.01798      -0.18  555799932 0.0000e+00
    17.0607    0.01747      -0.18  555799933 0.0000e+00
    17.0816    0.01701      -0.18  555799935 0.0000e+00
    17.0911    0.01631      -0.18  555799936 0.0000e+00
    17.1034    0.01597      -0.18  555799938 0.0000e+00
    17.1055    0.01571      -0.18  555799939 0.0000e+00
    17.1099    0.01557      -0.18  555799941 0.0000e+00
    17.1153    0.01532      -0.18  555799942 0.0000e+00
    17.1041    0.01513      -0.18  555799944 0.0000e+00
    17.0701    0.01495      -0.18  555799945 0.0000e+00
    17.0555    0.01476      -0.18  555799947 0.0000e+00
    17.0458    0.01461      -0.18  555799949 0.0000e+00
    17.0327    0.01442      -0.18  555799950 0.0000e+00
    17.0441    0.01431      -0.18  555799952 0.0000e+00
    17.0310    0.01413      -0.18  555799953 0.0000e+00
    17.0118    0.01404      -0.18  555799955 0.0000e+00
    16.9873    0.01388      -0.18  555799956 0.0000e+00
    16.9844    0.01376      -0.18  555799958 0.0000e+00
    16.9765    0.01361      -0.18  555799959 0.0000e+00
