Code/Hansen Zooplankton Code and Sample Data/data/ctd/gsl_10_SBE37SI-RS232_03706156_2017_08_08.cnv
* Sea-Bird SBE37SI-RS232  Data File:
* FileName = C:\Users\General Lab Use\Desktop\SHELAGH CTD 2017\gsl_10_SBE37SI-RS232_03706156_2017_08_08.cnv
* Software version 1.00d
* Temperature SN = 6156
* Conductivity SN = 6156
* System UpLoad Time = Aug 08 2017 16:32:06
* <ApplicationData>
* <Seaterm232>
# nquan = 5
# nvalues = 1991
# units = specified
# name 0 = t090C: Temperature [ITS-90, deg C]
# name 1 = c0S/m: Conductivity [S/m]
# name 2 = prM: Pressure [db]
# name 3 = timeK: Time, Seacat Plus [seconds]
# name 4 = flag: Flag
# span 0 =      0.0970,    17.0813
# span 1 =    0.000294,   3.488435
# span 2 =      -0.311,    104.586
# span 3 =   555511157,  555514191
# span 4 =  0.0000e+00, 0.0000e+00
# interval = seconds: 6.000000
# start_time = Aug 08 2017 12:39:17
# bad_flag = -9.990e-29
*END*
[from data line 1715]
    16.5286    0.01129      -0.29  555513770 0.0000e+00
    16.5295    0.01112      -0.30  555513772 0.0000e+00
    16.5308    0.01106      -0.29  555513773 0.0000e+00
    16.5310    0.01090      -0.29  555513775 0.0000e+00
    16.5293    0.01087      -0.29  555513776 0.0000e+00
    16.5297    0.01083      -0.29  555513778 0.0000e+00
    16.5298    0.01072      -0.29  555513779 0.0000e+00
    16.5354    0.01067      -0.29  555513781 0.0000e+00
    16.5360    0.01062      -0.29  555513782 0.0000e+00
    16.5392    0.01060      -0.29  555513784 0.0000e+00
    16.5445    0.01055      -0.29  555513785 0.0000e+00
    16.5467    0.01046      -0.29  555513787 0.0000e+00
    16.5535    0.01043      -0.29  555513788 0.0000e+00
    16.5541    0.01039      -0.29  555513790 0.0000e+00
    16.5563    0.01034      -0.29  555513791 0.0000e+00
    16.5556    0.01026      -0.29  555513793 0.0000e+00
    16.5575    0.01023      -0.30  555513794 0.0000e+00
    16.5556    0.01018      -0.29  555513796 0.0000e+00
    16.5579    0.01015      -0.29  555513798 0.0000e+00
    16.5351    0.01016      -0.29  555513799 0.0000e+00
    16.5109    0.01009      -0.30  555513801 0.0000e+00
    16.5034    0.01008      -0.30  555513802 0.0000e+00
    16.4719    0.01013      -0.29  555513804 0.0000e+00
    16.4413    0.01007      -0.29  555513805 0.0000e+00
    16.4403    0.01000      -0.29  555513807 0.0000e+00
    16.4353    0.01000      -0.29  555513808 0.0000e+00
    16.4083    0.00995      -0.30  555513810 0.0000e+00
    16.3998    0.00992      -0.29  555513811 0.0000e+00
    16.4110    0.00986      -0.29  555513813 0.0000e+00
    16.4066    0.00984      -0.29  555513814 0.0000e+00
    16.4144    0.00974      -0.29  555513816 0.0000e+00
    16.4197    0.00973      -0.30  555513817 0.0000e+00
    16.4259    0.00967      -0.29  555513819 0.0000e+00
    16.4488    0.00962      -0.30  555513820 0.0000e+00
    16.4507    0.00957      -0.30  555513822 0.0000e+00
    16.4530    0.00957      -0.30  555513823 0.0000e+00
    16.4516    0.00949      -0.30  555513825 0.0000e+00
    16.4589    0.00941      -0.30  555513827 0.0000e+00
    16.4632    0.00935      -0.30  555513828 0.0000e+00
    16.4534    0.00925      -0.29  555513830 0.0000e+00
    16.4537    0.00924      -0.30  555513831 0.0000e+00
    16.4473    0.00919      -0.30  555513833 0.0000e+00
    16.4482    0.00928      -0.29  555513834 0.0000e+00
    16.4410    0.00917      -0.30  555513836 0.0000e+00
    16.4355    0.00917      -0.30  555513837 0.0000e+00
    16.4398    0.00898      -0.30  555513839 0.0000e+00
    16.4419    0.00875      -0.30  555513840 0.0000e+00
    16.4306    0.00864      -0.30  555513842 0.0000e+00
    16.4262    0.00863      -0.30  555513843 0.0000e+00
    16.4268    0.00851      -0.30  555513845 0.0000e+00
    16.4252    0.00855      -0.29  555513846 0.0000e+00
    16.4233    0.00827      -0.30  555513848 0.0000e+00
    16.4266    0.00798      -0.30  555513849 0.0000e+00
    16.4313    0.00778      -0.30  555513851 0.0000e+00
    16.4377    0.00761      -0.30  555513852 0.0000e+00
    16.4436    0.00754      -0.30  555513854 0.0000e+00
    16.4411    0.00752      -0.30  555513855 0.0000e+00
    16.4456    0.00747      -0.30  555513857 0.0000e+00
    16.4434    0.00743      -0.29  555513859 0.0000e+00
    16.4474    0.00745      -0.30  555513860 0.0000e+00
    16.4472    0.00740      -0.30  555513862 0.0000e+00
    16.4515    0.00737      -0.30  555513863 0.0000e+00
    16.4557    0.00738      -0.30  555513865 0.0000e+00
    16.4604    0.00731      -0.30  555513866 0.0000e+00
    16.4677    0.00732      -0.30  555513868 0.0000e+00
    16.4741    0.00728      -0.30  555513869 0.0000e+00
    16.4803    0.00729      -0.30  555513871 0.0000e+00
    16.4861    0.00724      -0.30  555513872 0.0000e+00
    16.4866    0.00726      -0.30  555513874 0.0000e+00
    16.4888    0.00721      -0.30  555513875 0.0000e+00
    16.4900    0.00722      -0.30  555513877 0.0000e+00
    16.4986    0.00719      -0.30  555513878 0.0000e+00
    16.5028    0.00718      -0.29  555513880 0.0000e+00
    16.5025    0.00716      -0.30  555513881 0.0000e+00
    16.5054    0.00718      -0.30  555513883 0.0000e+00
    16.4972    0.00713      -0.30  555513884 0.0000e+00
    16.4963    0.00713      -0.30  555513886 0.0000e+00
    16.4995    0.00709      -0.30  555513888 0.0000e+00
    16.5004    0.00709      -0.30  555513889 0.0000e+00
    16.4950    0.00707      -0.29  555513891 0.0000e+00
    16.4991    0.00711      -0.30  555513892 0.0000e+00
    16.4983    0.00706      -0.30  555513894 0.0000e+00
    16.5036    0.00705      -0.30  555513895 0.0000e+00
    16.5072    0.00699      -0.30  555513897 0.0000e+00
    16.5083    0.00704      -0.30  555513898 0.0000e+00
    16.5037    0.00699      -0.30  555513900 0.0000e+00
    16.5039    0.00698      -0.30  555513901 0.0000e+00
    16.4955    0.00698      -0.30  555513903 0.0000e+00
    16.4892    0.00695      -0.30  555513904 0.0000e+00
    16.4791    0.00690      -0.30  555513906 0.0000e+00
    16.4673    0.00694      -0.30  555513907 0.0000e+00
    16.4658    0.00688      -0.30  555513909 0.0000e+00
    16.4642    0.00689      -0.30  555513910 0.0000e+00
    16.4622    0.00686      -0.30  555513912 0.0000e+00
    16.4643    0.00685      -0.30  555513913 0.0000e+00
    16.4673    0.00686      -0.30  555513915 0.0000e+00
    16.4710    0.00685      -0.30  555513916 0.0000e+00
    16.4744    0.00681      -0.30  555513918 0.0000e+00
    16.4794    0.00686      -0.30  555513920 0.0000e+00
    16.4829    0.00681      -0.30  555513921 0.0000e+00
    16.4909    0.00681      -0.30  555513923 0.0000e+00
    16.4976    0.00678      -0.30  555513924 0.0000e+00
    16.5019    0.00676      -0.30  555513926 0.0000e+00
    16.5034    0.00672      -0.30  555513927 0.0000e+00
    16.5083    0.00677      -0.30  555513929 0.0000e+00
    16.5121    0.00671      -0.30  555513930 0.0000e+00
    16.5182    0.00672      -0.30  555513932 0.0000e+00
    16.5183    0.00671      -0.30  555513933 0.0000e+00
    16.5237    0.00669      -0.30  555513935 0.0000e+00
    16.5238    0.00671      -0.30  555513936 0.0000e+00
    16.5229    0.00667      -0.30  555513938 0.0000e+00
    16.5287    0.00667      -0.30  555513939 0.0000e+00
    16.5324    0.00665      -0.30  555513941 0.0000e+00
    16.5401    0.00667      -0.30  555513942 0.0000e+00
    16.5411    0.00662      -0.30  555513944 0.0000e+00
    16.5494    0.00668      -0.30  555513945 0.0000e+00
    16.5520    0.00658      -0.30  555513947 0.0000e+00
    16.5647    0.00659      -0.30  555513949 0.0000e+00
    16.5670    0.00654      -0.30  555513950 0.0000e+00
    16.5697    0.00654      -0.30  555513952 0.0000e+00
    16.5712    0.00650      -0.30  555513953 0.0000e+00
    16.5721    0.00649      -0.30  555513955 0.0000e+00
    16.5756    0.00652      -0.30  555513956 0.0000e+00
    16.5754    0.00646      -0.30  555513958 0.0000e+00
    16.5778    0.00649      -0.30  555513959 0.0000e+00
    16.5767    0.00645      -0.30  555513961 0.0000e+00
    16.5769    0.00644      -0.30  555513962 0.0000e+00
    16.5765    0.00648      -0.30  555513964 0.0000e+00
    16.5781    0.00646      -0.30  555513965 0.0000e+00
    16.5801    0.00647      -0.30  555513967 0.0000e+00
    16.5873    0.00643      -0.30  555513968 0.0000e+00
    16.5822    0.00644      -0.30  555513970 0.0000e+00
    16.5771    0.00645      -0.30  555513971 0.0000e+00
    16.5793    0.00640      -0.30  555513973 0.0000e+00
    16.5858    0.00647      -0.30  555513974 0.0000e+00
    16.5905    0.00638      -0.30  555513976 0.0000e+00
    16.6029    0.00643      -0.30  555513977 0.0000e+00
    16.6090    0.00634      -0.30  555513979 0.0000e+00
    16.6152    0.00641      -0.30  555513981 0.0000e+00
    16.6224    0.00634      -0.30  555513982 0.0000e+00
    16.6372    0.00638      -0.30  555513984 0.0000e+00
    16.6502    0.00633      -0.30  555513985 0.0000e+00
    16.6534    0.00636      -0.30  555513987 0.0000e+00
    16.6598    0.00631      -0.30  555513988 0.0000e+00
    16.6775    0.00639      -0.30  555513990 0.0000e+00
    16.6857    0.00630      -0.30  555513991 0.0000e+00
    16.6934    0.00640      -0.30  555513993 0.0000e+00
    16.6936    0.00629      -0.30  555513994 0.0000e+00
    16.6872    0.00635      -0.30  555513996 0.0000e+00
    16.6803    0.00628      -0.30  555513997 0.0000e+00
    16.6793    0.00629      -0.30  555513999 0.0000e+00
    16.6777    0.00625      -0.30  555514000 0.0000e+00
    16.6752    0.00625      -0.30  555514002 0.0000e+00
    16.6738    0.00624      -0.30  555514003 0.0000e+00
    16.6718    0.00623      -0.30  555514005 0.0000e+00
    16.6722    0.00624      -0.30  555514006 0.0000e+00
    16.6743    0.00619      -0.30  555514008 0.0000e+00
    16.6706    0.00623      -0.29  555514009 0.0000e+00
    16.6725    0.00622      -0.30  555514011 0.0000e+00
    16.6720    0.00620      -0.30  555514013 0.0000e+00
    16.6741    0.00623      -0.30  555514014 0.0000e+00
    16.6767    0.00620      -0.30  555514016 0.0000e+00
    16.6815    0.00617      -0.30  555514017 0.0000e+00
    16.6871    0.00621      -0.30  555514019 0.0000e+00
    16.6902    0.00618      -0.30  555514020 0.0000e+00
    16.6928    0.00617      -0.30  555514022 0.0000e+00
    16.6898    0.00617      -0.30  555514023 0.0000e+00
    16.6948    0.00618      -0.30  555514025 0.0000e+00
    16.6935    0.00616      -0.30  555514026 0.0000e+00
    16.6969    0.00623      -0.30  555514028 0.0000e+00
    16.7057    0.00617      -0.30  555514029 0.0000e+00
    16.7160    0.00626      -0.30  555514031 0.0000e+00
    16.7243    0.00615      -0.30  555514032 0.0000e+00
    16.7275    0.00620      -0.30  555514034 0.0000e+00
    16.7287    0.00613      -0.30  555514035 0.0000e+00
    16.7283    0.00613      -0.30  555514037 0.0000e+00
    16.7302    0.00610      -0.30  555514038 0.0000e+00
    16.7309    0.00612      -0.30  555514040 0.0000e+00
    16.7360    0.00610      -0.30  555514042 0.0000e+00
    16.7354    0.00610      -0.30  555514043 0.0000e+00
    16.7358    0.00612      -0.30  555514045 0.0000e+00
    16.7394    0.00609      -0.30  555514046 0.0000e+00
    16.7438    0.00614      -0.30  555514048 0.0000e+00
    16.7513    0.00610      -0.30  555514049 0.0000e+00
    16.7479    0.00608      -0.30  555514051 0.0000e+00
    16.7497    0.00613      -0.30  555514052 0.0000e+00
    16.7486    0.00604      -0.30  555514054 0.0000e+00
    16.7514    0.00609      -0.30  555514055 0.0000e+00
    16.7512    0.00604      -0.30  555514057 0.0000e+00
    16.7477    0.00604      -0.30  555514058 0.0000e+00
    16.7452    0.00602      -0.30  555514060 0.0000e+00
    16.7427    0.00602      -0.30  555514061 0.0000e+00
    16.7451    0.00602      -0.30  555514063 0.0000e+00
    16.7469    0.00601      -0.30  555514064 0.0000e+00
    16.7495    0.00598      -0.30  555514066 0.0000e+00
    16.7497    0.00599      -0.30  555514067 0.0000e+00
    16.7534    0.00598      -0.30  555514069 0.0000e+00
    16.7575    0.00599      -0.30  555514071 0.0000e+00
    16.7531    0.00600      -0.30  555514072 0.0000e+00
    16.7461    0.00599      -0.30  555514074 0.0000e+00
    16.7407    0.00597      -0.30  555514075 0.0000e+00
    16.7330    0.00599      -0.30  555514077 0.0000e+00
    16.7245    0.00598      -0.30  555514078 0.0000e+00
    16.7215    0.00598      -0.30  555514080 0.0000e+00
    16.7183    0.00599      -0.30  555514081 0.0000e+00
    16.7205    0.00596      -0.30  555514083 0.0000e+00
    16.7216    0.00597      -0.30  555514084 0.0000e+00
    16.7249    0.00595      -0.30  555514086 0.0000e+00
    16.7241    0.00594      -0.30  555514087 0.0000e+00
    16.7260    0.00593      -0.30  555514089 0.0000e+00
    16.7221    0.00595      -0.30  555514090 0.0000e+00
    16.7222    0.00590      -0.30  555514092 0.0000e+00
    16.7153    0.00594      -0.30  555514093 0.0000e+00
    16.7123    0.00591      -0.30  555514095 0.0000e+00
    16.7055    0.00590      -0.30  555514096 0.0000e+00
    16.6993    0.00591      -0.30  555514098 0.0000e+00
    16.6918    0.00590      -0.30  555514099 0.0000e+00
    16.6919    0.00593      -0.30  555514101 0.0000e+00
    16.6928    0.00595      -0.30  555514103 0.0000e+00
    16.6950    0.00590      -0.30  555514104 0.0000e+00
    16.6920    0.00592      -0.30  555514106 0.0000e+00
    16.6951    0.00589      -0.30  555514107 0.0000e+00
    16.6853    0.00598      -0.30  555514109 0.0000e+00
    16.6790    0.00592      -0.30  555514110 0.0000e+00
    16.6730    0.00595      -0.30  555514112 0.0000e+00
    16.6779    0.00590      -0.30  555514113 0.0000e+00
    16.6726    0.00591      -0.30  555514115 0.0000e+00
    16.6740    0.00590      -0.30  555514116 0.0000e+00
    16.6777    0.00589      -0.30  555514118 0.0000e+00
    16.6844    0.00591      -0.30  555514119 0.0000e+00
    16.6985    0.00590      -0.30  555514121 0.0000e+00
    16.7094    0.00592      -0.30  555514122 0.0000e+00
    16.7220    0.00588      -0.30  555514124 0.0000e+00
    16.7283    0.00589      -0.30  555514125 0.0000e+00
    16.7387    0.00586      -0.30  555514127 0.0000e+00
    16.7436    0.00585      -0.30  555514128 0.0000e+00
    16.7484    0.00584      -0.30  555514130 0.0000e+00
    16.7519    0.00582      -0.30  555514132 0.0000e+00
    16.7588    0.00584      -0.30  555514133 0.0000e+00
    16.7607    0.00584      -0.30  555514135 0.0000e+00
    16.7708    0.00583      -0.30  555514136 0.0000e+00
    16.7819    0.00591      -0.30  555514138 0.0000e+00
    16.7911    0.00586      -0.30  555514139 0.0000e+00
    16.7946    0.00589      -0.30  555514141 0.0000e+00
    16.7931    0.00583      -0.30  555514142 0.0000e+00
    16.7859    0.00584      -0.30  555514144 0.0000e+00
    16.7834    0.00581      -0.30  555514145 0.0000e+00
    16.7815    0.00581      -0.30  555514147 0.0000e+00
    16.7819    0.00579      -0.30  555514148 0.0000e+00
    16.7830    0.00580      -0.30  555514150 0.0000e+00
    16.7787    0.00582      -0.30  555514151 0.0000e+00
    16.7778    0.00582      -0.30  555514153 0.0000e+00
    16.7788    0.00581      -0.30  555514154 0.0000e+00
    16.7766    0.00579      -0.30  555514156 0.0000e+00
    16.7742    0.00578      -0.30  555514157 0.0000e+00
    16.7726    0.00580      -0.30  555514159 0.0000e+00
    16.7748    0.00622      -0.30  555514160 0.0000e+00
    16.7827    0.00622      -0.30  555514162 0.0000e+00
    16.8083    0.00683      -0.30  555514164 0.0000e+00
    16.8217    0.00852      -0.30  555514165 0.0000e+00
    16.8260    0.00981      -0.30  555514167 0.0000e+00
    16.8311    0.01092      -0.30  555514168 0.0000e+00
    16.8406    0.01283      -0.30  555514170 0.0000e+00
    16.8405    0.01320      -0.30  555514171 0.0000e+00
    16.8403    0.01398      -0.30  555514173 0.0000e+00
    16.8426    0.01558      -0.30  555514174 0.0000e+00
    16.8425    0.01696      -0.29  555514176 0.0000e+00
    16.8422    0.02080      -0.30  555514177 0.0000e+00
    16.8412    0.02157      -0.30  555514179 0.0000e+00
    16.8431    0.02206      -0.30  555514180 0.0000e+00
    16.8414    0.02232      -0.30  555514182 0.0000e+00
    16.8390    0.02497      -0.30  555514183 0.0000e+00
    16.8345    0.02764      -0.30  555514186 0.0000e+00
    16.8324    0.02756      -0.30  555514188 0.0000e+00
    16.8310    0.02779      -0.30  555514189 0.0000e+00
    16.8226    0.02866      -0.30  555514191 0.0000e+00
