Code/Hansen Zooplankton Code and Sample Data/data/ctd/gsl_04_SBE37SI-RS232_03706156_2017_07_05_final.cnv
* Sea-Bird SBE37SI-RS232  Data File:
* FileName = C:\Users\General Lab Use\Desktop\SHELAGH CTD 2017\gsl_04_SBE37SI-RS232_03706156_2017_07_05.cnv
* Software version 1.00d
* Temperature SN = 6156
* Conductivity SN = 6156
* System UpLoad Time = Jul 05 2017 23:04:23
* <ApplicationData>
* <Seaterm232>
# nquan = 7                                 
# nvalues = 949                         
# units = specified
# name 0 = t090C: Temperature [ITS-90, deg C]
# name 1 = c0S/m: Conductivity [S/m]
# name 2 = prM: Pressure [db]
# name 3 = timeK: Time, Seacat Plus [seconds]
# name 4 = sal00: Salinity [PSU]
# name 5 = sigma-t00: Density [sigma-t, Kg/m^3 ]
# name 6 = flag: flag
# span 0 =    -1.1264,    20.2321       
# span 1 =   0.000640,   3.376330       
# span 2 =     -0.240,     67.460       
# span 3 =  552596726,  552598172       
# span 4 =     0.0112,    31.7641       
# span 5 =    -1.8222,    25.5276       
# span 6 = 0.0000e+00, 0.0000e+00       
# interval = seconds: 6.000000
# start_time = Jul 05 2017 19:05:26
# bad_flag = -9.990e-29
*END*
[from data line 411]
    16.3791   0.029600     -0.180  552597352     0.1712    -0.9857 0.0000e+00
    16.3850   0.029460     -0.180  552597354     0.1704    -0.9873 0.0000e+00
    16.3962   0.029400     -0.180  552597355     0.1700    -0.9895 0.0000e+00
    16.4039   0.028990     -0.170  552597357     0.1676    -0.9927 0.0000e+00
    16.4139   0.029000     -0.180  552597358     0.1676    -0.9943 0.0000e+00
    16.4225   0.028930     -0.180  552597360     0.1671    -0.9961 0.0000e+00
    16.4298   0.028630     -0.180  552597361     0.1654    -0.9987 0.0000e+00
    16.4329   0.028690     -0.170  552597363     0.1657    -0.9990 0.0000e+00
    16.4427   0.028110     -0.180  552597364     0.1623    -1.0033 0.0000e+00
    16.4670   0.028510     -0.180  552597366     0.1645    -1.0056 0.0000e+00
    16.4817   0.027770     -0.180  552597367     0.1602    -1.0115 0.0000e+00
    16.4916   0.028060     -0.180  552597369     0.1618    -1.0119 0.0000e+00
    16.4924   0.027650     -0.180  552597370     0.1594    -1.0138 0.0000e+00
    16.4938   0.028000     -0.180  552597372     0.1615    -1.0125 0.0000e+00
    16.4998   0.027300     -0.180  552597373     0.1574    -1.0167 0.0000e+00
    16.5049   0.027640     -0.170  552597375     0.1593    -1.0160 0.0000e+00
    16.4999   0.026990     -0.180  552597377     0.1556    -1.0181 0.0000e+00
    16.4909   0.026840     -0.170  552597378     0.1547    -1.0172 0.0000e+00
    16.4855   0.027930     -0.170  552597380     0.1611    -1.0114 0.0000e+00
    16.4761   0.026640     -0.180  552597381     0.1536    -1.0156 0.0000e+00
    16.4787   0.026830     -0.180  552597383     0.1547    -1.0152 0.0000e+00
    16.4843   0.026310     -0.180  552597384     0.1517    -1.0185 0.0000e+00
    16.4967   0.026620     -0.180  552597386     0.1534    -1.0192 0.0000e+00
    16.5056   0.026460     -0.180  552597387     0.1525    -1.0214 0.0000e+00
    16.5136   0.026800     -0.180  552597389     0.1544    -1.0213 0.0000e+00
    16.5194   0.026400     -0.180  552597390     0.1521    -1.0241 0.0000e+00
    16.5107   0.026850     -0.180  552597392     0.1547    -1.0206 0.0000e+00
    16.4748   0.026700     -0.180  552597393     0.1540    -1.0151 0.0000e+00
    16.4824   0.026130     -0.180  552597395     0.1506    -1.0189 0.0000e+00
    16.4969   0.026070     -0.180  552597396     0.1502    -1.0217 0.0000e+00
    16.5016   0.027010     -0.180  552597398     0.1557    -1.0183 0.0000e+00
    16.5131   0.026850     -0.170  552597399     0.1547    -1.0210 0.0000e+00
    16.5290   0.026680     -0.180  552597401     0.1537    -1.0245 0.0000e+00
    16.5434   0.026500     -0.180  552597403     0.1526    -1.0277 0.0000e+00
    16.5548   0.159660     -0.180  552597404     0.9737    -0.3974 0.0000e+00
    16.5367   0.107400     -0.180  552597406     0.6434    -0.6484 0.0000e+00
    16.5132   0.075490     -0.180  552597407     0.4461    -0.7963 0.0000e+00
    16.5284   0.065090     -0.180  552597409     0.3825    -0.8479 0.0000e+00
    16.5400   0.082010     -0.180  552597410     0.4859    -0.7702 0.0000e+00
    16.5302   0.063740     -0.180  552597412     0.3743    -0.8545 0.0000e+00
    16.5114   0.041490     -0.190  552597413     0.2407    -0.9543 0.0000e+00
    16.5366   0.045600     -0.180  552597415     0.2650    -0.9398 0.0000e+00
    16.5521   0.050880     -0.190  552597416     0.2965    -0.9182 0.0000e+00
    16.5643   0.044380     -0.180  552597418     0.2576    -0.9502 0.0000e+00
    16.5822   0.038780     -0.190  552597419     0.2243    -0.9789 0.0000e+00
    16.5854   0.037060     -0.180  552597421     0.2141    -0.9873 0.0000e+00
    16.5845   0.037490     -0.180  552597422     0.2167    -0.9852 0.0000e+00
    16.5792   0.034270     -0.190  552597424     0.1978    -0.9989 0.0000e+00
    16.5881   0.034640     -0.180  552597425     0.1999    -0.9988 0.0000e+00
    16.5841   0.031700     -0.190  552597427     0.1827    -1.0114 0.0000e+00
    16.5953   0.029660     -0.190  552597428     0.1707    -1.0225 0.0000e+00
    16.5986   0.028560     -0.190  552597430     0.1643    -1.0280 0.0000e+00
    16.5991   0.027100     -0.190  552597431     0.1558    -1.0346 0.0000e+00
    16.6044   0.026730     -0.190  552597433     0.1537    -1.0372 0.0000e+00
    16.6001   0.027540     -0.190  552597435     0.1584    -1.0328 0.0000e+00
    16.6088   0.029980     -0.190  552597436     0.1726    -1.0234 0.0000e+00
    16.6187   0.028220     -0.190  552597438     0.1623    -1.0330 0.0000e+00
    16.6293   0.028270     -0.190  552597439     0.1625    -1.0346 0.0000e+00
    16.6511   0.028370     -0.190  552597441     0.1630    -1.0379 0.0000e+00
    16.6833   0.029800     -0.190  552597442     0.1712    -1.0371 0.0000e+00
    16.6920   0.030090     -0.190  552597444     0.1729    -1.0373 0.0000e+00
    16.7215   0.033890     -0.190  552597445     0.1949    -1.0254 0.0000e+00
    16.7736   0.032790     -0.190  552597447     0.1882    -1.0394 0.0000e+00
    16.7338   0.030990     -0.190  552597448     0.1779    -1.0406 0.0000e+00
    16.7615   0.031090     -0.190  552597450     0.1784    -1.0449 0.0000e+00
    16.7482   0.029910     -0.190  552597451     0.1716    -1.0479 0.0000e+00
    16.7746   0.028650     -0.190  552597453     0.1642    -1.0581 0.0000e+00
    16.8567   0.027160     -0.190  552597454     0.1553    -1.0791 0.0000e+00
    16.8495   0.025760     -0.190  552597456     0.1473    -1.0841 0.0000e+00
    16.8325   0.045360     -0.170  552597457     0.2618    -0.9929 0.0000e+00
    17.4491   3.328870      0.390  552597459    24.8147    17.6148 0.0000e+00
    17.5815   3.359390      0.880  552597460    24.9850    17.7149 0.0000e+00
    17.5915   3.356950      1.420  552597462    24.9586    17.6926 0.0000e+00
    17.5888   3.349670      1.720  552597463    24.9003    17.6487 0.0000e+00
    17.5868   3.357280      2.260  552597465    24.9640    17.6977 0.0000e+00
    17.5835   3.346630      2.330  552597467    24.8784    17.6332 0.0000e+00
    17.5767   3.358110      2.850  552597468    24.9768    17.7098 0.0000e+00
    17.5466   3.354940      3.110  552597470    24.9691    17.7107 0.0000e+00
    17.3419   3.350470      3.740  552597471    25.0579    17.8245 0.0000e+00
    16.9029   3.331220      3.990  552597473    25.1700    18.0076 0.0000e+00
    16.4782   3.303990      4.530  552597474    25.2072    18.1286 0.0000e+00
    16.3721   3.301960      5.060  552597476    25.2567    18.1893 0.0000e+00
    16.2993   3.299250      5.300  552597477    25.2797    18.2226 0.0000e+00
    16.2663   3.296250      5.580  552597479    25.2750    18.2261 0.0000e+00
    16.2409   3.292100      5.380  552597480    25.2560    18.2169 0.0000e+00
    16.2361   3.293470      5.800  552597482    25.2705    18.2291 0.0000e+00
    16.1929   3.289940      6.410  552597483    25.2677    18.2361 0.0000e+00
    15.8137   3.276660      6.980  552597485    25.3956    18.4144 0.0000e+00
    15.2619   3.244750      7.790  552597486    25.4753    18.5899 0.0000e+00
    14.1949   3.224340      8.310  552597488    25.9993    19.2060 0.0000e+00
    10.8037   3.096760      9.140  552597489    27.2069    20.7474 0.0000e+00
     9.2136   3.076680      9.840  552597491    28.2249    21.7873 0.0000e+00
     8.9350   3.019330     10.890  552597492    27.8609    21.5436 0.0000e+00
     8.6014   3.054850     11.110  552597494    28.4897    22.0828 0.0000e+00
     8.4425   2.999010     12.030  552597495    28.0406    21.7537 0.0000e+00
     8.1663   3.035460     12.220  552597497    28.6409    22.2618 0.0000e+00
     8.1044   3.001470     13.150  552597499    28.3365    22.0318 0.0000e+00
     7.6046   3.026690     13.600  552597500    29.0114    22.6278 0.0000e+00
     7.1656   2.953830     14.580  552597502    28.6008    22.3618 0.0000e+00
     6.4548   2.929380     15.230  552597503    28.9320    22.7090 0.0000e+00
     5.9305   2.889110     16.300  552597505    28.9359    22.7725 0.0000e+00
     6.4087   2.943850     16.900  552597506    29.1283    22.8691 0.0000e+00
     6.9707   3.000460     17.880  552597508    29.2631    22.9069 0.0000e+00
     6.8742   3.023210     18.410  552597509    29.5909    23.1768 0.0000e+00
     6.6971   3.019160     19.220  552597511    29.6996    23.2842 0.0000e+00
     6.4201   3.013130     19.970  552597512    29.8747    23.4558 0.0000e+00
     6.3299   3.008140     20.880  552597514    29.8987    23.4855 0.0000e+00
     6.2351   3.001630     21.550  552597515    29.9101    23.5058 0.0000e+00
     6.0203   2.985480     22.410  552597517    29.9207    23.5392 0.0000e+00
     5.8694   2.981130     23.210  552597518    30.0057    23.6236 0.0000e+00
     5.8306   2.984820     23.890  552597520    30.0809    23.6874 0.0000e+00
     5.6451   2.958480     24.800  552597521    29.9518    23.6063 0.0000e+00
     4.7977   2.929250     25.420  552597523    30.3853    24.0396 0.0000e+00
     4.3207   2.871260     26.300  552597524    30.1536    23.9031 0.0000e+00
     4.3120   2.867030     27.060  552597526    30.1122    23.8711 0.0000e+00
     4.5655   2.889000     27.960  552597527    30.1341    23.8638 0.0000e+00
     4.3475   2.873100     28.680  552597529    30.1493    23.8971 0.0000e+00
     4.0074   2.853850     29.520  552597530    30.2375    23.9991 0.0000e+00
     3.7223   2.833660     30.320  552597532    30.2641    24.0460 0.0000e+00
     3.3709   2.809130     31.260  552597534    30.3008    24.1054 0.0000e+00
     3.1076   2.799060     32.010  552597535    30.4274    24.2281 0.0000e+00
     3.0439   2.788960     32.910  552597537    30.3659    24.1842 0.0000e+00
     2.9317   2.789900     33.480  552597538    30.4829    24.2864 0.0000e+00
     2.6957   2.767750     34.310  552597540    30.4389    24.2695 0.0000e+00
     2.6592   2.773040     34.900  552597541    30.5375    24.3510 0.0000e+00
     2.4750   2.756060     35.580  552597543    30.5065    24.3399 0.0000e+00
     2.0426   2.731290     36.300  552597544    30.6178    24.4594 0.0000e+00
     1.7725   2.714170     37.020  552597546    30.6671    24.5167 0.0000e+00
     1.7145   2.708140     37.780  552597547    30.6480    24.5052 0.0000e+00
     1.5678   2.710920     38.310  552597549    30.8258    24.6569 0.0000e+00
     1.4968   2.693900     39.150  552597550    30.6816    24.5456 0.0000e+00
     1.3814   2.701500     39.560  552597552    30.8902    24.7199 0.0000e+00
     1.2015   2.671920     40.400  552597553    30.6937    24.5727 0.0000e+00
     0.9238   2.661490     41.010  552597555    30.8353    24.7017 0.0000e+00
     0.7467   2.645240     41.980  552597556    30.8030    24.6850 0.0000e+00
     0.4257   2.654300     42.350  552597558    31.2419    25.0541 0.0000e+00
     0.2692   2.625410     43.280  552597559    31.0250    24.8866 0.0000e+00
    -0.0741   2.632370     43.660  552597561    31.4661    25.2572 0.0000e+00
    -0.4386   2.586940     44.560  552597562    31.2409    25.0894 0.0000e+00
    -0.5706   2.573710     45.090  552597564    31.2006    25.0615 0.0000e+00
    -0.6566   2.565990     45.990  552597566    31.1858    25.0524 0.0000e+00
    -0.6242   2.558650     46.670  552597567    31.0541    24.9448 0.0000e+00
    -0.5371   2.566720     47.520  552597569    31.0717    24.9562 0.0000e+00
    -0.5115   2.564190     48.220  552597570    31.0114    24.9066 0.0000e+00
    -0.6523   2.568830     48.920  552597572    31.2176    25.0780 0.0000e+00
    -0.7321   2.556310     49.640  552597573    31.1322    25.0114 0.0000e+00
    -0.8342   2.552090     50.320  552597575    31.1808    25.0538 0.0000e+00
    -0.8401   2.547220     51.110  552597576    31.1210    25.0057 0.0000e+00
    -0.9289   2.557640     51.650  552597578    31.3530    25.1961 0.0000e+00
    -0.9222   2.538940     52.570  552597579    31.0938    24.9860 0.0000e+00
    -1.0078   2.547390     52.970  552597581    31.2962    25.1524 0.0000e+00
    -1.0386   2.534590     53.800  552597582    31.1550    25.0388 0.0000e+00
    -1.0594   2.540450     54.230  552597584    31.2555    25.1208 0.0000e+00
    -1.0790   2.533310     55.100  552597585    31.1789    25.0592 0.0000e+00
    -1.0636   2.536340     55.530  552597587    31.2036    25.0788 0.0000e+00
    -1.0688   2.530830     56.310  552597588    31.1341    25.0227 0.0000e+00
    -1.1148   2.531760     56.880  552597590    31.1941    25.0725 0.0000e+00
    -1.0986   2.531270     57.670  552597591    31.1702    25.0527 0.0000e+00
    -1.1185   2.530740     58.220  552597593    31.1834    25.0639 0.0000e+00
    -1.1218   2.528780     59.080  552597594    31.1598    25.0449 0.0000e+00
    -1.1260   2.529060     59.650  552597596    31.1676    25.0513 0.0000e+00
    -1.1141   2.529110     60.500  552597598    31.1554    25.0412 0.0000e+00
    -1.1095   2.531230     61.120  552597599    31.1790    25.0601 0.0000e+00
    -1.0681   2.534830     61.960  552597601    31.1841    25.0632 0.0000e+00
    -1.0450   2.540400     62.470  552597602    31.2351    25.1038 0.0000e+00
    -1.0017   2.548820     63.410  552597604    31.3031    25.1578 0.0000e+00
    -0.9326   2.555980     63.650  552597605    31.3275    25.1756 0.0000e+00
    -0.9177   2.563240     64.630  552597607    31.4092    25.2413 0.0000e+00
    -0.9050   2.565980     64.590  552597608    31.4328    25.2600 0.0000e+00
    -0.9049   2.567280     65.540  552597610    31.4497    25.2737 0.0000e+00
    -0.9007   2.568210     65.710  552597611    31.4577    25.2800 0.0000e+00
    -0.8993   2.568660     66.310  552597613    31.4620    25.2834 0.0000e+00
    -0.8976   2.569230     66.820  552597614    31.4676    25.2879 0.0000e+00
    -0.8989   2.570190     67.430  552597616    31.4815    25.2992 0.0000e+00
    -0.8962   2.573010     67.460  552597617    31.5166    25.3276 0.0000e+00
    -0.8946   2.574000     67.440  552597619    31.5283    25.3370 0.0000e+00
    -0.8918   2.571640     66.490  552597620    31.4941    25.3093 0.0000e+00
    -0.8947   2.570990     65.490  552597622    31.4890    25.3052 0.0000e+00
    -0.8997   2.570860     64.910  552597623    31.4928    25.3084 0.0000e+00
    -0.9041   2.565180     64.320  552597625    31.4213    25.2507 0.0000e+00
    -0.9899   2.563810     64.110  552597626    31.4927    25.3110 0.0000e+00
    -0.9393   2.560980     63.400  552597628    31.4020    25.2361 0.0000e+00
    -0.9279   2.561650     63.030  552597629    31.3993    25.2336 0.0000e+00
    -1.0076   2.547180     62.450  552597631    31.2877    25.1454 0.0000e+00
    -1.0732   2.539740     62.010  552597633    31.2558    25.1214 0.0000e+00
    -1.0858   2.536700     61.620  552597634    31.2280    25.0992 0.0000e+00
    -1.0774   2.534210     61.120  552597636    31.1859    25.0649 0.0000e+00
    -1.0747   2.534080     60.640  552597637    31.1816    25.0613 0.0000e+00
    -1.0945   2.529000     60.050  552597639    31.1339    25.0232 0.0000e+00
    -1.1173   2.527900     59.610  552597640    31.1429    25.0311 0.0000e+00
    -1.1216   2.523180     59.000  552597642    31.0839    24.9833 0.0000e+00
    -1.1264   2.524350     58.510  552597643    31.1050    25.0006 0.0000e+00
    -1.1246   2.519590     57.850  552597645    31.0391    24.9471 0.0000e+00
    -1.1235   2.521880     57.390  552597646    31.0692    24.9715 0.0000e+00
    -1.1160   2.518670     56.810  552597648    31.0183    24.9301 0.0000e+00
    -1.1250   2.518480     56.210  552597649    31.0254    24.9361 0.0000e+00
    -1.0935   2.518020     55.520  552597651    30.9870    24.9041 0.0000e+00
    -1.0687   2.519810     54.940  552597652    30.9859    24.9026 0.0000e+00
    -1.0764   2.516830     54.250  552597654    30.9540    24.8770 0.0000e+00
    -1.0744   2.517890     53.750  552597655    30.9666    24.8871 0.0000e+00
    -1.0575   2.516770     53.040  552597657    30.9344    24.8606 0.0000e+00
    -1.0348   2.517500     52.590  552597658    30.9211    24.8492 0.0000e+00
    -1.0138   2.518480     51.910  552597660    30.9131    24.8422 0.0000e+00
    -0.9812   2.519840     51.670  552597661    30.8980    24.8291 0.0000e+00
