Code/Hansen Zooplankton Code and Sample Data/data/ctd/gsl_07_SBE37SI-RS232_03706156_2017_08_02_final.cnv
* Sea-Bird SBE37SI-RS232  Data File:
* FileName = C:\Users\General Lab Use\Desktop\SHELAGH CTD 2017\gsl_07_SBE37SI-RS232_03706156_2017_08_02.cnv
* Software version 1.00d
* Temperature SN = 6156
* Conductivity SN = 6156
* System UpLoad Time = Aug 02 2017 18:17:22
* <ApplicationData>
* <Seaterm232>
# nquan = 7                                 
# nvalues = 1319                        
# units = specified
# name 0 = t090C: Temperature [ITS-90, deg C]
# name 1 = c0S/m: Conductivity [S/m]
# name 2 = prM: Pressure [db]
# name 3 = timeK: Time, Seacat Plus [seconds]
# name 4 = sal00: Salinity [PSU]
# name 5 = sigma-t00: Density [sigma-t, Kg/m^3 ]
# name 6 = flag: flag
# span 0 =     0.0424,    20.8527       
# span 1 =  -0.013530,   3.627840       
# span 2 =     -0.230,    107.690       
# span 3 =  554998957,  555000967       
# span 4 =     0.0000,    32.5999       
# span 5 =    -1.8914,    26.1476       
# span 6 = 0.0000e+00, 0.0000e+00       
# interval = seconds: 6.000000
# start_time = Aug 02 2017 14:22:37
# bad_flag = -9.990e-29
*END*
    20.7534   0.026380     -0.200  554998957     0.1387    -1.8471 0.0000e+00
    20.7571   0.026360     -0.200  554998958     0.1386    -1.8479 0.0000e+00
    20.7687   0.026360     -0.200  554998960     0.1386    -1.8505 0.0000e+00
    20.7713   0.026360     -0.200  554998961     0.1386    -1.8510 0.0000e+00
    20.7770   0.026350     -0.200  554998963     0.1385    -1.8523 0.0000e+00
    20.7820   0.026350     -0.200  554998964     0.1385    -1.8534 0.0000e+00
    20.7990   0.027560     -0.200  554998966     0.1448    -1.8522 0.0000e+00
    20.8211   0.027450     -0.200  554998967     0.1441    -1.8575 0.0000e+00
    20.8385   0.027470     -0.200  554998969     0.1442    -1.8612 0.0000e+00
    20.8430   0.027740     -0.200  554998971     0.1456    -1.8611 0.0000e+00
    20.8417   0.027470     -0.200  554998972     0.1442    -1.8619 0.0000e+00
    20.8449   0.027700     -0.200  554998974     0.1454    -1.8617 0.0000e+00
    20.8527   0.027490     -0.200  554998975     0.1442    -1.8642 0.0000e+00
    20.8411   0.027800     -0.200  554998977     0.1459    -1.8604 0.0000e+00
    20.7542   0.027790     -0.200  554998978     0.1461    -1.8416 0.0000e+00
    20.6266   0.027930     -0.200  554998980     0.1472    -1.8134 0.0000e+00
    20.5198   0.027850     -0.200  554998981     0.1471    -1.7908 0.0000e+00
    20.4177   0.027860     -0.200  554998983     0.1475    -1.7689 0.0000e+00
    20.2763   0.027930     -0.200  554998985     0.1483    -1.7386 0.0000e+00
    20.2034   0.027790     -0.200  554998987     0.1478    -1.7237 0.0000e+00
    20.1354   0.027590     -0.200  554998988     0.1469    -1.7102 0.0000e+00
    20.0807   0.027490     -0.200  554998990     0.1466    -1.6991 0.0000e+00
    20.0215   0.027530     -0.200  554998991     0.1470    -1.6865 0.0000e+00
    19.9626   0.027670     -0.200  554998993     0.1479    -1.6737 0.0000e+00
    19.9165   0.027780     -0.200  554998994     0.1486    -1.6636 0.0000e+00
    19.8958   0.020570     -0.200  554998996     0.1104    -1.6886 0.0000e+00
    19.8329   0.003490     -0.200  554998997     0.0238    -1.7421 0.0000e+00
    19.7955   0.002420     -0.200  554998999     0.0189    -1.7382 0.0000e+00
    19.7673   0.001920     -0.200  554999000     0.0166    -1.7342 0.0000e+00
    19.7351   0.001610     -0.200  554999002     0.0153    -1.7286 0.0000e+00
    19.6919   0.001350     -0.200  554999003     0.0142    -1.7207 0.0000e+00
    19.6237   0.001220     -0.200  554999005     0.0136    -1.7073 0.0000e+00
    19.5712   0.001140     -0.200  554999006     0.0133    -1.6969 0.0000e+00
    19.5355   0.001110     -0.200  554999008     0.0131    -1.6898 0.0000e+00
    19.4949   0.001020     -0.200  554999009     0.0128    -1.6820 0.0000e+00
    19.4596   0.001030     -0.200  554999011     0.0128    -1.6748 0.0000e+00
    19.4282   0.000950     -0.200  554999012     0.0125    -1.6688 0.0000e+00
    19.3952   0.000970     -0.200  554999014     0.0125    -1.6621 0.0000e+00
    19.3767   0.000910     -0.200  554999016     0.0123    -1.6586 0.0000e+00
    19.3522   0.000940     -0.200  554999017     0.0124    -1.6537 0.0000e+00
    19.3665   0.000870     -0.200  554999019     0.0121    -1.6567 0.0000e+00
    19.3798   0.000880     -0.200  554999020     0.0122    -1.6593 0.0000e+00
    19.3825   0.000830     -0.200  554999022     0.0120    -1.6600 0.0000e+00
    19.3807   0.000840     -0.200  554999023     0.0120    -1.6596 0.0000e+00
    19.3930   0.000800     -0.200  554999025     0.0119    -1.6622 0.0000e+00
    19.4038   0.000800     -0.200  554999026     0.0119    -1.6644 0.0000e+00
    19.3812   0.000760     -0.200  554999028     0.0117    -1.6600 0.0000e+00
    19.3636   0.000800     -0.200  554999029     0.0119    -1.6564 0.0000e+00
    19.3513   0.000770     -0.200  554999031     0.0117    -1.6540 0.0000e+00
    19.3513   0.000790     -0.200  554999032     0.0118    -1.6539 0.0000e+00
    19.3505   0.000740     -0.200  554999034     0.0116    -1.6539 0.0000e+00
    19.3573   0.000760     -0.200  554999035     0.0117    -1.6552 0.0000e+00
    19.3508   0.000730     -0.200  554999037     0.0116    -1.6540 0.0000e+00
    19.3456   0.000730     -0.200  554999038     0.0116    -1.6530 0.0000e+00
    19.3381   0.000700     -0.200  554999040     0.0115    -1.6516 0.0000e+00
    19.3320   0.000720     -0.200  554999041     0.0115    -1.6503 0.0000e+00
    19.3396   0.000700     -0.200  554999043     0.0115    -1.6519 0.0000e+00
    19.3495   0.000710     -0.200  554999045     0.0115    -1.6538 0.0000e+00
    19.3601   0.000690     -0.200  554999046     0.0114    -1.6560 0.0000e+00
    19.3634   0.000690     -0.200  554999048     0.0114    -1.6566 0.0000e+00
    19.3742   0.000940     -0.200  554999049     0.0124    -1.6580 0.0000e+00
    19.3911   0.001050     -0.200  554999051     0.0129    -1.6611 0.0000e+00
    19.4059   0.000780     -0.200  554999052     0.0118    -1.6649 0.0000e+00
    19.4368   0.000680     -0.200  554999054     0.0114    -1.6713 0.0000e+00
    19.4619   0.000650     -0.200  554999055     0.0113    -1.6764 0.0000e+00
    19.4911   0.000620     -0.200  554999057     0.0112    -1.6824 0.0000e+00
    19.5043   0.000570     -0.200  554999058     0.0111    -1.6852 0.0000e+00
    19.5231   0.000540     -0.200  554999060     0.0110    -1.6890 0.0000e+00
    19.5453   0.000530     -0.200  554999061     0.0109    -1.6935 0.0000e+00
    19.5571   0.000510     -0.200  554999063     0.0109    -1.6960 0.0000e+00
    19.5462   0.000490     -0.200  554999064     0.0108    -1.6938 0.0000e+00
    19.5610   0.000480     -0.200  554999066     0.0108    -1.6968 0.0000e+00
    19.5541   0.000470     -0.200  554999067     0.0107    -1.6955 0.0000e+00
    19.5796   0.000460     -0.200  554999069     0.0107    -1.7006 0.0000e+00
    19.5998   0.000450     -0.200  554999070     0.0107    -1.7047 0.0000e+00
    19.6070   0.000440     -0.200  554999072     0.0106    -1.7062 0.0000e+00
    19.6019   0.000430     -0.200  554999073     0.0106    -1.7052 0.0000e+00
    19.5830   0.000420     -0.200  554999075     0.0106    -1.7014 0.0000e+00
    19.5510   0.000410     -0.200  554999077     0.0105    -1.6950 0.0000e+00
    19.5351   0.000400     -0.200  554999078     0.0105    -1.6918 0.0000e+00
    19.5550   0.000390     -0.200  554999080     0.0105    -1.6958 0.0000e+00
    19.5771   0.000380     -0.200  554999081     0.0104    -1.7003 0.0000e+00
    19.5886   0.000360     -0.200  554999083     0.0104    -1.7027 0.0000e+00
    19.5917   0.000350     -0.200  554999084     0.0104    -1.7033 0.0000e+00
    19.5948   0.000340     -0.200  554999086     0.0103    -1.7040 0.0000e+00
    19.5884   0.000330     -0.200  554999087     0.0103    -1.7027 0.0000e+00
    19.6032   0.000320     -0.200  554999089     0.0103    -1.7057 0.0000e+00
    19.6153   0.000320     -0.200  554999090     0.0103    -1.7082 0.0000e+00
    19.5300   0.000320     -0.200  554999092     0.0102    -1.6910 0.0000e+00
    19.4723   0.000330     -0.200  554999093     0.0103    -1.6794 0.0000e+00
    19.3801   0.000330     -0.200  554999095     0.0102    -1.6609 0.0000e+00
    19.3070   0.000330     -0.200  554999096     0.0102    -1.6464 0.0000e+00
    19.2364   0.000340     -0.200  554999098     0.0102    -1.6323 0.0000e+00
    19.1802   0.000340     -0.200  554999099     0.0102    -1.6212 0.0000e+00
    19.1511   0.000350     -0.200  554999101     0.0102    -1.6154 0.0000e+00
    19.1593   0.000350     -0.200  554999102     0.0102    -1.6171 0.0000e+00
    19.1815   0.000350     -0.200  554999104     0.0102    -1.6214 0.0000e+00
    19.1845   0.000350     -0.200  554999105     0.0102    -1.6220 0.0000e+00
    19.1546   0.000360     -0.200  554999107     0.0102    -1.6161 0.0000e+00
    19.1147   0.000370     -0.200  554999109     0.0102    -1.6082 0.0000e+00
    19.1067   0.000380     -0.200  554999110     0.0103    -1.6066 0.0000e+00
    19.1114   0.000380     -0.200  554999112     0.0103    -1.6076 0.0000e+00
    19.1575   0.000460     -0.200  554999113     0.0106    -1.6164 0.0000e+00
    19.2175   0.000450     -0.200  554999115     0.0105    -1.6283 0.0000e+00
    19.2566   0.000440     -0.200  554999116     0.0105    -1.6361 0.0000e+00
    19.3273   0.000420     -0.200  554999118     0.0105    -1.6502 0.0000e+00
    19.4101   0.000420     -0.200  554999119     0.0105    -1.6667 0.0000e+00
    19.4612   0.000420     -0.200  554999121     0.0105    -1.6769 0.0000e+00
    19.5209   0.000410     -0.200  554999122     0.0105    -1.6889 0.0000e+00
    19.5845   0.000410     -0.200  554999124     0.0105    -1.7017 0.0000e+00
    19.6378   0.000410     -0.200  554999125     0.0106    -1.7125 0.0000e+00
    19.6894   0.000400     -0.200  554999127     0.0105    -1.7230 0.0000e+00
    19.7296   0.000400     -0.200  554999128     0.0106    -1.7311 0.0000e+00
    19.7776   0.000390     -0.200  554999130     0.0105    -1.7409 0.0000e+00
    19.8149   0.000390     -0.200  554999131     0.0106    -1.7485 0.0000e+00
    19.8404   0.000390     -0.200  554999133     0.0106    -1.7538 0.0000e+00
    19.8618   0.000380     -0.200  554999134     0.0105    -1.7582 0.0000e+00
    19.8900   0.000370     -0.200  554999136     0.0105    -1.7640 0.0000e+00
    19.9382   0.000360     -0.200  554999137     0.0105    -1.7739 0.0000e+00
    19.9719   0.000360     -0.200  554999139     0.0105    -1.7808 0.0000e+00
    20.0098   0.000350     -0.200  554999141     0.0105    -1.7886 0.0000e+00
    20.0373   0.000360     -0.200  554999142     0.0106    -1.7943 0.0000e+00
    20.0645   0.000360     -0.200  554999144     0.0106    -1.7999 0.0000e+00
    20.1044   0.000350     -0.200  554999145     0.0105    -1.8082 0.0000e+00
    20.1418   0.000340     -0.200  554999147     0.0105    -1.8160 0.0000e+00
    20.1837   0.000350     -0.200  554999148     0.0106    -1.8247 0.0000e+00
    20.2172   0.000340     -0.200  554999150     0.0106    -1.8317 0.0000e+00
    20.2770   0.000330     -0.200  554999151     0.0106    -1.8442 0.0000e+00
    20.3129   0.000330     -0.200  554999153     0.0106    -1.8517 0.0000e+00
    20.3401   0.000330     -0.200  554999154     0.0106    -1.8574 0.0000e+00
    20.3766   0.000320     -0.200  554999156     0.0106    -1.8650 0.0000e+00
    20.3944   0.000330     -0.200  554999157     0.0106    -1.8688 0.0000e+00
    20.4257   0.000340     -0.200  554999159     0.0106    -1.8753 0.0000e+00
    20.4277   0.000340     -0.200  554999160     0.0106    -1.8758 0.0000e+00
    20.4177   0.000340     -0.200  554999162     0.0106    -1.8736 0.0000e+00
    20.3968   0.000340     -0.200  554999163     0.0106    -1.8692 0.0000e+00
    20.3880   0.000340     -0.200  554999165     0.0106    -1.8674 0.0000e+00
    20.3732   0.000340     -0.200  554999166     0.0106    -1.8643 0.0000e+00
    20.3906   0.000330     -0.200  554999168     0.0106    -1.8680 0.0000e+00
    20.4002   0.000330     -0.200  554999170     0.0106    -1.8700 0.0000e+00
    20.4344   0.000320     -0.200  554999171     0.0106    -1.8772 0.0000e+00
    20.4685   0.000320     -0.200  554999173     0.0106    -1.8844 0.0000e+00
    20.4960   0.000310     -0.200  554999174     0.0106    -1.8902 0.0000e+00
    20.5017   0.000320     -0.200  554999176     0.0106    -1.8914 0.0000e+00
    20.4635   0.000320     -0.200  554999177     0.0106    -1.8833 0.0000e+00
    20.4227   0.000320     -0.200  554999179     0.0106    -1.8747 0.0000e+00
    20.3952   0.000320     -0.200  554999180     0.0106    -1.8690 0.0000e+00
    20.3542   0.000410     -0.210  554999182     0.0108    -1.8601 0.0000e+00
    20.3114   0.000470     -0.210  554999183     0.0110    -1.8510 0.0000e+00
    20.2907   0.000410     -0.210  554999185     0.0108    -1.8468 0.0000e+00
    20.2273   0.000370     -0.210  554999186     0.0106    -1.8337 0.0000e+00
    20.1934   0.000330     -0.210  554999188     0.0105    -1.8267 0.0000e+00
    20.0979   0.000300     -0.210  554999189     0.0104    -1.8069 0.0000e+00
    20.0202   0.000300     -0.210  554999191     0.0104    -1.7909 0.0000e+00
    19.9693   0.000290     -0.210  554999192     0.0103    -1.7804 0.0000e+00
    19.9420  -0.013530     -0.190  554999194     0.0000    -1.7827 0.0000e+00
    18.3376   3.488250      0.360  554999195    25.5719    17.9885 0.0000e+00
    18.0071   3.605020      1.330  554999197    26.7357    18.9531 0.0000e+00
    17.9805   3.613020      1.600  554999198    26.8188    19.0227 0.0000e+00
    17.9778   3.618490      1.850  554999200    26.8655    19.0590 0.0000e+00
    17.9796   3.623300      1.570  554999202    26.9040    19.0879 0.0000e+00
    17.9771   3.627550      1.860  554999203    26.9406    19.1164 0.0000e+00
    17.9812   3.627840      1.510  554999205    26.9404    19.1153 0.0000e+00
    17.9797   3.627700      1.910  554999206    26.9401    19.1154 0.0000e+00
    17.9812   3.626840      1.490  554999208    26.9321    19.1090 0.0000e+00
    17.9854   3.625850      1.920  554999209    26.9211    19.0996 0.0000e+00
    17.9777   3.625700      1.450  554999211    26.9251    19.1044 0.0000e+00
    17.9774   3.622020      1.930  554999212    26.8948    19.0814 0.0000e+00
    17.9832   3.623760      1.520  554999214    26.9054    19.0882 0.0000e+00
    17.9847   3.622440      1.890  554999215    26.8935    19.0787 0.0000e+00
    17.9942   3.625310      1.480  554999217    26.9110    19.0898 0.0000e+00
    17.9985   3.621220      2.090  554999218    26.8743    19.0609 0.0000e+00
    17.9939   3.620610      1.350  554999220    26.8726    19.0606 0.0000e+00
    17.9914   3.621280      2.040  554999221    26.8795    19.0665 0.0000e+00
    17.9822   3.622510      1.400  554999223    26.8958    19.0811 0.0000e+00
    17.9849   3.618580      2.020  554999224    26.8615    19.0543 0.0000e+00
    17.9942   3.621880      1.330  554999226    26.8828    19.0683 0.0000e+00
    17.9928   3.619590      2.070  554999227    26.8647    19.0548 0.0000e+00
    17.9921   3.621770      1.270  554999229    26.8833    19.0692 0.0000e+00
    17.9911   3.621660      2.030  554999230    26.8828    19.0691 0.0000e+00
    17.9957   3.622950      1.360  554999232    26.8906    19.0740 0.0000e+00
    17.9924   3.623830      1.920  554999233    26.8999    19.0818 0.0000e+00
    17.9939   3.623520      1.280  554999235    26.8965    19.0789 0.0000e+00
    17.9928   3.624120      0.860  554999237    26.9023    19.0835 0.0000e+00
    17.9874   3.622470      0.160  554999238    26.8925    19.0773 0.0000e+00
    17.9856   3.623030      0.630  554999240    26.8981    19.0820 0.0000e+00
    17.9855   3.624190      0.850  554999241    26.9077    19.0893 0.0000e+00
    17.9849   3.622170      2.120  554999243    26.8911    19.0768 0.0000e+00
    17.9672   3.622420      2.510  554999244    26.9046    19.0913 0.0000e+00
    17.9235   3.618490      3.800  554999246    26.9006    19.0983 0.0000e+00
    17.8311   3.614570      4.660  554999247    26.9287    19.1413 0.0000e+00
    17.4706   3.591520      6.280  554999249    26.9753    19.2597 0.0000e+00
    17.3824   3.589970      6.660  554999250    27.0208    19.3147 0.0000e+00
    17.2579   3.573980      8.170  554999252    26.9696    19.3038 0.0000e+00
    16.9468   3.562780      8.720  554999253    27.0832    19.4607 0.0000e+00
    16.3267   3.510680     10.040  554999255    27.0588    19.5789 0.0000e+00
    15.3699   3.414480     10.870  554999256    26.8787    19.6447 0.0000e+00
    10.2704   3.225160     12.080  554999258    28.8744    22.1305 0.0000e+00
     8.9085   3.107290     13.130  554999259    28.7794    22.2652 0.0000e+00
     7.8456   3.048060     14.200  554999261    29.0361    22.6151 0.0000e+00
     6.7109   2.982180     15.490  554999262    29.2879    22.9585 0.0000e+00
     5.9999   2.962730     16.110  554999264    29.6898    23.3594 0.0000e+00
     5.3760   2.916720     17.350  554999265    29.7260    23.4572 0.0000e+00
     5.0242   2.895840     18.250  554999267    29.8028    23.5551 0.0000e+00
     4.1714   2.862830     19.390  554999269    30.1961    23.9509 0.0000e+00
