Code/Hansen Zooplankton Code and Sample Data/data/ctd/gsl_14_SBE37SI-RS232_03706156_2017_08_12_final.cnv
* Sea-Bird SBE37SI-RS232  Data File:
* FileName = C:\Users\General Lab Use\Desktop\SHELAGH CTD 2017\gsl_14_SBE37SI-RS232_03706156_2017_08_12.cnv
* Software version 1.00d
* Temperature SN = 6156
* Conductivity SN = 6156
* System UpLoad Time = Aug 12 2017 00:06:42
* <ApplicationData>
* <Seaterm232>
# nquan = 7                                 
# nvalues = 1912                        
# units = specified
# name 0 = t090C: Temperature [ITS-90, deg C]
# name 1 = c0S/m: Conductivity [S/m]
# name 2 = prM: Pressure [db]
# name 3 = timeK: Time, Seacat Plus [seconds]
# name 4 = sal00: Salinity [PSU]
# name 5 = sigma-t00: Density [sigma-t, Kg/m^3 ]
# name 6 = flag: flag
# span 0 =     0.4996,    19.9572       
# span 1 =  -0.005600,   3.661720       
# span 2 =     -0.230,     88.160       
# span 3 =  555797777,  555800700       
# span 4 =     0.0000,    32.2655       
# span 5 =    -1.7019,    25.8671       
# span 6 = 0.0000e+00, 0.0000e+00       
# interval = seconds: 6.000000
# start_time = Aug 11 2017 20:16:17
# bad_flag = -9.990e-29
*END*
    19.9012   0.019880     -0.210  555797777     0.1068    -1.6925 0.0000e+00
    19.9000   0.019940     -0.210  555797778     0.1071    -1.6920 0.0000e+00
    19.9004   0.020050     -0.210  555797780     0.1076    -1.6917 0.0000e+00
    19.9013   0.019770     -0.210  555797781     0.1062    -1.6930 0.0000e+00
    19.9012   0.020050     -0.210  555797783     0.1076    -1.6918 0.0000e+00
    19.9006   0.020300     -0.210  555797784     0.1090    -1.6907 0.0000e+00
    19.9004   0.021020     -0.220  555797786     0.1128    -1.6878 0.0000e+00
    19.9013   0.019870     -0.210  555797787     0.1067    -1.6926 0.0000e+00
    19.9033   0.019020     -0.220  555797789     0.1022    -1.6964 0.0000e+00
    19.9145   0.018920     -0.220  555797790     0.1017    -1.6991 0.0000e+00
    19.9238   0.018930     -0.220  555797792     0.1017    -1.7010 0.0000e+00
    19.9281   0.019790     -0.220  555797794     0.1062    -1.6985 0.0000e+00
    19.9353   0.021040     -0.220  555797795     0.1128    -1.6949 0.0000e+00
    19.9572   0.020440     -0.220  555797797     0.1096    -1.7019 0.0000e+00
    19.9385   0.020910     -0.220  555797798     0.1121    -1.6961 0.0000e+00
    19.9038   0.020510     -0.220  555797800     0.1101    -1.6905 0.0000e+00
    19.8784   0.020260     -0.220  555797801     0.1088    -1.6863 0.0000e+00
    19.8500   0.020200     -0.220  555797803     0.1085    -1.6806 0.0000e+00
    19.8108   0.020280     -0.220  555797805     0.1091    -1.6722 0.0000e+00
    19.7826   0.019980     -0.220  555797807     0.1075    -1.6676 0.0000e+00
    19.7607   0.019580     -0.220  555797808     0.1055    -1.6647 0.0000e+00
    19.7400   0.018960     -0.220  555797810     0.1022    -1.6630 0.0000e+00
    19.7180   0.018760     -0.220  555797811     0.1012    -1.6593 0.0000e+00
    19.6658   0.020300     -0.220  555797813     0.1095    -1.6423 0.0000e+00
    19.5837   0.006530     -0.220  555797814     0.0385    -1.6801 0.0000e+00
    19.5162   0.002090     -0.230  555797816     0.0174    -1.6827 0.0000e+00
    19.4674   0.001340     -0.220  555797817     0.0141    -1.6754 0.0000e+00
    19.3772   0.002660     -0.230  555797819     0.0199    -1.6529 0.0000e+00
    19.3041   0.002490     -0.230  555797820     0.0192    -1.6389 0.0000e+00
    19.2746   0.002790     -0.220  555797822     0.0205    -1.6320 0.0000e+00
    19.2644   0.002870     -0.230  555797823     0.0209    -1.6296 0.0000e+00
    19.2814   0.002610     -0.230  555797825     0.0197    -1.6340 0.0000e+00
    19.3049   0.002770     -0.230  555797826     0.0204    -1.6381 0.0000e+00
    19.3262   0.002900     -0.230  555797828     0.0210    -1.6418 0.0000e+00
    19.3496   0.002870     -0.230  555797829     0.0209    -1.6466 0.0000e+00
    19.3678   0.002740     -0.230  555797831     0.0203    -1.6507 0.0000e+00
    19.3885   0.002640     -0.230  555797833     0.0198    -1.6552 0.0000e+00
    19.4118   0.002490     -0.230  555797834     0.0192    -1.6604 0.0000e+00
    19.4390   0.002460     -0.230  555797836     0.0190    -1.6659 0.0000e+00
    19.4595   0.002410     -0.230  555797837     0.0188    -1.6702 0.0000e+00
    19.4770   0.002320     -0.230  555797839     0.0184    -1.6741 0.0000e+00
    19.4773   0.002700     -0.220  555797840     0.0201    -1.6728 0.0000e+00
    19.4659   0.003220     -0.220  555797842     0.0225    -1.6686 0.0000e+00
    19.4477   0.002180     -0.210  555797843     0.0178    -1.6687 0.0000e+00
    19.4307   0.001410     -0.210  555797845     0.0144    -1.6678 0.0000e+00
    19.4174   0.001150     -0.210  555797846     0.0133    -1.6660 0.0000e+00
    19.4045   0.001030     -0.210  555797848     0.0128    -1.6638 0.0000e+00
    19.3848   0.000960     -0.210  555797849     0.0125    -1.6601 0.0000e+00
    19.3731   0.000910     -0.210  555797851     0.0123    -1.6579 0.0000e+00
    19.3624   0.000870     -0.210  555797852     0.0121    -1.6559 0.0000e+00
    19.3404   0.000840     -0.210  555797854     0.0120    -1.6516 0.0000e+00
    19.3264   0.000820     -0.210  555797855     0.0119    -1.6489 0.0000e+00
    19.3084   0.000790     -0.210  555797857     0.0118    -1.6454 0.0000e+00
    19.2902   0.000770     -0.210  555797859     0.0117    -1.6418 0.0000e+00
    19.2509   0.000760     -0.210  555797860     0.0117    -1.6341 0.0000e+00
    19.2180   0.000740     -0.210  555797862     0.0116    -1.6276 0.0000e+00
    19.1855   0.000730     -0.210  555797863     0.0115    -1.6212 0.0000e+00
    19.1591   0.000720     -0.210  555797865     0.0115    -1.6160 0.0000e+00
    19.1379   0.000700     -0.210  555797866     0.0114    -1.6119 0.0000e+00
    19.1241   0.000690     -0.210  555797868     0.0114    -1.6092 0.0000e+00
    19.1065   0.000680     -0.210  555797869     0.0113    -1.6058 0.0000e+00
    19.0885   0.000680     -0.210  555797871     0.0113    -1.6022 0.0000e+00
    19.0657   0.000670     -0.210  555797872     0.0113    -1.5978 0.0000e+00
    19.0452   0.000660     -0.210  555797874     0.0112    -1.5938 0.0000e+00
    19.0258   0.000650     -0.210  555797875     0.0112    -1.5900 0.0000e+00
    19.0077   0.000640     -0.210  555797877     0.0111    -1.5865 0.0000e+00
    18.9891   0.000640     -0.220  555797878     0.0111    -1.5829 0.0000e+00
    18.9767   0.000630     -0.220  555797880     0.0111    -1.5805 0.0000e+00
    18.9680   0.000630     -0.210  555797881     0.0111    -1.5788 0.0000e+00
    18.9531   0.000620     -0.210  555797883     0.0111    -1.5759 0.0000e+00
    18.9329   0.000610     -0.210  555797885     0.0110    -1.5720 0.0000e+00
    18.9195   0.000610     -0.210  555797886     0.0110    -1.5694 0.0000e+00
    18.9170   0.000600     -0.210  555797888     0.0110    -1.5689 0.0000e+00
    18.9104   0.000600     -0.210  555797889     0.0110    -1.5676 0.0000e+00
    18.9134   0.000600     -0.210  555797891     0.0110    -1.5682 0.0000e+00
    18.9104   0.000590     -0.220  555797892     0.0109    -1.5677 0.0000e+00
    18.9130   0.000590     -0.210  555797894     0.0109    -1.5682 0.0000e+00
    18.9147   0.000580     -0.210  555797895     0.0109    -1.5685 0.0000e+00
    18.9120   0.000580     -0.210  555797897     0.0109    -1.5680 0.0000e+00
    18.9075   0.000580     -0.210  555797898     0.0109    -1.5671 0.0000e+00
    18.9044   0.000580     -0.210  555797900     0.0109    -1.5665 0.0000e+00
    18.9020   0.000570     -0.210  555797901     0.0108    -1.5661 0.0000e+00
    18.8982   0.000570     -0.220  555797903     0.0108    -1.5654 0.0000e+00
    18.8928   0.000560     -0.210  555797904     0.0108    -1.5643 0.0000e+00
    18.8783   0.000640     -0.220  555797906     0.0111    -1.5613 0.0000e+00
    18.8601   0.001910     -0.230  555797907     0.0165    -1.5536 0.0000e+00
    18.8586   0.001420     -0.230  555797909     0.0143    -1.5550 0.0000e+00
    18.8509   0.001150     -0.230  555797911     0.0131    -1.5544 0.0000e+00
    18.8374   0.001150     -0.230  555797912     0.0131    -1.5518 0.0000e+00
    18.8286   0.001080     -0.230  555797914     0.0128    -1.5503 0.0000e+00
    18.8049   0.000970     -0.230  555797915     0.0124    -1.5461 0.0000e+00
    18.7980   0.000850     -0.230  555797917     0.0119    -1.5451 0.0000e+00
    18.8016  -0.005600     -0.210  555797918     0.0000    -1.5549 0.0000e+00
    17.7382   3.532320      0.550  555797920    26.3113    18.6915 0.0000e+00
    17.4912   3.641850      1.860  555797921    27.3823    19.5660 0.0000e+00
    17.4933   3.647370      2.200  555797923    27.4268    19.5995 0.0000e+00
    17.4815   3.656770      2.300  555797924    27.5132    19.6682 0.0000e+00
    17.4827   3.661720      2.140  555797926    27.5538    19.6989 0.0000e+00
    17.3725   3.659770      2.260  555797927    27.6122    19.7689 0.0000e+00
    17.3633   3.655900      2.180  555797929    27.5861    19.7510 0.0000e+00
    17.4490   3.654610      2.240  555797930    27.5172    19.6787 0.0000e+00
    17.4735   3.656180      2.170  555797932    27.5137    19.6705 0.0000e+00
    17.4795   3.658250      2.310  555797933    27.5269    19.6792 0.0000e+00
    17.4766   3.651610      2.070  555797935    27.4735    19.6390 0.0000e+00
    17.4665   3.649690      2.380  555797937    27.4642    19.6342 0.0000e+00
    17.4696   3.642810      2.200  555797938    27.4048    19.5881 0.0000e+00
    17.4248   3.647600      2.110  555797940    27.4750    19.6520 0.0000e+00
    17.4552   3.648930      2.320  555797941    27.4655    19.6378 0.0000e+00
    17.4477   3.650160      2.210  555797943    27.4809    19.6513 0.0000e+00
    17.4706   3.651080      2.160  555797944    27.4731    19.6401 0.0000e+00
    17.4733   3.651680      2.350  555797946    27.4762    19.6419 0.0000e+00
    17.4778   3.648750      2.090  555797947    27.4488    19.6199 0.0000e+00
    17.4841   3.649860      2.280  555797949    27.4538    19.6222 0.0000e+00
    17.4840   3.650280      2.190  555797950    27.4574    19.6250 0.0000e+00
    17.4830   3.651110      2.250  555797952    27.4650    19.6310 0.0000e+00
    17.4807   3.651450      2.190  555797953    27.4694    19.6349 0.0000e+00
    17.4546   3.651810      2.290  555797955    27.4900    19.6567 0.0000e+00
    17.4575   3.650500      2.190  555797956    27.4771    19.6462 0.0000e+00
    17.4633   3.649770      2.230  555797958    27.4671    19.6372 0.0000e+00
    17.4638   3.649040      2.310  555797959    27.4606    19.6321 0.0000e+00
    17.4596   3.649130      2.110  555797961    27.4643    19.6359 0.0000e+00
    17.4677   3.648630      2.340  555797962    27.4546    19.6266 0.0000e+00
    17.4713   3.648230      2.200  555797964    27.4488    19.6214 0.0000e+00
    17.4683   3.648740      2.190  555797966    27.4551    19.6269 0.0000e+00
    17.4633   3.648050      2.270  555797967    27.4527    19.6262 0.0000e+00
    17.4634   3.647570      2.180  555797969    27.4487    19.6231 0.0000e+00
    17.4669   3.644460      1.630  555797970    27.4205    19.6008 0.0000e+00
    17.4656   3.641340      0.870  555797972    27.3956    19.5820 0.0000e+00
    17.4730   3.646210      0.190  555797973    27.4315    19.6077 0.0000e+00
    17.4734   3.647330      1.230  555797975    27.4402    19.6143 0.0000e+00
    17.4786   3.647560      1.940  555797976    27.4384    19.6117 0.0000e+00
    17.4736   3.648000      3.050  555797978    27.4451    19.6180 0.0000e+00
    17.1228   3.635530      3.980  555797979    27.5783    19.7997 0.0000e+00
    16.8090   3.605130      5.300  555797981    27.5355    19.8375 0.0000e+00
    16.0757   3.580690      6.320  555797982    27.8334    20.2270 0.0000e+00
    15.9454   3.557500      7.370  555797984    27.7239    20.1713 0.0000e+00
    15.2843   3.522800      8.420  555797985    27.8865    20.4364 0.0000e+00
    15.2030   3.506900      9.600  555797987    27.8040    20.3901 0.0000e+00
    14.6629   3.462940     10.850  555797988    27.7988    20.4973 0.0000e+00
    13.8444   3.424820     11.820  555797990    28.0465    20.8513 0.0000e+00
    13.0721   3.385740     12.960  555797992    28.2569    21.1621 0.0000e+00
    11.8566   3.263970     14.230  555797993    28.0241    21.2033 0.0000e+00
     8.8784   3.186850     15.310  555797995    29.6196    22.9264 0.0000e+00
     7.8148   3.093020     16.760  555797996    29.5347    23.0103 0.0000e+00
     7.1422   3.069370     17.890  555797998    29.8576    23.3526 0.0000e+00
     6.5278   3.045390     18.910  555797999    30.1336    23.6468 0.0000e+00
     5.2506   2.926830     20.490  555798001    29.9502    23.6479 0.0000e+00
     4.2196   2.934620     21.530  555798002    30.9862    24.5737 0.0000e+00
     3.4636   2.849760     22.750  555798004    30.7007    24.4160 0.0000e+00
     3.3133   2.838640     23.960  555798005    30.7101    24.4363 0.0000e+00
     3.1393   2.830090     25.180  555798007    30.7727    24.5007 0.0000e+00
     2.7078   2.791140     26.650  555798008    30.7148    24.4888 0.0000e+00
     2.4980   2.785860     28.090  555798010    30.8518    24.6141 0.0000e+00
     2.2072   2.787500     29.260  555798011    31.1544    24.8772 0.0000e+00
     1.9013   2.752160     30.750  555798013    31.0167    24.7882 0.0000e+00
     1.6822   2.751920     32.050  555798014    31.2292    24.9730 0.0000e+00
     1.4328   2.771390     33.050  555798016    31.7231    25.3849 0.0000e+00
     1.2414   2.734370     34.340  555798017    31.4476    25.1756 0.0000e+00
     1.2910   2.739240     35.490  555798019    31.4587    25.1815 0.0000e+00
     1.3333   2.758390     36.620  555798021    31.6576    25.3386 0.0000e+00
     1.4378   2.744560     37.780  555798022    31.3773    25.1072 0.0000e+00
     1.2960   2.756490     38.810  555798024    31.6702    25.3510 0.0000e+00
     1.1861   2.738880     40.020  555798025    31.5575    25.2671 0.0000e+00
     1.0202   2.730040     41.300  555798027    31.6125    25.3209 0.0000e+00
     0.9026   2.738020     42.080  555798028    31.8340    25.5057 0.0000e+00
     0.8515   2.719370     43.450  555798030    31.6466    25.3578 0.0000e+00
     0.7681   2.735720     43.980  555798031    31.9417    25.5997 0.0000e+00
     0.7037   2.718650     45.420  555798033    31.7875    25.4791 0.0000e+00
     0.6795   2.719530     46.700  555798034    31.8230    25.5090 0.0000e+00
     0.6330   2.715510     48.200  555798036    31.8181    25.5076 0.0000e+00
     0.5193   2.717690     49.750  555798037    31.9628    25.6300 0.0000e+00
     0.5645   2.718130     51.130  555798039    31.9210    25.5939 0.0000e+00
     0.5617   2.724240     52.280  555798040    32.0023    25.6595 0.0000e+00
     0.5229   2.716510     53.730  555798042    31.9416    25.6127 0.0000e+00
     0.5305   2.730570     54.600  555798043    32.1153    25.7522 0.0000e+00
     0.5290   2.723730     56.050  555798045    32.0275    25.6815 0.0000e+00
     0.5341   2.732950     56.990  555798047    32.1411    25.7727 0.0000e+00
     0.5392   2.726970     58.500  555798048    32.0574    25.7051 0.0000e+00
     0.5502   2.737110     59.420  555798050    32.1768    25.8006 0.0000e+00
     0.5677   2.732910     60.970  555798051    32.1033    25.7406 0.0000e+00
     0.5723   2.735740     62.120  555798053    32.1345    25.7654 0.0000e+00
     0.5615   2.733450     63.760  555798054    32.1152    25.7504 0.0000e+00
     0.5629   2.737430     64.800  555798056    32.1646    25.7902 0.0000e+00
     0.5529   2.735430     66.100  555798057    32.1484    25.7777 0.0000e+00
     0.5522   2.731960     67.480  555798059    32.1035    25.7415 0.0000e+00
     0.5547   2.736790     68.500  555798060    32.1628    25.7891 0.0000e+00
     0.5401   2.732650     69.990  555798062    32.1236    25.7583 0.0000e+00
     0.5526   2.739370     70.870  555798063    32.1971    25.8168 0.0000e+00
     0.5334   2.733410     72.480  555798065    32.1390    25.7710 0.0000e+00
     0.5460   2.736860     73.090  555798066    32.1702    25.7955 0.0000e+00
     0.5349   2.735840     74.420  555798068    32.1678    25.7942 0.0000e+00
     0.5233   2.734790     75.550  555798069    32.1656    25.7930 0.0000e+00
     0.5225   2.735400     77.000  555798071    32.1735    25.7995 0.0000e+00
     0.5624   2.739560     78.270  555798072    32.1851    25.8067 0.0000e+00
     0.5963   2.743990     79.830  555798074    32.2062    25.8219 0.0000e+00
     0.6111   2.745160     81.200  555798076    32.2051    25.8202 0.0000e+00
     0.6158   2.746860     82.500  555798077    32.2215    25.8331 0.0000e+00
     0.6230   2.746860     83.970  555798079    32.2132    25.8260 0.0000e+00
     0.6297   2.748400     85.370  555798080    32.2253    25.8354 0.0000e+00
     0.6341   2.749850     86.580  555798082    32.2387    25.8460 0.0000e+00
     0.6371   2.750960     87.500  555798083    32.2494    25.8545 0.0000e+00
     0.6397   2.752420     88.120  555798085    32.2652    25.8670 0.0000e+00
     0.6430   2.752710     88.160  555798086    32.2655    25.8671 0.0000e+00
     0.6479   2.751350     87.030  555798088    32.2435    25.8491 0.0000e+00
     0.6409   2.750650     85.480  555798089    32.2426    25.8488 0.0000e+00
