Code/Hansen Zooplankton Code and Sample Data/data/ctd/gsl_15_SBE37SI-RS232_03706156_2017_08_12_final.cnv
* Sea-Bird SBE37SI-RS232  Data File:
* FileName = C:\Users\General Lab Use\Desktop\SHELAGH CTD 2017\gsl_15_SBE37SI-RS232_03706156_2017_08_12.cnv
* Software version 1.00d
* Temperature SN = 6156
* Conductivity SN = 6156
* System UpLoad Time = Aug 12 2017 05:01:32
* <ApplicationData>
* <Seaterm232>
# nquan = 7                                 
# nvalues = 2498                        
# units = specified
# name 0 = t090C: Temperature [ITS-90, deg C]
# name 1 = c0S/m: Conductivity [S/m]
# name 2 = prM: Pressure [db]
# name 3 = timeK: Time, Seacat Plus [seconds]
# name 4 = sal00: Salinity [PSU]
# name 5 = sigma-t00: Density [sigma-t, Kg/m^3 ]
# name 6 = flag: flag
# span 0 =    -0.8190,    20.1498       
# span 1 =   0.000290,   3.673860       
# span 2 =     -0.250,     72.140       
# span 3 =  555814505,  555818311       
# span 4 =     0.0101,    31.8351       
# span 5 =    -1.7889,    25.5512       
# span 6 = 0.0000e+00, 0.0000e+00       
# interval = seconds: 6.000000
# start_time = Aug 12 2017 00:55:05
# bad_flag = -9.990e-29
*END*
    20.0182   0.034090     -0.210  555814505     0.1822    -1.6589 0.0000e+00
    20.0165   0.034090     -0.210  555814507     0.1822    -1.6586 0.0000e+00
    20.0240   0.034090     -0.210  555814508     0.1822    -1.6601 0.0000e+00
    20.0243   0.034090     -0.210  555814510     0.1822    -1.6602 0.0000e+00
    20.0189   0.034090     -0.210  555814511     0.1822    -1.6591 0.0000e+00
    20.0260   0.034090     -0.210  555814513     0.1822    -1.6606 0.0000e+00
    20.0481   0.034090     -0.210  555814514     0.1821    -1.6652 0.0000e+00
    20.0669   0.034090     -0.210  555814516     0.1820    -1.6692 0.0000e+00
    20.0737   0.034100     -0.210  555814517     0.1820    -1.6705 0.0000e+00
    20.0800   0.034070     -0.210  555814519     0.1818    -1.6720 0.0000e+00
    20.0987   0.033350     -0.210  555814521     0.1779    -1.6789 0.0000e+00
    20.1188   0.032270     -0.210  555814522     0.1720    -1.6876 0.0000e+00
    20.1498   0.032820     -0.210  555814524     0.1748    -1.6919 0.0000e+00
    20.1470   0.032700     -0.220  555814525     0.1742    -1.6918 0.0000e+00
    20.1326   0.022610     -0.230  555814527     0.1206    -1.7298 0.0000e+00
    20.1141   0.020040     -0.230  555814528     0.1071    -1.7362 0.0000e+00
    20.0668   0.020920     -0.230  555814530     0.1119    -1.7228 0.0000e+00
    20.0227   0.020220     -0.230  555814531     0.1083    -1.7164 0.0000e+00
    19.9965   0.023470     -0.210  555814534     0.1255    -1.6978 0.0000e+00
    19.9728   0.024230     -0.220  555814535     0.1296    -1.6898 0.0000e+00
    19.9558   0.024530     -0.220  555814537     0.1312    -1.6851 0.0000e+00
    19.9559   0.022840     -0.230  555814538     0.1222    -1.6919 0.0000e+00
    19.9592   0.020400     -0.230  555814540     0.1094    -1.7025 0.0000e+00
    19.9329   0.019730     -0.220  555814541     0.1059    -1.6997 0.0000e+00
    19.9189   0.021710     -0.220  555814543     0.1164    -1.6888 0.0000e+00
    19.9068   0.027350     -0.210  555814544     0.1464    -1.6633 0.0000e+00
    19.9025   0.028340     -0.220  555814546     0.1517    -1.6584 0.0000e+00
    19.9000   0.026700     -0.210  555814547     0.1429    -1.6646 0.0000e+00
    19.8812   0.026790     -0.220  555814549     0.1434    -1.6603 0.0000e+00
    19.8703   0.024840     -0.220  555814550     0.1331    -1.6660 0.0000e+00
    19.8663   0.025490     -0.220  555814552     0.1366    -1.6625 0.0000e+00
    19.8684   0.027000     -0.220  555814553     0.1446    -1.6568 0.0000e+00
    19.8687   0.029760     -0.220  555814555     0.1594    -1.6455 0.0000e+00
    19.8579   0.030290     -0.220  555814556     0.1623    -1.6411 0.0000e+00
    19.8568   0.027430     -0.210  555814558     0.1469    -1.6526 0.0000e+00
    19.8507   0.034180     -0.210  555814559     0.1833    -1.6235 0.0000e+00
    19.8200   0.034320     -0.210  555814561     0.1842    -1.6166 0.0000e+00
    19.7910   0.008380     -0.220  555814562     0.0476    -1.7152 0.0000e+00
    19.7693   0.002420     -0.230  555814564     0.0189    -1.7329 0.0000e+00
    19.7413   0.002200     -0.230  555814566     0.0179    -1.7279 0.0000e+00
    19.7191   0.001700     -0.230  555814567     0.0157    -1.7251 0.0000e+00
    19.6975   0.001620     -0.230  555814569     0.0153    -1.7210 0.0000e+00
    19.6906   0.001750     -0.230  555814570     0.0159    -1.7191 0.0000e+00
    19.6914   0.002670     -0.230  555814572     0.0200    -1.7161 0.0000e+00
    19.7100   0.002330     -0.230  555814573     0.0185    -1.7211 0.0000e+00
    19.7261   0.002270     -0.230  555814575     0.0182    -1.7246 0.0000e+00
    19.7294   0.002010     -0.230  555814576     0.0170    -1.7261 0.0000e+00
    19.7451   0.002030     -0.230  555814578     0.0171    -1.7293 0.0000e+00
    19.7615   0.001930     -0.230  555814579     0.0167    -1.7329 0.0000e+00
    19.7659   0.001720     -0.230  555814581     0.0158    -1.7345 0.0000e+00
    19.7745   0.001760     -0.230  555814582     0.0159    -1.7362 0.0000e+00
    19.7872   0.001490     -0.230  555814584     0.0148    -1.7396 0.0000e+00
    19.8065   0.001810     -0.230  555814585     0.0162    -1.7425 0.0000e+00
    19.8177   0.001780     -0.230  555814587     0.0160    -1.7449 0.0000e+00
    19.8214   0.001770     -0.230  555814588     0.0160    -1.7457 0.0000e+00
    19.8299   0.001770     -0.230  555814590     0.0160    -1.7474 0.0000e+00
    19.8381   0.001550     -0.230  555814591     0.0151    -1.7498 0.0000e+00
    19.8276   0.001530     -0.230  555814593     0.0150    -1.7478 0.0000e+00
    19.8218   0.001440     -0.230  555814595     0.0146    -1.7469 0.0000e+00
    19.8340   0.001410     -0.230  555814596     0.0145    -1.7495 0.0000e+00
    19.8226   0.001450     -0.230  555814598     0.0146    -1.7470 0.0000e+00
    19.8038   0.001360     -0.230  555814599     0.0142    -1.7434 0.0000e+00
    19.8209   0.001450     -0.230  555814601     0.0146    -1.7467 0.0000e+00
    19.8233   0.001070     -0.230  555814602     0.0131    -1.7483 0.0000e+00
    19.7974   0.000960     -0.230  555814604     0.0126    -1.7434 0.0000e+00
    19.7720   0.000890     -0.230  555814605     0.0123    -1.7384 0.0000e+00
    19.7518   0.000800     -0.230  555814607     0.0120    -1.7346 0.0000e+00
    19.7362   0.000960     -0.230  555814608     0.0126    -1.7309 0.0000e+00
    19.7305   0.001000     -0.230  555814610     0.0128    -1.7296 0.0000e+00
    19.7331   0.000900     -0.230  555814611     0.0124    -1.7305 0.0000e+00
    19.7454   0.000830     -0.230  555814613     0.0121    -1.7332 0.0000e+00
    19.7498   0.000820     -0.230  555814614     0.0121    -1.7341 0.0000e+00
    19.7688   0.000780     -0.230  555814616     0.0119    -1.7381 0.0000e+00
    19.7903   0.000840     -0.230  555814617     0.0121    -1.7423 0.0000e+00
    19.8093   0.000810     -0.230  555814619     0.0120    -1.7463 0.0000e+00
    19.8279   0.000810     -0.230  555814620     0.0120    -1.7501 0.0000e+00
    19.8491   0.000740     -0.230  555814622     0.0118    -1.7546 0.0000e+00
    19.8628   0.000780     -0.230  555814623     0.0119    -1.7573 0.0000e+00
    19.8791   0.000760     -0.230  555814625     0.0119    -1.7607 0.0000e+00
    19.8938   0.000740     -0.230  555814627     0.0118    -1.7638 0.0000e+00
    19.9063   0.000790     -0.230  555814628     0.0120    -1.7662 0.0000e+00
    19.9206   0.000840     -0.230  555814630     0.0122    -1.7690 0.0000e+00
    19.9086   0.000850     -0.230  555814631     0.0122    -1.7665 0.0000e+00
    19.9102   0.000890     -0.240  555814633     0.0124    -1.7667 0.0000e+00
    19.9255   0.000920     -0.230  555814634     0.0125    -1.7697 0.0000e+00
    19.9458   0.000920     -0.230  555814636     0.0125    -1.7739 0.0000e+00
    19.9593   0.000930     -0.230  555814637     0.0125    -1.7767 0.0000e+00
    19.9658   0.000940     -0.230  555814639     0.0126    -1.7780 0.0000e+00
    19.9723   0.001010     -0.230  555814640     0.0129    -1.7791 0.0000e+00
    19.9851   0.000910     -0.230  555814642     0.0125    -1.7820 0.0000e+00
    20.0168   0.000910     -0.230  555814643     0.0125    -1.7886 0.0000e+00
    20.0180   0.000870     -0.240  555814645     0.0123    -1.7889 0.0000e+00
    20.0169   0.000910     -0.230  555814646     0.0125    -1.7886 0.0000e+00
    20.0123   0.000830     -0.230  555814648     0.0122    -1.7879 0.0000e+00
    20.0101   0.000860     -0.230  555814649     0.0123    -1.7873 0.0000e+00
    20.0143   0.000780     -0.230  555814651     0.0120    -1.7884 0.0000e+00
    20.0122   0.000740     -0.230  555814652     0.0118    -1.7881 0.0000e+00
    19.9357   0.000630     -0.230  555814654     0.0114    -1.7727 0.0000e+00
    19.8765   0.000580     -0.220  555814655     0.0112    -1.7607 0.0000e+00
    19.8360   0.000560     -0.220  555814657     0.0111    -1.7524 0.0000e+00
    19.7916   0.000530     -0.220  555814659     0.0110    -1.7434 0.0000e+00
    19.7319   0.000520     -0.220  555814660     0.0110    -1.7313 0.0000e+00
    19.6813   0.000490     -0.220  555814662     0.0108    -1.7211 0.0000e+00
    19.6303   0.000480     -0.220  555814663     0.0108    -1.7108 0.0000e+00
    19.5881   0.000460     -0.220  555814665     0.0107    -1.7023 0.0000e+00
    19.5567   0.000450     -0.220  555814666     0.0107    -1.6960 0.0000e+00
    19.5312   0.000440     -0.220  555814668     0.0106    -1.6909 0.0000e+00
    19.5061   0.000430     -0.220  555814669     0.0106    -1.6859 0.0000e+00
    19.4879   0.000420     -0.220  555814671     0.0105    -1.6823 0.0000e+00
    19.4715   0.000410     -0.220  555814672     0.0105    -1.6790 0.0000e+00
    19.4524   0.000400     -0.220  555814674     0.0105    -1.6752 0.0000e+00
    19.4383   0.000400     -0.220  555814675     0.0105    -1.6724 0.0000e+00
    19.4237   0.000390     -0.220  555814677     0.0104    -1.6695 0.0000e+00
    19.4099   0.000380     -0.220  555814678     0.0104    -1.6667 0.0000e+00
    19.3996   0.000380     -0.220  555814680     0.0104    -1.6647 0.0000e+00
    19.3886   0.000380     -0.220  555814681     0.0104    -1.6625 0.0000e+00
    19.3813   0.000370     -0.220  555814683     0.0103    -1.6611 0.0000e+00
    19.3744   0.000370     -0.220  555814684     0.0103    -1.6597 0.0000e+00
    19.3678   0.000360     -0.220  555814686     0.0103    -1.6584 0.0000e+00
    19.3654   0.000360     -0.220  555814687     0.0103    -1.6579 0.0000e+00
    19.3563   0.000360     -0.220  555814689     0.0103    -1.6561 0.0000e+00
    19.3497   0.000350     -0.220  555814691     0.0103    -1.6548 0.0000e+00
    19.3403   0.000350     -0.220  555814692     0.0103    -1.6529 0.0000e+00
    19.3358   0.000350     -0.220  555814694     0.0103    -1.6520 0.0000e+00
    19.3331   0.000340     -0.220  555814695     0.0102    -1.6515 0.0000e+00
    19.3254   0.000340     -0.220  555814697     0.0102    -1.6500 0.0000e+00
    19.3263   0.000340     -0.220  555814698     0.0102    -1.6502 0.0000e+00
    19.3293   0.000340     -0.220  555814700     0.0102    -1.6508 0.0000e+00
    19.3312   0.000340     -0.220  555814701     0.0102    -1.6511 0.0000e+00
    19.3224   0.000340     -0.220  555814703     0.0102    -1.6494 0.0000e+00
    19.3157   0.000340     -0.220  555814704     0.0102    -1.6481 0.0000e+00
    19.3081   0.000340     -0.220  555814706     0.0102    -1.6465 0.0000e+00
    19.3111   0.000340     -0.220  555814707     0.0102    -1.6471 0.0000e+00
    19.3019   0.000340     -0.220  555814709     0.0102    -1.6453 0.0000e+00
    19.2980   0.000330     -0.220  555814710     0.0102    -1.6446 0.0000e+00
    19.2939   0.000330     -0.220  555814712     0.0102    -1.6437 0.0000e+00
    19.2892   0.000330     -0.220  555814713     0.0102    -1.6428 0.0000e+00
    19.2870   0.000330     -0.220  555814715     0.0102    -1.6424 0.0000e+00
    19.2809   0.000330     -0.220  555814716     0.0102    -1.6412 0.0000e+00
    19.2771   0.000330     -0.220  555814718     0.0102    -1.6404 0.0000e+00
    19.2753   0.000320     -0.220  555814720     0.0102    -1.6401 0.0000e+00
    19.2764   0.000320     -0.220  555814721     0.0102    -1.6403 0.0000e+00
    19.2761   0.000320     -0.220  555814723     0.0102    -1.6402 0.0000e+00
    19.2736   0.000320     -0.220  555814724     0.0102    -1.6397 0.0000e+00
    19.2705   0.000320     -0.220  555814726     0.0101    -1.6391 0.0000e+00
    19.2670   0.000320     -0.220  555814727     0.0101    -1.6384 0.0000e+00
    19.2622   0.000320     -0.220  555814729     0.0101    -1.6375 0.0000e+00
    19.2585   0.000320     -0.220  555814730     0.0101    -1.6367 0.0000e+00
    19.2551   0.000320     -0.220  555814732     0.0101    -1.6361 0.0000e+00
    19.2519   0.000310     -0.220  555814733     0.0101    -1.6355 0.0000e+00
    19.2480   0.000310     -0.220  555814735     0.0101    -1.6347 0.0000e+00
    19.2428   0.000310     -0.220  555814736     0.0101    -1.6337 0.0000e+00
    19.2418   0.000310     -0.220  555814738     0.0101    -1.6335 0.0000e+00
    19.2386   0.000310     -0.220  555814739     0.0101    -1.6328 0.0000e+00
    19.2385   0.000310     -0.220  555814741     0.0101    -1.6328 0.0000e+00
    19.2384   0.000310     -0.220  555814742     0.0101    -1.6328 0.0000e+00
    19.2377   0.000310     -0.220  555814744     0.0101    -1.6326 0.0000e+00
    19.2393   0.000310     -0.220  555814745     0.0101    -1.6330 0.0000e+00
    19.2429   0.000310     -0.220  555814747     0.0101    -1.6337 0.0000e+00
    19.2432   0.000310     -0.220  555814748     0.0101    -1.6337 0.0000e+00
    19.2453   0.000310     -0.220  555814750     0.0101    -1.6342 0.0000e+00
    19.2453   0.000310     -0.220  555814752     0.0101    -1.6342 0.0000e+00
    19.2445   0.000310     -0.220  555814753     0.0101    -1.6340 0.0000e+00
    19.2441   0.000300     -0.220  555814755     0.0101    -1.6339 0.0000e+00
    19.2424   0.000300     -0.220  555814756     0.0101    -1.6336 0.0000e+00
    19.2385   0.000300     -0.220  555814758     0.0101    -1.6328 0.0000e+00
    19.2380   0.000300     -0.220  555814759     0.0101    -1.6327 0.0000e+00
    19.2360   0.000300     -0.220  555814761     0.0101    -1.6323 0.0000e+00
    19.2365   0.000300     -0.220  555814762     0.0101    -1.6324 0.0000e+00
    19.2364   0.000300     -0.220  555814764     0.0101    -1.6324 0.0000e+00
    19.2349   0.000300     -0.230  555814765     0.0101    -1.6321 0.0000e+00
    19.2364   0.000370     -0.230  555814767     0.0103    -1.6322 0.0000e+00
    19.2407   0.000410     -0.230  555814768     0.0104    -1.6330 0.0000e+00
    19.2452   0.000380     -0.230  555814770     0.0103    -1.6340 0.0000e+00
    19.2567   0.000350     -0.230  555814771     0.0102    -1.6363 0.0000e+00
    19.2578   0.000330     -0.230  555814773     0.0102    -1.6366 0.0000e+00
    19.2540   0.000320     -0.230  555814774     0.0101    -1.6359 0.0000e+00
    19.2551   0.000310     -0.230  555814776     0.0101    -1.6361 0.0000e+00
    19.2578   0.000310     -0.240  555814777     0.0101    -1.6366 0.0000e+00
    19.2560   0.000330     -0.240  555814779     0.0102    -1.6362 0.0000e+00
    19.2594   0.000330     -0.240  555814781     0.0102    -1.6369 0.0000e+00
    19.2608   0.000340     -0.240  555814782     0.0102    -1.6372 0.0000e+00
    19.2718   0.000360     -0.240  555814784     0.0103    -1.6393 0.0000e+00
    19.2821   0.000400     -0.240  555814785     0.0104    -1.6412 0.0000e+00
    19.2842   0.000410     -0.240  555814787     0.0104    -1.6416 0.0000e+00
    19.3025   0.000560     -0.240  555814788     0.0110    -1.6449 0.0000e+00
    19.3241   0.000600     -0.240  555814790     0.0111    -1.6491 0.0000e+00
    19.3390   0.000610     -0.240  555814791     0.0111    -1.6520 0.0000e+00
    19.3544   0.000560     -0.240  555814793     0.0110    -1.6552 0.0000e+00
    19.3793   0.000560     -0.240  555814794     0.0110    -1.6602 0.0000e+00
    19.3998   0.000510     -0.240  555814796     0.0108    -1.6644 0.0000e+00
    19.4176   0.000450     -0.240  555814797     0.0106    -1.6681 0.0000e+00
    19.4261   0.000420     -0.240  555814799     0.0105    -1.6699 0.0000e+00
    19.4273   0.000390     -0.240  555814800     0.0104    -1.6702 0.0000e+00
    19.4346   0.000370     -0.230  555814802     0.0104    -1.6717 0.0000e+00
    19.4371   0.000350     -0.240  555814803     0.0103    -1.6723 0.0000e+00
    19.4284   0.000340     -0.230  555814805     0.0103    -1.6705 0.0000e+00
    19.4192   0.000320     -0.240  555814806     0.0102    -1.6687 0.0000e+00
    19.4128   0.000320     -0.230  555814808     0.0102    -1.6675 0.0000e+00
    19.4070   0.000310     -0.230  555814809     0.0102    -1.6663 0.0000e+00
    19.4049   0.000310     -0.240  555814811     0.0102    -1.6659 0.0000e+00
    19.3979   0.000300     -0.230  555814812     0.0101    -1.6645 0.0000e+00
    19.3970   0.000290     -0.240  555814814     0.0101    -1.6644 0.0000e+00
    19.3995   0.000300     -0.230  555814816     0.0101    -1.6649 0.0000e+00
    19.4419   0.000320     -0.240  555814817     0.0102    -1.6733 0.0000e+00
