Code/Hansen Zooplankton Code and Sample Data/data/ctd/gsl_03_SBE37SI-RS232_03706156_2017_07_05_final.cnv
* Sea-Bird SBE37SI-RS232  Data File:
* FileName = C:\Users\General Lab Use\Desktop\SHELAGH CTD 2017\gsl_03_SBE37SI-RS232_03706156_2017_07_05.cnv
* Software version 1.00d
* Temperature SN = 6156
* Conductivity SN = 6156
* System UpLoad Time = Jul 05 2017 12:41:05
* <ApplicationData>
* <Seaterm232>
# nquan = 7                                 
# nvalues = 1164                        
# units = specified
# name 0 = t090C: Temperature [ITS-90, deg C]
# name 1 = c0S/m: Conductivity [S/m]
# name 2 = prM: Pressure [db]
# name 3 = timeK: Time, Seacat Plus [seconds]
# name 4 = sal00: Salinity [PSU]
# name 5 = sigma-t00: Density [sigma-t, Kg/m^3 ]
# name 6 = flag: flag
# span 0 =    -0.1974,    15.7360       
# span 1 =   0.001340,   3.148850       
# span 2 =     -0.240,     87.600       
# span 3 =  552546502,  552548270       
# span 4 =     0.0130,    32.6075       
# span 5 =    -0.9609,    26.0940       
# span 6 = 0.0000e+00, 0.0000e+00       
# interval = seconds: 6.000000
# start_time = Jul 05 2017 05:08:22
# bad_flag = -9.990e-29
*END*
    15.6808   0.058520     -0.220  552546502     0.3497    -0.7338 0.0000e+00
    15.6786   0.058950     -0.220  552546503     0.3524    -0.7313 0.0000e+00
    15.6804   0.058590     -0.220  552546505     0.3502    -0.7334 0.0000e+00
    15.6809   0.058570     -0.220  552546506     0.3500    -0.7335 0.0000e+00
    15.6828   0.058980     -0.220  552546508     0.3525    -0.7319 0.0000e+00
    15.6857   0.058460     -0.220  552546509     0.3493    -0.7349 0.0000e+00
    15.6824   0.058480     -0.220  552546511     0.3495    -0.7342 0.0000e+00
    15.6771   0.059030     -0.220  552546512     0.3529    -0.7307 0.0000e+00
    15.6727   0.058280     -0.220  552546514     0.3483    -0.7336 0.0000e+00
    15.6711   0.058690     -0.220  552546515     0.3509    -0.7313 0.0000e+00
    15.6720   0.058580     -0.220  552546517     0.3502    -0.7320 0.0000e+00
    15.6699   0.058550     -0.220  552546518     0.3500    -0.7318 0.0000e+00
    15.6706   0.049700     -0.220  552546520     0.2956    -0.7740 0.0000e+00
    15.6695   0.043560     -0.220  552546521     0.2581    -0.8027 0.0000e+00
    15.6958   0.037710     -0.220  552546523     0.2226    -0.8344 0.0000e+00
    15.7180   0.032320     -0.220  552546524     0.1901    -0.8631 0.0000e+00
    15.7360   0.020070     -0.220  552546526     0.1176    -0.9221 0.0000e+00
    15.7199   0.028080     -0.220  552546527     0.1648    -0.8830 0.0000e+00
    15.7065   0.022570     -0.220  552546530     0.1323    -0.9060 0.0000e+00
    15.7071   0.021470     -0.220  552546531     0.1258    -0.9111 0.0000e+00
    15.7047   0.023980     -0.220  552546533     0.1406    -0.8993 0.0000e+00
    15.6917   0.030080     -0.220  552546534     0.1768    -0.8692 0.0000e+00
    15.6758   0.055080     -0.220  552546536     0.3286    -0.7493 0.0000e+00
    15.6675   0.058660     -0.220  552546537     0.3507    -0.7309 0.0000e+00
    15.6524   0.060150     -0.220  552546539     0.3600    -0.7213 0.0000e+00
    15.6390   0.048600     -0.220  552546540     0.2891    -0.7740 0.0000e+00
    15.6189   0.049410     -0.220  552546542     0.2942    -0.7668 0.0000e+00
    15.6038   0.061050     -0.220  552546543     0.3660    -0.7089 0.0000e+00
    15.5907   0.030040     -0.220  552546545     0.1770    -0.8530 0.0000e+00
    15.5876   0.030870     -0.220  552546546     0.1820    -0.8487 0.0000e+00
    15.5946   0.022470     -0.220  552546548     0.1320    -0.8884 0.0000e+00
    15.6063   0.007800     -0.220  552546549     0.0475    -0.9557 0.0000e+00
    15.5910   0.006810     -0.220  552546551     0.0421    -0.9575 0.0000e+00
    15.5796   0.005860     -0.220  552546552     0.0368    -0.9598 0.0000e+00
    15.5707   0.005260     -0.220  552546554     0.0336    -0.9609 0.0000e+00
    15.5534   0.006090     -0.220  552546555     0.0381    -0.9547 0.0000e+00
    15.5337   0.007360     -0.220  552546557     0.0451    -0.9461 0.0000e+00
    15.5131   0.006090     -0.220  552546558     0.0381    -0.9483 0.0000e+00
    15.4941   0.005270     -0.220  552546560     0.0337    -0.9488 0.0000e+00
    15.4718   0.004980     -0.220  552546562     0.0321    -0.9465 0.0000e+00
    15.4465   0.004780     -0.220  552546563     0.0310    -0.9434 0.0000e+00
    15.4255   0.004470     -0.220  552546565     0.0293    -0.9414 0.0000e+00
    15.4081   0.004350     -0.220  552546566     0.0287    -0.9392 0.0000e+00
    15.4089   0.004190     -0.220  552546568     0.0278    -0.9400 0.0000e+00
    15.3933   0.004020     -0.220  552546569     0.0269    -0.9383 0.0000e+00
    15.3871   0.003900     -0.220  552546571     0.0263    -0.9378 0.0000e+00
    15.3681   0.003730     -0.220  552546572     0.0254    -0.9356 0.0000e+00
    15.3521   0.003610     -0.220  552546574     0.0247    -0.9336 0.0000e+00
    15.3486   0.003610     -0.220  552546575     0.0247    -0.9331 0.0000e+00
    15.3367   0.003430     -0.220  552546577     0.0238    -0.9320 0.0000e+00
    15.3200   0.003320     -0.220  552546578     0.0232    -0.9298 0.0000e+00
    15.3058   0.003130     -0.220  552546580     0.0222    -0.9284 0.0000e+00
    15.2947   0.003110     -0.220  552546581     0.0221    -0.9268 0.0000e+00
    15.2796   0.002970     -0.220  552546583     0.0214    -0.9250 0.0000e+00
    15.2575   0.002890     -0.220  552546584     0.0209    -0.9219 0.0000e+00
    15.2341   0.002750     -0.220  552546586     0.0202    -0.9189 0.0000e+00
    15.2157   0.002520     -0.220  552546587     0.0190    -0.9170 0.0000e+00
    15.1970   0.002360     -0.220  552546589     0.0182    -0.9148 0.0000e+00
    15.1828   0.002280     -0.220  552546590     0.0178    -0.9129 0.0000e+00
    15.1817   0.002300     -0.220  552546592     0.0179    -0.9127 0.0000e+00
    15.1739   0.002270     -0.220  552546593     0.0177    -0.9116 0.0000e+00
    15.1651   0.002230     -0.220  552546595     0.0175    -0.9104 0.0000e+00
    15.1614   0.002310     -0.220  552546596     0.0179    -0.9095 0.0000e+00
    15.1541   0.002290     -0.220  552546598     0.0178    -0.9085 0.0000e+00
    15.1374   0.002210     -0.220  552546599     0.0174    -0.9063 0.0000e+00
    15.1287   0.002300     -0.220  552546601     0.0179    -0.9046 0.0000e+00
    15.1217   0.002260     -0.220  552546602     0.0177    -0.9037 0.0000e+00
    15.1011   0.002290     -0.230  552546604     0.0178    -0.9004 0.0000e+00
    15.0952   0.002390     -0.220  552546605     0.0183    -0.8991 0.0000e+00
    15.0998   0.002090     -0.220  552546607     0.0168    -0.9010 0.0000e+00
    15.0878   0.001930     -0.220  552546609     0.0160    -0.8998 0.0000e+00
    15.0834   0.001840     -0.220  552546610     0.0155    -0.8995 0.0000e+00
    15.0907   0.001770     -0.220  552546612     0.0152    -0.9009 0.0000e+00
    15.0876   0.002030     -0.220  552546613     0.0165    -0.8994 0.0000e+00
    15.0887   0.001970     -0.220  552546615     0.0162    -0.8998 0.0000e+00
    15.0966   0.001840     -0.220  552546616     0.0155    -0.9015 0.0000e+00
    15.1005   0.001710     -0.220  552546618     0.0149    -0.9026 0.0000e+00
    15.1081   0.001600     -0.220  552546619     0.0143    -0.9042 0.0000e+00
    15.1142   0.001610     -0.230  552546621     0.0144    -0.9051 0.0000e+00
    15.1151   0.001810     -0.220  552546622     0.0154    -0.9045 0.0000e+00
    15.1032   0.003040     -0.220  552546624     0.0217    -0.8977 0.0000e+00
    15.0915   0.003080     -0.220  552546625     0.0220    -0.8958 0.0000e+00
    15.0856   0.002500     -0.220  552546627     0.0189    -0.8972 0.0000e+00
    15.0851   0.002140     -0.220  552546628     0.0170    -0.8986 0.0000e+00
    15.0847   0.001830     -0.220  552546630     0.0155    -0.8998 0.0000e+00
    15.0694   0.001750     -0.220  552546631     0.0151    -0.8978 0.0000e+00
    15.0593   0.002320     -0.220  552546633     0.0180    -0.8940 0.0000e+00
    15.0573   0.001970     -0.230  552546634     0.0162    -0.8951 0.0000e+00
    15.0577   0.001850     -0.220  552546636     0.0156    -0.8956 0.0000e+00
    15.0461   0.001760     -0.220  552546637     0.0151    -0.8942 0.0000e+00
    15.0247   0.001710     -0.220  552546639     0.0149    -0.8912 0.0000e+00
    15.0128   0.001650     -0.220  552546640     0.0146    -0.8896 0.0000e+00
    15.0111   0.001640     -0.220  552546642     0.0145    -0.8894 0.0000e+00
    15.0116   0.001600     -0.220  552546643     0.0143    -0.8896 0.0000e+00
    15.0207   0.001600     -0.220  552546645     0.0143    -0.8910 0.0000e+00
    15.0287   0.001500     -0.220  552546647     0.0138    -0.8926 0.0000e+00
    15.0239   0.001360     -0.220  552546648     0.0131    -0.8924 0.0000e+00
    15.0267   0.001340     -0.230  552546650     0.0130    -0.8929 0.0000e+00
    15.0344   0.001490     -0.230  552546651     0.0138    -0.8935 0.0000e+00
    15.0391   0.001590     -0.220  552546653     0.0143    -0.8938 0.0000e+00
    15.0360   0.001440     -0.220  552546654     0.0135    -0.8939 0.0000e+00
    15.0287   0.001550     -0.220  552546656     0.0141    -0.8924 0.0000e+00
    15.0201   0.002100     -0.220  552546657     0.0168    -0.8889 0.0000e+00
    15.0128   0.002500     -0.220  552546659     0.0189    -0.8862 0.0000e+00
    15.0092   0.002560     -0.220  552546660     0.0192    -0.8854 0.0000e+00
    15.0120   0.002350     -0.220  552546662     0.0181    -0.8867 0.0000e+00
    15.0143   0.002300     -0.220  552546663     0.0179    -0.8872 0.0000e+00
    15.0143   0.002120     -0.220  552546665     0.0169    -0.8880 0.0000e+00
    14.9136   1.355730      0.190  552546666     9.9066     6.7266 0.0000e+00
    14.3145   3.092580      1.110  552546668    24.7541    18.2248 0.0000e+00
    14.3056   3.108890      1.940  552546669    24.9037    18.3416 0.0000e+00
    14.3174   3.107120      2.010  552546671    24.8804    18.3214 0.0000e+00
    14.3110   3.097040      2.510  552546672    24.7953    18.2572 0.0000e+00
    14.3125   3.123680      2.450  552546674    25.0299    18.4373 0.0000e+00
    14.3134   3.088560      2.590  552546675    24.7188    18.1979 0.0000e+00
    14.3098   3.122030      2.450  552546677    25.0170    18.4279 0.0000e+00
    14.3112   3.087770      2.590  552546678    24.7132    18.1940 0.0000e+00
    14.3110   3.111590      2.500  552546680    24.9239    18.3561 0.0000e+00
    14.3125   3.099740      2.570  552546681    24.8182    18.2745 0.0000e+00
    14.3106   3.113310      2.490  552546683    24.9394    18.3681 0.0000e+00
    14.3089   3.113650      2.610  552546684    24.9434    18.3715 0.0000e+00
    14.3096   3.116970      2.470  552546686    24.9724    18.3936 0.0000e+00
    14.3080   3.124010      2.610  552546688    25.0357    18.4426 0.0000e+00
    14.3104   3.135720      2.240  552546689    25.1378    18.5207 0.0000e+00
    14.3100   3.120240      2.030  552546691    25.0012    18.4157 0.0000e+00
    14.3092   3.116910      1.860  552546692    24.9723    18.3937 0.0000e+00
    14.3027   3.134650      2.440  552546694    25.1333    18.5187 0.0000e+00
    14.3041   3.108620      2.260  552546695    24.9021    18.3407 0.0000e+00
    14.3038   3.139870      2.550  552546697    25.1788    18.5535 0.0000e+00
    14.3034   3.142150      2.570  552546698    25.1992    18.5693 0.0000e+00
    14.3053   3.143110      2.760  552546700    25.2064    18.5745 0.0000e+00
    14.3042   3.143810      2.640  552546701    25.2134    18.5800 0.0000e+00
    14.3043   3.144890      2.710  552546703    25.2229    18.5873 0.0000e+00
    14.3044   3.146480      2.710  552546704    25.2369    18.5981 0.0000e+00
    14.3045   3.146090      2.730  552546706    25.2333    18.5953 0.0000e+00
    14.3034   3.146640      2.720  552546707    25.2389    18.5999 0.0000e+00
    14.3024   3.147690      2.690  552546709    25.2489    18.6077 0.0000e+00
    14.2984   3.146320      2.770  552546710    25.2393    18.6011 0.0000e+00
    14.2972   3.148340      2.690  552546712    25.2580    18.6158 0.0000e+00
    14.2981   3.148060      2.710  552546713    25.2550    18.6132 0.0000e+00
    14.3004   3.147000      2.780  552546715    25.2441    18.6044 0.0000e+00
    14.3008   3.148850      2.690  552546716    25.2602    18.6167 0.0000e+00
    14.3005   3.147390      2.750  552546718    25.2475    18.6070 0.0000e+00
    14.2996   3.148160      2.700  552546719    25.2549    18.6129 0.0000e+00
    14.3018   3.147030      2.760  552546721    25.2434    18.6036 0.0000e+00
    14.3026   3.148370      2.690  552546722    25.2548    18.6122 0.0000e+00
    14.3021   3.147340      2.720  552546724    25.2460    18.6055 0.0000e+00
    14.2985   3.146340      2.780  552546725    25.2394    18.6012 0.0000e+00
    14.2983   3.147610      2.670  552546727    25.2509    18.6100 0.0000e+00
    14.2988   3.146120      2.760  552546728    25.2373    18.5995 0.0000e+00
    14.2964   3.146180      2.720  552546730    25.2394    18.6016 0.0000e+00
    14.2927   3.145260      2.750  552546732    25.2337    18.5979 0.0000e+00
    14.2928   3.144010      2.710  552546733    25.2225    18.5893 0.0000e+00
    14.2917   3.143360      2.750  552546735    25.2175    18.5856 0.0000e+00
    14.2926   3.143310      2.740  552546736    25.2165    18.5847 0.0000e+00
    14.2917   3.143880      2.680  552546738    25.2221    18.5892 0.0000e+00
    14.2919   3.142820      2.780  552546739    25.2126    18.5818 0.0000e+00
    14.2913   3.143330      2.670  552546741    25.2175    18.5857 0.0000e+00
    14.2930   3.142350      2.810  552546742    25.2077    18.5778 0.0000e+00
    14.2944   3.142420      2.640  552546744    25.2074    18.5774 0.0000e+00
    14.2986   3.142270      2.760  552546745    25.2033    18.5734 0.0000e+00
    14.2987   3.142750      2.750  552546747    25.2075    18.5766 0.0000e+00
    14.2999   3.142610      2.650  552546748    25.2055    18.5748 0.0000e+00
    14.3001   3.141870      2.790  552546750    25.1988    18.5696 0.0000e+00
    14.2995   3.141610      2.720  552546751    25.1969    18.5683 0.0000e+00
    14.3001   3.141170      2.700  552546753    25.1926    18.5649 0.0000e+00
    14.2982   3.141580      2.740  552546754    25.1975    18.5690 0.0000e+00
    14.2988   3.142000      2.740  552546756    25.2008    18.5714 0.0000e+00
    14.2998   3.142230      2.720  552546757    25.2022    18.5723 0.0000e+00
    14.3002   3.142360      2.740  552546759    25.2031    18.5729 0.0000e+00
    14.3003   3.142380      2.690  552546760    25.2032    18.5730 0.0000e+00
    14.3007   3.142100      2.440  552546762    25.2006    18.5709 0.0000e+00
    14.3028   3.138630      1.630  552546763    25.1687    18.5460 0.0000e+00
    14.2966   3.139500      1.280  552546765    25.1806    18.5563 0.0000e+00
    14.2965   3.139730      0.710  552546766    25.1828    18.5581 0.0000e+00
    14.2972   3.140530      0.250  552546768    25.1896    18.5631 0.0000e+00
    14.2967   3.140660      0.120  552546770    25.1911    18.5644 0.0000e+00
    14.2969   3.140950      0.240  552546771    25.1935    18.5662 0.0000e+00
    14.3001   3.141460      0.800  552546773    25.1958    18.5673 0.0000e+00
    14.3005   3.141490      1.700  552546774    25.1955    18.5670 0.0000e+00
    14.2990   3.141560      2.550  552546776    25.1969    18.5683 0.0000e+00
    14.3003   3.141810      3.330  552546777    25.1980    18.5690 0.0000e+00
    14.3003   3.142010      3.970  552546779    25.1996    18.5702 0.0000e+00
    14.3003   3.141860      4.730  552546780    25.1980    18.5690 0.0000e+00
    14.1860   3.138480      5.490  552546782    25.2422    18.6252 0.0000e+00
    14.0763   3.131800      6.360  552546783    25.2541    18.6555 0.0000e+00
    13.9564   3.128650      7.180  552546785    25.3043    18.7172 0.0000e+00
    13.9249   3.127040      8.170  552546786    25.3103    18.7278 0.0000e+00
    13.8607   3.130020      8.830  552546788    25.3790    18.7930 0.0000e+00
    13.7715   3.137060     10.040  552546789    25.5007    18.9037 0.0000e+00
    13.5107   3.144310     10.540  552546791    25.7399    19.1373 0.0000e+00
    12.0410   3.103520     11.480  552546792    26.3756    19.8944 0.0000e+00
     9.8300   3.090340     11.940  552546794    27.8799    21.4252 0.0000e+00
     8.0543   2.952940     13.240  552546795    27.8710    21.6739 0.0000e+00
     7.5478   2.977860     13.930  552546797    28.5415    22.2664 0.0000e+00
     6.9482   2.915150     15.350  552546798    28.3657    22.2041 0.0000e+00
     6.6792   2.936030     16.080  552546800    28.8144    22.5897 0.0000e+00
     6.2936   2.923850     17.430  552546801    29.0076    22.7875 0.0000e+00
     6.8613   2.990370     18.160  552546803    29.2472    22.9080 0.0000e+00
     6.7786   2.988630     19.270  552546804    29.2983    22.9584 0.0000e+00
     6.2538   2.981760     20.320  552546806    29.6758    23.3188 0.0000e+00
     5.2935   2.954060     21.330  552546807    30.2188    23.8558 0.0000e+00
     4.8999   2.924970     22.350  552546809    30.2446    23.9177 0.0000e+00
     4.2892   2.899480     23.340  552546810    30.5114    24.1900 0.0000e+00
     3.9567   2.880240     24.280  552546812    30.5960    24.2886 0.0000e+00
