Code/Hansen Zooplankton Code and Sample Data/data/ctd/gsl_10_SBE37SI-RS232_03706156_2017_08_08_final.cnv
* Sea-Bird SBE37SI-RS232  Data File:
* FileName = C:\Users\General Lab Use\Desktop\SHELAGH CTD 2017\gsl_10_SBE37SI-RS232_03706156_2017_08_08.cnv
* Software version 1.00d
* Temperature SN = 6156
* Conductivity SN = 6156
* System UpLoad Time = Aug 08 2017 16:32:06
* <ApplicationData>
* <Seaterm232>
# nquan = 7                                 
# nvalues = 1991                        
# units = specified
# name 0 = t090C: Temperature [ITS-90, deg C]
# name 1 = c0S/m: Conductivity [S/m]
# name 2 = prM: Pressure [db]
# name 3 = timeK: Time, Seacat Plus [seconds]
# name 4 = sal00: Salinity [PSU]
# name 5 = sigma-t00: Density [sigma-t, Kg/m^3 ]
# name 6 = flag: flag
# span 0 =     0.0970,    17.0813       
# span 1 =   0.000290,   3.488430       
# span 2 =     -0.310,    104.590       
# span 3 =  555511157,  555514191       
# span 4 =     0.0089,    32.4197       
# span 5 =    -1.2125,    25.9767       
# span 6 = 0.0000e+00, 0.0000e+00       
# interval = seconds: 6.000000
# start_time = Aug 08 2017 12:39:17
# bad_flag = -9.990e-29
*END*
[from data line 616]
     0.7430   2.764500     82.210  555512097    32.3167    25.9028 0.0000e+00
     0.7285   2.763440     81.600  555512098    32.3185    25.9050 0.0000e+00
     0.7150   2.762710     80.860  555512100    32.3236    25.9099 0.0000e+00
     0.7092   2.761320     80.220  555512101    32.3121    25.9009 0.0000e+00
     0.7002   2.761580     79.630  555512103    32.3252    25.9120 0.0000e+00
     0.6732   2.755190     78.730  555512104    32.2714    25.8702 0.0000e+00
     0.6481   2.756010     78.230  555512106    32.3084    25.9014 0.0000e+00
     0.6336   2.751490     77.530  555512107    32.2656    25.8677 0.0000e+00
     0.6138   2.747920     76.820  555512109    32.2405    25.8485 0.0000e+00
     0.6064   2.749940     76.160  555512110    32.2747    25.8765 0.0000e+00
     0.6205   2.747410     75.320  555512112    32.2278    25.8379 0.0000e+00
     0.6301   2.748480     74.840  555512113    32.2319    25.8407 0.0000e+00
     0.6186   2.743900     73.800  555512115    32.1852    25.8038 0.0000e+00
     0.6049   2.743610     73.380  555512116    32.1960    25.8132 0.0000e+00
     0.5832   2.739040     72.470  555512118    32.1600    25.7854 0.0000e+00
     0.5681   2.736730     71.650  555512119    32.1463    25.7751 0.0000e+00
     0.5491   2.737260     71.270  555512121    32.1732    25.7978 0.0000e+00
     0.5353   2.733520     70.370  555512122    32.1396    25.7715 0.0000e+00
     0.5088   2.729280     69.710  555512124    32.1126    25.7511 0.0000e+00
     0.4857   2.728830     69.220  555512126    32.1311    25.7672 0.0000e+00
     0.4741   2.724030     68.460  555512127    32.0814    25.7277 0.0000e+00
     0.4575   2.722230     67.860  555512129    32.0756    25.7240 0.0000e+00
     0.4487   2.724360     67.610  555512130    32.1126    25.7542 0.0000e+00
     0.4432   2.719570     66.530  555512132    32.0567    25.7095 0.0000e+00
     0.4336   2.721080     66.230  555512133    32.0865    25.7339 0.0000e+00
     0.4309   2.717850     65.230  555512135    32.0479    25.7030 0.0000e+00
     0.4273   2.718720     64.950  555512136    32.0631    25.7154 0.0000e+00
     0.4213   2.716040     63.990  555512138    32.0351    25.6932 0.0000e+00
     0.4123   2.715720     63.720  555512139    32.0405    25.6979 0.0000e+00
     0.4034   2.712440     62.990  555512141    32.0075    25.6718 0.0000e+00
     0.3772   2.710110     62.470  555512142    32.0047    25.6709 0.0000e+00
     0.3548   2.711430     62.240  555512144    32.0454    25.7047 0.0000e+00
     0.3569   2.706920     61.260  555512145    31.9850    25.6560 0.0000e+00
     0.3390   2.705820     60.860  555512147    31.9896    25.6606 0.0000e+00
     0.2749   2.697480     59.940  555512148    31.9481    25.6302 0.0000e+00
     0.2794   2.698760     59.600  555512150    31.9603    25.6399 0.0000e+00
     0.2945   2.697650     58.490  555512151    31.9307    25.6153 0.0000e+00
     0.3054   2.698660     58.080  555512153    31.9328    25.6165 0.0000e+00
     0.3077   2.696310     57.130  555512154    31.9004    25.5902 0.0000e+00
     0.2374   2.688890     56.330  555512156    31.8770    25.5748 0.0000e+00
     0.2157   2.686860     55.800  555512158    31.8734    25.5728 0.0000e+00
     0.1974   2.684470     54.970  555512159    31.8616    25.5642 0.0000e+00
     0.1955   2.684020     54.540  555512161    31.8580    25.5614 0.0000e+00
     0.1821   2.678020     53.680  555512162    31.7939    25.5104 0.0000e+00
     0.1568   2.675130     53.260  555512164    31.7826    25.5024 0.0000e+00
     0.1329   2.671500     52.210  555512165    31.7605    25.4857 0.0000e+00
     0.1198   2.670520     51.890  555512167    31.7614    25.4870 0.0000e+00
     0.1023   2.665240     50.780  555512168    31.7111    25.4472 0.0000e+00
     0.0983   2.666450     50.490  555512170    31.7312    25.4636 0.0000e+00
     0.1394   2.668060     49.550  555512171    31.7103    25.4449 0.0000e+00
     0.1787   2.669420     49.340  555512173    31.6876    25.4248 0.0000e+00
     0.1811   2.667700     48.470  555512174    31.6631    25.4049 0.0000e+00
     0.1973   2.667350     47.980  555512176    31.6421    25.3873 0.0000e+00
     0.2131   2.666270     47.270  555512177    31.6121    25.3624 0.0000e+00
     0.2614   2.667790     46.600  555512179    31.5826    25.3363 0.0000e+00
     0.3174   2.669380     45.990  555512180    31.5461    25.3043 0.0000e+00
     0.3537   2.670390     45.490  555512182    31.5223    25.2834 0.0000e+00
     0.3854   2.672650     44.820  555512183    31.5195    25.2796 0.0000e+00
     0.4274   2.674130     44.180  555512185    31.4961    25.2587 0.0000e+00
     0.4663   2.677880     43.500  555512186    31.5053    25.2642 0.0000e+00
     0.5572   2.679490     43.150  555512188    31.4336    25.2020 0.0000e+00
     0.6239   2.685320     42.560  555512189    31.4413    25.2047 0.0000e+00
     0.6826   2.687220     41.940  555512191    31.4064    25.1737 0.0000e+00
     0.7746   2.689230     41.340  555512193    31.3394    25.1149 0.0000e+00
     0.8014   2.691360     40.690  555512194    31.3399    25.1139 0.0000e+00
     0.8275   2.692090     39.720  555512196    31.3234    25.0993 0.0000e+00
     0.8324   2.691220     39.460  555512197    31.3075    25.0862 0.0000e+00
     0.8474   2.692840     38.430  555512199    31.3137    25.0904 0.0000e+00
     0.8796   2.692360     38.080  555512200    31.2753    25.0577 0.0000e+00
     0.8570   2.686900     37.600  555512202    31.2284    25.0213 0.0000e+00
     0.7598   2.679500     36.670  555512203    31.2320    25.0294 0.0000e+00
     0.7669   2.678230     36.200  555512205    31.2089    25.0104 0.0000e+00
     0.8038   2.672460     35.360  555512206    31.0983    24.9195 0.0000e+00
     0.7983   2.671020     34.770  555512208    31.0857    24.9097 0.0000e+00
     0.8150   2.670620     34.040  555512209    31.0642    24.8915 0.0000e+00
     0.9205   2.673750     33.320  555512211    30.9991    24.8336 0.0000e+00
     0.9804   2.673410     32.850  555512212    30.9354    24.7791 0.0000e+00
     1.0069   2.675120     32.130  555512214    30.9312    24.7743 0.0000e+00
     1.0861   2.678130     31.580  555512215    30.8911    24.7377 0.0000e+00
     1.2428   2.692850     30.830  555512217    30.9227    24.7542 0.0000e+00
     1.4604   2.695180     30.660  555512218    30.7378    24.5929 0.0000e+00
     1.5614   2.705860     29.640  555512220    30.7733    24.6152 0.0000e+00
     1.6044   2.700110     29.400  555512221    30.6595    24.5213 0.0000e+00
     1.6066   2.697410     29.130  555512223    30.6237    24.4925 0.0000e+00
     1.6497   2.700940     28.250  555512225    30.6263    24.4919 0.0000e+00
     1.7430   2.692310     27.980  555512226    30.4284    24.3275 0.0000e+00
     1.7445   2.693640     27.420  555512228    30.4438    24.3397 0.0000e+00
     1.8217   2.697480     26.980  555512229    30.4173    24.3135 0.0000e+00
     1.9545   2.704110     26.450  555512231    30.3719    24.2686 0.0000e+00
     2.0394   2.705030     26.130  555512232    30.3021    24.2070 0.0000e+00
     2.3412   2.732610     24.790  555512234    30.3533    24.2272 0.0000e+00
     2.5254   2.726480     24.750  555512235    30.1040    24.0148 0.0000e+00
     2.5542   2.730420     23.970  555512237    30.1251    24.0295 0.0000e+00
     2.6470   2.732980     23.020  555512238    30.0693    23.9782 0.0000e+00
     2.7163   2.730780     22.880  555512240    29.9778    23.9000 0.0000e+00
     2.7706   2.737830     22.050  555512241    30.0126    23.9236 0.0000e+00
     2.8529   2.739970     21.510  555512243    29.9618    23.8768 0.0000e+00
     2.8967   2.743210     21.000  555512244    29.9602    23.8722 0.0000e+00
     3.0317   2.748640     20.640  555512246    29.9000    23.8137 0.0000e+00
     3.1781   2.758750     19.920  555512247    29.8856    23.7906 0.0000e+00
     3.3010   2.750800     19.970  555512249    29.6777    23.6151 0.0000e+00
     3.3309   2.763230     19.340  555512250    29.7982    23.7086 0.0000e+00
     3.4489   2.760530     19.140  555512252    29.6581    23.5873 0.0000e+00
     3.8446   2.796440     18.360  555512253    29.7205    23.6029 0.0000e+00
     4.3702   2.795910     18.340  555512255    29.2422    23.1753 0.0000e+00
     4.5760   2.829180     17.510  555512257    29.4423    23.3143 0.0000e+00
     4.7458   2.830560     17.110  555512258    29.3077    23.1911 0.0000e+00
     4.9460   2.845590     16.650  555512260    29.3024    23.1670 0.0000e+00
     5.1238   2.855310     16.250  555512261    29.2566    23.1125 0.0000e+00
     5.3205   2.870410     15.640  555512263    29.2549    23.0907 0.0000e+00
     5.5964   2.872640     15.490  555512264    29.0405    22.8918 0.0000e+00
     5.9142   2.918260     14.840  555512266    29.2729    23.0402 0.0000e+00
     6.6349   2.943330     14.540  555512267    28.9316    22.6872 0.0000e+00
     7.2563   3.010630     13.880  555512269    29.1323    22.7680 0.0000e+00
     7.9376   3.016550     13.830  555512270    28.6295    22.2839 0.0000e+00
     8.3579   3.055480     12.940  555512272    28.6927    22.2758 0.0000e+00
     9.3109   3.077490     12.790  555512273    28.1553    21.7184 0.0000e+00
    10.3677   3.258620     11.990  555512275    29.1281    22.3123 0.0000e+00
    14.2137   3.362040     11.760  555512276    27.2159    20.1388 0.0000e+00
    15.2545   3.437930     11.090  555512278    27.1627    19.8868 0.0000e+00
    16.1346   3.419610     10.900  555512279    26.4089    19.1226 0.0000e+00
    16.2252   3.449030     10.330  555512281    26.6003    19.2497 0.0000e+00
    16.2910   3.441500      9.960  555512282    26.4924    19.1529 0.0000e+00
    16.3210   3.444580      9.650  555512284    26.4989    19.1513 0.0000e+00
    16.3330   3.458960      9.080  555512285    26.6136    19.2366 0.0000e+00
    16.3335   3.440610      8.970  555512287    26.4570    19.1165 0.0000e+00
    16.3305   3.460190      8.430  555512288    26.6260    19.2466 0.0000e+00
    16.3615   3.466120      7.690  555512290    26.6561    19.2629 0.0000e+00
    16.3488   3.447800      7.680  555512292    26.5085    19.1527 0.0000e+00
    16.3574   3.474730      6.580  555512293    26.7325    19.3223 0.0000e+00
    16.3606   3.460100      6.440  555512295    26.6058    19.2246 0.0000e+00
    16.3676   3.472510      5.860  555512296    26.7070    19.3006 0.0000e+00
    16.3771   3.464440      5.690  555512298    26.6320    19.2411 0.0000e+00
    16.3794   3.475370      4.680  555512299    26.7238    19.3109 0.0000e+00
    16.3879   3.460150      4.820  555512301    26.5886    19.2055 0.0000e+00
    16.3890   3.480100      3.770  555512302    26.7580    19.3350 0.0000e+00
    16.3897   3.472710      3.450  555512304    26.6947    19.2863 0.0000e+00
    16.3748   3.475410      3.200  555512305    26.7277    19.3149 0.0000e+00
    16.3694   3.475200      2.880  555512307    26.7296    19.3175 0.0000e+00
    16.3748   3.477910      2.240  555512308    26.7493    19.3314 0.0000e+00
    16.3767   3.475560      2.140  555512310    26.7281    19.3147 0.0000e+00
    16.3814   3.478330      1.610  555512311    26.7487    19.3295 0.0000e+00
    16.3888   3.477650      1.500  555512313    26.7380    19.3197 0.0000e+00
    16.3990   3.479800      1.100  555512314    26.7496    19.3263 0.0000e+00
    16.3979   3.480340      0.770  555512316    26.7550    19.3307 0.0000e+00
    16.4004   3.480340      0.500  555512317    26.7534    19.3290 0.0000e+00
    16.3999   3.479480      0.580  555512319    26.7464    19.3237 0.0000e+00
    16.3962   3.483010     -0.240  555512320    26.7792    19.3496 0.0000e+00
    16.3501   2.070520      0.030  555512322    15.1393    10.4631 0.0000e+00
    16.3906   3.392010     -0.230  555512324    26.0093    18.7614 0.0000e+00
    16.2594   0.646770     -0.250  555512325     4.3182     2.2172 0.0000e+00
    16.2909   3.122450     -0.190  555512327    23.7942    17.0876 0.0000e+00
    16.2648   1.068360     -0.200  555512328     7.4026     4.5739 0.0000e+00
    16.3796   3.306470      0.060  555512330    25.2916    18.2144 0.0000e+00
    16.3574   0.973350     -0.250  555512331     6.6803     4.0055 0.0000e+00
    16.3136   1.507400     -0.260  555512333    10.7285     7.1040 0.0000e+00
    16.0632   0.166830     -0.260  555512334     1.0320    -0.2699 0.0000e+00
    15.8394   0.864770     -0.250  555512336     5.9586     3.5452 0.0000e+00
    16.2235   0.308710     -0.250  555512337     1.9669     0.4218 0.0000e+00
    16.3317   1.634270     -0.260  555512339    11.7067     7.8471 0.0000e+00
    16.0210   0.399850     -0.260  555512340     2.6010     0.9425 0.0000e+00
    15.8297   0.129840     -0.260  555512342     0.7981    -0.4118 0.0000e+00
    15.5398   0.095230     -0.260  555512343     0.5816    -0.5323 0.0000e+00
    15.3549   0.074950     -0.260  555512345     0.4555    -0.6006 0.0000e+00
    15.2254   0.060500     -0.260  555512346     0.3660    -0.6497 0.0000e+00
    15.1086   0.046740     -0.250  555512348     0.2813    -0.6973 0.0000e+00
    14.9777   0.037070     -0.250  555512349     0.2225    -0.7230 0.0000e+00
    14.8698   0.032000     -0.250  555512351     0.1920    -0.7304 0.0000e+00
    14.7894   0.029630     -0.250  555512352     0.1778    -0.7294 0.0000e+00
    14.6016   0.027210     -0.260  555512354     0.1638    -0.7125 0.0000e+00
    14.4366   0.026580     -0.250  555512356     0.1606    -0.6910 0.0000e+00
    14.1904   0.026620     -0.260  555512357     0.1618    -0.6549 0.0000e+00
    14.0751   0.026180     -0.260  555512359     0.1595    -0.6404 0.0000e+00
    14.0970   0.033420     -0.270  555512360     0.2044    -0.6086 0.0000e+00
    13.9717   0.038350     -0.280  555512362     0.2360    -0.5665 0.0000e+00
    13.8690   0.030910     -0.280  555512363     0.1898    -0.5882 0.0000e+00
    13.8682   0.025490     -0.280  555512365     0.1560    -0.6144 0.0000e+00
    13.8338   0.023410     -0.280  555512366     0.1432    -0.6195 0.0000e+00
    13.8577   0.021480     -0.280  555512368     0.1313    -0.6322 0.0000e+00
    13.6989   0.020620     -0.280  555512369     0.1265    -0.6142 0.0000e+00
    13.5426   0.019710     -0.280  555512371     0.1213    -0.5972 0.0000e+00
    13.5364   0.018470     -0.290  555512372     0.1137    -0.6023 0.0000e+00
    13.5238   0.017840     -0.280  555512374     0.1098    -0.6036 0.0000e+00
    13.5282   0.016870     -0.280  555512375     0.1038    -0.6089 0.0000e+00
    13.5681   0.016620     -0.280  555512377     0.1022    -0.6155 0.0000e+00
    13.6099   0.016070     -0.280  555512378     0.0988    -0.6238 0.0000e+00
    13.6730   0.015810     -0.280  555512380     0.0970    -0.6336 0.0000e+00
    13.7319   0.015270     -0.280  555512381     0.0936    -0.6442 0.0000e+00
    13.7753   0.014960     -0.280  555512383     0.0917    -0.6517 0.0000e+00
    13.8156   0.014750     -0.280  555512385     0.0903    -0.6583 0.0000e+00
    13.8478   0.014110     -0.280  555512386     0.0864    -0.6657 0.0000e+00
    13.8839   0.013830     -0.280  555512388     0.0846    -0.6720 0.0000e+00
    13.8817   0.013320     -0.280  555512389     0.0816    -0.6741 0.0000e+00
    13.8957   0.013470     -0.280  555512391     0.0825    -0.6754 0.0000e+00
    13.9281   0.014840     -0.280  555512392     0.0906    -0.6735 0.0000e+00
    13.9813   0.015590     -0.270  555512394     0.0951    -0.6774 0.0000e+00
    14.0329   0.015470     -0.260  555512395     0.0942    -0.6852 0.0000e+00
    14.0814   0.015260     -0.260  555512397     0.0929    -0.6931 0.0000e+00
    14.1360   0.014840     -0.260  555512398     0.0902    -0.7028 0.0000e+00
    14.2002   0.014630     -0.260  555512400     0.0889    -0.7129 0.0000e+00
    14.2583   0.014350     -0.260  555512401     0.0871    -0.7226 0.0000e+00
    14.2996   0.014290     -0.260  555512403     0.0866    -0.7288 0.0000e+00
    14.3345   0.014110     -0.260  555512404     0.0855    -0.7347 0.0000e+00
    14.3728   0.014110     -0.260  555512406     0.0854    -0.7402 0.0000e+00
