Code/Hansen Zooplankton Code and Sample Data/data/ctd/gsl_14_SBE37SI-RS232_03706156_2017_08_12.cnv
* Sea-Bird SBE37SI-RS232  Data File:
* FileName = C:\Users\General Lab Use\Desktop\SHELAGH CTD 2017\gsl_14_SBE37SI-RS232_03706156_2017_08_12.cnv
* Software version 1.00d
* Temperature SN = 6156
* Conductivity SN = 6156
* System UpLoad Time = Aug 12 2017 00:06:42
* <ApplicationData>
* <Seaterm232>
# nquan = 5
# nvalues = 1912
# units = specified
# name 0 = t090C: Temperature [ITS-90, deg C]
# name 1 = c0S/m: Conductivity [S/m]
# name 2 = prM: Pressure [db]
# name 3 = timeK: Time, Seacat Plus [seconds]
# name 4 = flag: Flag
# span 0 =      0.4996,    19.9572
# span 1 =   -0.005600,   3.661720
# span 2 =      -0.234,     88.163
# span 3 =   555797777,  555800700
# span 4 =  0.0000e+00, 0.0000e+00
# interval = seconds: 6.000000
# start_time = Aug 11 2017 20:16:17
# bad_flag = -9.990e-29
*END*
[from data line 1429]
    16.9733    0.01341      -0.18  555799962 0.0000e+00
    16.9871    0.01331      -0.18  555799964 0.0000e+00
    16.9745    0.01325      -0.18  555799965 0.0000e+00
    16.9671    0.01318      -0.18  555799967 0.0000e+00
    16.9518    0.01311      -0.18  555799968 0.0000e+00
    16.9492    0.01305      -0.18  555799970 0.0000e+00
    16.9400    0.01300      -0.18  555799971 0.0000e+00
    16.9335    0.01293      -0.18  555799973 0.0000e+00
    16.9201    0.01289      -0.18  555799975 0.0000e+00
    16.9540    0.01284      -0.18  555799976 0.0000e+00
    16.9707    0.01280      -0.18  555799978 0.0000e+00
    16.9629    0.01274      -0.18  555799979 0.0000e+00
    16.9549    0.01269      -0.18  555799981 0.0000e+00
    16.9531    0.01266      -0.18  555799982 0.0000e+00
    16.9469    0.01262      -0.18  555799984 0.0000e+00
    16.9421    0.01259      -0.18  555799985 0.0000e+00
    16.9419    0.01254      -0.18  555799987 0.0000e+00
    16.9587    0.01252      -0.18  555799988 0.0000e+00
    16.9648    0.01249      -0.19  555799990 0.0000e+00
    16.9747    0.01246      -0.19  555799991 0.0000e+00
    16.9915    0.01244      -0.18  555799993 0.0000e+00
    17.0082    0.01241      -0.19  555799994 0.0000e+00
    17.0235    0.01244      -0.18  555799996 0.0000e+00
    17.0302    0.01238      -0.19  555799997 0.0000e+00
    17.0343    0.01241      -0.18  555799999 0.0000e+00
    17.0290    0.01236      -0.19  555800001 0.0000e+00
    17.0332    0.01237      -0.19  555800002 0.0000e+00
    17.0292    0.01234      -0.19  555800004 0.0000e+00
    17.0307    0.01237      -0.19  555800005 0.0000e+00
    17.0354    0.01234      -0.19  555800007 0.0000e+00
    17.0427    0.01235      -0.19  555800008 0.0000e+00
    17.0465    0.01232      -0.19  555800010 0.0000e+00
    17.0436    0.01233      -0.19  555800011 0.0000e+00
    17.0538    0.01232      -0.19  555800013 0.0000e+00
    17.0606    0.01233      -0.19  555800014 0.0000e+00
    17.0641    0.01235      -0.19  555800016 0.0000e+00
    17.0691    0.01235      -0.19  555800017 0.0000e+00
    17.0747    0.01235      -0.19  555800019 0.0000e+00
    17.0832    0.01235      -0.19  555800020 0.0000e+00
    17.0966    0.01235      -0.19  555800022 0.0000e+00
    17.1154    0.01236      -0.19  555800023 0.0000e+00
    17.1292    0.01236      -0.19  555800025 0.0000e+00
    17.1250    0.01236      -0.19  555800027 0.0000e+00
    17.1282    0.01235      -0.19  555800028 0.0000e+00
    17.1465    0.01233      -0.19  555800030 0.0000e+00
    17.1651    0.01230      -0.19  555800031 0.0000e+00
    17.1657    0.01227      -0.19  555800033 0.0000e+00
    17.1745    0.01225      -0.19  555800034 0.0000e+00
    17.1825    0.01222      -0.19  555800036 0.0000e+00
    17.1812    0.01221      -0.19  555800037 0.0000e+00
    17.1869    0.01216      -0.19  555800039 0.0000e+00
    17.1899    0.01207      -0.19  555800040 0.0000e+00
    17.1899    0.01205      -0.19  555800042 0.0000e+00
    17.1825    0.01201      -0.19  555800043 0.0000e+00
    17.1654    0.01197      -0.19  555800045 0.0000e+00
    17.1467    0.01189      -0.19  555800046 0.0000e+00
    17.1273    0.01184      -0.19  555800048 0.0000e+00
    17.1122    0.01182      -0.20  555800049 0.0000e+00
    17.1069    0.01176      -0.20  555800051 0.0000e+00
    17.0978    0.01171      -0.19  555800053 0.0000e+00
    17.0948    0.01167      -0.20  555800054 0.0000e+00
    17.0878    0.01169      -0.20  555800056 0.0000e+00
    17.0874    0.01169      -0.20  555800057 0.0000e+00
    17.0860    0.01173      -0.20  555800059 0.0000e+00
    17.0917    0.01174      -0.20  555800060 0.0000e+00
    17.0925    0.01174      -0.20  555800062 0.0000e+00
    17.1077    0.01173      -0.20  555800063 0.0000e+00
    17.1260    0.01170      -0.20  555800065 0.0000e+00
    17.1330    0.01169      -0.20  555800066 0.0000e+00
    17.1267    0.01166      -0.20  555800068 0.0000e+00
    17.1181    0.01164      -0.20  555800069 0.0000e+00
    17.1153    0.01161      -0.20  555800071 0.0000e+00
    17.1248    0.01161      -0.20  555800072 0.0000e+00
    17.1225    0.01157      -0.20  555800074 0.0000e+00
    17.1196    0.01155      -0.20  555800076 0.0000e+00
    17.1238    0.01151      -0.20  555800077 0.0000e+00
    17.1362    0.01149      -0.20  555800079 0.0000e+00
    17.1407    0.01145      -0.20  555800080 0.0000e+00
    17.1513    0.01142      -0.20  555800082 0.0000e+00
    17.1558    0.01139      -0.20  555800083 0.0000e+00
    17.1688    0.01136      -0.20  555800085 0.0000e+00
    17.1803    0.01134      -0.20  555800086 0.0000e+00
    17.1957    0.01131      -0.20  555800088 0.0000e+00
    17.2039    0.01128      -0.20  555800089 0.0000e+00
    17.2070    0.01125      -0.20  555800091 0.0000e+00
    17.2182    0.01124      -0.20  555800092 0.0000e+00
    17.2261    0.01120      -0.20  555800094 0.0000e+00
    17.2202    0.01119      -0.20  555800095 0.0000e+00
    17.2201    0.01116      -0.20  555800097 0.0000e+00
    17.2189    0.01115      -0.20  555800098 0.0000e+00
    17.2243    0.01111      -0.20  555800100 0.0000e+00
    17.2221    0.01110      -0.20  555800102 0.0000e+00
    17.2201    0.01106      -0.20  555800103 0.0000e+00
    17.2163    0.01104      -0.20  555800105 0.0000e+00
    17.2167    0.01102      -0.20  555800106 0.0000e+00
    17.2138    0.01099      -0.21  555800108 0.0000e+00
    17.2108    0.01097      -0.21  555800109 0.0000e+00
    17.2037    0.01095      -0.20  555800111 0.0000e+00
    17.1949    0.01094      -0.21  555800112 0.0000e+00
    17.1821    0.01091      -0.21  555800114 0.0000e+00
    17.1704    0.01090      -0.21  555800115 0.0000e+00
    17.1594    0.01088      -0.21  555800117 0.0000e+00
    17.1458    0.01086      -0.21  555800118 0.0000e+00
    17.1402    0.01085      -0.21  555800120 0.0000e+00
    17.1323    0.01083      -0.21  555800121 0.0000e+00
    17.1228    0.01082      -0.21  555800123 0.0000e+00
    17.1161    0.01080      -0.21  555800124 0.0000e+00
    17.1121    0.01078      -0.21  555800126 0.0000e+00
    17.1166    0.01077      -0.21  555800128 0.0000e+00
    17.1160    0.01075      -0.21  555800129 0.0000e+00
    17.1127    0.01073      -0.21  555800131 0.0000e+00
    17.1145    0.01071      -0.21  555800132 0.0000e+00
    17.1097    0.01069      -0.21  555800134 0.0000e+00
    17.1089    0.01066      -0.21  555800135 0.0000e+00
    17.1091    0.01063      -0.21  555800137 0.0000e+00
    17.1122    0.01062      -0.21  555800138 0.0000e+00
    17.1055    0.01060      -0.21  555800140 0.0000e+00
    17.0930    0.01059      -0.21  555800141 0.0000e+00
    17.0795    0.01057      -0.21  555800143 0.0000e+00
    17.0659    0.01056      -0.21  555800144 0.0000e+00
    17.0561    0.01053      -0.21  555800146 0.0000e+00
    17.0617    0.01051      -0.21  555800147 0.0000e+00
    17.0721    0.01050      -0.21  555800149 0.0000e+00
    17.0747    0.01049      -0.21  555800150 0.0000e+00
    17.0721    0.01048      -0.21  555800152 0.0000e+00
    17.0666    0.01047      -0.21  555800154 0.0000e+00
    17.0654    0.01045      -0.21  555800155 0.0000e+00
    17.0645    0.01045      -0.21  555800157 0.0000e+00
    17.0628    0.01044      -0.21  555800158 0.0000e+00
    17.0546    0.01043      -0.21  555800160 0.0000e+00
    17.0549    0.01042      -0.21  555800161 0.0000e+00
    17.0572    0.01041      -0.21  555800163 0.0000e+00
    17.0597    0.01040      -0.21  555800164 0.0000e+00
    17.0645    0.01040      -0.21  555800166 0.0000e+00
    17.0672    0.01039      -0.21  555800167 0.0000e+00
    17.0794    0.01038      -0.21  555800169 0.0000e+00
    17.0767    0.01038      -0.21  555800170 0.0000e+00
    17.0818    0.01036      -0.21  555800172 0.0000e+00
    17.0784    0.01035      -0.21  555800173 0.0000e+00
    17.0838    0.01032      -0.21  555800175 0.0000e+00
    17.0921    0.01032      -0.21  555800176 0.0000e+00
    17.0890    0.01030      -0.21  555800178 0.0000e+00
    17.0907    0.01028      -0.21  555800180 0.0000e+00
    17.0921    0.01026      -0.21  555800181 0.0000e+00
    17.0938    0.01023      -0.21  555800183 0.0000e+00
    17.0952    0.01022      -0.21  555800184 0.0000e+00
    17.1025    0.01020      -0.21  555800186 0.0000e+00
    17.1064    0.01018      -0.21  555800187 0.0000e+00
    17.1129    0.01016      -0.21  555800189 0.0000e+00
    17.1265    0.01013      -0.21  555800190 0.0000e+00
    17.1254    0.01010      -0.21  555800192 0.0000e+00
    17.1249    0.01007      -0.21  555800193 0.0000e+00
    17.1198    0.01001      -0.21  555800195 0.0000e+00
    17.1169    0.00989      -0.21  555800196 0.0000e+00
    17.1162    0.00981      -0.21  555800198 0.0000e+00
    17.1148    0.00976      -0.21  555800199 0.0000e+00
    17.1157    0.00974      -0.22  555800201 0.0000e+00
    17.1274    0.00972      -0.21  555800202 0.0000e+00
    17.1354    0.00970      -0.21  555800204 0.0000e+00
    17.1389    0.00969      -0.21  555800206 0.0000e+00
    17.1449    0.00967      -0.21  555800207 0.0000e+00
    17.1506    0.00965      -0.21  555800209 0.0000e+00
    17.1607    0.00964      -0.21  555800210 0.0000e+00
    17.1619    0.00963      -0.21  555800212 0.0000e+00
    17.1651    0.00961      -0.21  555800213 0.0000e+00
    17.1568    0.00960      -0.21  555800215 0.0000e+00
    17.1607    0.00958      -0.21  555800216 0.0000e+00
    17.1487    0.00959      -0.21  555800218 0.0000e+00
    17.1557    0.00957      -0.21  555800219 0.0000e+00
    17.1563    0.00956      -0.22  555800221 0.0000e+00
    17.1550    0.00955      -0.21  555800222 0.0000e+00
    17.1541    0.00953      -0.21  555800224 0.0000e+00
    17.1582    0.00951      -0.21  555800225 0.0000e+00
    17.1616    0.00949      -0.21  555800227 0.0000e+00
    17.1638    0.00949      -0.22  555800228 0.0000e+00
    17.1716    0.00947      -0.22  555800230 0.0000e+00
    17.1777    0.00947      -0.21  555800232 0.0000e+00
    17.1825    0.00944      -0.21  555800233 0.0000e+00
    17.1817    0.00944      -0.21  555800235 0.0000e+00
    17.1724    0.00942      -0.21  555800236 0.0000e+00
    17.1719    0.00942      -0.21  555800238 0.0000e+00
    17.1699    0.00941      -0.21  555800239 0.0000e+00
    17.1677    0.00940      -0.22  555800241 0.0000e+00
    17.1619    0.00939      -0.21  555800242 0.0000e+00
    17.1557    0.00938      -0.21  555800244 0.0000e+00
    17.1547    0.00938      -0.21  555800245 0.0000e+00
    17.1543    0.00936      -0.22  555800247 0.0000e+00
    17.1511    0.00936      -0.22  555800248 0.0000e+00
    17.1522    0.00935      -0.22  555800250 0.0000e+00
    17.1506    0.00934      -0.22  555800251 0.0000e+00
    17.1414    0.00933      -0.22  555800253 0.0000e+00
    17.1479    0.00933      -0.21  555800254 0.0000e+00
    17.1513    0.00932      -0.22  555800256 0.0000e+00
    17.1551    0.00931      -0.21  555800258 0.0000e+00
    17.1589    0.00930      -0.22  555800259 0.0000e+00
    17.1574    0.00929      -0.22  555800261 0.0000e+00
    17.1583    0.00928      -0.21  555800262 0.0000e+00
    17.1654    0.00927      -0.22  555800264 0.0000e+00
    17.1639    0.00927      -0.21  555800265 0.0000e+00
    17.1679    0.00926      -0.21  555800267 0.0000e+00
    17.1720    0.00925      -0.21  555800268 0.0000e+00
    17.1656    0.00924      -0.22  555800270 0.0000e+00
    17.1680    0.00924      -0.21  555800271 0.0000e+00
    17.1667    0.00923      -0.21  555800273 0.0000e+00
    17.1613    0.00923      -0.22  555800274 0.0000e+00
    17.1669    0.00921      -0.22  555800276 0.0000e+00
    17.1691    0.00921      -0.22  555800277 0.0000e+00
    17.1743    0.00920      -0.22  555800279 0.0000e+00
    17.1857    0.00919      -0.22  555800280 0.0000e+00
    17.1972    0.00918      -0.21  555800282 0.0000e+00
    17.1982    0.00917      -0.21  555800284 0.0000e+00
    17.1990    0.00917      -0.22  555800285 0.0000e+00
    17.1966    0.00916      -0.22  555800287 0.0000e+00
    17.1937    0.00916      -0.22  555800288 0.0000e+00
    17.1956    0.00914      -0.22  555800290 0.0000e+00
    17.1986    0.00914      -0.22  555800291 0.0000e+00
    17.1980    0.00914      -0.22  555800293 0.0000e+00
    17.2032    0.00913      -0.22  555800294 0.0000e+00
    17.2030    0.00912      -0.22  555800296 0.0000e+00
    17.2120    0.00911      -0.22  555800297 0.0000e+00
    17.2159    0.00910      -0.22  555800299 0.0000e+00
    17.2174    0.00910      -0.22  555800300 0.0000e+00
    17.2191    0.00909      -0.22  555800302 0.0000e+00
    17.2200    0.00909      -0.22  555800303 0.0000e+00
    17.2080    0.00907      -0.22  555800305 0.0000e+00
    17.2144    0.00907      -0.22  555800306 0.0000e+00
    17.2205    0.00905      -0.22  555800308 0.0000e+00
    17.2310    0.00905      -0.21  555800310 0.0000e+00
    17.2402    0.00904      -0.22  555800311 0.0000e+00
    17.2412    0.00903      -0.22  555800313 0.0000e+00
    17.2427    0.00903      -0.22  555800314 0.0000e+00
    17.2469    0.00902      -0.22  555800316 0.0000e+00
    17.2426    0.00901      -0.22  555800317 0.0000e+00
    17.2496    0.00900      -0.22  555800319 0.0000e+00
    17.2532    0.00899      -0.22  555800320 0.0000e+00
    17.2604    0.00899      -0.22  555800322 0.0000e+00
    17.2707    0.00897      -0.22  555800323 0.0000e+00
    17.2754    0.00897      -0.22  555800325 0.0000e+00
    17.2755    0.00896      -0.22  555800326 0.0000e+00
    17.2782    0.00895      -0.22  555800328 0.0000e+00
    17.2741    0.00894      -0.22  555800329 0.0000e+00
    17.2676    0.00894      -0.22  555800331 0.0000e+00
    17.2626    0.00892      -0.22  555800332 0.0000e+00
    17.2560    0.00892      -0.22  555800334 0.0000e+00
    17.2514    0.00891      -0.22  555800336 0.0000e+00
    17.2483    0.00890      -0.22  555800337 0.0000e+00
    17.2526    0.00888      -0.22  555800339 0.0000e+00
    17.2490    0.00886      -0.22  555800340 0.0000e+00
    17.2593    0.00885      -0.22  555800342 0.0000e+00
    17.2625    0.00885      -0.22  555800343 0.0000e+00
    17.2638    0.00884      -0.22  555800345 0.0000e+00
    17.2632    0.00882      -0.22  555800346 0.0000e+00
    17.2668    0.00882      -0.22  555800348 0.0000e+00
    17.2690    0.00881      -0.22  555800349 0.0000e+00
    17.2743    0.00880      -0.22  555800351 0.0000e+00
    17.2745    0.00880      -0.22  555800352 0.0000e+00
    17.2739    0.00878      -0.22  555800354 0.0000e+00
    17.2807    0.00878      -0.22  555800355 0.0000e+00
    17.2829    0.00877      -0.22  555800357 0.0000e+00
    17.2872    0.00877      -0.22  555800358 0.0000e+00
    17.2777    0.00875      -0.21  555800360 0.0000e+00
    17.2818    0.00875      -0.22  555800362 0.0000e+00
    17.2791    0.00875      -0.22  555800363 0.0000e+00
    17.2792    0.00874      -0.22  555800365 0.0000e+00
    17.2863    0.00873      -0.22  555800366 0.0000e+00
    17.2838    0.00873      -0.22  555800368 0.0000e+00
    17.2877    0.00872      -0.22  555800369 0.0000e+00
    17.2900    0.00871      -0.21  555800371 0.0000e+00
    17.2956    0.00870      -0.22  555800372 0.0000e+00
    17.2928    0.00869      -0.22  555800374 0.0000e+00
    17.2884    0.00868      -0.22  555800375 0.0000e+00
    17.2915    0.00868      -0.22  555800377 0.0000e+00
    17.2879    0.00866      -0.21  555800378 0.0000e+00
    17.2926    0.00867      -0.22  555800380 0.0000e+00
    17.2953    0.00864      -0.22  555800381 0.0000e+00
    17.2861    0.00862      -0.21  555800383 0.0000e+00
    17.2810    0.00860      -0.22  555800384 0.0000e+00
    17.2842    0.00859      -0.22  555800386 0.0000e+00
    17.2884    0.00858      -0.22  555800388 0.0000e+00
    17.2957    0.00857      -0.21  555800389 0.0000e+00
    17.2993    0.00855      -0.22  555800391 0.0000e+00
    17.2992    0.00855      -0.21  555800392 0.0000e+00
    17.3004    0.00854      -0.22  555800394 0.0000e+00
    17.3056    0.00853      -0.22  555800395 0.0000e+00
    17.3085    0.00853      -0.21  555800397 0.0000e+00
