Code/Hansen Zooplankton Code and Sample Data/data/ctd/gsl_06_SBE37SI-RS232_03706156_2017_08_02.cnv
* Sea-Bird SBE37SI-RS232  Data File:
* FileName = C:\Users\General Lab Use\Desktop\SHELAGH CTD 2017\gsl_06_SBE37SI-RS232_03706156_2017_08_02.cnv
* Software version 1.00d
* Temperature SN = 6156
* Conductivity SN = 6156
* System UpLoad Time = Aug 02 2017 10:18:34
* <ApplicationData>
* <Seaterm232>
# nquan = 5
# nvalues = 1764
# units = specified
# name 0 = t090C: Temperature [ITS-90, deg C]
# name 1 = c0S/m: Conductivity [S/m]
# name 2 = prM: Pressure [db]
# name 3 = timeK: Time, Seacat Plus [seconds]
# name 4 = flag: Flag
# span 0 =     -0.0117,    18.8960
# span 1 =    0.001399,   3.550751
# span 2 =      -0.239,     61.139
# span 3 =   554968864,  554971543
# span 4 =  0.0000e+00, 0.0000e+00
# interval = seconds: 6.000000
# start_time = Aug 02 2017 06:01:04
# bad_flag = -9.990e-29
*END*
[from data line 286]
     1.9807    2.78032      30.11  554969298 0.0000e+00
     1.7623    2.74845      31.50  554969299 0.0000e+00
     1.7007    2.77315      32.40  554969301 0.0000e+00
     1.5520    2.74034      33.69  554969302 0.0000e+00
     1.3015    2.74952      34.69  554969304 0.0000e+00
     0.9522    2.71501      36.14  554969305 0.0000e+00
     0.7323    2.71945      37.04  554969307 0.0000e+00
     0.4046    2.67948      38.33  554969308 0.0000e+00
     0.2360    2.68004      39.41  554969310 0.0000e+00
     0.1426    2.65667      40.66  554969311 0.0000e+00
     0.1145    2.66413      41.71  554969313 0.0000e+00
     0.0996    2.66876      42.56  554969314 0.0000e+00
     0.0887    2.64690      43.98  554969316 0.0000e+00
     0.0781    2.66731      44.71  554969317 0.0000e+00
     0.0746    2.64417      46.25  554969319 0.0000e+00
     0.0943    2.66589      47.06  554969320 0.0000e+00
     0.1052    2.64747      48.55  554969322 0.0000e+00
     0.0153    2.65331      49.08  554969323 0.0000e+00
     0.0187    2.65179      49.29  554969325 0.0000e+00
     0.0118    2.64883      50.09  554969326 0.0000e+00
     0.0152    2.65529      50.77  554969328 0.0000e+00
     0.0040    2.64929      52.14  554969329 0.0000e+00
     0.0098    2.65907      53.00  554969331 0.0000e+00
    -0.0061    2.64846      54.63  554969332 0.0000e+00
    -0.0075    2.65326      55.84  554969334 0.0000e+00
    -0.0117    2.64978      57.38  554969335 0.0000e+00
    -0.0101    2.65093      58.78  554969337 0.0000e+00
    -0.0067    2.65405      59.85  554969338 0.0000e+00
    -0.0057    2.65870      60.28  554969340 0.0000e+00
     0.0094    2.65947      61.01  554969341 0.0000e+00
     0.0453    2.66528      61.14  554969343 0.0000e+00
     0.0412    2.66575      60.62  554969344 0.0000e+00
     0.0329    2.65716      59.61  554969346 0.0000e+00
    -0.0027    2.64871      58.08  554969347 0.0000e+00
    -0.0078    2.64839      56.56  554969349 0.0000e+00
    -0.0078    2.64554      54.96  554969350 0.0000e+00
    -0.0098    2.64513      53.41  554969352 0.0000e+00
    -0.0047    2.64316      51.78  554969353 0.0000e+00
     0.0012    2.64062      50.19  554969355 0.0000e+00
     0.0070    2.63824      48.91  554969357 0.0000e+00
     0.0075    2.63418      47.47  554969358 0.0000e+00
     0.0911    2.63446      45.77  554969360 0.0000e+00
     0.0848    2.63061      44.37  554969361 0.0000e+00
     0.0710    2.62922      43.04  554969363 0.0000e+00
     0.0820    2.62702      41.18  554969364 0.0000e+00
     0.1007    2.62684      39.80  554969366 0.0000e+00
     0.1195    2.62870      38.11  554969367 0.0000e+00
     0.2710    2.63938      36.57  554969369 0.0000e+00
     0.5180    2.65868      35.09  554969370 0.0000e+00
     0.9207    2.68164      33.48  554969372 0.0000e+00
     1.2345    2.68949      32.25  554969373 0.0000e+00
     1.6139    2.70543      30.37  554969375 0.0000e+00
     1.7722    2.70708      29.12  554969376 0.0000e+00
     1.9879    2.71653      27.78  554969378 0.0000e+00
     2.2461    2.72412      26.33  554969379 0.0000e+00
     2.6003    2.74557      24.90  554969381 0.0000e+00
     3.2472    2.78876      23.08  554969382 0.0000e+00
     3.8640    2.81132      21.67  554969384 0.0000e+00
     4.2742    2.83476      20.13  554969385 0.0000e+00
     4.7567    2.85476      18.96  554969387 0.0000e+00
     5.0213    2.86308      17.68  554969388 0.0000e+00
     5.5756    2.88467      16.29  554969390 0.0000e+00
     5.9822    2.91831      15.08  554969391 0.0000e+00
     7.3337    2.99440      13.65  554969393 0.0000e+00
     7.9877    3.00998      12.57  554969394 0.0000e+00
     8.7787    3.04019      11.28  554969396 0.0000e+00
    10.0668    3.10627      10.45  554969397 0.0000e+00
    11.3899    3.27130       8.92  554969399 0.0000e+00
    13.6457    3.40785       7.51  554969400 0.0000e+00
    14.7117    3.43668       5.91  554969402 0.0000e+00
    15.8375    3.46199       4.37  554969403 0.0000e+00
    16.9485    3.47466       3.09  554969405 0.0000e+00
    17.3327    3.49215       1.79  554969406 0.0000e+00
    17.3501    3.50688       0.58  554969408 0.0000e+00
    17.3694    1.77447      -0.23  554969410 0.0000e+00
    17.3252    0.43881      -0.23  554969411 0.0000e+00
    17.2883    0.28924      -0.23  554969413 0.0000e+00
    17.1875    0.22615      -0.23  554969414 0.0000e+00
    17.1120    0.18271      -0.23  554969416 0.0000e+00
    16.9793    0.20323      -0.23  554969417 0.0000e+00
    16.8627    0.12580      -0.23  554969419 0.0000e+00
    16.7506    0.15049      -0.23  554969420 0.0000e+00
    16.6734    0.12931      -0.23  554969422 0.0000e+00
    16.6071    0.09329      -0.23  554969423 0.0000e+00
    16.5359    0.07970      -0.22  554969425 0.0000e+00
    16.4723    0.06053      -0.22  554969426 0.0000e+00
    16.3987    0.05227      -0.22  554969428 0.0000e+00
    16.2860    0.04720      -0.22  554969429 0.0000e+00
    16.1549    0.04475      -0.21  554969431 0.0000e+00
    16.0339    0.04324      -0.21  554969432 0.0000e+00
    15.8908    0.04222      -0.21  554969434 0.0000e+00
    15.7901    0.04091      -0.21  554969435 0.0000e+00
    15.6875    0.03916      -0.21  554969437 0.0000e+00
    15.5826    0.03791      -0.21  554969438 0.0000e+00
    15.4904    0.03642      -0.21  554969440 0.0000e+00
    15.4067    0.03542      -0.21  554969441 0.0000e+00
    15.3297    0.03438      -0.21  554969443 0.0000e+00
    15.2368    0.03342      -0.21  554969444 0.0000e+00
    15.1503    0.03226      -0.21  554969446 0.0000e+00
    15.0861    0.03124      -0.21  554969448 0.0000e+00
    15.0151    0.03021      -0.22  554969449 0.0000e+00
    14.9684    0.02949      -0.22  554969451 0.0000e+00
    14.9267    0.02864      -0.21  554969452 0.0000e+00
    14.8886    0.02784      -0.21  554969454 0.0000e+00
    14.8546    0.02704      -0.21  554969455 0.0000e+00
    14.8133    0.02611      -0.21  554969457 0.0000e+00
    14.7708    0.02540      -0.20  554969458 0.0000e+00
    14.7461    0.02460      -0.20  554969460 0.0000e+00
    14.7091    0.02403      -0.20  554969461 0.0000e+00
    14.6614    0.02320      -0.20  554969463 0.0000e+00
    14.6445    0.02258      -0.20  554969464 0.0000e+00
    14.6136    0.02197      -0.20  554969466 0.0000e+00
    14.5662    0.02142      -0.20  554969467 0.0000e+00
    14.5153    0.02094      -0.20  554969469 0.0000e+00
    14.4860    0.02052      -0.20  554969470 0.0000e+00
    14.4983    0.02013      -0.20  554969472 0.0000e+00
    14.4957    0.01965      -0.20  554969473 0.0000e+00
    14.4665    0.01923      -0.20  554969475 0.0000e+00
    14.4335    0.01869      -0.20  554969476 0.0000e+00
    14.4263    0.01842      -0.20  554969478 0.0000e+00
    14.4162    0.01793      -0.20  554969479 0.0000e+00
    14.3844    0.01768      -0.20  554969481 0.0000e+00
    14.3819    0.01725      -0.20  554969482 0.0000e+00
    14.3763    0.01701      -0.20  554969484 0.0000e+00
    14.3624    0.01664      -0.20  554969486 0.0000e+00
    14.3380    0.01642      -0.20  554969487 0.0000e+00
    14.3436    0.01623      -0.20  554969489 0.0000e+00
    14.3443    0.01596      -0.20  554969490 0.0000e+00
    14.3546    0.01570      -0.20  554969492 0.0000e+00
    14.3422    0.01546      -0.20  554969493 0.0000e+00
    14.3203    0.01519      -0.20  554969495 0.0000e+00
    14.3499    0.01497      -0.20  554969496 0.0000e+00
    14.3255    0.01474      -0.20  554969498 0.0000e+00
    14.3358    0.01464      -0.20  554969499 0.0000e+00
    14.3437    0.01445      -0.20  554969501 0.0000e+00
    14.3519    0.01433      -0.20  554969502 0.0000e+00
    14.3451    0.01414      -0.20  554969504 0.0000e+00
    14.3686    0.01392      -0.19  554969505 0.0000e+00
    14.3586    0.01388      -0.19  554969507 0.0000e+00
    14.3689    0.01369      -0.19  554969508 0.0000e+00
    14.4002    0.01368      -0.19  554969510 0.0000e+00
    14.3904    0.01343      -0.19  554969511 0.0000e+00
    14.4089    0.01338      -0.19  554969513 0.0000e+00
    14.4041    0.01319      -0.19  554969514 0.0000e+00
    14.4139    0.01312      -0.19  554969516 0.0000e+00
    14.4362    0.01295      -0.19  554969517 0.0000e+00
    14.4349    0.01286      -0.19  554969519 0.0000e+00
    14.4326    0.01274      -0.19  554969520 0.0000e+00
    14.4821    0.01264      -0.19  554969522 0.0000e+00
    14.4849    0.01251      -0.19  554969524 0.0000e+00
    14.4718    0.01244      -0.19  554969525 0.0000e+00
    14.4527    0.01230      -0.19  554969527 0.0000e+00
    14.4654    0.01223      -0.19  554969528 0.0000e+00
    14.4433    0.01212      -0.19  554969530 0.0000e+00
    14.4467    0.01202      -0.19  554969531 0.0000e+00
    14.4516    0.01193      -0.19  554969533 0.0000e+00
    14.4393    0.01182      -0.19  554969534 0.0000e+00
    14.4479    0.01173      -0.19  554969536 0.0000e+00
    14.4486    0.01166      -0.19  554969537 0.0000e+00
    14.4480    0.01156      -0.19  554969539 0.0000e+00
    14.4465    0.01149      -0.19  554969540 0.0000e+00
    14.4641    0.01138      -0.19  554969542 0.0000e+00
    14.4832    0.01132      -0.19  554969543 0.0000e+00
    14.5213    0.01125      -0.19  554969545 0.0000e+00
    14.5207    0.01116      -0.19  554969546 0.0000e+00
    14.5330    0.01114      -0.19  554969548 0.0000e+00
    14.5177    0.01104      -0.19  554969549 0.0000e+00
    14.5124    0.01098      -0.19  554969551 0.0000e+00
    14.5261    0.01091      -0.19  554969552 0.0000e+00
    14.5308    0.01083      -0.19  554969554 0.0000e+00
    14.5441    0.01077      -0.19  554969555 0.0000e+00
    14.5116    0.01066      -0.19  554969557 0.0000e+00
    14.4848    0.01059      -0.19  554969558 0.0000e+00
    14.4648    0.01052      -0.19  554969560 0.0000e+00
    14.4366    0.01042      -0.19  554969561 0.0000e+00
    14.4072    0.01036      -0.19  554969563 0.0000e+00
    14.3925    0.01024      -0.19  554969565 0.0000e+00
    14.3890    0.01019      -0.19  554969566 0.0000e+00
    14.3690    0.01008      -0.19  554969568 0.0000e+00
    14.3535    0.01005      -0.19  554969569 0.0000e+00
    14.3716    0.02173      -0.19  554969571 0.0000e+00
    14.4687    0.07727      -0.19  554969572 0.0000e+00
    14.5582    0.05236      -0.19  554969574 0.0000e+00
    14.6535    0.04700      -0.19  554969575 0.0000e+00
    14.7067    0.04294      -0.19  554969577 0.0000e+00
    14.7771    0.03827      -0.19  554969578 0.0000e+00
    14.8581    0.03336      -0.19  554969580 0.0000e+00
    14.9912    0.02820      -0.19  554969581 0.0000e+00
    15.0904    0.02489      -0.19  554969583 0.0000e+00
    15.1782    0.02401      -0.20  554969584 0.0000e+00
    15.2164    0.02335      -0.20  554969586 0.0000e+00
    15.2659    0.02286      -0.20  554969587 0.0000e+00
    15.3384    0.02117      -0.20  554969589 0.0000e+00
    15.4931    0.02019      -0.20  554969590 0.0000e+00
    15.5751    0.01935      -0.20  554969592 0.0000e+00
    15.6673    0.01899      -0.20  554969593 0.0000e+00
    15.6795    0.01828      -0.20  554969595 0.0000e+00
    15.7677    0.01813      -0.20  554969596 0.0000e+00
    15.8045    0.01745      -0.20  554969598 0.0000e+00
    15.8079    0.01689      -0.20  554969599 0.0000e+00
    15.8266    0.01634      -0.20  554969601 0.0000e+00
    15.8231    0.01587      -0.20  554969603 0.0000e+00
    15.8158    0.01554      -0.20  554969604 0.0000e+00
    15.7769    0.01519      -0.20  554969606 0.0000e+00
    15.7239    0.01491      -0.20  554969607 0.0000e+00
    15.6966    0.01469      -0.20  554969609 0.0000e+00
    15.6724    0.01454      -0.20  554969610 0.0000e+00
    15.6459    0.01432      -0.20  554969612 0.0000e+00
    15.6101    0.01416      -0.20  554969613 0.0000e+00
    15.5918    0.01410      -0.20  554969615 0.0000e+00
    15.6481    0.01413      -0.20  554969616 0.0000e+00
    15.7069    0.01413      -0.20  554969618 0.0000e+00
    15.7553    0.01404      -0.20  554969619 0.0000e+00
    15.7901    0.01388      -0.19  554969621 0.0000e+00
    15.8427    0.01399      -0.19  554969622 0.0000e+00
    15.8243    0.01372      -0.19  554969624 0.0000e+00
    15.8254    0.01369      -0.19  554969625 0.0000e+00
    15.8963    1.06955      -0.02  554969627 0.0000e+00
    17.2759    3.49275       0.48  554969628 0.0000e+00
    17.3537    3.50616       1.06  554969630 0.0000e+00
    17.3732    3.51478       1.71  554969631 0.0000e+00
    17.3713    3.51607       2.38  554969633 0.0000e+00
    17.3647    3.51730       3.04  554969634 0.0000e+00
    17.3797    3.52332       3.75  554969636 0.0000e+00
    17.3738    3.51987       4.37  554969637 0.0000e+00
    17.3614    3.52043       5.03  554969639 0.0000e+00
    17.3435    3.51009       5.31  554969641 0.0000e+00
    17.2532    3.51525       5.40  554969642 0.0000e+00
    17.2266    3.51191       5.48  554969644 0.0000e+00
    16.8999    3.51438       6.11  554969645 0.0000e+00
    16.1491    3.50879       6.73  554969647 0.0000e+00
    14.9993    3.49978       7.48  554969648 0.0000e+00
    14.5044    3.48215       8.21  554969650 0.0000e+00
    14.0666    3.46654       8.94  554969651 0.0000e+00
    12.7922    3.37857       9.73  554969653 0.0000e+00
    11.4591    3.31182      10.41  554969654 0.0000e+00
    10.5746    3.23231      11.36  554969656 0.0000e+00
     9.5125    3.18602      11.93  554969657 0.0000e+00
     8.7539    3.12792      12.78  554969659 0.0000e+00
     8.2547    3.10055      13.61  554969660 0.0000e+00
     8.0076    3.07950      14.55  554969662 0.0000e+00
     7.5238    3.07260      15.49  554969663 0.0000e+00
     7.0908    3.04026      16.21  554969665 0.0000e+00
     5.9647    2.98865      17.20  554969666 0.0000e+00
     5.7173    2.96752      17.67  554969668 0.0000e+00
     5.5467    2.95867      18.52  554969669 0.0000e+00
     5.2886    2.93019      19.23  554969671 0.0000e+00
     5.0230    2.92737      20.12  554969672 0.0000e+00
     5.2771    2.93078      20.89  554969674 0.0000e+00
     4.7567    2.90712      22.02  554969675 0.0000e+00
     4.3081    2.91656      22.61  554969677 0.0000e+00
     3.9631    2.86639      23.67  554969678 0.0000e+00
     3.7027    2.86775      24.51  554969680 0.0000e+00
     3.3428    2.83101      25.52  554969681 0.0000e+00
     2.9273    2.84364      26.13  554969683 0.0000e+00
     2.6550    2.79134      27.17  554969685 0.0000e+00
     2.3441    2.78600      27.95  554969686 0.0000e+00
     2.1838    2.76930      28.74  554969688 0.0000e+00
     2.0459    2.77209      29.73  554969689 0.0000e+00
     1.8422    2.75458      30.69  554969691 0.0000e+00
     1.7185    2.75425      31.59  554969692 0.0000e+00
     1.6894    2.75335      32.31  554969694 0.0000e+00
     1.4045    2.73362      33.42  554969695 0.0000e+00
     1.2675    2.72915      34.31  554969697 0.0000e+00
     0.9955    2.71040      35.47  554969698 0.0000e+00
     0.7567    2.70078      36.35  554969700 0.0000e+00
     0.5042    2.68369      37.35  554969701 0.0000e+00
     0.3015    2.66948      38.44  554969703 0.0000e+00
     0.2032    2.66198      39.34  554969704 0.0000e+00
     0.1217    2.65690      40.28  554969706 0.0000e+00
     0.1038    2.65121      41.40  554969707 0.0000e+00
     0.0984    2.65564      42.21  554969709 0.0000e+00
     0.0819    2.64823      43.28  554969710 0.0000e+00
     0.0767    2.65062      44.19  554969712 0.0000e+00
     0.0756    2.64651      45.14  554969713 0.0000e+00
     0.0646    2.65042      46.09  554969715 0.0000e+00
     0.0586    2.64671      46.98  554969716 0.0000e+00
     0.0766    2.64972      47.91  554969718 0.0000e+00
     0.0872    2.64819      48.76  554969719 0.0000e+00
     0.0108    2.64788      49.32  554969721 0.0000e+00
     0.0023    2.64338      50.14  554969722 0.0000e+00
     0.0015    2.64775      50.62  554969724 0.0000e+00
     0.0018    2.64573      51.32  554969726 0.0000e+00
     0.0026    2.65335      51.93  554969727 0.0000e+00
     0.0008    2.64799      52.96  554969729 0.0000e+00
