Code/Hansen Zooplankton Code and Sample Data/data/ctd/gsl_16_SBE37SI-RS232_03706156_2017_08_12.cnv
* Sea-Bird SBE37SI-RS232  Data File:
* FileName = C:\Users\General Lab Use\Desktop\SHELAGH CTD 2017\gsl_16_SBE37SI-RS232_03706156_2017_08_12.cnv
* Software version 1.00d
* Temperature SN = 6156
* Conductivity SN = 6156
* System UpLoad Time = Aug 12 2017 09:50:57
* <ApplicationData>
* <Seaterm232>
# nquan = 5
# nvalues = 2003
# units = specified
# name 0 = t090C: Temperature [ITS-90, deg C]
# name 1 = c0S/m: Conductivity [S/m]
# name 2 = prM: Pressure [db]
# name 3 = timeK: Time, Seacat Plus [seconds]
# name 4 = flag: Flag
# span 0 =     -0.3058,    20.3803
# span 1 =    0.000301,   3.662445
# span 2 =      -0.257,     67.969
# span 3 =   555832670,  555835722
# span 4 =  0.0000e+00, 0.0000e+00
# interval = seconds: 6.000000
# start_time = Aug 12 2017 05:57:50
# bad_flag = -9.990e-29
*END*
[from data line 572]
     0.4335    2.60073      29.96  555833541 0.0000e+00
     0.4420    2.60493      29.01  555833542 0.0000e+00
     0.7059    2.60659      28.75  555833544 0.0000e+00
     0.9721    2.62145      27.99  555833545 0.0000e+00
     1.1059    2.63634      27.21  555833547 0.0000e+00
     1.3785    2.63834      26.87  555833548 0.0000e+00
     1.5969    2.65986      25.99  555833550 0.0000e+00
     1.7913    2.66354      25.31  555833551 0.0000e+00
     1.8331    2.65144      24.74  555833553 0.0000e+00
     1.9889    2.67136      24.02  555833554 0.0000e+00
     2.1088    2.68140      23.20  555833556 0.0000e+00
     2.2981    2.67851      22.86  555833557 0.0000e+00
     2.5264    2.69269      22.09  555833559 0.0000e+00
     2.7006    2.70806      21.31  555833560 0.0000e+00
     3.0717    2.70761      20.95  555833562 0.0000e+00
     3.1146    2.71899      20.13  555833563 0.0000e+00
     3.3336    2.72770      19.55  555833565 0.0000e+00
     3.8997    2.72440      19.15  555833567 0.0000e+00
     4.1515    2.75782      18.44  555833568 0.0000e+00
     4.5340    2.78012      17.77  555833570 0.0000e+00
     4.7559    2.77356      17.38  555833571 0.0000e+00
     4.9423    2.81583      16.57  555833573 0.0000e+00
     5.4959    2.83202      16.10  555833574 0.0000e+00
     6.2629    2.83982      15.64  555833576 0.0000e+00
     6.7035    2.89692      14.78  555833577 0.0000e+00
     6.9270    2.90482      14.28  555833579 0.0000e+00
     7.1035    2.91751      13.90  555833580 0.0000e+00
     7.4665    3.00177      12.78  555833582 0.0000e+00
     8.3774    3.00274      12.57  555833583 0.0000e+00
     8.5791    3.05355      11.46  555833585 0.0000e+00
     9.2711    3.03254      11.23  555833586 0.0000e+00
     9.5928    3.10201      10.15  555833588 0.0000e+00
    10.3489    3.10475       9.89  555833589 0.0000e+00
    11.9407    3.27096       8.94  555833591 0.0000e+00
    14.1860    3.31658       8.54  555833592 0.0000e+00
    15.5334    3.48776       7.48  555833594 0.0000e+00
    16.9328    3.47992       7.04  555833595 0.0000e+00
    17.7699    3.54230       6.40  555833597 0.0000e+00
    18.0935    3.58796       5.59  555833598 0.0000e+00
    18.2658    3.57730       5.08  555833600 0.0000e+00
    18.3763    3.59777       4.51  555833602 0.0000e+00
    18.4610    3.62431       3.64  555833603 0.0000e+00
    18.4702    3.59565       3.35  555833605 0.0000e+00
    18.4760    3.62406       2.47  555833606 0.0000e+00
    18.4761    3.61029       2.02  555833608 0.0000e+00
    18.4794    3.62714       1.46  555833609 0.0000e+00
    18.4719    3.62079       1.03  555833611 0.0000e+00
    18.4777    3.61723       0.81  555833612 0.0000e+00
    18.4746    3.61246       0.73  555833614 0.0000e+00
    18.4740    3.60848       0.67  555833615 0.0000e+00
    18.4827    3.61831       0.67  555833617 0.0000e+00
    18.4789    3.56787       0.51  555833618 0.0000e+00
    18.4811    3.62898       0.68  555833620 0.0000e+00
    18.4794    3.59268       0.50  555833621 0.0000e+00
    18.4801    3.61984       0.56  555833623 0.0000e+00
    18.4785    3.61563       0.54  555833624 0.0000e+00
    18.4739    3.62206       0.17  555833626 0.0000e+00
    18.4746    3.62171      -0.02  555833627 0.0000e+00
    18.4730    2.15396      -0.02  555833629 0.0000e+00
    18.4784    3.63016       0.02  555833630 0.0000e+00
    18.4522    1.05789      -0.13  555833632 0.0000e+00
    18.4653    3.63465       0.16  555833634 0.0000e+00
    18.4618    1.06958      -0.20  555833635 0.0000e+00
    18.4686    3.64088       0.17  555833637 0.0000e+00
    18.4712    1.90698      -0.21  555833638 0.0000e+00
    18.4457    0.28878      -0.21  555833640 0.0000e+00
    18.3533    0.18957      -0.21  555833641 0.0000e+00
    18.2345    0.13474      -0.22  555833643 0.0000e+00
    18.0650    0.08295      -0.21  555833644 0.0000e+00
    17.9623    0.07517      -0.21  555833646 0.0000e+00
    17.8932    0.05697      -0.22  555833647 0.0000e+00
    17.8328    0.05077      -0.22  555833649 0.0000e+00
    17.7821    0.04353      -0.22  555833650 0.0000e+00
    17.7471    0.03858      -0.21  555833652 0.0000e+00
    17.7097    0.03316      -0.22  555833653 0.0000e+00
    17.7018    0.03121      -0.21  555833655 0.0000e+00
    17.6994    0.03193      -0.22  555833656 0.0000e+00
    17.7186    0.03494      -0.21  555833658 0.0000e+00
    17.7252    0.03211      -0.22  555833659 0.0000e+00
    17.7412    0.02974      -0.21  555833661 0.0000e+00
    17.7437    0.02661      -0.22  555833663 0.0000e+00
    17.7450    0.02781      -0.21  555833664 0.0000e+00
    17.7566    0.02690      -0.22  555833666 0.0000e+00
    17.7725    0.02599      -0.22  555833667 0.0000e+00
    17.7828    0.02443      -0.21  555833669 0.0000e+00
    17.7924    0.02305      -0.21  555833670 0.0000e+00
    17.8021    0.02175      -0.21  555833672 0.0000e+00
    17.8169    0.02091      -0.21  555833673 0.0000e+00
    17.8250    0.01980      -0.22  555833675 0.0000e+00
    17.8395    0.01980      -0.21  555833676 0.0000e+00
    17.8339    0.01911      -0.22  555833678 0.0000e+00
    17.8384    0.02081      -0.21  555833679 0.0000e+00
    17.8285    0.02232      -0.22  555833681 0.0000e+00
    17.8265    0.02601      -0.21  555833682 0.0000e+00
    17.8199    0.02459      -0.22  555833684 0.0000e+00
    17.8081    0.02441      -0.21  555833685 0.0000e+00
    17.8084    0.02155      -0.21  555833687 0.0000e+00
    17.8094    0.02021      -0.21  555833688 0.0000e+00
    17.8166    0.01937      -0.21  555833690 0.0000e+00
    17.8076    0.01841      -0.21  555833691 0.0000e+00
    17.8069    0.01849      -0.19  555833693 0.0000e+00
    17.8005    0.01850      -0.19  555833695 0.0000e+00
    17.7749    0.01909      -0.19  555833696 0.0000e+00
    17.7426    0.01917      -0.19  555833698 0.0000e+00
    17.7376    0.01932      -0.19  555833699 0.0000e+00
    17.7178    0.01936      -0.19  555833701 0.0000e+00
    17.7145    0.01931      -0.19  555833702 0.0000e+00
    17.6990    0.01934      -0.19  555833704 0.0000e+00
    17.6764    0.01917      -0.19  555833705 0.0000e+00
    17.6544    0.01920      -0.19  555833707 0.0000e+00
    17.6394    0.01900      -0.19  555833708 0.0000e+00
    17.6291    0.01898      -0.19  555833710 0.0000e+00
    17.6120    0.01882      -0.19  555833711 0.0000e+00
    17.5977    0.01873      -0.19  555833713 0.0000e+00
    17.5780    0.01860      -0.19  555833714 0.0000e+00
    17.5666    0.01847      -0.19  555833716 0.0000e+00
    17.5577    0.01834      -0.19  555833717 0.0000e+00
    17.5732    0.01825      -0.19  555833719 0.0000e+00
    17.5772    0.01808      -0.19  555833720 0.0000e+00
    17.5789    0.01802      -0.19  555833722 0.0000e+00
    17.5703    0.01786      -0.19  555833724 0.0000e+00
    17.5614    0.01782      -0.19  555833725 0.0000e+00
    17.5522    0.01767      -0.19  555833727 0.0000e+00
    17.5436    0.01758      -0.19  555833728 0.0000e+00
    17.5603    0.01741      -0.19  555833730 0.0000e+00
    17.5607    0.01733      -0.19  555833731 0.0000e+00
    17.5297    0.01719      -0.19  555833733 0.0000e+00
    17.5484    0.01713      -0.19  555833734 0.0000e+00
    17.5552    0.01700      -0.19  555833736 0.0000e+00
    17.5581    0.01694      -0.19  555833737 0.0000e+00
    17.5641    0.01682      -0.19  555833739 0.0000e+00
    17.5757    0.01678      -0.19  555833740 0.0000e+00
    17.5725    0.01665      -0.19  555833742 0.0000e+00
    17.5698    0.01661      -0.19  555833743 0.0000e+00
    17.5556    0.01649      -0.19  555833745 0.0000e+00
    17.5463    0.01649      -0.19  555833746 0.0000e+00
    17.5444    0.01637      -0.19  555833748 0.0000e+00
    17.5502    0.01632      -0.19  555833749 0.0000e+00
    17.5532    0.01625      -0.19  555833751 0.0000e+00
    17.5563    0.01621      -0.19  555833752 0.0000e+00
    17.5353    0.01610      -0.19  555833754 0.0000e+00
    17.5314    0.01606      -0.19  555833756 0.0000e+00
    17.5234    0.01597      -0.19  555833757 0.0000e+00
    17.5339    0.01592      -0.19  555833759 0.0000e+00
    17.5491    0.01585      -0.19  555833760 0.0000e+00
    17.5684    0.01579      -0.19  555833762 0.0000e+00
    17.5682    0.01570      -0.19  555833763 0.0000e+00
    17.5543    0.01567      -0.20  555833765 0.0000e+00
    17.5604    0.01556      -0.19  555833766 0.0000e+00
    17.5636    0.01556      -0.19  555833768 0.0000e+00
    17.5802    0.01543      -0.19  555833769 0.0000e+00
    17.5885    0.01545      -0.19  555833771 0.0000e+00
    17.5740    0.01533      -0.19  555833772 0.0000e+00
    17.5554    0.01533      -0.19  555833774 0.0000e+00
    17.5440    0.01523      -0.20  555833775 0.0000e+00
    17.5417    0.01521      -0.19  555833777 0.0000e+00
    17.5485    0.01513      -0.20  555833778 0.0000e+00
    17.5601    0.01509      -0.20  555833780 0.0000e+00
    17.5616    0.01503      -0.20  555833781 0.0000e+00
    17.5723    0.01500      -0.20  555833783 0.0000e+00
    17.5686    0.01495      -0.20  555833784 0.0000e+00
    17.5662    0.01490      -0.20  555833786 0.0000e+00
    17.5639    0.01486      -0.20  555833788 0.0000e+00
    17.5631    0.01482      -0.20  555833789 0.0000e+00
    17.5584    0.01477      -0.20  555833791 0.0000e+00
    17.5646    0.01473      -0.20  555833792 0.0000e+00
    17.5760    0.01470      -0.20  555833794 0.0000e+00
    17.5775    0.01463      -0.20  555833795 0.0000e+00
    17.5796    0.01464      -0.20  555833797 0.0000e+00
    17.5708    0.01455      -0.20  555833798 0.0000e+00
    17.5490    0.01458      -0.20  555833800 0.0000e+00
    17.5423    0.01448      -0.20  555833801 0.0000e+00
    17.5440    0.01452      -0.20  555833803 0.0000e+00
    17.5358    0.01443      -0.20  555833804 0.0000e+00
    17.5295    0.01443      -0.20  555833806 0.0000e+00
    17.5195    0.01438      -0.20  555833807 0.0000e+00
    17.5128    0.01435      -0.21  555833809 0.0000e+00
    17.5058    0.01431      -0.21  555833810 0.0000e+00
    17.5119    0.01429      -0.20  555833812 0.0000e+00
    17.5084    0.01425      -0.21  555833813 0.0000e+00
    17.5049    0.01423      -0.21  555833815 0.0000e+00
    17.4928    0.01420      -0.21  555833817 0.0000e+00
    17.4876    0.01417      -0.21  555833818 0.0000e+00
    17.4938    0.01413      -0.21  555833820 0.0000e+00
    17.5008    0.01412      -0.21  555833821 0.0000e+00
    17.5053    0.01409      -0.21  555833823 0.0000e+00
    17.5179    0.01406      -0.21  555833824 0.0000e+00
    17.5311    0.01405      -0.21  555833826 0.0000e+00
    17.5354    0.01402      -0.21  555833827 0.0000e+00
    17.5411    0.01399      -0.21  555833829 0.0000e+00
    17.5429    0.01398      -0.21  555833830 0.0000e+00
    17.5454    0.01395      -0.21  555833832 0.0000e+00
    17.5444    0.01393      -0.21  555833833 0.0000e+00
    17.5417    0.01392      -0.21  555833835 0.0000e+00
    17.5383    0.01387      -0.21  555833836 0.0000e+00
    17.5423    0.01388      -0.21  555833838 0.0000e+00
    17.5439    0.01381      -0.21  555833839 0.0000e+00
    17.5300    0.01384      -0.21  555833841 0.0000e+00
    17.5263    0.01376      -0.21  555833842 0.0000e+00
    17.5143    0.01379      -0.21  555833844 0.0000e+00
    17.4985    0.01372      -0.21  555833845 0.0000e+00
    17.4906    0.01375      -0.22  555833847 0.0000e+00
    17.5064    0.01369      -0.22  555833848 0.0000e+00
    17.5296    0.01370      -0.21  555833850 0.0000e+00
    17.5333    0.01366      -0.22  555833852 0.0000e+00
    17.5514    0.01364      -0.22  555833853 0.0000e+00
    17.5614    0.01362      -0.22  555833855 0.0000e+00
    17.5646    0.01357      -0.22  555833856 0.0000e+00
    17.5646    0.01358      -0.22  555833858 0.0000e+00
    17.5594    0.01353      -0.22  555833859 0.0000e+00
    17.5488    0.01356      -0.22  555833861 0.0000e+00
    17.5555    0.01348      -0.22  555833862 0.0000e+00
    17.5567    0.01354      -0.22  555833864 0.0000e+00
    17.5598    0.01344      -0.22  555833865 0.0000e+00
    17.5632    0.01350      -0.22  555833867 0.0000e+00
    17.5600    0.01340      -0.22  555833868 0.0000e+00
    17.5595    0.01345      -0.22  555833870 0.0000e+00
    17.5554    0.01338      -0.22  555833871 0.0000e+00
    17.5536    0.01341      -0.22  555833873 0.0000e+00
    17.5520    0.01334      -0.22  555833874 0.0000e+00
    17.5548    0.01340      -0.22  555833876 0.0000e+00
    17.5608    0.01331      -0.22  555833877 0.0000e+00
    17.5603    0.01338      -0.22  555833879 0.0000e+00
    17.5519    0.01327      -0.22  555833881 0.0000e+00
    17.5587    0.01334      -0.22  555833882 0.0000e+00
    17.5538    0.01324      -0.22  555833884 0.0000e+00
    17.5473    0.01330      -0.22  555833885 0.0000e+00
    17.5401    0.01322      -0.22  555833887 0.0000e+00
    17.5414    0.01323      -0.22  555833888 0.0000e+00
    17.5411    0.01316      -0.22  555833890 0.0000e+00
    17.5405    0.01317      -0.22  555833891 0.0000e+00
    17.5505    0.01311      -0.22  555833893 0.0000e+00
    17.5426    0.01313      -0.22  555833894 0.0000e+00
    17.5520    0.01307      -0.22  555833896 0.0000e+00
    17.5692    0.01309      -0.22  555833897 0.0000e+00
    17.5653    0.01304      -0.23  555833899 0.0000e+00
    17.5662    0.01306      -0.22  555833900 0.0000e+00
    17.5654    0.01301      -0.22  555833902 0.0000e+00
    17.5800    0.01304      -0.23  555833903 0.0000e+00
    17.5809    0.01299      -0.22  555833905 0.0000e+00
    17.5827    0.01300      -0.22  555833906 0.0000e+00
    17.5734    0.01296      -0.23  555833908 0.0000e+00
    17.5678    0.01297      -0.23  555833909 0.0000e+00
    17.5633    0.01293      -0.23  555833911 0.0000e+00
    17.5468    0.01293      -0.23  555833913 0.0000e+00
    17.5537    0.01291      -0.23  555833914 0.0000e+00
    17.5589    0.01289      -0.23  555833916 0.0000e+00
    17.5649    0.01288      -0.23  555833917 0.0000e+00
    17.5705    0.01285      -0.23  555833919 0.0000e+00
    17.5824    0.01286      -0.23  555833920 0.0000e+00
    17.5837    0.01282      -0.23  555833922 0.0000e+00
    17.5838    0.01283      -0.23  555833923 0.0000e+00
    17.5826    0.01279      -0.23  555833925 0.0000e+00
    17.5775    0.01281      -0.23  555833926 0.0000e+00
    17.5667    0.01277      -0.23  555833928 0.0000e+00
    17.5735    0.01278      -0.23  555833929 0.0000e+00
    17.5724    0.01276      -0.23  555833931 0.0000e+00
    17.5700    0.01275      -0.23  555833932 0.0000e+00
    17.5652    0.01273      -0.23  555833934 0.0000e+00
    17.5540    0.01272      -0.23  555833935 0.0000e+00
    17.5601    0.01272      -0.23  555833937 0.0000e+00
    17.5650    0.01269      -0.23  555833938 0.0000e+00
    17.5675    0.01270      -0.23  555833940 0.0000e+00
    17.5646    0.01267      -0.23  555833941 0.0000e+00
    17.5601    0.01267      -0.23  555833943 0.0000e+00
    17.5675    0.01266      -0.23  555833945 0.0000e+00
    17.5548    0.01264      -0.23  555833946 0.0000e+00
    17.5483    0.01264      -0.23  555833948 0.0000e+00
    17.5500    0.01262      -0.23  555833949 0.0000e+00
    17.5584    0.01263      -0.23  555833951 0.0000e+00
    17.5644    0.01260      -0.23  555833952 0.0000e+00
    17.5746    0.01261      -0.23  555833954 0.0000e+00
    17.5698    0.01258      -0.23  555833955 0.0000e+00
    17.5705    0.01259      -0.23  555833957 0.0000e+00
    17.5750    0.01255      -0.23  555833958 0.0000e+00
    17.5759    0.01257      -0.23  555833960 0.0000e+00
    17.5728    0.01252      -0.23  555833961 0.0000e+00
    17.5763    0.01255      -0.23  555833963 0.0000e+00
    17.5809    0.01252      -0.23  555833964 0.0000e+00
    17.5866    0.01253      -0.23  555833966 0.0000e+00
    17.5954    0.01251      -0.23  555833967 0.0000e+00
    17.6035    0.01252      -0.23  555833969 0.0000e+00
    17.6066    0.01250      -0.23  555833970 0.0000e+00
    17.6039    0.01250      -0.23  555833972 0.0000e+00
    17.5983    0.01248      -0.23  555833974 0.0000e+00
