Code/Hansen Zooplankton Code and Sample Data/data/ctd/gsl_02_SBE37SI-RS232_03706156_2017_07_05.cnv
* Sea-Bird SBE37SI-RS232  Data File:
* FileName = C:\Users\General Lab Use\Desktop\SHELAGH CTD 2017\gsl_02_SBE37SI-RS232_03706156_2017_07_05.cnv
* Software version 1.00d
* Temperature SN = 6156
* Conductivity SN = 6156
* System UpLoad Time = Jul 05 2017 03:39:18
* <ApplicationData>
* <Seaterm232>
# nquan = 5
# nvalues = 2305
# units = specified
# name 0 = t090C: Temperature [ITS-90, deg C]
# name 1 = c0S/m: Conductivity [S/m]
# name 2 = prM: Pressure [db]
# name 3 = timeK: Time, Seacat Plus [seconds]
# name 4 = flag: Flag
# span 0 =     -1.0350,    18.0956
# span 1 =    0.001332,   3.291286
# span 2 =      -0.255,     69.245
# span 3 =   552524350,  552527860
# span 4 =  0.0000e+00, 0.0000e+00
# interval = seconds: 6.000000
# start_time = Jul 04 2017 22:59:10
# bad_flag = -9.990e-29
*END*
[from data line 1429]
    14.1812    0.03050      -0.23  552526527 0.0000e+00
    14.1958    0.03025      -0.24  552526528 0.0000e+00
    14.2058    0.03036      -0.24  552526530 0.0000e+00
    14.2130    0.03032      -0.24  552526531 0.0000e+00
    14.2078    0.03003      -0.24  552526533 0.0000e+00
    14.2141    0.03011      -0.24  552526535 0.0000e+00
    14.2283    0.02999      -0.24  552526536 0.0000e+00
    14.2497    0.03053      -0.24  552526538 0.0000e+00
    14.2728    0.03008      -0.24  552526539 0.0000e+00
    14.2865    0.03037      -0.23  552526541 0.0000e+00
    14.2970    0.03049      -0.24  552526542 0.0000e+00
    14.3018    0.03017      -0.24  552526544 0.0000e+00
    14.3165    0.03036      -0.24  552526545 0.0000e+00
    14.3333    0.03026      -0.24  552526547 0.0000e+00
    14.3493    0.03042      -0.23  552526548 0.0000e+00
    14.3511    0.03023      -0.24  552526550 0.0000e+00
    14.3637    0.03096      -0.23  552526551 0.0000e+00
    14.3753    0.03141      -0.24  552526553 0.0000e+00
    14.3807    0.03206      -0.24  552526554 0.0000e+00
    14.3822    0.03266      -0.24  552526556 0.0000e+00
    14.3694    0.03231      -0.24  552526557 0.0000e+00
    14.3584    0.03301      -0.24  552526559 0.0000e+00
    14.3471    0.03216      -0.24  552526560 0.0000e+00
    14.3447    0.03261      -0.24  552526562 0.0000e+00
    14.3500    0.03212      -0.24  552526563 0.0000e+00
    14.3630    0.03211      -0.24  552526565 0.0000e+00
    14.3806    0.03171      -0.24  552526567 0.0000e+00
    14.4027    0.03148      -0.23  552526568 0.0000e+00
    14.4161    0.03125      -0.23  552526570 0.0000e+00
    14.4324    0.03100      -0.24  552526571 0.0000e+00
    14.4444    0.03086      -0.24  552526573 0.0000e+00
    14.4548    0.03095      -0.24  552526574 0.0000e+00
    14.4708    0.03095      -0.24  552526576 0.0000e+00
    14.4797    0.03088      -0.24  552526577 0.0000e+00
    14.4868    0.03101      -0.23  552526579 0.0000e+00
    14.4743    0.03100      -0.24  552526580 0.0000e+00
    14.4639    0.03146      -0.24  552526582 0.0000e+00
    14.4670    0.03136      -0.24  552526583 0.0000e+00
    14.4723    0.03156      -0.24  552526585 0.0000e+00
    14.4723    0.03146      -0.23  552526586 0.0000e+00
    14.4721    0.03138      -0.23  552526588 0.0000e+00
    14.4802    0.03121      -0.24  552526589 0.0000e+00
    14.4875    0.03102      -0.24  552526591 0.0000e+00
    14.4923    0.03138      -0.24  552526592 0.0000e+00
    14.4979    0.03143      -0.24  552526594 0.0000e+00
    14.4894    0.03154      -0.24  552526595 0.0000e+00
    14.4857    0.03136      -0.23  552526597 0.0000e+00
    14.4873    0.03259      -0.23  552526599 0.0000e+00
    14.4770    0.03215      -0.24  552526600 0.0000e+00
    14.4781    0.03294      -0.23  552526602 0.0000e+00
    14.4869    0.03255      -0.24  552526603 0.0000e+00
    14.4886    0.03261      -0.23  552526605 0.0000e+00
    14.4928    0.03212      -0.23  552526606 0.0000e+00
    14.4957    0.03236      -0.24  552526608 0.0000e+00
    14.5030    0.03197      -0.24  552526609 0.0000e+00
    14.5103    0.03200      -0.23  552526611 0.0000e+00
    14.5212    0.03191      -0.23  552526612 0.0000e+00
    14.5308    0.03184      -0.24  552526614 0.0000e+00
    14.5389    0.03171      -0.23  552526615 0.0000e+00
    14.5256    0.03188      -0.23  552526617 0.0000e+00
    14.5161    0.03151      -0.24  552526618 0.0000e+00
    14.5074    0.03168      -0.23  552526620 0.0000e+00
    14.5075    0.03167      -0.24  552526621 0.0000e+00
    14.5052    0.03151      -0.24  552526623 0.0000e+00
    14.5058    0.03157      -0.24  552526624 0.0000e+00
    14.5045    0.03110      -0.24  552526626 0.0000e+00
    14.5099    0.03116      -0.23  552526628 0.0000e+00
    14.5138    0.03114      -0.24  552526629 0.0000e+00
    14.5085    0.03117      -0.23  552526631 0.0000e+00
    14.4723    0.03101      -0.23  552526632 0.0000e+00
    14.4567    0.04411      -0.24  552526634 0.0000e+00
    14.4318    0.10676      -0.25  552526635 0.0000e+00
    14.3873    0.10231      -0.25  552526637 0.0000e+00
    14.3707    0.11844      -0.25  552526638 0.0000e+00
    14.3615    0.11503      -0.25  552526640 0.0000e+00
    14.3590    0.10743      -0.25  552526641 0.0000e+00
    14.3507    0.09736      -0.25  552526643 0.0000e+00
    14.3616    0.09150      -0.25  552526644 0.0000e+00
    14.3723    0.08466      -0.25  552526646 0.0000e+00
    14.3771    0.07786      -0.25  552526647 0.0000e+00
    14.3827    0.07656      -0.25  552526649 0.0000e+00
    14.3911    0.07225      -0.25  552526650 0.0000e+00
    14.4055    0.07041      -0.25  552526652 0.0000e+00
    14.4160    0.06728      -0.25  552526653 0.0000e+00
    14.4242    0.06528      -0.25  552526655 0.0000e+00
    14.4295    0.06476      -0.25  552526656 0.0000e+00
    14.4181    0.05909      -0.25  552526658 0.0000e+00
    14.4053    0.06499      -0.25  552526660 0.0000e+00
    14.4227    0.06005      -0.25  552526661 0.0000e+00
    14.4353    0.05479      -0.25  552526663 0.0000e+00
    14.4497    0.05205      -0.25  552526664 0.0000e+00
    14.4760    0.05097      -0.25  552526666 0.0000e+00
    14.4702    0.05199      -0.24  552526667 0.0000e+00
    14.4704    0.05485      -0.25  552526669 0.0000e+00
    14.4787    0.05445      -0.25  552526670 0.0000e+00
    14.5000    0.05177      -0.25  552526672 0.0000e+00
    14.5716    0.58842      -0.14  552526673 0.0000e+00
    16.2826    3.27520       0.27  552526675 0.0000e+00
    16.3635    3.26552       0.30  552526676 0.0000e+00
    16.3712    3.27568       0.60  552526678 0.0000e+00
    16.3771    3.27886       0.90  552526679 0.0000e+00
    16.3834    3.28312       1.80  552526681 0.0000e+00
    16.3812    3.28324       2.40  552526682 0.0000e+00
    16.3794    3.28476       3.51  552526684 0.0000e+00
    16.3434    3.28306       4.43  552526685 0.0000e+00
    16.0699    3.26249       5.47  552526687 0.0000e+00
    15.9060    3.25215       6.72  552526688 0.0000e+00
    15.7175    3.24475       7.89  552526690 0.0000e+00
    15.5686    3.23847       8.82  552526692 0.0000e+00
    14.4414    3.21358       9.72  552526693 0.0000e+00
    13.6197    3.20961      10.49  552526695 0.0000e+00
    12.8432    3.19343      11.35  552526696 0.0000e+00
    11.3655    3.19642      11.77  552526698 0.0000e+00
    10.9804    3.11955      13.16  552526699 0.0000e+00
    10.2345    3.14061      13.67  552526701 0.0000e+00
     8.9620    3.14767      14.69  552526702 0.0000e+00
     8.5494    3.14812      15.50  552526704 0.0000e+00
     8.2570    3.12432      16.49  552526705 0.0000e+00
     8.1651    3.12034      17.42  552526707 0.0000e+00
     8.0517    3.12645      18.34  552526708 0.0000e+00
     7.8231    3.11312      19.30  552526710 0.0000e+00
     7.5693    3.10225      20.24  552526711 0.0000e+00
     7.3306    3.09776      21.15  552526713 0.0000e+00
     6.8491    3.06677      22.12  552526714 0.0000e+00
     6.5095    3.05359      23.07  552526716 0.0000e+00
     6.3509    3.07009      24.08  552526717 0.0000e+00
     6.2330    3.01074      25.04  552526719 0.0000e+00
     5.9567    3.01237      26.01  552526720 0.0000e+00
     6.2725    3.03705      26.98  552526722 0.0000e+00
     6.5454    3.06111      27.90  552526724 0.0000e+00
     6.6403    3.06843      28.90  552526725 0.0000e+00
     6.2915    3.03000      29.85  552526727 0.0000e+00
     5.7353    3.06987      30.82  552526728 0.0000e+00
     5.3738    3.03802      31.78  552526730 0.0000e+00
     4.6905    2.98271      32.75  552526731 0.0000e+00
     3.6475    2.94032      33.72  552526733 0.0000e+00
     3.2515    2.91504      34.67  552526734 0.0000e+00
     2.6183    2.82743      35.61  552526736 0.0000e+00
     2.4253    2.83247      36.58  552526737 0.0000e+00
     2.2199    2.85911      37.49  552526739 0.0000e+00
     1.7403    2.77664      38.46  552526740 0.0000e+00
     1.4890    2.75950      39.42  552526742 0.0000e+00
     1.2695    2.73157      40.37  552526743 0.0000e+00
     0.4609    2.74702      40.85  552526745 0.0000e+00
     0.4733    2.70908      41.22  552526746 0.0000e+00
     0.7834    2.74880      41.66  552526748 0.0000e+00
     0.0691    2.74742      41.64  552526749 0.0000e+00
    -0.2570    2.71829      41.79  552526751 0.0000e+00
    -0.4007    2.69528      41.89  552526752 0.0000e+00
    -0.4109    2.66156      41.66  552526754 0.0000e+00
    -0.4099    2.68871      41.73  552526755 0.0000e+00
    -0.4134    2.67963      41.86  552526757 0.0000e+00
    -0.4249    2.66013      41.65  552526759 0.0000e+00
    -0.4192    2.65427      41.68  552526760 0.0000e+00
    -0.4226    2.64265      41.79  552526762 0.0000e+00
    -0.4248    2.62260      41.51  552526763 0.0000e+00
    -0.4216    2.60459      41.78  552526765 0.0000e+00
    -0.4273    2.60931      41.57  552526766 0.0000e+00
    -0.4224    2.60828      41.56  552526768 0.0000e+00
    -0.4055    2.61113      41.67  552526769 0.0000e+00
    -0.4030    2.62903      41.57  552526771 0.0000e+00
    -0.4026    2.62771      41.63  552526772 0.0000e+00
    -0.3969    2.63714      41.44  552526774 0.0000e+00
    -0.3869    2.60447      41.63  552526775 0.0000e+00
    -0.4035    2.61428      41.50  552526777 0.0000e+00
    -0.3993    2.61416      41.52  552526778 0.0000e+00
    -0.3884    2.60688      41.33  552526780 0.0000e+00
    -0.3550    2.60532      41.16  552526781 0.0000e+00
    -0.3105    2.60114      40.97  552526783 0.0000e+00
    -0.2491    2.56684      40.06  552526784 0.0000e+00
    -0.2507    2.58497      39.63  552526786 0.0000e+00
    -0.1186    2.57541      38.89  552526787 0.0000e+00
     0.5010    2.59679      38.21  552526789 0.0000e+00
     0.9678    2.61709      37.61  552526791 0.0000e+00
     1.1167    2.62487      37.08  552526792 0.0000e+00
     1.2385    2.63736      36.27  552526794 0.0000e+00
     1.3754    2.63953      35.75  552526795 0.0000e+00
     1.6192    2.66255      34.77  552526797 0.0000e+00
     1.8173    2.66305      34.17  552526798 0.0000e+00
     1.8908    2.67429      33.52  552526800 0.0000e+00
     2.2022    2.69613      32.61  552526801 0.0000e+00
     2.5820    2.71591      31.92  552526803 0.0000e+00
     2.7685    2.72714      31.20  552526804 0.0000e+00
     3.0790    2.74443      30.43  552526806 0.0000e+00
     3.7307    2.77446      29.86  552526807 0.0000e+00
     4.3906    2.81821      29.26  552526809 0.0000e+00
     4.9922    2.86426      28.63  552526810 0.0000e+00
     5.3415    2.88471      28.06  552526812 0.0000e+00
     5.7799    2.91878      27.43  552526813 0.0000e+00
     6.5801    2.99311      26.68  552526815 0.0000e+00
     6.6738    3.00031      25.99  552526816 0.0000e+00
     6.6147    2.96736      25.63  552526818 0.0000e+00
     6.5416    2.98859      25.01  552526819 0.0000e+00
     6.2455    2.96137      24.44  552526821 0.0000e+00
     6.1279    2.95703      23.93  552526823 0.0000e+00
     5.7955    2.93427      23.48  552526824 0.0000e+00
     5.6474    2.92638      22.99  552526826 0.0000e+00
     5.6731    2.91470      22.40  552526827 0.0000e+00
     5.8252    2.91443      22.03  552526829 0.0000e+00
     6.0099    2.93511      21.38  552526830 0.0000e+00
     6.0651    2.91259      20.92  552526832 0.0000e+00
     6.0534    2.93464      20.37  552526833 0.0000e+00
     6.3545    2.96163      19.72  552526835 0.0000e+00
     6.8454    2.97342      19.20  552526836 0.0000e+00
     6.9651    2.99649      18.62  552526838 0.0000e+00
     7.0838    2.99736      18.10  552526839 0.0000e+00
     7.1745    3.00116      17.59  552526841 0.0000e+00
     7.3500    3.01496      16.94  552526842 0.0000e+00
     7.5610    2.99872      16.42  552526844 0.0000e+00
     7.6886    3.02723      15.84  552526845 0.0000e+00
     7.7833    3.02740      15.17  552526847 0.0000e+00
     7.8517    3.00349      14.73  552526848 0.0000e+00
     7.9154    3.01576      14.29  552526850 0.0000e+00
     8.1121    3.02267      13.71  552526851 0.0000e+00
     8.4409    3.02960      13.24  552526853 0.0000e+00
     8.8213    3.06802      12.57  552526855 0.0000e+00
     9.4742    3.06764      11.95  552526856 0.0000e+00
     9.7339    3.05740      11.45  552526858 0.0000e+00
     9.7344    3.03922      11.22  552526859 0.0000e+00
     9.4176    3.03568      11.29  552526861 0.0000e+00
     9.3706    3.02712      11.77  552526862 0.0000e+00
     9.8472    3.02119      11.73  552526864 0.0000e+00
     9.8935    3.03637      11.88  552526865 0.0000e+00
     9.9030    3.03417      11.66  552526867 0.0000e+00
     9.9036    3.05818      11.76  552526868 0.0000e+00
     9.9171    3.04283      11.77  552526870 0.0000e+00
     9.9054    3.03607      11.58  552526871 0.0000e+00
     9.9047    3.06763      11.71  552526873 0.0000e+00
     9.9086    3.04788      11.57  552526874 0.0000e+00
     9.8261    3.06720      11.60  552526876 0.0000e+00
     9.7690    3.06221      11.58  552526877 0.0000e+00
     9.7608    3.06368      11.52  552526879 0.0000e+00
     9.7710    3.06802      11.63  552526880 0.0000e+00
     9.7212    3.07187      11.38  552526882 0.0000e+00
     9.6550    3.07274      11.63  552526883 0.0000e+00
     9.6862    3.07075      11.38  552526885 0.0000e+00
     9.6227    3.06461      11.63  552526886 0.0000e+00
     9.6269    3.06801      11.20  552526888 0.0000e+00
     9.4141    3.04676      11.68  552526890 0.0000e+00
     9.5884    3.05765      11.30  552526891 0.0000e+00
     9.4694    3.06119      11.54  552526893 0.0000e+00
     9.5744    3.04894      11.38  552526894 0.0000e+00
     9.5679    3.06066      11.44  552526896 0.0000e+00
     9.5546    3.05593      11.41  552526897 0.0000e+00
     9.5537    3.05193      11.29  552526899 0.0000e+00
     9.4164    3.05800      11.32  552526900 0.0000e+00
     9.3193    3.04529      11.05  552526902 0.0000e+00
     9.2104    3.03912      10.71  552526903 0.0000e+00
     9.1513    3.02449      10.23  552526905 0.0000e+00
     9.8253    3.07270       9.44  552526906 0.0000e+00
    12.1957    3.09201       8.76  552526908 0.0000e+00
    14.3709    3.15172       7.73  552526909 0.0000e+00
    15.3666    3.13923       7.00  552526911 0.0000e+00
    15.6360    3.20032       5.93  552526912 0.0000e+00
    15.8346    3.19217       5.08  552526914 0.0000e+00
    15.8732    3.10838       4.44  552526915 0.0000e+00
    15.8786    3.21236       3.84  552526917 0.0000e+00
    15.9705    3.18447       3.47  552526918 0.0000e+00
    16.0247    3.22724       2.71  552526920 0.0000e+00
    16.1041    3.21052       2.52  552526922 0.0000e+00
    16.1410    3.24401       1.62  552526923 0.0000e+00
    16.2505    3.23609       1.39  552526925 0.0000e+00
    16.2729    3.25534       0.54  552526926 0.0000e+00
    16.2837    3.24078       0.50  552526928 0.0000e+00
    16.2923    3.23515       0.20  552526929 0.0000e+00
    16.2945    3.20931      -0.12  552526931 0.0000e+00
    16.2805    0.70699      -0.23  552526932 0.0000e+00
    16.0273    0.36553      -0.23  552526934 0.0000e+00
    15.6433    0.31216      -0.23  552526935 0.0000e+00
    15.3237    0.25757      -0.23  552526937 0.0000e+00
    15.1728    0.16855      -0.23  552526938 0.0000e+00
    15.1025    0.13494      -0.23  552526940 0.0000e+00
    15.0196    0.16038      -0.23  552526941 0.0000e+00
    14.9434    0.20663      -0.23  552526943 0.0000e+00
    14.8710    0.17431      -0.23  552526944 0.0000e+00
    14.8305    0.15722      -0.23  552526946 0.0000e+00
    14.7625    0.15226      -0.23  552526947 0.0000e+00
    14.6760    0.12197      -0.23  552526949 0.0000e+00
    14.6016    0.11028      -0.23  552526950 0.0000e+00
    14.5497    0.10874      -0.23  552526952 0.0000e+00
    14.4972    0.12329      -0.22  552526954 0.0000e+00
    14.4565    0.10957      -0.23  552526955 0.0000e+00
    14.4237    0.09390      -0.22  552526957 0.0000e+00
    14.3970    0.09900      -0.23  552526958 0.0000e+00
    14.3533    0.09149      -0.23  552526960 0.0000e+00
