Code/Hansen Zooplankton Code and Sample Data/data/ctd/gsl_08_SBE37SI-RS232_03706156_2017_08_02_final.cnv
* Sea-Bird SBE37SI-RS232  Data File:
* FileName = C:\Users\General Lab Use\Desktop\SHELAGH CTD 2017\gsl_08_SBE37SI-RS232_03706156_2017_08_02.cnv
* Software version 1.00d
* Temperature SN = 6156
* Conductivity SN = 6156
* System UpLoad Time = Aug 02 2017 21:22:44
* <ApplicationData>
* <Seaterm232>
# nquan = 7                                 
# nvalues = 1382                        
# units = specified
# name 0 = t090C: Temperature [ITS-90, deg C]
# name 1 = c0S/m: Conductivity [S/m]
# name 2 = prM: Pressure [db]
# name 3 = timeK: Time, Seacat Plus [seconds]
# name 4 = sal00: Salinity [PSU]
# name 5 = sigma-t00: Density [sigma-t, Kg/m^3 ]
# name 6 = flag: flag
# span 0 =     0.0964,    19.7346       
# span 1 =   0.000890,   3.456100       
# span 2 =     -0.230,     90.370       
# span 3 =  555010939,  555013044       
# span 4 =     0.0120,    32.4625       
# span 5 =    -1.6556,    26.0124       
# span 6 = 0.0000e+00, 0.0000e+00       
# interval = seconds: 6.000000
# start_time = Aug 02 2017 17:42:19
# bad_flag = -9.990e-29
*END*
[from data line 616]
     0.4045   2.674430     51.130  555011878    31.5195    25.2787 0.0000e+00
     0.4146   2.673430     50.540  555011879    31.4966    25.2597 0.0000e+00
     0.4204   2.675290     49.640  555011881    31.5153    25.2745 0.0000e+00
     0.5227   2.675540     49.340  555011882    31.4143    25.1881 0.0000e+00
     0.5776   2.684300     48.500  555011884    31.4719    25.2318 0.0000e+00
     0.7076   2.682040     48.280  555011885    31.3110    25.0956 0.0000e+00
     0.7410   2.691450     47.500  555011887    31.3985    25.1642 0.0000e+00
     0.8187   2.693860     46.910  555011889    31.3511    25.1220 0.0000e+00
     0.8850   2.700250     46.420  555011890    31.3661    25.1305 0.0000e+00
     1.2226   2.726780     45.450  555011892    31.3643    25.1098 0.0000e+00
     1.4688   2.744690     44.900  555011893    31.3441    25.0787 0.0000e+00
     1.8281   2.771050     43.850  555011895    31.3168    25.0336 0.0000e+00
     1.9521   2.771580     43.420  555011896    31.2010    24.9324 0.0000e+00
     1.9554   2.775620     42.240  555011898    31.2485    24.9702 0.0000e+00
     1.9891   2.776080     41.810  555011899    31.2211    24.9460 0.0000e+00
     2.2601   2.803860     40.560  555011901    31.2979    24.9882 0.0000e+00
     2.3600   2.795740     40.320  555011902    31.1003    24.8229 0.0000e+00
     2.3768   2.807540     39.160  555011904    31.2292    24.9247 0.0000e+00
     2.3622   2.800810     38.830  555011905    31.1611    24.8714 0.0000e+00
     2.4037   2.817420     37.750  555011907    31.3247    24.9990 0.0000e+00
     2.7370   2.813520     37.370  555011908    30.9526    24.6764 0.0000e+00
     2.6699   2.803230     36.430  555011910    30.8930    24.6340 0.0000e+00
     2.4876   2.791540     35.860  555011911    30.9271    24.6751 0.0000e+00
     2.6617   2.812720     35.020  555011913    31.0170    24.7336 0.0000e+00
     3.3616   2.854110     34.390  555011914    30.8435    24.5384 0.0000e+00
     3.5645   2.848280     33.510  555011916    30.5827    24.3132 0.0000e+00
     2.7934   2.803050     32.950  555011917    30.7738    24.5293 0.0000e+00
     2.7692   2.798880     32.240  555011919    30.7469    24.5097 0.0000e+00
     2.8957   2.796720     31.430  555011921    30.6004    24.3829 0.0000e+00
     3.0624   2.809870     30.720  555011922    30.6005    24.3697 0.0000e+00
     3.6283   2.827780     29.960  555011924    30.2823    24.0687 0.0000e+00
     4.2658   2.856460     29.400  555011925    30.0308    23.8108 0.0000e+00
     5.1699   2.922620     28.610  555011927    29.9711    23.6730 0.0000e+00
     5.8989   2.931050     28.240  555011928    29.4218    23.1594 0.0000e+00
     7.0229   3.045990     27.130  555011930    29.7049    23.2477 0.0000e+00
     7.8010   3.044170     26.970  555011931    29.0269    22.6138 0.0000e+00
     8.0955   3.058700     25.990  555011933    28.9359    22.5026 0.0000e+00
     8.0603   3.038290     25.620  555011934    28.7516    22.3630 0.0000e+00
     8.1770   3.044490     24.740  555011936    28.7212    22.3232 0.0000e+00
     8.4534   3.066850     24.110  555011937    28.7282    22.2903 0.0000e+00
     9.8014   3.118220     23.370  555011939    28.1759    21.6602 0.0000e+00
     9.9881   3.135620     22.710  555011940    28.2038    21.6530 0.0000e+00
    10.2120   3.145480     22.000  555011942    28.1279    21.5587 0.0000e+00
    10.4077   3.156270     21.430  555011943    28.0833    21.4927 0.0000e+00
    10.5955   3.154660     20.970  555011945    27.9235    21.3382 0.0000e+00
    10.8654   3.187890     20.180  555011946    28.0418    21.3859 0.0000e+00
    11.0192   3.175570     19.810  555011948    27.8055    21.1769 0.0000e+00
    11.0961   3.204980     18.860  555011949    28.0321    21.3400 0.0000e+00
    11.2306   3.192070     18.610  555011951    27.8058    21.1417 0.0000e+00
    11.2911   3.213230     17.720  555011952    27.9642    21.2544 0.0000e+00
    11.6232   3.213940     17.320  555011954    27.7215    21.0094 0.0000e+00
    11.7808   3.229790     16.580  555011956    27.7552    21.0081 0.0000e+00
    11.8567   3.228020     16.060  555011957    27.6821    20.9383 0.0000e+00
    11.9076   3.217940     15.640  555011959    27.5491    20.8263 0.0000e+00
    12.0809   3.243270     14.750  555011960    27.6608    20.8822 0.0000e+00
    12.2549   3.235140     14.390  555011962    27.4564    20.6931 0.0000e+00
    12.3970   3.260630     13.360  555011963    27.5916    20.7722 0.0000e+00
    12.5690   3.262030     12.790  555011965    27.4791    20.6541 0.0000e+00
    12.6931   3.269300     11.630  555011966    27.4568    20.6142 0.0000e+00
    12.6978   3.255850     11.200  555011968    27.3287    20.5143 0.0000e+00
    13.0504   3.287930     10.240  555011969    27.3712    20.4820 0.0000e+00
    13.9501   3.325220      9.710  555011971    27.0710    20.0790 0.0000e+00
    14.5257   3.364810      8.890  555011972    27.0234    19.9285 0.0000e+00
    14.7427   3.373980      8.360  555011974    26.9545    19.8318 0.0000e+00
    14.8936   3.385550      7.590  555011975    26.9528    19.7999 0.0000e+00
    14.8975   3.374780      7.270  555011977    26.8553    19.7242 0.0000e+00
    14.8415   3.377160      6.370  555011978    26.9151    19.7815 0.0000e+00
    14.8093   3.368300      6.070  555011980    26.8592    19.7451 0.0000e+00
    14.8367   3.375710      5.490  555011981    26.9059    19.7754 0.0000e+00
    14.8831   3.371300      4.970  555011983    26.8353    19.7117 0.0000e+00
    14.9270   3.370920      4.490  555011984    26.8020    19.6772 0.0000e+00
    14.9464   3.369320      4.000  555011986    26.7748    19.6523 0.0000e+00
    14.9757   3.369050      3.510  555011988    26.7526    19.6292 0.0000e+00
    15.0008   3.361460      3.200  555011989    26.6689    19.5598 0.0000e+00
    15.0470   3.370590      2.700  555011991    26.7177    19.5878 0.0000e+00
    15.5642   3.394760      2.460  555011992    26.5784    19.3736 0.0000e+00
    16.0332   3.431240      1.900  555011994    26.5787    19.2745 0.0000e+00
    16.2151   3.432900      1.630  555011995    26.4720    19.1536 0.0000e+00
    16.0428   3.432440      1.170  555011997    26.5828    19.2756 0.0000e+00
    16.1024   3.434490      0.970  555011998    26.5607    19.2458 0.0000e+00
    16.1723   3.442870      0.690  555012000    26.5859    19.2501 0.0000e+00
    16.2406   3.448510      0.070  555012001    26.5888    19.2376 0.0000e+00
    16.2732   3.445070      0.150  555012003    26.5377    19.1914 0.0000e+00
    16.2565   3.445750      0.180  555012004    26.5546    19.2080 0.0000e+00
    16.2579   3.438810      0.470  555012006    26.4944    19.1615 0.0000e+00
    16.2487   3.452550     -0.140  555012007    26.6179    19.2582 0.0000e+00
    16.2533   3.443760     -0.100  555012009    26.5398    19.1973 0.0000e+00
    16.2433   2.966790     -0.180  555012010    22.5165    16.1203 0.0000e+00
    16.2427   2.512630     -0.060  555012012    18.7588    13.2482 0.0000e+00
    16.2572   1.540150     -0.180  555012013    10.9970     7.3195 0.0000e+00
    16.2727   1.567100     -0.160  555012015    11.2016     7.4728 0.0000e+00
    16.2549   0.278070     -0.180  555012016     1.7596     0.2573 0.0000e+00
    16.2913   0.129770     -0.180  555012018     0.7887    -0.4951 0.0000e+00
    16.2581   0.277800     -0.180  555012019     1.7577     0.2553 0.0000e+00
    16.3026   0.079830     -0.190  555012021     0.4752    -0.7385 0.0000e+00
    16.3735   0.070570     -0.190  555012022     0.4174    -0.7949 0.0000e+00
    16.4195   0.051730     -0.180  555012024     0.3026    -0.8911 0.0000e+00
    16.4546   0.053730     -0.180  555012026     0.3143    -0.8879 0.0000e+00
    16.4762   0.046630     -0.180  555012027     0.2716    -0.9246 0.0000e+00
    16.3524   2.031200     -0.190  555012029    14.8250    10.2228 0.0000e+00
    16.1611   0.194210     -0.180  555012030     1.2078    -0.1509 0.0000e+00
    16.0870   0.092340     -0.180  555012032     0.5557    -0.6407 0.0000e+00
    16.0532   0.053570     -0.180  555012033     0.3164    -0.8197 0.0000e+00
    16.0768   0.052730     -0.180  555012035     0.3111    -0.8277 0.0000e+00
    15.8827   0.052300     -0.190  555012036     0.3099    -0.7969 0.0000e+00
    15.9917   0.117690     -0.190  555012038     0.7173    -0.5004 0.0000e+00
    15.9622   0.127160     -0.190  555012039     0.7783    -0.4486 0.0000e+00
    16.0839   0.116950     -0.190  555012041     0.7110    -0.5205 0.0000e+00
    16.2084   0.091970     -0.200  555012042     0.5518    -0.6638 0.0000e+00
    16.3054   0.090970     -0.190  555012044     0.5442    -0.6857 0.0000e+00
    16.3844   0.100300     -0.190  555012045     0.6013    -0.6550 0.0000e+00
    16.4515   0.106850     -0.200  555012047     0.6413    -0.6356 0.0000e+00
    16.5396   0.091130     -0.200  555012048     0.5421    -0.7268 0.0000e+00
    16.5828   0.086900     -0.200  555012050     0.5155    -0.7547 0.0000e+00
    16.6499   0.056470     -0.200  555012051     0.3293    -0.9095 0.0000e+00
    16.6398   0.041250     -0.200  555012053     0.2386    -0.9777 0.0000e+00
    16.6389   0.036850     -0.200  555012054     0.2126    -0.9976 0.0000e+00
    16.6224   0.034330     -0.210  555012056     0.1979    -1.0061 0.0000e+00
    16.6726   0.033750     -0.200  555012057     0.1943    -1.0175 0.0000e+00
    16.6573   0.033740     -0.210  555012059     0.1943    -1.0149 0.0000e+00
    16.7012   0.040780     -0.200  555012061     0.2355    -0.9906 0.0000e+00
    16.7093   0.034440     -0.210  555012062     0.1982    -1.0208 0.0000e+00
    16.7619   0.029440     -0.210  555012064     0.1688    -1.0524 0.0000e+00
    16.7442   0.026120     -0.210  555012065     0.1497    -1.0641 0.0000e+00
    16.8219   0.024450     -0.210  555012067     0.1398    -1.0851 0.0000e+00
    16.8262   0.022790     -0.210  555012068     0.1303    -1.0931 0.0000e+00
    16.9026   0.022600     -0.200  555012070     0.1290    -1.1073 0.0000e+00
    16.9316   0.021070     -0.210  555012071     0.1202    -1.1191 0.0000e+00
    16.9723   0.022030     -0.200  555012073     0.1256    -1.1221 0.0000e+00
    16.9746   0.021080     -0.210  555012074     0.1202    -1.1266 0.0000e+00
    16.9978   0.023780     -0.200  555012076     0.1355    -1.1189 0.0000e+00
    16.9985   0.024120     -0.210  555012077     0.1374    -1.1175 0.0000e+00
    17.0206   0.031680     -0.210  555012079     0.1808    -1.0879 0.0000e+00
    17.0412   0.034690     -0.200  555012080     0.1981    -1.0782 0.0000e+00
    17.0397   0.036540     -0.210  555012082     0.2089    -1.0696 0.0000e+00
    17.0966   0.034310     -0.200  555012083     0.1957    -1.0897 0.0000e+00
    17.0682   0.036310     -0.210  555012085     0.2074    -1.0757 0.0000e+00
    17.1334   0.036650     -0.200  555012086     0.2091    -1.0859 0.0000e+00
    17.1242   0.038930     -0.200  555012088     0.2224    -1.0740 0.0000e+00
    17.1593   0.038140     -0.200  555012089     0.2176    -1.0839 0.0000e+00
    17.1497   0.038860     -0.210  555012091     0.2218    -1.0789 0.0000e+00
    17.1819   0.039040     -0.200  555012092     0.2227    -1.0839 0.0000e+00
    17.2022   0.038610     -0.200  555012094     0.2201    -1.0895 0.0000e+00
    17.1713   0.053850     -0.200  555012095     0.3098    -1.0150 0.0000e+00
    17.1556   0.046400     -0.200  555012097     0.2659    -1.0460 0.0000e+00
    17.1202   0.042160     -0.200  555012098     0.2413    -1.0588 0.0000e+00
    17.0982   0.039450     -0.180  555012100     0.2255    -1.0670 0.0000e+00
    17.0907   0.033740     -0.180  555012102     0.1924    -1.0912 0.0000e+00
    17.0762   0.029060     -0.180  555012103     0.1654    -1.1095 0.0000e+00
    17.0672   0.026740     -0.180  555012105     0.1522    -1.1181 0.0000e+00
    17.0565   0.024760     -0.190  555012106     0.1409    -1.1249 0.0000e+00
    17.0483   0.023340     -0.180  555012108     0.1328    -1.1297 0.0000e+00
    17.0191   0.022070     -0.180  555012109     0.1257    -1.1301 0.0000e+00
    16.9878   0.021040     -0.190  555012111     0.1199    -1.1291 0.0000e+00
    16.9630   0.020170     -0.190  555012112     0.1151    -1.1286 0.0000e+00
    16.9430   0.019450     -0.190  555012114     0.1110    -1.1282 0.0000e+00
    16.9314   0.018800     -0.190  555012115     0.1074    -1.1290 0.0000e+00
    16.9179   0.018320     -0.190  555012117     0.1047    -1.1287 0.0000e+00
    16.8951   0.017810     -0.190  555012118     0.1019    -1.1270 0.0000e+00
    16.8735   0.017380     -0.190  555012120     0.0995    -1.1251 0.0000e+00
    16.8527   0.016700     -0.190  555012121     0.0957    -1.1244 0.0000e+00
    16.8470   0.015770     -0.190  555012123     0.0905    -1.1274 0.0000e+00
    16.8310   0.015390     -0.190  555012124     0.0884    -1.1263 0.0000e+00
    16.8267   0.015100     -0.190  555012126     0.0868    -1.1268 0.0000e+00
    16.8214   0.014890     -0.190  555012127     0.0857    -1.1268 0.0000e+00
    16.8132   0.014660     -0.180  555012129     0.0844    -1.1264 0.0000e+00
    16.7986   0.014520     -0.190  555012130     0.0836    -1.1244 0.0000e+00
    16.7920   0.014370     -0.190  555012132     0.0828    -1.1239 0.0000e+00
    16.7828   0.014290     -0.190  555012133     0.0824    -1.1227 0.0000e+00
    16.7797   0.014190     -0.190  555012135     0.0818    -1.1226 0.0000e+00
    16.7726   0.014070     -0.190  555012136     0.0812    -1.1219 0.0000e+00
    16.7637   0.013900     -0.190  555012138     0.0802    -1.1211 0.0000e+00
    16.7675   0.013760     -0.190  555012140     0.0794    -1.1223 0.0000e+00
    16.7701   0.013610     -0.190  555012141     0.0786    -1.1234 0.0000e+00
    16.7634   0.013500     -0.190  555012143     0.0780    -1.1227 0.0000e+00
    16.7614   0.013400     -0.190  555012144     0.0774    -1.1228 0.0000e+00
    16.7588   0.013340     -0.190  555012146     0.0771    -1.1226 0.0000e+00
    16.7541   0.013240     -0.190  555012147     0.0766    -1.1223 0.0000e+00
    16.7511   0.013130     -0.190  555012149     0.0760    -1.1222 0.0000e+00
    16.7377   0.013070     -0.190  555012150     0.0756    -1.1202 0.0000e+00
    16.7337   0.012950     -0.190  555012152     0.0750    -1.1200 0.0000e+00
    16.7260   0.012900     -0.190  555012153     0.0747    -1.1189 0.0000e+00
    16.7180   0.012850     -0.190  555012155     0.0744    -1.1177 0.0000e+00
    16.7076   0.012810     -0.190  555012156     0.0742    -1.1161 0.0000e+00
    16.7002   0.012710     -0.190  555012158     0.0737    -1.1153 0.0000e+00
    16.6976   0.012620     -0.190  555012159     0.0732    -1.1152 0.0000e+00
    16.7070   0.012530     -0.190  555012161     0.0727    -1.1172 0.0000e+00
    16.7076   0.012450     -0.200  555012162     0.0722    -1.1176 0.0000e+00
    16.7085   0.012400     -0.190  555012164     0.0720    -1.1180 0.0000e+00
    16.6864   0.012350     -0.200  555012165     0.0717    -1.1144 0.0000e+00
    16.6625   0.012300     -0.190  555012167     0.0715    -1.1106 0.0000e+00
    16.6505   0.012230     -0.200  555012168     0.0711    -1.1088 0.0000e+00
    16.6574   0.012170     -0.200  555012170     0.0708    -1.1102 0.0000e+00
    16.6526   0.012130     -0.200  555012171     0.0705    -1.1096 0.0000e+00
    16.6526   0.012070     -0.200  555012173     0.0702    -1.1098 0.0000e+00
    16.6419   0.012000     -0.200  555012174     0.0698    -1.1083 0.0000e+00
    16.6288   0.011960     -0.200  555012176     0.0696    -1.1063 0.0000e+00
    16.6254   0.011920     -0.200  555012178     0.0694    -1.1058 0.0000e+00
    16.6192   0.011860     -0.200  555012179     0.0691    -1.1050 0.0000e+00
    16.6248   0.011810     -0.200  555012181     0.0688    -1.1062 0.0000e+00
    16.6219   0.011750     -0.200  555012182     0.0685    -1.1060 0.0000e+00
    16.6328   0.011690     -0.200  555012184     0.0681    -1.1081 0.0000e+00
    16.6370   0.011650     -0.200  555012185     0.0679    -1.1090 0.0000e+00
    16.6451   0.011630     -0.200  555012187     0.0678    -1.1104 0.0000e+00
