Code/Hansen Zooplankton Code and Sample Data/data/ctd/gsl_16_SBE37SI-RS232_03706156_2017_08_12.cnv
* Sea-Bird SBE37SI-RS232  Data File:
* FileName = C:\Users\General Lab Use\Desktop\SHELAGH CTD 2017\gsl_16_SBE37SI-RS232_03706156_2017_08_12.cnv
* Software version 1.00d
* Temperature SN = 6156
* Conductivity SN = 6156
* System UpLoad Time = Aug 12 2017 09:50:57
* <ApplicationData>
* <Seaterm232>
# nquan = 5
# nvalues = 2003
# units = specified
# name 0 = t090C: Temperature [ITS-90, deg C]
# name 1 = c0S/m: Conductivity [S/m]
# name 2 = prM: Pressure [db]
# name 3 = timeK: Time, Seacat Plus [seconds]
# name 4 = flag: Flag
# span 0 =     -0.3058,    20.3803
# span 1 =    0.000301,   3.662445
# span 2 =      -0.257,     67.969
# span 3 =   555832670,  555835722
# span 4 =  0.0000e+00, 0.0000e+00
# interval = seconds: 6.000000
# start_time = Aug 12 2017 05:57:50
# bad_flag = -9.990e-29
*END*
[from data line 858]
    17.5864    0.01245      -0.23  555833977 0.0000e+00
    17.5871    0.01248      -0.23  555833978 0.0000e+00
    17.5851    0.01243      -0.23  555833980 0.0000e+00
    17.5737    0.01246      -0.23  555833981 0.0000e+00
    17.5613    0.01241      -0.23  555833983 0.0000e+00
    17.5476    0.01244      -0.23  555833984 0.0000e+00
    17.5458    0.01241      -0.23  555833986 0.0000e+00
    17.5548    0.01241      -0.23  555833987 0.0000e+00
    17.5569    0.01241      -0.23  555833989 0.0000e+00
    17.5620    0.01238      -0.23  555833990 0.0000e+00
    17.5661    0.01240      -0.23  555833992 0.0000e+00
    17.5643    0.01236      -0.23  555833993 0.0000e+00
    17.5569    0.01238      -0.23  555833995 0.0000e+00
    17.5588    0.01235      -0.23  555833996 0.0000e+00
    17.5621    0.01237      -0.23  555833998 0.0000e+00
    17.5570    0.01237      -0.23  555833999 0.0000e+00
    17.5650    0.01234      -0.23  555834001 0.0000e+00
    17.5881    0.01237      -0.24  555834002 0.0000e+00
    17.6071    0.01233      -0.23  555834004 0.0000e+00
    17.6138    0.01234      -0.24  555834006 0.0000e+00
    17.6181    0.01233      -0.23  555834007 0.0000e+00
    17.6254    0.01231      -0.23  555834009 0.0000e+00
    17.6267    0.01231      -0.23  555834010 0.0000e+00
    17.6284    0.01228      -0.24  555834012 0.0000e+00
    17.6223    0.01228      -0.23  555834013 0.0000e+00
    17.6183    0.01227      -0.23  555834015 0.0000e+00
    17.6145    0.01225      -0.23  555834016 0.0000e+00
    17.6175    0.01227      -0.24  555834018 0.0000e+00
    17.6252    0.01223      -0.23  555834019 0.0000e+00
    17.6335    0.01225      -0.24  555834021 0.0000e+00
    17.6314    0.01223      -0.23  555834022 0.0000e+00
    17.6341    0.01223      -0.23  555834024 0.0000e+00
    17.6293    0.01222      -0.23  555834025 0.0000e+00
    17.6253    0.01221      -0.23  555834027 0.0000e+00
    17.6179    0.01221      -0.23  555834028 0.0000e+00
    17.6177    0.01219      -0.24  555834030 0.0000e+00
    17.6233    0.01221      -0.23  555834031 0.0000e+00
    17.6295    0.01218      -0.24  555834033 0.0000e+00
    17.6289    0.01220      -0.23  555834035 0.0000e+00
    17.6259    0.01218      -0.24  555834036 0.0000e+00
    17.6176    0.01216      -0.23  555834038 0.0000e+00
    17.6227    0.01217      -0.24  555834039 0.0000e+00
    17.6143    0.01214      -0.24  555834041 0.0000e+00
    17.6214    0.01216      -0.24  555834042 0.0000e+00
    17.6251    0.01212      -0.23  555834044 0.0000e+00
    17.6290    0.01215      -0.24  555834045 0.0000e+00
    17.6308    0.01211      -0.24  555834047 0.0000e+00
    17.6313    0.01215      -0.24  555834048 0.0000e+00
    17.6366    0.01210      -0.23  555834050 0.0000e+00
    17.6363    0.01214      -0.24  555834051 0.0000e+00
    17.6357    0.01210      -0.23  555834053 0.0000e+00
    17.6411    0.01212      -0.23  555834054 0.0000e+00
    17.6503    0.01209      -0.23  555834056 0.0000e+00
    17.6511    0.01210      -0.24  555834057 0.0000e+00
    17.6545    0.01209      -0.23  555834059 0.0000e+00
    17.6625    0.01208      -0.24  555834060 0.0000e+00
    17.6674    0.01208      -0.23  555834062 0.0000e+00
    17.6690    0.01205      -0.24  555834063 0.0000e+00
    17.6720    0.01206      -0.23  555834065 0.0000e+00
    17.6846    0.01205      -0.24  555834067 0.0000e+00
    17.6934    0.01205      -0.23  555834068 0.0000e+00
    17.6972    0.01205      -0.24  555834070 0.0000e+00
    17.7041    0.01203      -0.23  555834071 0.0000e+00
    17.7098    0.01205      -0.23  555834073 0.0000e+00
    17.7112    0.01203      -0.24  555834074 0.0000e+00
    17.7115    0.01204      -0.24  555834076 0.0000e+00
    17.7037    0.01202      -0.23  555834077 0.0000e+00
    17.6968    0.01204      -0.23  555834079 0.0000e+00
    17.6983    0.01201      -0.23  555834080 0.0000e+00
    17.7024    0.01205      -0.24  555834082 0.0000e+00
    17.6962    0.01201      -0.24  555834083 0.0000e+00
    17.6963    0.01205      -0.23  555834085 0.0000e+00
    17.6927    0.01201      -0.24  555834086 0.0000e+00
    17.6876    0.01204      -0.23  555834088 0.0000e+00
    17.6811    0.01202      -0.23  555834089 0.0000e+00
    17.6640    0.01203      -0.23  555834091 0.0000e+00
    17.6600    0.01201      -0.24  555834092 0.0000e+00
    17.6503    0.01202      -0.24  555834094 0.0000e+00
    17.6438    0.01201      -0.24  555834095 0.0000e+00
    17.6489    0.01200      -0.23  555834097 0.0000e+00
    17.6539    0.01201      -0.23  555834099 0.0000e+00
    17.6533    0.01199      -0.23  555834100 0.0000e+00
    17.6531    0.01201      -0.24  555834102 0.0000e+00
    17.6530    0.01199      -0.23  555834103 0.0000e+00
    17.6407    0.01200      -0.24  555834105 0.0000e+00
    17.6379    0.01198      -0.23  555834106 0.0000e+00
    17.6352    0.01202      -0.24  555834108 0.0000e+00
    17.6368    0.01197      -0.23  555834109 0.0000e+00
    17.6363    0.01202      -0.24  555834111 0.0000e+00
    17.6366    0.01197      -0.23  555834112 0.0000e+00
    17.6443    0.01202      -0.23  555834114 0.0000e+00
    17.6445    0.01198      -0.23  555834115 0.0000e+00
    17.6544    0.01200      -0.23  555834117 0.0000e+00
    17.6533    0.01199      -0.23  555834118 0.0000e+00
    17.6577    0.01199      -0.23  555834120 0.0000e+00
    17.6615    0.01198      -0.23  555834121 0.0000e+00
    17.6707    0.01199      -0.23  555834123 0.0000e+00
    17.6748    0.01197      -0.23  555834124 0.0000e+00
    17.6911    0.01199      -0.23  555834126 0.0000e+00
    17.6926    0.01196      -0.23  555834128 0.0000e+00
    17.6953    0.01199      -0.23  555834129 0.0000e+00
    17.6980    0.01196      -0.23  555834131 0.0000e+00
    17.7020    0.01199      -0.23  555834132 0.0000e+00
    17.7059    0.01196      -0.23  555834134 0.0000e+00
    17.7077    0.01198      -0.23  555834135 0.0000e+00
    17.7015    0.01196      -0.23  555834137 0.0000e+00
    17.7009    0.01198      -0.23  555834138 0.0000e+00
    17.7060    0.01196      -0.23  555834140 0.0000e+00
    17.7074    0.01196      -0.23  555834141 0.0000e+00
    17.7137    0.01197      -0.23  555834143 0.0000e+00
    17.7140    0.01196      -0.24  555834144 0.0000e+00
    17.7178    0.01196      -0.23  555834146 0.0000e+00
    17.7232    0.01196      -0.23  555834147 0.0000e+00
    17.7269    0.01195      -0.23  555834149 0.0000e+00
    17.7276    0.01197      -0.23  555834150 0.0000e+00
    17.7256    0.01194      -0.23  555834152 0.0000e+00
    17.7224    0.01197      -0.24  555834153 0.0000e+00
    17.7187    0.01194      -0.24  555834155 0.0000e+00
    17.7170    0.01197      -0.24  555834157 0.0000e+00
    17.7199    0.01194      -0.24  555834158 0.0000e+00
    17.7275    0.01196      -0.24  555834160 0.0000e+00
    17.7345    0.01195      -0.24  555834161 0.0000e+00
    17.7405    0.01195      -0.24  555834163 0.0000e+00
    17.7449    0.01194      -0.24  555834164 0.0000e+00
    17.7475    0.01196      -0.24  555834166 0.0000e+00
    17.7430    0.01193      -0.24  555834167 0.0000e+00
    17.7396    0.01195      -0.24  555834169 0.0000e+00
    17.7412    0.01194      -0.24  555834170 0.0000e+00
    17.7467    0.01194      -0.24  555834172 0.0000e+00
    17.7498    0.01194      -0.24  555834173 0.0000e+00
    17.7534    0.01193      -0.24  555834175 0.0000e+00
    17.7561    0.01196      -0.24  555834176 0.0000e+00
    17.7570    0.01192      -0.24  555834178 0.0000e+00
    17.7546    0.01196      -0.24  555834179 0.0000e+00
    17.7569    0.01194      -0.24  555834181 0.0000e+00
    17.7587    0.01195      -0.24  555834182 0.0000e+00
    17.7578    0.01195      -0.24  555834184 0.0000e+00
    17.7607    0.01194      -0.24  555834185 0.0000e+00
    17.7605    0.01194      -0.24  555834187 0.0000e+00
    17.7583    0.01194      -0.24  555834189 0.0000e+00
    17.7515    0.01193      -0.24  555834190 0.0000e+00
    17.7424    0.01194      -0.24  555834192 0.0000e+00
    17.7469    0.01194      -0.24  555834193 0.0000e+00
    17.7411    0.01194      -0.24  555834195 0.0000e+00
    17.7391    0.01194      -0.24  555834196 0.0000e+00
    17.7406    0.01193      -0.24  555834198 0.0000e+00
    17.7439    0.01194      -0.24  555834199 0.0000e+00
    17.7477    0.01192      -0.24  555834201 0.0000e+00
    17.7486    0.01193      -0.24  555834202 0.0000e+00
    17.7526    0.01192      -0.24  555834204 0.0000e+00
    17.7560    0.01192      -0.24  555834205 0.0000e+00
    17.7559    0.01192      -0.24  555834207 0.0000e+00
    17.7538    0.01192      -0.24  555834208 0.0000e+00
    17.7571    0.01192      -0.24  555834210 0.0000e+00
    17.7570    0.01192      -0.24  555834211 0.0000e+00
    17.7568    0.01193      -0.24  555834213 0.0000e+00
    17.7578    0.01192      -0.24  555834214 0.0000e+00
    17.7593    0.01194      -0.24  555834216 0.0000e+00
    17.7597    0.01192      -0.24  555834218 0.0000e+00
    17.7592    0.01195      -0.24  555834219 0.0000e+00
    17.7557    0.01193      -0.24  555834221 0.0000e+00
    17.7570    0.01196      -0.24  555834222 0.0000e+00
    17.7611    0.01194      -0.23  555834224 0.0000e+00
    17.7668    0.01195      -0.24  555834225 0.0000e+00
    17.7728    0.01194      -0.24  555834227 0.0000e+00
    17.7738    0.01194      -0.24  555834228 0.0000e+00
    17.7795    0.01194      -0.24  555834230 0.0000e+00
    17.7829    0.01195      -0.24  555834231 0.0000e+00
    17.7841    0.01193      -0.24  555834233 0.0000e+00
    17.7850    0.01194      -0.24  555834234 0.0000e+00
    17.7869    0.01193      -0.23  555834236 0.0000e+00
    17.7866    0.01194      -0.23  555834237 0.0000e+00
    17.7833    0.01193      -0.23  555834239 0.0000e+00
    17.7823    0.01194      -0.24  555834240 0.0000e+00
    17.7821    0.01192      -0.24  555834242 0.0000e+00
    17.7784    0.01195      -0.24  555834243 0.0000e+00
    17.7817    0.01192      -0.24  555834245 0.0000e+00
    17.7860    0.01195      -0.23  555834246 0.0000e+00
    17.7852    0.01194      -0.24  555834248 0.0000e+00
    17.7848    0.01194      -0.23  555834250 0.0000e+00
    17.7869    0.01196      -0.24  555834251 0.0000e+00
    17.7876    0.01193      -0.23  555834253 0.0000e+00
    17.7888    0.01196      -0.23  555834254 0.0000e+00
    17.7863    0.01194      -0.23  555834256 0.0000e+00
    17.7896    0.01195      -0.24  555834257 0.0000e+00
    17.7933    0.01196      -0.23  555834259 0.0000e+00
    17.7914    0.01194      -0.23  555834260 0.0000e+00
    17.7865    0.01196      -0.23  555834262 0.0000e+00
    17.7852    0.01194      -0.24  555834263 0.0000e+00
    17.7865    0.01196      -0.24  555834265 0.0000e+00
    17.7865    0.01195      -0.23  555834266 0.0000e+00
    17.7881    0.01195      -0.24  555834268 0.0000e+00
    17.7909    0.01196      -0.23  555834269 0.0000e+00
    17.7915    0.01195      -0.23  555834271 0.0000e+00
    17.7937    0.01197      -0.23  555834272 0.0000e+00
    17.7926    0.01195      -0.24  555834274 0.0000e+00
    17.7926    0.01197      -0.23  555834275 0.0000e+00
    17.7915    0.01195      -0.23  555834277 0.0000e+00
    17.7898    0.01196      -0.23  555834279 0.0000e+00
    17.8015    0.01196      -0.23  555834280 0.0000e+00
    17.8089    0.01196      -0.23  555834282 0.0000e+00
    17.8159    0.01196      -0.23  555834283 0.0000e+00
    17.8142    0.01196      -0.23  555834285 0.0000e+00
    17.8172    0.01196      -0.23  555834286 0.0000e+00
    17.8128    0.01196      -0.23  555834288 0.0000e+00
    17.8133    0.01196      -0.23  555834289 0.0000e+00
    17.8054    0.01196      -0.23  555834291 0.0000e+00
    17.7999    0.01196      -0.23  555834292 0.0000e+00
    17.8025    0.01195      -0.23  555834294 0.0000e+00
    17.8039    0.01195      -0.23  555834295 0.0000e+00
    17.8010    0.01193      -0.23  555834297 0.0000e+00
    17.7987    0.01195      -0.23  555834298 0.0000e+00
    17.7996    0.01192      -0.23  555834300 0.0000e+00
    17.8029    0.01195      -0.23  555834301 0.0000e+00
    17.8097    0.01192      -0.23  555834303 0.0000e+00
    17.8145    0.01196      -0.23  555834304 0.0000e+00
    17.8170    0.01193      -0.23  555834306 0.0000e+00
    17.8216    0.01195      -0.23  555834307 0.0000e+00
    17.8254    0.01193      -0.23  555834309 0.0000e+00
    17.8271    0.01194      -0.23  555834311 0.0000e+00
    17.8313    0.01194      -0.23  555834312 0.0000e+00
    17.8333    0.01194      -0.23  555834314 0.0000e+00
    17.8326    0.01192      -0.23  555834315 0.0000e+00
    17.8326    0.01196      -0.23  555834317 0.0000e+00
    17.8275    0.01193      -0.23  555834318 0.0000e+00
    17.8162    0.01195      -0.23  555834320 0.0000e+00
    17.8040    0.01193      -0.23  555834321 0.0000e+00
    17.7983    0.01195      -0.23  555834323 0.0000e+00
    17.7968    0.01193      -0.23  555834324 0.0000e+00
    17.7931    0.01195      -0.23  555834326 0.0000e+00
    17.7882    0.01194      -0.23  555834327 0.0000e+00
    17.7837    0.01194      -0.23  555834329 0.0000e+00
    17.7779    0.01195      -0.23  555834330 0.0000e+00
    17.7762    0.01194      -0.23  555834332 0.0000e+00
    17.7709    0.01197      -0.23  555834333 0.0000e+00
    17.7714    0.01194      -0.23  555834335 0.0000e+00
    17.7734    0.01197      -0.23  555834336 0.0000e+00
    17.7743    0.01196      -0.23  555834338 0.0000e+00
    17.7774    0.01196      -0.23  555834340 0.0000e+00
    17.7781    0.01199      -0.23  555834341 0.0000e+00
    17.7782    0.01194      -0.23  555834343 0.0000e+00
    17.7786    0.01201      -0.23  555834344 0.0000e+00
    17.7751    0.01196      -0.23  555834346 0.0000e+00
    17.7786    0.01202      -0.23  555834347 0.0000e+00
    17.7765    0.01198      -0.23  555834349 0.0000e+00
    17.7786    0.01201      -0.23  555834350 0.0000e+00
    17.7746    0.01199      -0.23  555834352 0.0000e+00
    17.7712    0.01201      -0.23  555834353 0.0000e+00
    17.7732    0.01200      -0.23  555834355 0.0000e+00
    17.7750    0.01201      -0.23  555834356 0.0000e+00
    17.7811    0.01201      -0.23  555834358 0.0000e+00
    17.7806    0.01201      -0.23  555834359 0.0000e+00
    17.7785    0.01201      -0.23  555834361 0.0000e+00
    17.7823    0.01200      -0.23  555834362 0.0000e+00
    17.7871    0.01201      -0.23  555834364 0.0000e+00
    17.7911    0.01201      -0.23  555834365 0.0000e+00
    17.7941    0.01202      -0.23  555834367 0.0000e+00
    17.7981    0.01201      -0.23  555834368 0.0000e+00
    17.7999    0.01203      -0.23  555834370 0.0000e+00
    17.7981    0.01203      -0.23  555834372 0.0000e+00
    17.7984    0.01203      -0.23  555834373 0.0000e+00
    17.7966    0.01205      -0.23  555834375 0.0000e+00
    17.7957    0.01203      -0.23  555834376 0.0000e+00
    17.7987    0.01206      -0.23  555834378 0.0000e+00
    17.8021    0.01203      -0.23  555834379 0.0000e+00
    17.8012    0.01204      -0.23  555834381 0.0000e+00
    17.8056    0.01203      -0.23  555834382 0.0000e+00
    17.8122    0.01205      -0.23  555834384 0.0000e+00
    17.8174    0.01202      -0.23  555834385 0.0000e+00
    17.8215    0.01207      -0.23  555834387 0.0000e+00
    17.8232    0.01202      -0.23  555834388 0.0000e+00
    17.8230    0.01208      -0.23  555834390 0.0000e+00
    17.8230    0.01201      -0.23  555834391 0.0000e+00
    17.8252    0.01208      -0.23  555834393 0.0000e+00
    17.8265    0.01203      -0.23  555834394 0.0000e+00
    17.8291    0.01207      -0.23  555834396 0.0000e+00
    17.8254    0.01205      -0.23  555834397 0.0000e+00
    17.8265    0.01206      -0.23  555834399 0.0000e+00
    17.8298    0.01206      -0.23  555834401 0.0000e+00
    17.8281    0.01204      -0.23  555834402 0.0000e+00
    17.8319    0.01205      -0.23  555834404 0.0000e+00
    17.8410    0.01206      -0.23  555834405 0.0000e+00
    17.8422    0.01204      -0.23  555834407 0.0000e+00
    17.8459    0.01207      -0.23  555834408 0.0000e+00
