Code/Hansen Zooplankton Code and Sample Data/data/ctd/gsl_10_SBE37SI-RS232_03706156_2017_08_08_final.cnv
* Sea-Bird SBE37SI-RS232  Data File:
* FileName = C:\Users\General Lab Use\Desktop\SHELAGH CTD 2017\gsl_10_SBE37SI-RS232_03706156_2017_08_08.cnv
* Software version 1.00d
* Temperature SN = 6156
* Conductivity SN = 6156
* System UpLoad Time = Aug 08 2017 16:32:06
* <ApplicationData>
* <Seaterm232>
# nquan = 7                                 
# nvalues = 1991                        
# units = specified
# name 0 = t090C: Temperature [ITS-90, deg C]
# name 1 = c0S/m: Conductivity [S/m]
# name 2 = prM: Pressure [db]
# name 3 = timeK: Time, Seacat Plus [seconds]
# name 4 = sal00: Salinity [PSU]
# name 5 = sigma-t00: Density [sigma-t, Kg/m^3 ]
# name 6 = flag: flag
# span 0 =     0.0970,    17.0813       
# span 1 =   0.000290,   3.488430       
# span 2 =     -0.310,    104.590       
# span 3 =  555511157,  555514191       
# span 4 =     0.0089,    32.4197       
# span 5 =    -1.2125,    25.9767       
# span 6 = 0.0000e+00, 0.0000e+00       
# interval = seconds: 6.000000
# start_time = Aug 08 2017 12:39:17
# bad_flag = -9.990e-29
*END*
[from data line 1231]
    15.6119   0.006920     -0.300  555513032     0.0427    -0.9604 0.0000e+00
    15.5984   0.006910     -0.300  555513034     0.0426    -0.9583 0.0000e+00
    15.5787   0.006900     -0.300  555513035     0.0426    -0.9552 0.0000e+00
    15.6168   0.006880     -0.300  555513037     0.0424    -0.9613 0.0000e+00
    15.5934   0.006830     -0.300  555513038     0.0422    -0.9578 0.0000e+00
    15.5751   0.006810     -0.300  555513040     0.0421    -0.9550 0.0000e+00
    15.6210   0.006800     -0.300  555513041     0.0420    -0.9623 0.0000e+00
    15.6458   0.006790     -0.300  555513043     0.0419    -0.9663 0.0000e+00
    15.6205   0.006770     -0.300  555513044     0.0418    -0.9624 0.0000e+00
    15.6096   0.006750     -0.300  555513046     0.0417    -0.9607 0.0000e+00
    15.6072   0.006740     -0.300  555513047     0.0417    -0.9604 0.0000e+00
    15.5905   0.006730     -0.300  555513049     0.0416    -0.9578 0.0000e+00
    15.5831   0.006720     -0.300  555513050     0.0416    -0.9567 0.0000e+00
    15.5785   0.006700     -0.300  555513052     0.0415    -0.9560 0.0000e+00
    15.6009   0.006690     -0.300  555513053     0.0414    -0.9596 0.0000e+00
    15.6373   0.006690     -0.300  555513055     0.0414    -0.9654 0.0000e+00
    15.6042   0.006670     -0.300  555513056     0.0413    -0.9602 0.0000e+00
    15.5764   0.006660     -0.300  555513058     0.0412    -0.9559 0.0000e+00
    15.5694   0.006650     -0.300  555513060     0.0412    -0.9548 0.0000e+00
    15.5682   0.006640     -0.300  555513061     0.0411    -0.9547 0.0000e+00
    15.6664   0.006630     -0.300  555513063     0.0410    -0.9703 0.0000e+00
    15.6561   0.006610     -0.300  555513064     0.0409    -0.9687 0.0000e+00
    15.6425   0.006610     -0.300  555513066     0.0409    -0.9666 0.0000e+00
    15.6673   0.006590     -0.300  555513067     0.0408    -0.9706 0.0000e+00
    15.7146   0.006580     -0.300  555513069     0.0407    -0.9782 0.0000e+00
    15.7022   0.006570     -0.300  555513070     0.0407    -0.9762 0.0000e+00
    15.6853   0.006560     -0.300  555513072     0.0406    -0.9736 0.0000e+00
    15.6829   0.006550     -0.300  555513073     0.0406    -0.9733 0.0000e+00
    15.6541   0.006550     -0.300  555513075     0.0406    -0.9687 0.0000e+00
    15.6387   0.006540     -0.300  555513076     0.0405    -0.9663 0.0000e+00
    15.6235   0.006520     -0.300  555513078     0.0404    -0.9639 0.0000e+00
    15.7016   0.006520     -0.300  555513079     0.0404    -0.9764 0.0000e+00
    15.6955   0.006510     -0.300  555513081     0.0403    -0.9754 0.0000e+00
    15.6838   0.006510     -0.300  555513082     0.0404    -0.9736 0.0000e+00
    15.6803   0.006520     -0.300  555513084     0.0404    -0.9730 0.0000e+00
    15.6680   0.006510     -0.300  555513085     0.0404    -0.9710 0.0000e+00
    15.6643   0.006500     -0.300  555513087     0.0403    -0.9705 0.0000e+00
    15.7411   0.006500     -0.300  555513088     0.0403    -0.9828 0.0000e+00
    15.8521   0.006490     -0.300  555513090     0.0402    -1.0006 0.0000e+00
    15.8308   0.006490     -0.300  555513092     0.0402    -0.9972 0.0000e+00
    15.8111   0.006480     -0.300  555513093     0.0401    -0.9941 0.0000e+00
    15.8239   0.006480     -0.300  555513095     0.0401    -0.9961 0.0000e+00
    15.8047   0.006480     -0.300  555513096     0.0401    -0.9930 0.0000e+00
    15.8420   0.006470     -0.300  555513098     0.0400    -0.9991 0.0000e+00
    15.8311   0.006470     -0.300  555513099     0.0401    -0.9973 0.0000e+00
    15.8322   0.006470     -0.300  555513101     0.0401    -0.9975 0.0000e+00
    15.8233   0.006460     -0.300  555513102     0.0400    -0.9961 0.0000e+00
    15.8459   0.006460     -0.300  555513104     0.0400    -0.9998 0.0000e+00
    15.8438   0.006460     -0.300  555513105     0.0400    -0.9994 0.0000e+00
    15.8412   0.006450     -0.300  555513107     0.0399    -0.9990 0.0000e+00
    15.8953   0.006450     -0.300  555513108     0.0399    -1.0078 0.0000e+00
    15.9249   0.006460     -0.300  555513110     0.0400    -1.0125 0.0000e+00
    15.9189   0.006440     -0.300  555513111     0.0398    -1.0116 0.0000e+00
    15.8800   0.006440     -0.300  555513113     0.0399    -1.0053 0.0000e+00
    15.8594   0.006440     -0.300  555513114     0.0399    -1.0020 0.0000e+00
    15.8502   0.006430     -0.300  555513116     0.0398    -1.0006 0.0000e+00
    15.9022   0.006430     -0.300  555513117     0.0398    -1.0090 0.0000e+00
    15.9123   0.006420     -0.300  555513119     0.0397    -1.0107 0.0000e+00
    15.8955   0.006410     -0.300  555513120     0.0397    -1.0080 0.0000e+00
    15.8906   0.006410     -0.300  555513122     0.0397    -1.0072 0.0000e+00
    15.8745   0.006410     -0.300  555513124     0.0397    -1.0046 0.0000e+00
    15.8895   0.006400     -0.300  555513125     0.0396    -1.0070 0.0000e+00
    15.8737   0.006400     -0.300  555513127     0.0397    -1.0045 0.0000e+00
    15.8685   0.006390     -0.300  555513128     0.0396    -1.0037 0.0000e+00
    15.8494   0.006390     -0.300  555513130     0.0396    -1.0006 0.0000e+00
    15.8334   0.006400     -0.300  555513131     0.0397    -0.9980 0.0000e+00
    15.8432   0.006380     -0.300  555513133     0.0396    -0.9997 0.0000e+00
    15.8108   0.006380     -0.300  555513134     0.0396    -0.9944 0.0000e+00
    15.7792   0.006380     -0.300  555513136     0.0396    -0.9894 0.0000e+00
    15.7508   0.006370     -0.300  555513137     0.0396    -0.9849 0.0000e+00
    15.7708   0.006360     -0.300  555513139     0.0395    -0.9881 0.0000e+00
    15.7580   0.006340     -0.300  555513140     0.0394    -0.9861 0.0000e+00
    15.7379   0.006340     -0.300  555513142     0.0394    -0.9829 0.0000e+00
    15.7754   0.006340     -0.300  555513143     0.0394    -0.9889 0.0000e+00
    15.8290   0.006330     -0.300  555513145     0.0393    -0.9976 0.0000e+00
    15.8113   0.006330     -0.300  555513146     0.0393    -0.9947 0.0000e+00
    15.8054   0.006330     -0.300  555513148     0.0393    -0.9938 0.0000e+00
    15.7877   0.006330     -0.300  555513149     0.0393    -0.9909 0.0000e+00
    15.7753   0.006330     -0.300  555513151     0.0393    -0.9890 0.0000e+00
    15.7721   0.006320     -0.300  555513152     0.0393    -0.9885 0.0000e+00
    15.7540   0.006310     -0.300  555513154     0.0392    -0.9856 0.0000e+00
    15.7638   0.006310     -0.300  555513156     0.0392    -0.9872 0.0000e+00
    15.7639   0.006310     -0.300  555513157     0.0392    -0.9872 0.0000e+00
    15.7505   0.006300     -0.300  555513159     0.0392    -0.9851 0.0000e+00
    15.7505   0.006290     -0.300  555513160     0.0391    -0.9852 0.0000e+00
    15.7613   0.006290     -0.300  555513162     0.0391    -0.9869 0.0000e+00
    15.8076   0.006300     -0.300  555513163     0.0391    -0.9943 0.0000e+00
    15.7791   0.006290     -0.300  555513165     0.0391    -0.9897 0.0000e+00
    15.7472   0.006290     -0.300  555513166     0.0391    -0.9846 0.0000e+00
    15.7357   0.006290     -0.300  555513168     0.0391    -0.9828 0.0000e+00
    15.7529   0.006280     -0.300  555513169     0.0391    -0.9856 0.0000e+00
    15.7460   0.006280     -0.300  555513171     0.0391    -0.9845 0.0000e+00
    15.7716   0.006270     -0.300  555513172     0.0390    -0.9886 0.0000e+00
    15.7618   0.006280     -0.300  555513174     0.0391    -0.9870 0.0000e+00
    15.7434   0.006270     -0.300  555513175     0.0390    -0.9841 0.0000e+00
    15.7342   0.006270     -0.300  555513177     0.0390    -0.9826 0.0000e+00
    15.7358   0.006260     -0.300  555513178     0.0390    -0.9829 0.0000e+00
    15.7626   0.006260     -0.300  555513180     0.0389    -0.9872 0.0000e+00
    15.7948   0.006260     -0.300  555513181     0.0389    -0.9924 0.0000e+00
    15.7738   0.006250     -0.300  555513183     0.0389    -0.9891 0.0000e+00
    15.7689   0.006240     -0.300  555513185     0.0388    -0.9883 0.0000e+00
    15.7836   0.006250     -0.300  555513186     0.0389    -0.9906 0.0000e+00
    15.8051   0.006240     -0.300  555513188     0.0388    -0.9941 0.0000e+00
    15.8000   0.006240     -0.300  555513189     0.0388    -0.9933 0.0000e+00
    15.8300   0.006230     -0.300  555513191     0.0387    -0.9982 0.0000e+00
    15.8317   0.006240     -0.300  555513192     0.0388    -0.9984 0.0000e+00
    15.8247   0.006230     -0.300  555513194     0.0387    -0.9973 0.0000e+00
    15.8600   0.006220     -0.290  555513195     0.0387    -1.0030 0.0000e+00
    15.8970   0.006220     -0.300  555513197     0.0387    -1.0090 0.0000e+00
    15.9193   0.006220     -0.300  555513198     0.0386    -1.0126 0.0000e+00
    15.9690   0.006230     -0.300  555513200     0.0387    -1.0207 0.0000e+00
    15.9947   0.006220     -0.300  555513201     0.0386    -1.0249 0.0000e+00
    15.9714   0.006210     -0.300  555513203     0.0386    -1.0211 0.0000e+00
    15.9855   0.006220     -0.300  555513204     0.0386    -1.0234 0.0000e+00
    15.9812   0.006210     -0.300  555513206     0.0386    -1.0227 0.0000e+00
    15.9911   0.006210     -0.300  555513207     0.0386    -1.0243 0.0000e+00
    15.9839   0.006200     -0.290  555513209     0.0385    -1.0232 0.0000e+00
    15.9674   0.006200     -0.300  555513210     0.0385    -1.0205 0.0000e+00
    15.9380   0.006200     -0.300  555513212     0.0385    -1.0157 0.0000e+00
    15.9420   0.006200     -0.300  555513214     0.0385    -1.0164 0.0000e+00
    15.9376   0.006200     -0.300  555513215     0.0385    -1.0157 0.0000e+00
    15.9464   0.006190     -0.300  555513217     0.0385    -1.0172 0.0000e+00
    15.9895   0.006200     -0.300  555513218     0.0385    -1.0241 0.0000e+00
    16.0151   0.006200     -0.290  555513220     0.0385    -1.0283 0.0000e+00
    16.0010   0.006190     -0.300  555513221     0.0384    -1.0260 0.0000e+00
    15.9909   0.006190     -0.290  555513223     0.0384    -1.0244 0.0000e+00
    16.0373   0.006190     -0.300  555513224     0.0384    -1.0320 0.0000e+00
    16.0554   0.006190     -0.300  555513226     0.0384    -1.0349 0.0000e+00
    16.0760   0.006190     -0.300  555513227     0.0384    -1.0383 0.0000e+00
    16.0368   0.006170     -0.300  555513229     0.0383    -1.0320 0.0000e+00
    16.1240   0.006180     -0.300  555513230     0.0383    -1.0462 0.0000e+00
    16.1930   0.006180     -0.300  555513232     0.0383    -1.0576 0.0000e+00
    16.1970   0.006170     -0.290  555513233     0.0382    -1.0583 0.0000e+00
    16.2801   0.006170     -0.300  555513235     0.0382    -1.0720 0.0000e+00
    16.2712   0.006170     -0.300  555513236     0.0382    -1.0706 0.0000e+00
    16.2558   0.006170     -0.300  555513238     0.0382    -1.0680 0.0000e+00
    16.2229   0.006170     -0.300  555513239     0.0382    -1.0626 0.0000e+00
    16.1648   0.006170     -0.300  555513241     0.0383    -1.0530 0.0000e+00
    16.1818   0.006170     -0.300  555513242     0.0382    -1.0558 0.0000e+00
    16.2075   0.006180     -0.300  555513244     0.0383    -1.0600 0.0000e+00
    16.1104   0.006170     -0.300  555513246     0.0383    -1.0440 0.0000e+00
    16.1073   0.006170     -0.300  555513247     0.0383    -1.0435 0.0000e+00
    16.0585   0.006170     -0.290  555513249     0.0383    -1.0355 0.0000e+00
    16.0963   0.006180     -0.300  555513250     0.0383    -1.0417 0.0000e+00
    16.1415   0.006180     -0.300  555513252     0.0383    -1.0491 0.0000e+00
    16.1737   0.006170     -0.300  555513253     0.0383    -1.0544 0.0000e+00
    16.1583   0.006170     -0.300  555513255     0.0383    -1.0519 0.0000e+00
    16.1190   0.006180     -0.300  555513256     0.0383    -1.0454 0.0000e+00
    16.1266   0.006180     -0.300  555513258     0.0383    -1.0466 0.0000e+00
    16.1146   0.006180     -0.300  555513259     0.0383    -1.0447 0.0000e+00
    16.1121   0.006170     -0.300  555513261     0.0383    -1.0443 0.0000e+00
    16.1226   0.006170     -0.300  555513262     0.0383    -1.0460 0.0000e+00
    16.1555   0.006170     -0.290  555513264     0.0383    -1.0514 0.0000e+00
    16.1524   0.006170     -0.300  555513265     0.0383    -1.0509 0.0000e+00
    16.1771   0.006170     -0.300  555513267     0.0383    -1.0550 0.0000e+00
    16.1645   0.006160     -0.300  555513268     0.0382    -1.0530 0.0000e+00
    16.1466   0.006160     -0.290  555513270     0.0382    -1.0500 0.0000e+00
    16.0716   0.006170     -0.300  555513271     0.0383    -1.0376 0.0000e+00
    16.0618   0.006160     -0.300  555513273     0.0383    -1.0361 0.0000e+00
    16.0385   0.006150     -0.300  555513274     0.0382    -1.0323 0.0000e+00
    16.0522   0.006160     -0.300  555513276     0.0383    -1.0345 0.0000e+00
    16.0047   0.006160     -0.290  555513278     0.0383    -1.0268 0.0000e+00
    15.9871   0.006160     -0.300  555513279     0.0383    -1.0239 0.0000e+00
    15.9495   0.006150     -0.300  555513281     0.0383    -1.0178 0.0000e+00
    15.9710   0.006150     -0.300  555513282     0.0382    -1.0213 0.0000e+00
    15.9698   0.006150     -0.300  555513284     0.0382    -1.0211 0.0000e+00
    15.9610   0.006150     -0.300  555513285     0.0382    -1.0197 0.0000e+00
    15.9714   0.006140     -0.300  555513287     0.0382    -1.0214 0.0000e+00
    15.9963   0.006140     -0.300  555513288     0.0382    -1.0255 0.0000e+00
    15.9764   0.006140     -0.290  555513290     0.0382    -1.0222 0.0000e+00
    15.9565   0.006140     -0.290  555513291     0.0382    -1.0190 0.0000e+00
    15.9950   0.006130     -0.300  555513293     0.0381    -1.0253 0.0000e+00
    15.9913   0.006130     -0.290  555513294     0.0381    -1.0247 0.0000e+00
    16.0541   0.006130     -0.300  555513296     0.0381    -1.0350 0.0000e+00
    16.1120   0.006130     -0.290  555513297     0.0381    -1.0444 0.0000e+00
    16.1276   0.006130     -0.300  555513299     0.0381    -1.0470 0.0000e+00
    16.1307   0.006120     -0.290  555513300     0.0380    -1.0476 0.0000e+00
    16.1224   0.006130     -0.290  555513302     0.0381    -1.0461 0.0000e+00
    16.1142   0.006120     -0.290  555513303     0.0380    -1.0448 0.0000e+00
    16.1552   0.006110     -0.300  555513305     0.0379    -1.0516 0.0000e+00
    16.1588   0.006110     -0.290  555513307     0.0379    -1.0522 0.0000e+00
    16.1825   0.006110     -0.290  555513308     0.0379    -1.0561 0.0000e+00
    16.2432   0.006110     -0.290  555513310     0.0379    -1.0662 0.0000e+00
    16.2753   0.006100     -0.300  555513311     0.0378    -1.0715 0.0000e+00
    16.4112   0.006100     -0.290  555513313     0.0378    -1.0942 0.0000e+00
    16.5090   0.006100     -0.300  555513314     0.0377    -1.1107 0.0000e+00
    16.4994   0.006090     -0.300  555513316     0.0377    -1.1091 0.0000e+00
    16.5550   0.006090     -0.300  555513317     0.0376    -1.1185 0.0000e+00
    16.5708   0.006080     -0.300  555513319     0.0376    -1.1212 0.0000e+00
    16.5703   0.006090     -0.300  555513320     0.0376    -1.1211 0.0000e+00
    16.5699   0.006080     -0.300  555513322     0.0376    -1.1210 0.0000e+00
    16.6895   0.006070     -0.290  555513323     0.0375    -1.1414 0.0000e+00
    16.7524   0.006080     -0.300  555513325     0.0375    -1.1521 0.0000e+00
    16.7663   0.006070     -0.290  555513326     0.0374    -1.1546 0.0000e+00
    16.7460   0.006060     -0.290  555513328     0.0374    -1.1511 0.0000e+00
    16.7194   0.006060     -0.300  555513329     0.0374    -1.1466 0.0000e+00
    16.7090   0.006060     -0.290  555513331     0.0374    -1.1448 0.0000e+00
    16.7044   0.006060     -0.290  555513332     0.0374    -1.1440 0.0000e+00
    16.6902   0.006050     -0.290  555513334     0.0374    -1.1416 0.0000e+00
    16.6664   0.006050     -0.290  555513335     0.0374    -1.1376 0.0000e+00
    16.6645   0.006050     -0.290  555513337     0.0374    -1.1372 0.0000e+00
    16.6529   0.006040     -0.300  555513339     0.0373    -1.1353 0.0000e+00
    16.6637   0.006040     -0.290  555513340     0.0373    -1.1371 0.0000e+00
    16.5861   0.006040     -0.290  555513342     0.0374    -1.1239 0.0000e+00
