Code/Hansen Zooplankton Code and Sample Data/data/ctd/gsl_03_SBE37SI-RS232_03706156_2017_07_05_final.cnv
* Sea-Bird SBE37SI-RS232  Data File:
* FileName = C:\Users\General Lab Use\Desktop\SHELAGH CTD 2017\gsl_03_SBE37SI-RS232_03706156_2017_07_05.cnv
* Software version 1.00d
* Temperature SN = 6156
* Conductivity SN = 6156
* System UpLoad Time = Jul 05 2017 12:41:05
* <ApplicationData>
* <Seaterm232>
# nquan = 7                                 
# nvalues = 1164                        
# units = specified
# name 0 = t090C: Temperature [ITS-90, deg C]
# name 1 = c0S/m: Conductivity [S/m]
# name 2 = prM: Pressure [db]
# name 3 = timeK: Time, Seacat Plus [seconds]
# name 4 = sal00: Salinity [PSU]
# name 5 = sigma-t00: Density [sigma-t, Kg/m^3 ]
# name 6 = flag: flag
# span 0 =    -0.1974,    15.7360       
# span 1 =   0.001340,   3.148850       
# span 2 =     -0.240,     87.600       
# span 3 =  552546502,  552548270       
# span 4 =     0.0130,    32.6075       
# span 5 =    -0.9609,    26.0940       
# span 6 = 0.0000e+00, 0.0000e+00       
# interval = seconds: 6.000000
# start_time = Jul 05 2017 05:08:22
# bad_flag = -9.990e-29
*END*
[from data line 1026]
    13.4178   0.027130     -0.220  552548061     0.1680    -0.5442 0.0000e+00
    13.4451   0.027260     -0.220  552548062     0.1687    -0.5473 0.0000e+00
    13.4315   0.027020     -0.220  552548064     0.1672    -0.5466 0.0000e+00
    13.4161   0.027220     -0.220  552548065     0.1686    -0.5436 0.0000e+00
    13.4042   0.027210     -0.220  552548067     0.1685    -0.5420 0.0000e+00
    13.3864   0.027130     -0.220  552548068     0.1681    -0.5400 0.0000e+00
    13.4143   0.027250     -0.220  552548070     0.1688    -0.5432 0.0000e+00
    13.4243   0.027460     -0.220  552548071     0.1700    -0.5435 0.0000e+00
    13.4175   0.027260     -0.220  552548073     0.1688    -0.5435 0.0000e+00
    13.4299   0.027600     -0.220  552548074     0.1709    -0.5436 0.0000e+00
    13.4562   0.027460     -0.220  552548076     0.1699    -0.5478 0.0000e+00
    13.4472   0.027650     -0.220  552548077     0.1711    -0.5457 0.0000e+00
    13.4572   0.027450     -0.220  552548079     0.1698    -0.5480 0.0000e+00
    13.4527   0.027760     -0.220  552548080     0.1718    -0.5459 0.0000e+00
    13.4563   0.027720     -0.220  552548082     0.1715    -0.5466 0.0000e+00
    13.4603   0.027780     -0.220  552548083     0.1719    -0.5468 0.0000e+00
    13.4598   0.027970     -0.220  552548085     0.1731    -0.5458 0.0000e+00
    13.4440   0.028030     -0.220  552548086     0.1735    -0.5434 0.0000e+00
    13.4336   0.028060     -0.220  552548088     0.1738    -0.5418 0.0000e+00
    13.4336   0.028330     -0.220  552548090     0.1755    -0.5405 0.0000e+00
    13.4243   0.028330     -0.220  552548091     0.1755    -0.5392 0.0000e+00
    13.4158   0.028850     -0.220  552548093     0.1788    -0.5355 0.0000e+00
    13.4231   0.029010     -0.220  552548094     0.1798    -0.5357 0.0000e+00
    13.4303   0.029690     -0.220  552548096     0.1841    -0.5333 0.0000e+00
    13.4344   0.029680     -0.220  552548097     0.1840    -0.5340 0.0000e+00
    13.4479   0.031120     -0.220  552548099     0.1930    -0.5287 0.0000e+00
    13.4479   0.030770     -0.220  552548100     0.1908    -0.5304 0.0000e+00
    13.4365   0.032070     -0.220  552548102     0.1991    -0.5225 0.0000e+00
    13.4368   0.031660     -0.220  552548103     0.1965    -0.5245 0.0000e+00
    13.4429   0.032000     -0.220  552548105     0.1986    -0.5237 0.0000e+00
    13.4595   0.038320     -0.230  552548106     0.2388    -0.4946 0.0000e+00
    13.4780   0.036580     -0.230  552548108     0.2276    -0.5058 0.0000e+00
    13.4783   0.035090     -0.230  552548109     0.2181    -0.5132 0.0000e+00
    13.4211   0.029480     -0.230  552548111     0.1828    -0.5331 0.0000e+00
    13.3479   0.026660     -0.230  552548112     0.1653    -0.5371 0.0000e+00
    13.3220   0.025640     -0.230  552548114     0.1590    -0.5386 0.0000e+00
    13.3072   0.024030     -0.230  552548115     0.1489    -0.5445 0.0000e+00
    13.3051   0.023260     -0.230  552548117     0.1441    -0.5480 0.0000e+00
    13.3116   0.022800     -0.230  552548118     0.1412    -0.5511 0.0000e+00
    13.3254   0.022640     -0.220  552548120     0.1402    -0.5537 0.0000e+00
    13.3222   0.022590     -0.230  552548121     0.1398    -0.5536 0.0000e+00
    13.3242   0.022350     -0.230  552548123     0.1383    -0.5550 0.0000e+00
    13.3301   0.022340     -0.230  552548124     0.1383    -0.5558 0.0000e+00
    13.3340   0.022060     -0.230  552548126     0.1365    -0.5577 0.0000e+00
    13.3198   0.022400     -0.230  552548127     0.1387    -0.5542 0.0000e+00
    13.3066   0.022050     -0.230  552548129     0.1365    -0.5541 0.0000e+00
    13.3068   0.021940     -0.230  552548131     0.1358    -0.5547 0.0000e+00
    13.3083   0.021870     -0.230  552548132     0.1354    -0.5552 0.0000e+00
    13.3025   0.022090     -0.230  552548134     0.1368    -0.5534 0.0000e+00
    13.2908   0.021860     -0.230  552548135     0.1354    -0.5529 0.0000e+00
    13.2786   0.022150     -0.230  552548137     0.1372    -0.5499 0.0000e+00
    13.2658   0.022010     -0.230  552548138     0.1364    -0.5489 0.0000e+00
    13.2677   0.022210     -0.230  552548140     0.1376    -0.5482 0.0000e+00
    13.2608   0.021790     -0.230  552548141     0.1350    -0.5493 0.0000e+00
    13.2636   0.022010     -0.230  552548143     0.1364    -0.5486 0.0000e+00
    13.2673   0.021890     -0.220  552548144     0.1356    -0.5497 0.0000e+00
    13.2610   0.021380     -0.230  552548146     0.1325    -0.5513 0.0000e+00
    13.2492   0.021510     -0.220  552548147     0.1333    -0.5491 0.0000e+00
    13.2388   0.021360     -0.230  552548149     0.1324    -0.5485 0.0000e+00
    13.2452   0.021510     -0.230  552548150     0.1333    -0.5486 0.0000e+00
    13.2561   0.021140     -0.230  552548152     0.1310    -0.5518 0.0000e+00
    13.2639   0.021700     -0.220  552548153     0.1345    -0.5501 0.0000e+00
    13.2568   0.021070     -0.230  552548155     0.1306    -0.5523 0.0000e+00
    13.2490   0.021990     -0.230  552548156     0.1363    -0.5467 0.0000e+00
    13.2647   0.021510     -0.230  552548158     0.1333    -0.5512 0.0000e+00
    13.2936   0.021760     -0.230  552548159     0.1348    -0.5538 0.0000e+00
    13.3072   0.021280     -0.230  552548161     0.1317    -0.5579 0.0000e+00
    13.3100   0.021820     -0.230  552548162     0.1351    -0.5557 0.0000e+00
    13.3190   0.041590     -0.230  552548164     0.2607    -0.4590 0.0000e+00
    13.3541   0.097400     -0.230  552548166     0.6290    -0.1773 0.0000e+00
    13.3925   0.124950     -0.230  552548167     0.8151    -0.0378 0.0000e+00
    13.4300   0.146090     -0.230  552548169     0.9593     0.0690 0.0000e+00
    13.4885   0.103530     -0.230  552548170     0.6680    -0.1649 0.0000e+00
    13.5600   0.083310     -0.230  552548172     0.5317    -0.2804 0.0000e+00
    13.6215   0.067720     -0.230  552548173     0.4280    -0.3692 0.0000e+00
    13.6413   0.056730     -0.230  552548175     0.3561    -0.4278 0.0000e+00
    13.6857   0.050310     -0.230  552548176     0.3142    -0.4664 0.0000e+00
    13.7385   0.047960     -0.230  552548178     0.2987    -0.4856 0.0000e+00
    13.7804   0.058710     -0.230  552548179     0.3677    -0.4377 0.0000e+00
    13.7759   0.048670     -0.230  552548181     0.3030    -0.4874 0.0000e+00
    13.8211   0.044590     -0.230  552548182     0.2766    -0.5141 0.0000e+00
    13.8240   0.053670     -0.230  552548184     0.3348    -0.4693 0.0000e+00
    13.9009   0.048250     -0.230  552548185     0.2994    -0.5074 0.0000e+00
    13.9740   0.045930     -0.230  552548187     0.2840    -0.5295 0.0000e+00
    14.0455   0.042690     -0.230  552548188     0.2630    -0.5558 0.0000e+00
    14.1209   0.044800     -0.230  552548190     0.2758    -0.5564 0.0000e+00
    14.1507   0.053760     -0.240  552548191     0.3326    -0.5166 0.0000e+00
    14.1879   0.050090     -0.240  552548193     0.3089    -0.5402 0.0000e+00
    14.1641   0.040430     -0.240  552548194     0.2480    -0.5842 0.0000e+00
    14.1607   0.037380     -0.240  552548196     0.2288    -0.5986 0.0000e+00
    14.1609   0.034390     -0.240  552548197     0.2101    -0.6131 0.0000e+00
    14.1389   0.032060     -0.240  552548199     0.1957    -0.6212 0.0000e+00
    14.1259   0.030280     -0.240  552548200     0.1847    -0.6280 0.0000e+00
    14.1135   0.029210     -0.230  552548202     0.1781    -0.6313 0.0000e+00
    14.1021   0.028240     -0.240  552548203     0.1721    -0.6344 0.0000e+00
    14.0970   0.027040     -0.240  552548205     0.1647    -0.6394 0.0000e+00
    14.1204   0.026130     -0.240  552548207     0.1590    -0.6471 0.0000e+00
    14.1351   0.025480     -0.240  552548208     0.1550    -0.6524 0.0000e+00
    14.1526   0.024840     -0.240  552548210     0.1510    -0.6579 0.0000e+00
    14.1353   0.024170     -0.240  552548211     0.1469    -0.6586 0.0000e+00
    14.1233   0.023950     -0.240  552548213     0.1456    -0.6580 0.0000e+00
    14.1188   0.023240     -0.240  552548214     0.1413    -0.6607 0.0000e+00
    14.1115   0.025310     -0.240  552548216     0.1540    -0.6498 0.0000e+00
    14.1074   0.025140     -0.230  552548217     0.1530    -0.6500 0.0000e+00
    14.1167   0.024180     -0.230  552548219     0.1470    -0.6559 0.0000e+00
    14.1184   0.023360     -0.230  552548220     0.1420    -0.6601 0.0000e+00
    14.1566   0.023450     -0.230  552548222     0.1424    -0.6651 0.0000e+00
    14.1827   0.023780     -0.230  552548223     0.1444    -0.6673 0.0000e+00
    14.1693   0.024220     -0.230  552548225     0.1471    -0.6633 0.0000e+00
    14.1683   0.023840     -0.230  552548226     0.1448    -0.6650 0.0000e+00
    14.1637   0.023870     -0.230  552548228     0.1450    -0.6642 0.0000e+00
    14.1368   0.026250     -0.230  552548229     0.1597    -0.6489 0.0000e+00
    14.1341   0.025520     -0.230  552548231     0.1552    -0.6520 0.0000e+00
    14.1319   0.024980     -0.230  552548232     0.1519    -0.6543 0.0000e+00
    14.1168   0.024890     -0.230  552548234     0.1514    -0.6525 0.0000e+00
    14.1526   0.024650     -0.230  552548235     0.1498    -0.6588 0.0000e+00
    14.1171   0.024520     -0.230  552548237     0.1491    -0.6544 0.0000e+00
    14.0838   0.024590     -0.230  552548238     0.1497    -0.6493 0.0000e+00
    14.0644   0.024210     -0.230  552548240     0.1474    -0.6483 0.0000e+00
    14.0407   0.024230     -0.230  552548241     0.1476    -0.6448 0.0000e+00
    14.0150   0.024010     -0.230  552548243     0.1463    -0.6422 0.0000e+00
    14.0127   0.024150     -0.230  552548245     0.1472    -0.6412 0.0000e+00
    14.0521   0.022990     -0.230  552548246     0.1399    -0.6524 0.0000e+00
    14.0855   0.021820     -0.230  552548248     0.1327    -0.6627 0.0000e+00
    14.0506   0.021370     -0.230  552548249     0.1300    -0.6599 0.0000e+00
    14.0104   0.020990     -0.230  552548251     0.1278    -0.6560 0.0000e+00
    13.9713   0.020660     -0.230  552548252     0.1259    -0.6520 0.0000e+00
    13.9300   0.020440     -0.230  552548254     0.1247    -0.6473 0.0000e+00
    13.8902   0.020240     -0.230  552548255     0.1236    -0.6426 0.0000e+00
    13.8531   0.020150     -0.230  552548257     0.1231    -0.6379 0.0000e+00
    13.7955   0.019940     -0.230  552548260     0.1220    -0.6308 0.0000e+00
    13.7632   0.019780     -0.230  552548261     0.1211    -0.6271 0.0000e+00
    13.7336   0.019640     -0.230  552548263     0.1203    -0.6237 0.0000e+00
    13.7059   0.019490     -0.230  552548264     0.1195    -0.6206 0.0000e+00
    13.6843   0.019280     -0.230  552548266     0.1182    -0.6186 0.0000e+00
    13.6650   0.019120     -0.230  552548267     0.1173    -0.6167 0.0000e+00
    13.6506   0.018960     -0.230  552548269     0.1164    -0.6155 0.0000e+00
    13.6235   0.018850     -0.230  552548270     0.1158    -0.6124 0.0000e+00
