Code/Hansen Zooplankton Code and Sample Data/data/ctd/gsl_15_SBE37SI-RS232_03706156_2017_08_12.cnv
* Sea-Bird SBE37SI-RS232  Data File:
* FileName = C:\Users\General Lab Use\Desktop\SHELAGH CTD 2017\gsl_15_SBE37SI-RS232_03706156_2017_08_12.cnv
* Software version 1.00d
* Temperature SN = 6156
* Conductivity SN = 6156
* System UpLoad Time = Aug 12 2017 05:01:32
* <ApplicationData>
* <Seaterm232>
# nquan = 5
# nvalues = 2498
# units = specified
# name 0 = t090C: Temperature [ITS-90, deg C]
# name 1 = c0S/m: Conductivity [S/m]
# name 2 = prM: Pressure [db]
# name 3 = timeK: Time, Seacat Plus [seconds]
# name 4 = flag: Flag
# span 0 =     -0.8190,    20.1498
# span 1 =    0.000295,   3.673859
# span 2 =      -0.249,     72.135
# span 3 =   555814505,  555818311
# span 4 =  0.0000e+00, 0.0000e+00
# interval = seconds: 6.000000
# start_time = Aug 12 2017 00:55:05
# bad_flag = -9.990e-29
*END*
    20.0182    0.03409      -0.21  555814505 0.0000e+00
    20.0165    0.03409      -0.21  555814507 0.0000e+00
    20.0240    0.03409      -0.21  555814508 0.0000e+00
    20.0243    0.03409      -0.21  555814510 0.0000e+00
    20.0189    0.03409      -0.21  555814511 0.0000e+00
    20.0260    0.03409      -0.21  555814513 0.0000e+00
    20.0481    0.03409      -0.21  555814514 0.0000e+00
    20.0669    0.03409      -0.21  555814516 0.0000e+00
    20.0737    0.03410      -0.21  555814517 0.0000e+00
    20.0800    0.03407      -0.21  555814519 0.0000e+00
    20.0987    0.03335      -0.21  555814521 0.0000e+00
    20.1188    0.03227      -0.21  555814522 0.0000e+00
    20.1498    0.03282      -0.21  555814524 0.0000e+00
    20.1470    0.03270      -0.22  555814525 0.0000e+00
    20.1326    0.02261      -0.23  555814527 0.0000e+00
    20.1141    0.02004      -0.23  555814528 0.0000e+00
    20.0668    0.02092      -0.23  555814530 0.0000e+00
    20.0227    0.02022      -0.23  555814531 0.0000e+00
    19.9965    0.02347      -0.21  555814534 0.0000e+00
    19.9728    0.02423      -0.22  555814535 0.0000e+00
    19.9558    0.02453      -0.22  555814537 0.0000e+00
    19.9559    0.02284      -0.23  555814538 0.0000e+00
    19.9592    0.02040      -0.23  555814540 0.0000e+00
    19.9329    0.01973      -0.22  555814541 0.0000e+00
    19.9189    0.02171      -0.22  555814543 0.0000e+00
    19.9068    0.02735      -0.21  555814544 0.0000e+00
    19.9025    0.02834      -0.22  555814546 0.0000e+00
    19.9000    0.02670      -0.21  555814547 0.0000e+00
    19.8812    0.02679      -0.22  555814549 0.0000e+00
    19.8703    0.02484      -0.22  555814550 0.0000e+00
    19.8663    0.02549      -0.22  555814552 0.0000e+00
    19.8684    0.02700      -0.22  555814553 0.0000e+00
    19.8687    0.02976      -0.22  555814555 0.0000e+00
    19.8579    0.03029      -0.22  555814556 0.0000e+00
    19.8568    0.02743      -0.21  555814558 0.0000e+00
    19.8507    0.03418      -0.21  555814559 0.0000e+00
    19.8200    0.03432      -0.21  555814561 0.0000e+00
    19.7910    0.00838      -0.22  555814562 0.0000e+00
    19.7693    0.00242      -0.23  555814564 0.0000e+00
    19.7413    0.00220      -0.23  555814566 0.0000e+00
    19.7191    0.00170      -0.23  555814567 0.0000e+00
    19.6975    0.00162      -0.23  555814569 0.0000e+00
    19.6906    0.00175      -0.23  555814570 0.0000e+00
    19.6914    0.00267      -0.23  555814572 0.0000e+00
    19.7100    0.00233      -0.23  555814573 0.0000e+00
    19.7261    0.00227      -0.23  555814575 0.0000e+00
    19.7294    0.00201      -0.23  555814576 0.0000e+00
    19.7451    0.00203      -0.23  555814578 0.0000e+00
    19.7615    0.00193      -0.23  555814579 0.0000e+00
    19.7659    0.00172      -0.23  555814581 0.0000e+00
    19.7745    0.00176      -0.23  555814582 0.0000e+00
    19.7872    0.00149      -0.23  555814584 0.0000e+00
    19.8065    0.00181      -0.23  555814585 0.0000e+00
    19.8177    0.00178      -0.23  555814587 0.0000e+00
    19.8214    0.00177      -0.23  555814588 0.0000e+00
    19.8299    0.00177      -0.23  555814590 0.0000e+00
    19.8381    0.00155      -0.23  555814591 0.0000e+00
    19.8276    0.00153      -0.23  555814593 0.0000e+00
    19.8218    0.00144      -0.23  555814595 0.0000e+00
    19.8340    0.00141      -0.23  555814596 0.0000e+00
    19.8226    0.00145      -0.23  555814598 0.0000e+00
    19.8038    0.00136      -0.23  555814599 0.0000e+00
    19.8209    0.00145      -0.23  555814601 0.0000e+00
    19.8233    0.00107      -0.23  555814602 0.0000e+00
    19.7974    0.00096      -0.23  555814604 0.0000e+00
    19.7720    0.00089      -0.23  555814605 0.0000e+00
    19.7518    0.00080      -0.23  555814607 0.0000e+00
    19.7362    0.00096      -0.23  555814608 0.0000e+00
    19.7305    0.00100      -0.23  555814610 0.0000e+00
    19.7331    0.00090      -0.23  555814611 0.0000e+00
    19.7454    0.00083      -0.23  555814613 0.0000e+00
    19.7498    0.00082      -0.23  555814614 0.0000e+00
    19.7688    0.00078      -0.23  555814616 0.0000e+00
    19.7903    0.00084      -0.23  555814617 0.0000e+00
    19.8093    0.00081      -0.23  555814619 0.0000e+00
    19.8279    0.00081      -0.23  555814620 0.0000e+00
    19.8491    0.00074      -0.23  555814622 0.0000e+00
    19.8628    0.00078      -0.23  555814623 0.0000e+00
    19.8791    0.00076      -0.23  555814625 0.0000e+00
    19.8938    0.00074      -0.23  555814627 0.0000e+00
    19.9063    0.00079      -0.23  555814628 0.0000e+00
    19.9206    0.00084      -0.23  555814630 0.0000e+00
    19.9086    0.00085      -0.23  555814631 0.0000e+00
    19.9102    0.00089      -0.24  555814633 0.0000e+00
    19.9255    0.00092      -0.23  555814634 0.0000e+00
    19.9458    0.00092      -0.23  555814636 0.0000e+00
    19.9593    0.00093      -0.23  555814637 0.0000e+00
    19.9658    0.00094      -0.23  555814639 0.0000e+00
    19.9723    0.00101      -0.23  555814640 0.0000e+00
    19.9851    0.00091      -0.23  555814642 0.0000e+00
    20.0168    0.00091      -0.23  555814643 0.0000e+00
    20.0180    0.00087      -0.24  555814645 0.0000e+00
    20.0169    0.00091      -0.23  555814646 0.0000e+00
    20.0123    0.00083      -0.23  555814648 0.0000e+00
    20.0101    0.00086      -0.23  555814649 0.0000e+00
    20.0143    0.00078      -0.23  555814651 0.0000e+00
    20.0122    0.00074      -0.23  555814652 0.0000e+00
    19.9357    0.00063      -0.23  555814654 0.0000e+00
    19.8765    0.00058      -0.22  555814655 0.0000e+00
    19.8360    0.00056      -0.22  555814657 0.0000e+00
    19.7916    0.00053      -0.22  555814659 0.0000e+00
    19.7319    0.00052      -0.22  555814660 0.0000e+00
    19.6813    0.00049      -0.22  555814662 0.0000e+00
    19.6303    0.00048      -0.22  555814663 0.0000e+00
    19.5881    0.00046      -0.22  555814665 0.0000e+00
    19.5567    0.00045      -0.22  555814666 0.0000e+00
    19.5312    0.00044      -0.22  555814668 0.0000e+00
    19.5061    0.00043      -0.22  555814669 0.0000e+00
    19.4879    0.00042      -0.22  555814671 0.0000e+00
    19.4715    0.00041      -0.22  555814672 0.0000e+00
    19.4524    0.00040      -0.22  555814674 0.0000e+00
    19.4383    0.00040      -0.22  555814675 0.0000e+00
    19.4237    0.00039      -0.22  555814677 0.0000e+00
    19.4099    0.00038      -0.22  555814678 0.0000e+00
    19.3996    0.00038      -0.22  555814680 0.0000e+00
    19.3886    0.00038      -0.22  555814681 0.0000e+00
    19.3813    0.00037      -0.22  555814683 0.0000e+00
    19.3744    0.00037      -0.22  555814684 0.0000e+00
    19.3678    0.00036      -0.22  555814686 0.0000e+00
    19.3654    0.00036      -0.22  555814687 0.0000e+00
    19.3563    0.00036      -0.22  555814689 0.0000e+00
    19.3497    0.00035      -0.22  555814691 0.0000e+00
    19.3403    0.00035      -0.22  555814692 0.0000e+00
    19.3358    0.00035      -0.22  555814694 0.0000e+00
    19.3331    0.00034      -0.22  555814695 0.0000e+00
    19.3254    0.00034      -0.22  555814697 0.0000e+00
    19.3263    0.00034      -0.22  555814698 0.0000e+00
    19.3293    0.00034      -0.22  555814700 0.0000e+00
    19.3312    0.00034      -0.22  555814701 0.0000e+00
    19.3224    0.00034      -0.22  555814703 0.0000e+00
    19.3157    0.00034      -0.22  555814704 0.0000e+00
    19.3081    0.00034      -0.22  555814706 0.0000e+00
    19.3111    0.00034      -0.22  555814707 0.0000e+00
    19.3019    0.00034      -0.22  555814709 0.0000e+00
    19.2980    0.00033      -0.22  555814710 0.0000e+00
    19.2939    0.00033      -0.22  555814712 0.0000e+00
    19.2892    0.00033      -0.22  555814713 0.0000e+00
    19.2870    0.00033      -0.22  555814715 0.0000e+00
    19.2809    0.00033      -0.22  555814716 0.0000e+00
    19.2771    0.00033      -0.22  555814718 0.0000e+00
    19.2753    0.00032      -0.22  555814720 0.0000e+00
    19.2764    0.00032      -0.22  555814721 0.0000e+00
    19.2761    0.00032      -0.22  555814723 0.0000e+00
    19.2736    0.00032      -0.22  555814724 0.0000e+00
    19.2705    0.00032      -0.22  555814726 0.0000e+00
    19.2670    0.00032      -0.22  555814727 0.0000e+00
    19.2622    0.00032      -0.22  555814729 0.0000e+00
    19.2585    0.00032      -0.22  555814730 0.0000e+00
    19.2551    0.00032      -0.22  555814732 0.0000e+00
    19.2519    0.00031      -0.22  555814733 0.0000e+00
    19.2480    0.00031      -0.22  555814735 0.0000e+00
    19.2428    0.00031      -0.22  555814736 0.0000e+00
    19.2418    0.00031      -0.22  555814738 0.0000e+00
    19.2386    0.00031      -0.22  555814739 0.0000e+00
    19.2385    0.00031      -0.22  555814741 0.0000e+00
    19.2384    0.00031      -0.22  555814742 0.0000e+00
    19.2377    0.00031      -0.22  555814744 0.0000e+00
    19.2393    0.00031      -0.22  555814745 0.0000e+00
    19.2429    0.00031      -0.22  555814747 0.0000e+00
    19.2432    0.00031      -0.22  555814748 0.0000e+00
    19.2453    0.00031      -0.22  555814750 0.0000e+00
    19.2453    0.00031      -0.22  555814752 0.0000e+00
    19.2445    0.00031      -0.22  555814753 0.0000e+00
    19.2441    0.00030      -0.22  555814755 0.0000e+00
    19.2424    0.00030      -0.22  555814756 0.0000e+00
    19.2385    0.00030      -0.22  555814758 0.0000e+00
    19.2380    0.00030      -0.22  555814759 0.0000e+00
    19.2360    0.00030      -0.22  555814761 0.0000e+00
    19.2365    0.00030      -0.22  555814762 0.0000e+00
    19.2364    0.00030      -0.22  555814764 0.0000e+00
    19.2349    0.00030      -0.23  555814765 0.0000e+00
    19.2364    0.00037      -0.23  555814767 0.0000e+00
    19.2407    0.00041      -0.23  555814768 0.0000e+00
    19.2452    0.00038      -0.23  555814770 0.0000e+00
    19.2567    0.00035      -0.23  555814771 0.0000e+00
    19.2578    0.00033      -0.23  555814773 0.0000e+00
    19.2540    0.00032      -0.23  555814774 0.0000e+00
    19.2551    0.00031      -0.23  555814776 0.0000e+00
    19.2578    0.00031      -0.24  555814777 0.0000e+00
    19.2560    0.00033      -0.24  555814779 0.0000e+00
    19.2594    0.00033      -0.24  555814781 0.0000e+00
    19.2608    0.00034      -0.24  555814782 0.0000e+00
    19.2718    0.00036      -0.24  555814784 0.0000e+00
    19.2821    0.00040      -0.24  555814785 0.0000e+00
    19.2842    0.00041      -0.24  555814787 0.0000e+00
    19.3025    0.00056      -0.24  555814788 0.0000e+00
    19.3241    0.00060      -0.24  555814790 0.0000e+00
    19.3390    0.00061      -0.24  555814791 0.0000e+00
    19.3544    0.00056      -0.24  555814793 0.0000e+00
    19.3793    0.00056      -0.24  555814794 0.0000e+00
    19.3998    0.00051      -0.24  555814796 0.0000e+00
    19.4176    0.00045      -0.24  555814797 0.0000e+00
    19.4261    0.00042      -0.24  555814799 0.0000e+00
    19.4273    0.00039      -0.24  555814800 0.0000e+00
    19.4346    0.00037      -0.23  555814802 0.0000e+00
    19.4371    0.00035      -0.24  555814803 0.0000e+00
    19.4284    0.00034      -0.23  555814805 0.0000e+00
    19.4192    0.00032      -0.24  555814806 0.0000e+00
    19.4128    0.00032      -0.23  555814808 0.0000e+00
    19.4070    0.00031      -0.23  555814809 0.0000e+00
    19.4049    0.00031      -0.24  555814811 0.0000e+00
    19.3979    0.00030      -0.23  555814812 0.0000e+00
    19.3970    0.00029      -0.24  555814814 0.0000e+00
    19.3995    0.00030      -0.23  555814816 0.0000e+00
    19.4419    0.00032      -0.24  555814817 0.0000e+00
    19.6019    0.00053      -0.24  555814819 0.0000e+00
    19.7517    0.00056      -0.24  555814820 0.0000e+00
    19.8562    0.00064      -0.24  555814822 0.0000e+00
    19.8494    0.00058      -0.23  555814823 0.0000e+00
    19.1183    3.24148       0.12  555814825 0.0000e+00
    18.6534    3.61610       1.00  555814826 0.0000e+00
    18.6268    3.65578       1.82  555814828 0.0000e+00
    18.6271    3.65654       2.13  555814829 0.0000e+00
    18.6276    3.65828       2.27  555814831 0.0000e+00
    18.6283    3.65925       2.00  555814832 0.0000e+00
    18.6248    3.66130       2.29  555814834 0.0000e+00
    18.6227    3.65731       2.02  555814835 0.0000e+00
    18.6225    3.66059       2.21  555814837 0.0000e+00
    18.6233    3.66089       2.10  555814838 0.0000e+00
    18.6238    3.65935       2.14  555814840 0.0000e+00
    18.6247    3.66071       2.09  555814841 0.0000e+00
    18.6223    3.66096       2.25  555814843 0.0000e+00
    18.6227    3.66054       1.96  555814844 0.0000e+00
    18.6243    3.65873       2.35  555814846 0.0000e+00
    18.6253    3.65764       1.88  555814847 0.0000e+00
    18.6235    3.65963       2.40  555814849 0.0000e+00
    18.6239    3.65954       1.82  555814850 0.0000e+00
    18.6243    3.65982       2.44  555814852 0.0000e+00
    18.6239    3.65786       1.81  555814854 0.0000e+00
    18.6246    3.65977       2.41  555814855 0.0000e+00
    18.6259    3.65723       1.85  555814857 0.0000e+00
    18.6276    3.66051       2.36  555814858 0.0000e+00
    18.6284    3.66056       1.90  555814860 0.0000e+00
    18.6259    3.66142       2.29  555814861 0.0000e+00
    18.6261    3.65991       1.97  555814863 0.0000e+00
    18.6298    3.66142       2.20  555814864 0.0000e+00
    18.6270    3.66171       2.01  555814866 0.0000e+00
    18.6257    3.66100       2.19  555814867 0.0000e+00
    18.6266    3.66089       2.08  555814869 0.0000e+00
    18.6287    3.66123       2.15  555814870 0.0000e+00
    18.6291    3.66115       2.11  555814872 0.0000e+00
    18.6278    3.66146       2.19  555814873 0.0000e+00
    18.6284    3.66157       2.01  555814875 0.0000e+00
    18.6273    3.66125       2.28  555814876 0.0000e+00
    18.6278    3.66092       1.96  555814878 0.0000e+00
    18.6253    3.66074       2.09  555814879 0.0000e+00
    18.6271    3.65860       1.14  555814881 0.0000e+00
    18.6268    3.66015       0.72  555814882 0.0000e+00
    18.6266    3.66017       0.19  555814884 0.0000e+00
    18.6274    3.66071      -0.04  555814885 0.0000e+00
    18.6252    3.42064       0.67  555814887 0.0000e+00
    18.6256    3.66038       1.75  555814888 0.0000e+00
    18.6256    3.66058       2.70  555814890 0.0000e+00
    18.6252    3.66017       3.62  555814891 0.0000e+00
    18.6239    3.66089       4.79  555814893 0.0000e+00
    18.6109    3.66297       5.90  555814894 0.0000e+00
    18.5680    3.65810       7.05  555814896 0.0000e+00
    18.0155    3.63896       7.91  555814898 0.0000e+00
    17.6049    3.60815       9.17  555814899 0.0000e+00
    16.0952    3.50119      10.33  555814901 0.0000e+00
    11.9691    3.29093      11.41  555814902 0.0000e+00
     9.3193    3.14561      12.92  555814904 0.0000e+00
     8.5794    3.10825      14.22  555814905 0.0000e+00
     7.3248    3.04212      15.39  555814907 0.0000e+00
     6.5054    2.98951      16.51  555814908 0.0000e+00
     5.7878    2.91249      17.84  555814910 0.0000e+00
     5.2815    2.93857      18.51  555814911 0.0000e+00
     4.5720    2.82327      20.40  555814913 0.0000e+00
     3.9896    2.83533      20.74  555814914 0.0000e+00
     3.3501    2.76849      22.80  555814916 0.0000e+00
     3.1078    2.79061      22.90  555814917 0.0000e+00
     3.0071    2.76690      24.92  555814919 0.0000e+00
     2.9256    2.79751      25.21  555814920 0.0000e+00
     2.1051    2.70517      27.08  555814922 0.0000e+00
     1.7760    2.72132      27.56  555814923 0.0000e+00
     1.7309    2.69824      29.38  555814925 0.0000e+00
     1.4896    2.71894      30.00  555814926 0.0000e+00
     1.0799    2.66880      31.44  555814928 0.0000e+00
     0.7795    2.67116      32.30  555814929 0.0000e+00
     0.4043    2.63352      33.70  555814931 0.0000e+00
     0.1352    2.62972      34.71  555814932 0.0000e+00
     0.0087    2.60968      35.93  555814934 0.0000e+00
    -0.2381    2.61484      37.05  555814935 0.0000e+00
    -0.3259    2.59713      38.09  555814937 0.0000e+00
    -0.5278    2.58961      39.40  555814938 0.0000e+00
