Code/Hansen Zooplankton Code and Sample Data/data/ctd/gsl_13_SBE37SI-RS232_03706156_2017_08_11_final.cnv
* Sea-Bird SBE37SI-RS232  Data File:
* FileName = C:\Users\General Lab Use\Desktop\SHELAGH CTD 2017\gsl_13_SBE37SI-RS232_03706156_2017_08_11.cnv
* Software version 1.00d
* Temperature SN = 6156
* Conductivity SN = 6156
* System UpLoad Time = Aug 11 2017 10:09:36
* <ApplicationData>
* <Seaterm232>
# nquan = 7                                 
# nvalues = 2684                        
# units = specified
# name 0 = t090C: Temperature [ITS-90, deg C]
# name 1 = c0S/m: Conductivity [S/m]
# name 2 = prM: Pressure [db]
# name 3 = timeK: Time, Seacat Plus [seconds]
# name 4 = sal00: Salinity [PSU]
# name 5 = sigma-t00: Density [sigma-t, Kg/m^3 ]
# name 6 = flag: flag
# span 0 =     0.1630,    17.8244       
# span 1 =   0.000450,   3.535160       
# span 2 =     -0.230,     68.690       
# span 3 =  555746365,  555750454       
# span 4 =     0.0099,    32.4698       
# span 5 =    -1.3474,    26.0314       
# span 6 = 0.0000e+00, 0.0000e+00       
# interval = seconds: 6.000000
# start_time = Aug 11 2017 05:59:25
# bad_flag = -9.990e-29
*END*
    17.8007   0.014300     -0.200  555746365     0.0808    -1.3043 0.0000e+00
    17.8025   0.014290     -0.200  555746366     0.0807    -1.3047 0.0000e+00
    17.8018   0.014280     -0.200  555746368     0.0807    -1.3046 0.0000e+00
    17.8014   0.014280     -0.200  555746369     0.0807    -1.3045 0.0000e+00
    17.8003   0.014280     -0.200  555746371     0.0807    -1.3043 0.0000e+00
    17.7979   0.014280     -0.200  555746372     0.0807    -1.3039 0.0000e+00
    17.7951   0.014280     -0.200  555746374     0.0807    -1.3034 0.0000e+00
    17.7887   0.014280     -0.200  555746375     0.0807    -1.3022 0.0000e+00
    17.7849   0.014280     -0.200  555746377     0.0807    -1.3015 0.0000e+00
    17.7774   0.014290     -0.210  555746379     0.0808    -1.3001 0.0000e+00
    17.7814   0.014340     -0.210  555746380     0.0810    -1.3006 0.0000e+00
    17.8148   0.014350     -0.210  555746382     0.0810    -1.3067 0.0000e+00
    17.8132   0.014380     -0.210  555746383     0.0812    -1.3063 0.0000e+00
    17.7937   0.014400     -0.210  555746385     0.0814    -1.3026 0.0000e+00
    17.7777   0.014560     -0.200  555746386     0.0823    -1.2990 0.0000e+00
    17.7750   0.014520     -0.200  555746388     0.0820    -1.2987 0.0000e+00
    17.7823   0.014460     -0.200  555746389     0.0817    -1.3003 0.0000e+00
    17.7988   0.014410     -0.200  555746391     0.0814    -1.3035 0.0000e+00
    17.8196   0.014510     -0.210  555746393     0.0819    -1.3069 0.0000e+00
    17.8032   0.014580     -0.210  555746395     0.0823    -1.3036 0.0000e+00
    17.8054   0.014570     -0.200  555746396     0.0823    -1.3041 0.0000e+00
    17.8192   0.014850     -0.210  555746398     0.0838    -1.3054 0.0000e+00
    17.8244   0.015020     -0.210  555746399     0.0847    -1.3057 0.0000e+00
    17.8230   0.014920     -0.210  555746401     0.0841    -1.3058 0.0000e+00
    17.8142   0.014930     -0.210  555746402     0.0842    -1.3042 0.0000e+00
    17.8023   0.015010     -0.210  555746404     0.0847    -1.3016 0.0000e+00
    17.7937   0.014920     -0.210  555746405     0.0842    -1.3004 0.0000e+00
    17.7884   0.014730     -0.200  555746407     0.0832    -1.3003 0.0000e+00
    17.7784   0.014700     -0.210  555746408     0.0830    -1.2985 0.0000e+00
    17.7771   0.014720     -0.200  555746410     0.0831    -1.2982 0.0000e+00
    17.7720   0.014760     -0.200  555746411     0.0834    -1.2971 0.0000e+00
    17.7692   0.014780     -0.200  555746413     0.0835    -1.2965 0.0000e+00
    17.7609   0.014760     -0.200  555746414     0.0834    -1.2951 0.0000e+00
    17.7596   0.014800     -0.200  555746416     0.0836    -1.2947 0.0000e+00
    17.7485   0.014830     -0.210  555746417     0.0838    -1.2925 0.0000e+00
    17.7461   0.015060     -0.200  555746419     0.0850    -1.2911 0.0000e+00
    17.7411   0.015020     -0.210  555746420     0.0848    -1.2903 0.0000e+00
    17.7307   0.015010     -0.210  555746422     0.0848    -1.2885 0.0000e+00
    17.7287   0.014890     -0.210  555746423     0.0841    -1.2886 0.0000e+00
    17.7238   0.014930     -0.200  555746425     0.0844    -1.2875 0.0000e+00
    17.7131   0.014820     -0.210  555746426     0.0838    -1.2860 0.0000e+00
    17.7040   0.014820     -0.210  555746428     0.0838    -1.2844 0.0000e+00
    17.6971   0.014930     -0.210  555746430     0.0844    -1.2827 0.0000e+00
    17.7306   0.015120     -0.210  555746431     0.0854    -1.2880 0.0000e+00
    17.7675   0.014990     -0.210  555746433     0.0846    -1.2953 0.0000e+00
    17.7596   0.015060     -0.210  555746434     0.0850    -1.2936 0.0000e+00
    17.7661   0.015110     -0.210  555746436     0.0853    -1.2946 0.0000e+00
    17.7681   0.015130     -0.210  555746437     0.0854    -1.2948 0.0000e+00
    17.7630   0.015080     -0.210  555746439     0.0851    -1.2941 0.0000e+00
    17.7548   0.015050     -0.210  555746440     0.0850    -1.2927 0.0000e+00
    17.7492   0.015050     -0.210  555746442     0.0850    -1.2917 0.0000e+00
    17.7498   0.015130     -0.210  555746443     0.0854    -1.2915 0.0000e+00
    17.7585   0.015090     -0.210  555746445     0.0852    -1.2932 0.0000e+00
    17.7541   0.015250     -0.210  555746446     0.0861    -1.2918 0.0000e+00
    17.7655   0.015180     -0.210  555746448     0.0857    -1.2941 0.0000e+00
    17.7740   0.015250     -0.210  555746449     0.0860    -1.2954 0.0000e+00
    17.7687   0.015110     -0.210  555746451     0.0853    -1.2950 0.0000e+00
    17.7864   0.004980     -0.210  555746452     0.0314    -1.3398 0.0000e+00
    17.7744   0.002400     -0.210  555746454     0.0186    -1.3474 0.0000e+00
    17.7583   0.002200     -0.210  555746455     0.0177    -1.3452 0.0000e+00
    17.7399   0.001510     -0.210  555746457     0.0144    -1.3443 0.0000e+00
    17.7200   0.001050     -0.210  555746458     0.0124    -1.3423 0.0000e+00
    17.6802   0.002090     -0.210  555746460     0.0171    -1.3314 0.0000e+00
    17.6651   0.002960     -0.210  555746461     0.0213    -1.3255 0.0000e+00
    17.6630   0.002450     -0.200  555746463     0.0188    -1.3270 0.0000e+00
    17.6617   0.002750     -0.200  555746464     0.0203    -1.3256 0.0000e+00
    17.6657   0.003590     -0.200  555746466     0.0244    -1.3232 0.0000e+00
    17.6523   0.003410     -0.200  555746467     0.0235    -1.3214 0.0000e+00
    17.6447   0.003830     -0.200  555746469     0.0256    -1.3184 0.0000e+00
    17.6240   0.003600     -0.200  555746471     0.0245    -1.3156 0.0000e+00
    17.6126   0.003780     -0.200  555746472     0.0254    -1.3128 0.0000e+00
    17.6037   0.003670     -0.200  555746474     0.0248    -1.3116 0.0000e+00
    17.6018   0.003770     -0.200  555746475     0.0253    -1.3109 0.0000e+00
    17.5949   0.003500     -0.200  555746477     0.0240    -1.3107 0.0000e+00
    17.5875   0.003360     -0.200  555746478     0.0233    -1.3099 0.0000e+00
    17.5716   0.003310     -0.200  555746480     0.0230    -1.3072 0.0000e+00
    17.5554   0.003080     -0.200  555746481     0.0219    -1.3052 0.0000e+00
    17.5502   0.003060     -0.200  555746483     0.0218    -1.3043 0.0000e+00
    17.5421   0.002810     -0.200  555746484     0.0206    -1.3038 0.0000e+00
    17.5417   0.002690     -0.200  555746486     0.0200    -1.3042 0.0000e+00
    17.5375   0.002600     -0.200  555746487     0.0196    -1.3038 0.0000e+00
    17.5381   0.002410     -0.200  555746489     0.0186    -1.3046 0.0000e+00
    17.5252   0.002300     -0.200  555746490     0.0181    -1.3027 0.0000e+00
    17.5111   0.002250     -0.200  555746492     0.0179    -1.3003 0.0000e+00
    17.5038   0.002160     -0.200  555746493     0.0174    -1.2994 0.0000e+00
    17.4992   0.002120     -0.200  555746495     0.0172    -1.2987 0.0000e+00
    17.4850   0.002050     -0.200  555746496     0.0169    -1.2964 0.0000e+00
    17.4718   0.001940     -0.200  555746498     0.0164    -1.2944 0.0000e+00
    17.4668   0.001960     -0.200  555746499     0.0165    -1.2935 0.0000e+00
    17.4573   0.001790     -0.200  555746501     0.0157    -1.2924 0.0000e+00
    17.4513   0.001900     -0.200  555746502     0.0162    -1.2909 0.0000e+00
    17.4441   0.001680     -0.200  555746504     0.0152    -1.2904 0.0000e+00
    17.4359   0.001880     -0.200  555746506     0.0161    -1.2882 0.0000e+00
    17.4396   0.001560     -0.200  555746507     0.0146    -1.2900 0.0000e+00
    17.4323   0.001740     -0.200  555746509     0.0154    -1.2881 0.0000e+00
    17.4253   0.001540     -0.200  555746510     0.0145    -1.2876 0.0000e+00
    17.4184   0.001570     -0.200  555746512     0.0147    -1.2862 0.0000e+00
    17.4141   0.001510     -0.200  555746513     0.0144    -1.2857 0.0000e+00
    17.4126   0.001410     -0.200  555746515     0.0139    -1.2857 0.0000e+00
    17.4151   0.001480     -0.200  555746516     0.0142    -1.2859 0.0000e+00
    17.4155   0.001300     -0.200  555746518     0.0134    -1.2866 0.0000e+00
    17.4087   0.001410     -0.200  555746519     0.0139    -1.2851 0.0000e+00
    17.4093   0.001230     -0.200  555746521     0.0131    -1.2858 0.0000e+00
    17.4062   0.001360     -0.200  555746522     0.0137    -1.2848 0.0000e+00
    17.4096   0.001180     -0.200  555746524     0.0129    -1.2860 0.0000e+00
    17.4135   0.001300     -0.200  555746525     0.0134    -1.2863 0.0000e+00
    17.4094   0.001140     -0.200  555746527     0.0127    -1.2861 0.0000e+00
    17.4016   0.001220     -0.200  555746528     0.0131    -1.2844 0.0000e+00
    17.3973   0.001080     -0.200  555746530     0.0124    -1.2842 0.0000e+00
    17.3946   0.001210     -0.200  555746531     0.0130    -1.2832 0.0000e+00
    17.3904   0.001050     -0.200  555746533     0.0123    -1.2830 0.0000e+00
    17.3890   0.001160     -0.200  555746534     0.0128    -1.2824 0.0000e+00
    17.3874   0.001030     -0.200  555746536     0.0122    -1.2826 0.0000e+00
    17.3792   0.001110     -0.200  555746537     0.0126    -1.2808 0.0000e+00
    17.3725   0.001020     -0.200  555746539     0.0122    -1.2799 0.0000e+00
    17.3626   0.001120     -0.200  555746540     0.0126    -1.2779 0.0000e+00
    17.3652   0.001060     -0.200  555746542     0.0123    -1.2785 0.0000e+00
    17.3614   0.001160     -0.200  555746543     0.0128    -1.2775 0.0000e+00
    17.3559   0.001430     -0.210  555746545     0.0140    -1.2756 0.0000e+00
    17.3674   0.001060     -0.210  555746547     0.0123    -1.2789 0.0000e+00
    17.3707   0.000920     -0.210  555746548     0.0117    -1.2800 0.0000e+00
    17.3811   0.000770     -0.210  555746550     0.0111    -1.2823 0.0000e+00
    17.3888   0.000680     -0.210  555746551     0.0108    -1.2839 0.0000e+00
    17.3865   0.000710     -0.210  555746553     0.0109    -1.2834 0.0000e+00
    17.3824   0.000620     -0.210  555746554     0.0105    -1.2830 0.0000e+00
    17.3745   0.000550     -0.210  555746556     0.0102    -1.2818 0.0000e+00
    17.3705   0.000480     -0.210  555746557     0.0100    -1.2813 0.0000e+00
    17.3516   0.000450     -0.210  555746559     0.0099    -1.2780 0.0000e+00
    17.3399   0.000800     -0.210  555746560     0.0112    -1.2749 0.0000e+00
    17.3334   0.000900     -0.210  555746562     0.0116    -1.2734 0.0000e+00
    17.3314   0.000840     -0.210  555746563     0.0114    -1.2732 0.0000e+00
    17.1040   2.813600      0.160  555746565    20.7910    14.6203 0.0000e+00
    17.0402   3.488330      1.310  555746566    26.3979    18.9158 0.0000e+00
    17.0524   3.500900      1.340  555746568    26.4953    18.9875 0.0000e+00
    17.0477   3.507680      1.600  555746569    26.5552    19.0343 0.0000e+00
    17.0481   3.513830      1.590  555746571    26.6065    19.0735 0.0000e+00
    17.0490   3.518270      1.640  555746572    26.6432    19.1013 0.0000e+00
    17.0511   3.521240      1.600  555746574    26.6667    19.1188 0.0000e+00
    17.0513   3.524910      1.630  555746575    26.6974    19.1422 0.0000e+00
    17.0512   3.524820      1.650  555746577    26.6967    19.1417 0.0000e+00
    17.0508   3.526180      1.660  555746578    26.7083    19.1507 0.0000e+00
    17.0528   3.528470      1.550  555746580    26.7263    19.1640 0.0000e+00
    17.0509   3.532110      1.720  555746581    26.7580    19.1887 0.0000e+00
    17.0495   3.522570      1.550  555746583    26.6789    19.1285 0.0000e+00
    17.0487   3.531490      1.780  555746585    26.7543    19.1863 0.0000e+00
    17.0492   3.527970      1.470  555746586    26.7245    19.1634 0.0000e+00
    17.0471   3.531540      1.810  555746588    26.7557    19.1878 0.0000e+00
    17.0477   3.530190      1.510  555746589    26.7441    19.1787 0.0000e+00
    17.0478   3.533120      1.810  555746591    26.7685    19.1974 0.0000e+00
    17.0485   3.529480      1.470  555746592    26.7376    19.1736 0.0000e+00
    17.0487   3.534230      1.770  555746594    26.7773    19.2039 0.0000e+00
    17.0494   3.532270      1.590  555746595    26.7604    19.1908 0.0000e+00
    17.0480   3.534450      1.690  555746597    26.7796    19.2058 0.0000e+00
    17.0478   3.532880      1.550  555746598    26.7666    19.1959 0.0000e+00
    17.0492   3.534770      1.740  555746600    26.7815    19.2070 0.0000e+00
    17.0490   3.533160      1.590  555746601    26.7681    19.1968 0.0000e+00
    17.0490   3.534500      1.680  555746603    26.7794    19.2054 0.0000e+00
    17.0484   3.533820      1.630  555746604    26.7741    19.2015 0.0000e+00
    17.0481   3.534300      1.640  555746606    26.7783    19.2048 0.0000e+00
    17.0470   3.534840      1.700  555746607    26.7835    19.2091 0.0000e+00
    17.0475   3.534220      1.550  555746609    26.7780    19.2047 0.0000e+00
    17.0471   3.535000      1.740  555746610    26.7848    19.2100 0.0000e+00
    17.0461   3.533750      1.620  555746612    26.7750    19.2027 0.0000e+00
    17.0459   3.534730      1.630  555746613    26.7834    19.2092 0.0000e+00
    17.0451   3.535070      1.700  555746615    26.7867    19.2119 0.0000e+00
    17.0453   3.535000      1.570  555746616    26.7860    19.2114 0.0000e+00
    17.0457   3.534770      1.870  555746618    26.7838    19.2095 0.0000e+00
    17.0468   3.528870      1.360  555746619    26.7337    19.1710 0.0000e+00
    17.0492   3.533810      2.000  555746621    26.7733    19.2008 0.0000e+00
    17.0502   3.532210      1.370  555746622    26.7594    19.1899 0.0000e+00
    17.0507   3.533450      1.990  555746624    26.7693    19.1974 0.0000e+00
    17.0504   3.532860      1.350  555746626    26.7648    19.1939 0.0000e+00
    17.0508   3.533960      1.790  555746627    26.7736    19.2006 0.0000e+00
    17.0521   3.534690      1.320  555746629    26.7790    19.2045 0.0000e+00
    17.0536   3.535150      1.670  555746630    26.7818    19.2062 0.0000e+00
    17.0532   3.535120      1.500  555746632    26.7818    19.2064 0.0000e+00
    17.0528   3.535160      1.440  555746633    26.7825    19.2069 0.0000e+00
    17.0525   3.535070      0.730  555746635    26.7821    19.2067 0.0000e+00
    17.0498   3.533990      0.260  555746636    26.7750    19.2019 0.0000e+00
    17.0467   3.534400      0.310  555746638    26.7805    19.2068 0.0000e+00
    17.0440   3.534200      0.340  555746639    26.7806    19.2075 0.0000e+00
    17.0520   3.534880      1.470  555746641    26.7806    19.2057 0.0000e+00
    17.0554   3.534550      2.050  555746642    26.7754    19.2010 0.0000e+00
    17.0548   3.528210      3.770  555746644    26.7221    19.1603 0.0000e+00
    17.0447   3.532440      4.080  555746645    26.7642    19.1948 0.0000e+00
    16.9736   3.525900      5.740  555746647    26.7558    19.2043 0.0000e+00
    16.7919   3.520530      6.470  555746648    26.8311    19.3023 0.0000e+00
    16.7722   3.517330      7.780  555746650    26.8168    19.2957 0.0000e+00
    16.2924   3.486790      9.060  555746651    26.8782    19.4480 0.0000e+00
    16.1857   3.481310      9.930  555746653    26.9029    19.4901 0.0000e+00
    15.8700   3.451640     11.440  555746654    26.8608    19.5256 0.0000e+00
    15.7686   3.457690     11.970  555746656    26.9817    19.6399 0.0000e+00
    15.5855   3.435630     13.620  555746657    26.9148    19.6273 0.0000e+00
    15.2799   3.434430     14.460  555746659    27.1134    19.8437 0.0000e+00
    14.0611   3.350760     16.020  555746660    27.2207    20.1725 0.0000e+00
    12.7710   3.353920     16.650  555746662    28.1846    21.1625 0.0000e+00
    11.4612   3.244350     18.190  555746663    28.1341    21.3572 0.0000e+00
    10.8604   3.267600     18.990  555746665    28.8229    21.9938 0.0000e+00
    10.4518   3.210210     20.330  555746666    28.5804    21.8724 0.0000e+00
    10.2260   3.216370     21.470  555746668    28.8189    22.0944 0.0000e+00
    10.0999   3.200430     22.690  555746670    28.7603    22.0688 0.0000e+00
     9.7387   3.191970     23.650  555746671    28.9639    22.2842 0.0000e+00
     8.7756   3.137670     24.830  555746673    29.1949    22.6094 0.0000e+00
     8.0970   3.151810     25.500  555746674    29.9101    23.2659 0.0000e+00
     6.7244   3.024010     27.280  555746676    29.7250    23.3009 0.0000e+00
