Code/Hansen Zooplankton Code and Sample Data/data/ctd/gsl_06_SBE37SI-RS232_03706156_2017_08_02.cnv
* Sea-Bird SBE37SI-RS232  Data File:
* FileName = C:\Users\General Lab Use\Desktop\SHELAGH CTD 2017\gsl_06_SBE37SI-RS232_03706156_2017_08_02.cnv
* Software version 1.00d
* Temperature SN = 6156
* Conductivity SN = 6156
* System UpLoad Time = Aug 02 2017 10:18:34
* <ApplicationData>
* <Seaterm232>
# nquan = 5
# nvalues = 1764
# units = specified
# name 0 = t090C: Temperature [ITS-90, deg C]
# name 1 = c0S/m: Conductivity [S/m]
# name 2 = prM: Pressure [db]
# name 3 = timeK: Time, Seacat Plus [seconds]
# name 4 = flag: Flag
# span 0 =     -0.0117,    18.8960
# span 1 =    0.001399,   3.550751
# span 2 =      -0.239,     61.139
# span 3 =   554968864,  554971543
# span 4 =  0.0000e+00, 0.0000e+00
# interval = seconds: 6.000000
# start_time = Aug 02 2017 06:01:04
# bad_flag = -9.990e-29
*END*
[from data line 1715]
    16.4809    0.03363      -0.21  554971468 0.0000e+00
    16.5464    0.03591      -0.21  554971470 0.0000e+00
    16.6604    0.04266      -0.21  554971471 0.0000e+00
    16.7326    0.03768      -0.21  554971473 0.0000e+00
    16.8043    0.03343      -0.21  554971474 0.0000e+00
    16.8433    0.03808      -0.21  554971476 0.0000e+00
    16.8959    0.03388      -0.21  554971477 0.0000e+00
    16.9481    0.03023      -0.21  554971479 0.0000e+00
    16.9661    0.02799      -0.21  554971480 0.0000e+00
    16.9561    0.02618      -0.21  554971482 0.0000e+00
    17.0027    0.02546      -0.21  554971483 0.0000e+00
    16.9702    0.02518      -0.21  554971485 0.0000e+00
    16.9500    0.02390      -0.21  554971486 0.0000e+00
    16.9395    0.03531      -0.21  554971488 0.0000e+00
    16.9252    0.03607      -0.21  554971490 0.0000e+00
    16.8951    0.03200      -0.21  554971491 0.0000e+00
    16.8828    0.02791      -0.21  554971493 0.0000e+00
    16.8643    0.02579      -0.21  554971494 0.0000e+00
    16.8485    0.02485      -0.21  554971496 0.0000e+00
    16.8337    0.02344      -0.21  554971497 0.0000e+00
    16.8411    0.02243      -0.21  554971499 0.0000e+00
    16.8140    0.02245      -0.21  554971500 0.0000e+00
    16.7876    0.02267      -0.21  554971502 0.0000e+00
    16.7865    0.02319      -0.21  554971503 0.0000e+00
    16.8291    0.02382      -0.21  554971505 0.0000e+00
    16.8321    0.02426      -0.21  554971506 0.0000e+00
    16.8071    0.02452      -0.21  554971508 0.0000e+00
    16.8014    0.02459      -0.21  554971509 0.0000e+00
    16.7845    0.02454      -0.21  554971511 0.0000e+00
    16.7635    0.02434      -0.21  554971512 0.0000e+00
    16.7535    0.02413      -0.21  554971514 0.0000e+00
    16.7305    0.02388      -0.21  554971515 0.0000e+00
    16.7125    0.02363      -0.21  554971517 0.0000e+00
    16.6879    0.02340      -0.21  554971518 0.0000e+00
    16.6921    0.02314      -0.21  554971520 0.0000e+00
    16.6737    0.02288      -0.21  554971521 0.0000e+00
    16.6668    0.02269      -0.21  554971523 0.0000e+00
    16.6598    0.02244      -0.21  554971524 0.0000e+00
    16.6643    0.02224      -0.21  554971526 0.0000e+00
    16.6649    0.02204      -0.21  554971527 0.0000e+00
    16.6727    0.02185      -0.21  554971529 0.0000e+00
    16.6597    0.02168      -0.21  554971531 0.0000e+00
    16.6617    0.02151      -0.21  554971532 0.0000e+00
    16.6556    0.02132      -0.21  554971534 0.0000e+00
    16.6382    0.02115      -0.22  554971535 0.0000e+00
    16.6231    0.02085      -0.22  554971538 0.0000e+00
    16.6072    0.02066      -0.21  554971540 0.0000e+00
    16.5973    0.02047      -0.21  554971541 0.0000e+00
    16.5946    0.02032      -0.21  554971543 0.0000e+00
