Code/Hansen Zooplankton Code and Sample Data/data/ctd/gsl_12_SBE37SI-RS232_03706156_2017_08_11.cnv
* Sea-Bird SBE37SI-RS232  Data File:
* FileName = C:\Users\General Lab Use\Desktop\SHELAGH CTD 2017\gsl_12_SBE37SI-RS232_03706156_2017_08_11.cnv
* Software version 1.00d
* Temperature SN = 6156
* Conductivity SN = 6156
* System UpLoad Time = Aug 11 2017 00:43:36
* <ApplicationData>
* <Seaterm232>
# nquan = 5
# nvalues = 2318
# units = specified
# name 0 = t090C: Temperature [ITS-90, deg C]
# name 1 = c0S/m: Conductivity [S/m]
# name 2 = prM: Pressure [db]
# name 3 = timeK: Time, Seacat Plus [seconds]
# name 4 = flag: Flag
# span 0 =     -0.2584,    20.6000
# span 1 =    0.000002,   3.665880
# span 2 =      -0.248,    121.875
# span 3 =   555711688,  555715230
# span 4 =  0.0000e+00, 0.0000e+00
# interval = seconds: 6.000000
# start_time = Aug 10 2017 20:21:28
# bad_flag = -9.990e-29
*END*
[from data line 1429]
    17.5144    0.00547      -0.23  555713873 0.0000e+00
    17.5170    0.00541      -0.22  555713875 0.0000e+00
    17.5136    0.00541      -0.23  555713876 0.0000e+00
    17.5171    0.00540      -0.22  555713878 0.0000e+00
    17.5211    0.00541      -0.22  555713879 0.0000e+00
    17.5236    0.00539      -0.22  555713881 0.0000e+00
    17.5217    0.00543      -0.23  555713882 0.0000e+00
    17.5203    0.00540      -0.22  555713884 0.0000e+00
    17.5187    0.00539      -0.22  555713886 0.0000e+00
    17.5257    0.00534      -0.22  555713887 0.0000e+00
    17.5305    0.00531      -0.22  555713889 0.0000e+00
    17.5311    0.00531      -0.22  555713890 0.0000e+00
    17.5265    0.00529      -0.22  555713892 0.0000e+00
    17.5289    0.00527      -0.22  555713893 0.0000e+00
    17.5387    0.00526      -0.22  555713895 0.0000e+00
    17.5446    0.00526      -0.22  555713896 0.0000e+00
    17.5468    0.00526      -0.22  555713898 0.0000e+00
    17.5440    0.00523      -0.23  555713899 0.0000e+00
    17.5470    0.00523      -0.22  555713901 0.0000e+00
    17.5419    0.00523      -0.22  555713902 0.0000e+00
    17.5449    0.00527      -0.22  555713904 0.0000e+00
    17.5503    0.00525      -0.22  555713905 0.0000e+00
    17.5478    0.00526      -0.22  555713907 0.0000e+00
    17.5466    0.00524      -0.22  555713908 0.0000e+00
    17.5487    0.00524      -0.22  555713910 0.0000e+00
    17.5493    0.00522      -0.22  555713912 0.0000e+00
    17.5499    0.00522      -0.22  555713913 0.0000e+00
    17.5471    0.00522      -0.22  555713915 0.0000e+00
    17.5396    0.00522      -0.23  555713916 0.0000e+00
    17.5421    0.00519      -0.22  555713918 0.0000e+00
    17.5420    0.00518      -0.22  555713919 0.0000e+00
    17.5409    0.00518      -0.22  555713921 0.0000e+00
    17.5463    0.00517      -0.22  555713922 0.0000e+00
    17.5469    0.00515      -0.22  555713924 0.0000e+00
    17.5534    0.00516      -0.22  555713925 0.0000e+00
    17.5545    0.00517      -0.22  555713927 0.0000e+00
    17.5518    0.00517      -0.22  555713928 0.0000e+00
    17.5595    0.00515      -0.22  555713930 0.0000e+00
    17.5622    0.00517      -0.22  555713931 0.0000e+00
    17.5660    0.00516      -0.22  555713933 0.0000e+00
    17.5713    0.00516      -0.22  555713934 0.0000e+00
    17.5658    0.00515      -0.22  555713936 0.0000e+00
    17.5554    0.00513      -0.22  555713938 0.0000e+00
    17.5573    0.00514      -0.22  555713939 0.0000e+00
    17.5635    0.00513      -0.22  555713941 0.0000e+00
    17.5789    0.00518      -0.22  555713942 0.0000e+00
    17.5902    0.00516      -0.22  555713944 0.0000e+00
    17.6040    0.00516      -0.22  555713945 0.0000e+00
    17.5962    0.00514      -0.22  555713947 0.0000e+00
    17.5951    0.00514      -0.22  555713948 0.0000e+00
    17.5933    0.00519      -0.22  555713950 0.0000e+00
    17.5994    0.00520      -0.22  555713951 0.0000e+00
    17.5897    0.00517      -0.22  555713953 0.0000e+00
    17.5892    0.00515      -0.22  555713954 0.0000e+00
    17.5856    0.00512      -0.22  555713956 0.0000e+00
    17.5862    0.00512      -0.22  555713957 0.0000e+00
    17.5832    0.00511      -0.22  555713959 0.0000e+00
    17.5777    0.00513      -0.22  555713960 0.0000e+00
    17.5741    0.00509      -0.22  555713962 0.0000e+00
    17.5822    0.00515      -0.22  555713964 0.0000e+00
    17.5780    0.00510      -0.22  555713965 0.0000e+00
    17.5804    0.00510      -0.22  555713967 0.0000e+00
    17.5845    0.00509      -0.22  555713968 0.0000e+00
    17.5868    0.00508      -0.22  555713970 0.0000e+00
    17.5790    0.00510      -0.22  555713971 0.0000e+00
    17.5915    0.00512      -0.22  555713973 0.0000e+00
    17.5980    0.00509      -0.22  555713974 0.0000e+00
    17.5996    0.00509      -0.22  555713976 0.0000e+00
    17.6064    0.00509      -0.22  555713977 0.0000e+00
    17.6081    0.00508      -0.22  555713979 0.0000e+00
    17.6111    0.00508      -0.22  555713980 0.0000e+00
    17.6148    0.00508      -0.22  555713982 0.0000e+00
    17.6116    0.00509      -0.22  555713983 0.0000e+00
    17.6101    0.00511      -0.22  555713985 0.0000e+00
    17.6140    0.00512      -0.22  555713986 0.0000e+00
    17.6152    0.00509      -0.22  555713988 0.0000e+00
    17.6142    0.00506      -0.22  555713990 0.0000e+00
    17.6119    0.00503      -0.22  555713991 0.0000e+00
    17.6130    0.00502      -0.22  555713993 0.0000e+00
    17.6095    0.00502      -0.22  555713994 0.0000e+00
    17.6144    0.00502      -0.22  555713996 0.0000e+00
    17.6135    0.00500      -0.22  555713997 0.0000e+00
    17.6118    0.00502      -0.22  555713999 0.0000e+00
    17.6177    0.00502      -0.22  555714000 0.0000e+00
    17.6192    0.00504      -0.22  555714002 0.0000e+00
    17.6168    0.00506      -0.22  555714003 0.0000e+00
    17.6203    0.00508      -0.22  555714005 0.0000e+00
    17.6224    0.00510      -0.22  555714006 0.0000e+00
    17.6335    0.00507      -0.22  555714008 0.0000e+00
    17.6439    0.00507      -0.22  555714009 0.0000e+00
    17.6483    0.00505      -0.22  555714011 0.0000e+00
    17.6508    0.00503      -0.22  555714012 0.0000e+00
    17.6519    0.00503      -0.22  555714014 0.0000e+00
    17.6605    0.00507      -0.22  555714015 0.0000e+00
    17.6789    0.00506      -0.22  555714017 0.0000e+00
    17.6863    0.00506      -0.22  555714019 0.0000e+00
    17.6944    0.00506      -0.22  555714020 0.0000e+00
    17.6952    0.00503      -0.22  555714022 0.0000e+00
    17.6929    0.00502      -0.22  555714023 0.0000e+00
    17.6957    0.00502      -0.22  555714025 0.0000e+00
    17.6979    0.00504      -0.22  555714026 0.0000e+00
    17.7002    0.00500      -0.22  555714028 0.0000e+00
    17.6985    0.00502      -0.22  555714029 0.0000e+00
    17.6904    0.00501      -0.22  555714031 0.0000e+00
    17.6878    0.00503      -0.22  555714032 0.0000e+00
    17.6897    0.00500      -0.22  555714034 0.0000e+00
    17.6895    0.00500      -0.22  555714035 0.0000e+00
    17.6908    0.00501      -0.22  555714037 0.0000e+00
    17.6995    0.00501      -0.22  555714038 0.0000e+00
    17.6981    0.00501      -0.22  555714040 0.0000e+00
    17.6923    0.00500      -0.22  555714041 0.0000e+00
    17.6913    0.00501      -0.22  555714043 0.0000e+00
    17.6882    0.00503      -0.22  555714044 0.0000e+00
    17.6887    0.00503      -0.22  555714046 0.0000e+00
    17.6869    0.00505      -0.22  555714048 0.0000e+00
    17.6862    0.00503      -0.22  555714049 0.0000e+00
    17.6858    0.00503      -0.22  555714051 0.0000e+00
    17.6851    0.00503      -0.22  555714052 0.0000e+00
    17.6787    0.00502      -0.22  555714054 0.0000e+00
    17.6789    0.00503      -0.22  555714055 0.0000e+00
    17.6798    0.00502      -0.22  555714057 0.0000e+00
    17.6764    0.00502      -0.22  555714058 0.0000e+00
    17.6729    0.00501      -0.22  555714060 0.0000e+00
    17.6757    0.00500      -0.22  555714061 0.0000e+00
    17.6755    0.00500      -0.22  555714063 0.0000e+00
    17.6728    0.00500      -0.22  555714064 0.0000e+00
    17.6771    0.00500      -0.22  555714066 0.0000e+00
    17.6742    0.00501      -0.22  555714067 0.0000e+00
    17.6749    0.00502      -0.22  555714069 0.0000e+00
    17.6737    0.00503      -0.22  555714070 0.0000e+00
    17.6812    0.00503      -0.22  555714072 0.0000e+00
    17.6852    0.00504      -0.22  555714073 0.0000e+00
    17.6932    0.00505      -0.22  555714075 0.0000e+00
    17.6945    0.00504      -0.22  555714076 0.0000e+00
    17.6901    0.00505      -0.22  555714078 0.0000e+00
    17.6962    0.00506      -0.22  555714079 0.0000e+00
    17.6954    0.00505      -0.22  555714081 0.0000e+00
    17.6966    0.00505      -0.22  555714083 0.0000e+00
    17.6962    0.00504      -0.22  555714084 0.0000e+00
    17.7068    0.00506      -0.22  555714086 0.0000e+00
    17.7124    0.00506      -0.22  555714087 0.0000e+00
    17.7295    0.00508      -0.22  555714089 0.0000e+00
    17.7315    0.00508      -0.22  555714090 0.0000e+00
    17.7304    0.00505      -0.22  555714092 0.0000e+00
    17.7282    0.00505      -0.22  555714093 0.0000e+00
    17.7265    0.00505      -0.22  555714095 0.0000e+00
    17.7262    0.00507      -0.22  555714096 0.0000e+00
    17.7248    0.00508      -0.22  555714098 0.0000e+00
    17.7345    0.00510      -0.22  555714099 0.0000e+00
    17.7458    0.00511      -0.22  555714101 0.0000e+00
    17.7517    0.00512      -0.22  555714102 0.0000e+00
    17.7515    0.00511      -0.22  555714104 0.0000e+00
    17.7490    0.00510      -0.22  555714105 0.0000e+00
    17.7473    0.00509      -0.22  555714107 0.0000e+00
    17.7456    0.00511      -0.22  555714108 0.0000e+00
    17.7430    0.00508      -0.22  555714110 0.0000e+00
    17.7356    0.00509      -0.22  555714112 0.0000e+00
    17.7306    0.00507      -0.22  555714113 0.0000e+00
    17.7321    0.00507      -0.22  555714115 0.0000e+00
    17.7350    0.00506      -0.22  555714116 0.0000e+00
    17.7364    0.00506      -0.22  555714118 0.0000e+00
    17.7433    0.00506      -0.22  555714119 0.0000e+00
    17.7515    0.00506      -0.22  555714121 0.0000e+00
    17.7538    0.00506      -0.22  555714122 0.0000e+00
    17.7587    0.00506      -0.22  555714124 0.0000e+00
    17.7565    0.00505      -0.22  555714125 0.0000e+00
    17.7526    0.00506      -0.22  555714127 0.0000e+00
    17.7546    0.00506      -0.22  555714128 0.0000e+00
    17.7535    0.00505      -0.22  555714130 0.0000e+00
    17.7541    0.00504      -0.22  555714131 0.0000e+00
    17.7559    0.00503      -0.22  555714133 0.0000e+00
    17.7524    0.00501      -0.22  555714134 0.0000e+00
    17.7527    0.00501      -0.22  555714136 0.0000e+00
    17.7517    0.00502      -0.22  555714137 0.0000e+00
    17.7529    0.00501      -0.22  555714139 0.0000e+00
    17.7513    0.00501      -0.22  555714140 0.0000e+00
    17.7512    0.00501      -0.22  555714142 0.0000e+00
    17.7526    0.00504      -0.22  555714144 0.0000e+00
    17.7596    0.00504      -0.22  555714145 0.0000e+00
    17.7653    0.00505      -0.22  555714147 0.0000e+00
    17.7765    0.00508      -0.22  555714148 0.0000e+00
    17.7926    0.00508      -0.22  555714150 0.0000e+00
    17.8003    0.00506      -0.22  555714151 0.0000e+00
    17.8081    0.00510      -0.22  555714153 0.0000e+00
    17.8065    0.00507      -0.22  555714154 0.0000e+00
    17.8027    0.00508      -0.22  555714156 0.0000e+00
    17.8023    0.00506      -0.22  555714157 0.0000e+00
    17.8032    0.00507      -0.22  555714159 0.0000e+00
    17.8045    0.00506      -0.22  555714160 0.0000e+00
    17.8102    0.00506      -0.22  555714162 0.0000e+00
    17.8094    0.00506      -0.22  555714163 0.0000e+00
    17.8102    0.00506      -0.22  555714165 0.0000e+00
    17.8159    0.00505      -0.22  555714166 0.0000e+00
    17.8199    0.00504      -0.22  555714168 0.0000e+00
    17.8172    0.00504      -0.22  555714169 0.0000e+00
    17.8164    0.00504      -0.22  555714171 0.0000e+00
    17.8198    0.00504      -0.22  555714173 0.0000e+00
    17.8191    0.00504      -0.22  555714174 0.0000e+00
    17.8241    0.00506      -0.22  555714176 0.0000e+00
    17.8331    0.00508      -0.22  555714177 0.0000e+00
    17.8354    0.00507      -0.22  555714179 0.0000e+00
    17.8393    0.00506      -0.22  555714180 0.0000e+00
    17.8417    0.00506      -0.22  555714182 0.0000e+00
    17.8489    0.00505      -0.22  555714183 0.0000e+00
    17.8441    0.00507      -0.22  555714185 0.0000e+00
    17.8464    0.00507      -0.22  555714186 0.0000e+00
    17.8532    0.00508      -0.22  555714188 0.0000e+00
    17.8595    0.00506      -0.22  555714189 0.0000e+00
    17.8549    0.00505      -0.22  555714191 0.0000e+00
    17.8504    0.00504      -0.22  555714192 0.0000e+00
    17.8468    0.00506      -0.22  555714194 0.0000e+00
    17.8484    0.00507      -0.22  555714195 0.0000e+00
    17.8494    0.00506      -0.22  555714197 0.0000e+00
    17.8523    0.00508      -0.22  555714198 0.0000e+00
    17.8510    0.00507      -0.22  555714200 0.0000e+00
    17.8553    0.00510      -0.22  555714201 0.0000e+00
    17.8598    0.00509      -0.22  555714203 0.0000e+00
    17.8703    0.00510      -0.22  555714205 0.0000e+00
    17.8751    0.00510      -0.22  555714206 0.0000e+00
    17.8738    0.00510      -0.22  555714208 0.0000e+00
    17.8701    0.00511      -0.22  555714209 0.0000e+00
    17.8681    0.00514      -0.22  555714211 0.0000e+00
    17.8729    0.00513      -0.22  555714212 0.0000e+00
    17.8761    0.00515      -0.22  555714214 0.0000e+00
    17.8739    0.00515      -0.22  555714215 0.0000e+00
    17.8736    0.00516      -0.22  555714217 0.0000e+00
    17.8727    0.00516      -0.22  555714218 0.0000e+00
    17.8740    0.00517      -0.22  555714220 0.0000e+00
    17.8787    0.00517      -0.22  555714221 0.0000e+00
    17.8763    0.00517      -0.22  555714223 0.0000e+00
    17.8725    0.00518      -0.22  555714224 0.0000e+00
    17.8721    0.00518      -0.22  555714226 0.0000e+00
    17.8908    0.00521      -0.22  555714227 0.0000e+00
    17.9024    0.00524      -0.22  555714229 0.0000e+00
    17.9075    0.00526      -0.22  555714230 0.0000e+00
    17.9080    0.00528      -0.21  555714232 0.0000e+00
    17.9120    0.00530      -0.22  555714233 0.0000e+00
    17.9155    0.00531      -0.21  555714235 0.0000e+00
    17.9128    0.00531      -0.22  555714237 0.0000e+00
    17.9167    0.00533      -0.22  555714238 0.0000e+00
    17.9203    0.00533      -0.22  555714240 0.0000e+00
    17.9166    0.00535      -0.22  555714241 0.0000e+00
    17.9290    0.00536      -0.22  555714243 0.0000e+00
    17.9329    0.00536      -0.22  555714244 0.0000e+00
    17.9350    0.00536      -0.22  555714246 0.0000e+00
    17.9400    0.00537      -0.22  555714247 0.0000e+00
    17.9425    0.00538      -0.22  555714249 0.0000e+00
    17.9460    0.00540      -0.22  555714250 0.0000e+00
    17.9589    0.00543      -0.22  555714252 0.0000e+00
    17.9633    0.00543      -0.22  555714253 0.0000e+00
    17.9630    0.00545      -0.22  555714255 0.0000e+00
    17.9663    0.00544      -0.22  555714256 0.0000e+00
    17.9667    0.00545      -0.22  555714258 0.0000e+00
    17.9690    0.00545      -0.22  555714259 0.0000e+00
    17.9656    0.00545      -0.22  555714261 0.0000e+00
    17.9639    0.00545      -0.21  555714262 0.0000e+00
    17.9714    0.00547      -0.22  555714264 0.0000e+00
    17.9761    0.00547      -0.21  555714265 0.0000e+00
    17.9863    0.00548      -0.22  555714267 0.0000e+00
    17.9889    0.00548      -0.22  555714269 0.0000e+00
    17.9922    0.00546      -0.22  555714270 0.0000e+00
    17.9933    0.00545      -0.22  555714272 0.0000e+00
    17.9966    0.00544      -0.22  555714273 0.0000e+00
    17.9996    0.00543      -0.22  555714275 0.0000e+00
    18.0084    0.00543      -0.22  555714276 0.0000e+00
    18.0251    0.00543      -0.22  555714278 0.0000e+00
    18.0361    0.00543      -0.22  555714279 0.0000e+00
    18.0405    0.00542      -0.22  555714281 0.0000e+00
    18.0463    0.00540      -0.22  555714282 0.0000e+00
    18.0494    0.00538      -0.22  555714284 0.0000e+00
    18.0443    0.00538      -0.22  555714285 0.0000e+00
    18.0484    0.00537      -0.22  555714287 0.0000e+00
    18.0507    0.00536      -0.22  555714288 0.0000e+00
    18.0502    0.00536      -0.22  555714290 0.0000e+00
    18.0674    0.00536      -0.22  555714291 0.0000e+00
    18.0832    0.00538      -0.22  555714293 0.0000e+00
    18.0820    0.00536      -0.22  555714294 0.0000e+00
    18.0857    0.00536      -0.22  555714296 0.0000e+00
    18.0935    0.00536      -0.22  555714298 0.0000e+00
    18.1001    0.00536      -0.22  555714299 0.0000e+00
    18.1156    0.00539      -0.21  555714301 0.0000e+00
    18.1205    0.00537      -0.22  555714302 0.0000e+00
    18.1233    0.00537      -0.22  555714304 0.0000e+00
    18.1250    0.00537      -0.22  555714305 0.0000e+00
    18.1297    0.00537      -0.22  555714307 0.0000e+00
