Code/Hansen Zooplankton Code and Sample Data/data/ctd/gsl_14_SBE37SI-RS232_03706156_2017_08_12.cnv
* Sea-Bird SBE37SI-RS232  Data File:
* FileName = C:\Users\General Lab Use\Desktop\SHELAGH CTD 2017\gsl_14_SBE37SI-RS232_03706156_2017_08_12.cnv
* Software version 1.00d
* Temperature SN = 6156
* Conductivity SN = 6156
* System UpLoad Time = Aug 12 2017 00:06:42
* <ApplicationData>
* <Seaterm232>
# nquan = 5
# nvalues = 1912
# units = specified
# name 0 = t090C: Temperature [ITS-90, deg C]
# name 1 = c0S/m: Conductivity [S/m]
# name 2 = prM: Pressure [db]
# name 3 = timeK: Time, Seacat Plus [seconds]
# name 4 = flag: Flag
# span 0 =      0.4996,    19.9572
# span 1 =   -0.005600,   3.661720
# span 2 =      -0.234,     88.163
# span 3 =   555797777,  555800700
# span 4 =  0.0000e+00, 0.0000e+00
# interval = seconds: 6.000000
# start_time = Aug 11 2017 20:16:17
# bad_flag = -9.990e-29
*END*
[from data line 1715]
    17.3051    0.00851      -0.21  555800400 0.0000e+00
    17.3035    0.00850      -0.21  555800401 0.0000e+00
    17.3066    0.00850      -0.21  555800403 0.0000e+00
    17.3097    0.00849      -0.22  555800404 0.0000e+00
    17.3120    0.00848      -0.22  555800406 0.0000e+00
    17.3167    0.00848      -0.21  555800407 0.0000e+00
    17.3082    0.00847      -0.22  555800409 0.0000e+00
    17.3082    0.00846      -0.22  555800410 0.0000e+00
    17.3130    0.00846      -0.21  555800412 0.0000e+00
    17.3173    0.00845      -0.21  555800413 0.0000e+00
    17.3234    0.00843      -0.22  555800415 0.0000e+00
    17.3250    0.00843      -0.22  555800417 0.0000e+00
    17.3218    0.00842      -0.22  555800418 0.0000e+00
    17.3228    0.00842      -0.22  555800420 0.0000e+00
    17.3281    0.00841      -0.21  555800421 0.0000e+00
    17.3247    0.00840      -0.22  555800423 0.0000e+00
    17.3172    0.00840      -0.21  555800424 0.0000e+00
    17.3166    0.00840      -0.22  555800426 0.0000e+00
    17.3182    0.00839      -0.21  555800427 0.0000e+00
    17.3080    0.00839      -0.22  555800429 0.0000e+00
    17.3055    0.00838      -0.22  555800430 0.0000e+00
    17.3063    0.00838      -0.21  555800432 0.0000e+00
    17.3093    0.00836      -0.21  555800433 0.0000e+00
    17.3121    0.00835      -0.22  555800435 0.0000e+00
    17.3136    0.00833      -0.22  555800436 0.0000e+00
    17.3190    0.00832      -0.21  555800438 0.0000e+00
    17.3169    0.00832      -0.22  555800439 0.0000e+00
    17.3181    0.00831      -0.22  555800441 0.0000e+00
    17.3196    0.00830      -0.22  555800442 0.0000e+00
    17.3186    0.00830      -0.22  555800444 0.0000e+00
    17.3141    0.00829      -0.21  555800446 0.0000e+00
    17.3122    0.00829      -0.22  555800447 0.0000e+00
    17.3136    0.00828      -0.22  555800449 0.0000e+00
    17.3191    0.00827      -0.22  555800450 0.0000e+00
    17.3171    0.00827      -0.22  555800452 0.0000e+00
    17.3175    0.00826      -0.22  555800453 0.0000e+00
    17.3248    0.00825      -0.22  555800455 0.0000e+00
    17.3292    0.00825      -0.22  555800456 0.0000e+00
    17.3315    0.00824      -0.21  555800458 0.0000e+00
    17.3327    0.00823      -0.22  555800459 0.0000e+00
    17.3367    0.00822      -0.21  555800461 0.0000e+00
    17.3371    0.00822      -0.22  555800462 0.0000e+00
    17.3446    0.00820      -0.21  555800464 0.0000e+00
    17.3474    0.00820      -0.22  555800465 0.0000e+00
    17.3498    0.00820      -0.21  555800467 0.0000e+00
    17.3441    0.00819      -0.22  555800468 0.0000e+00
    17.3426    0.00818      -0.22  555800470 0.0000e+00
    17.3460    0.00817      -0.21  555800471 0.0000e+00
    17.3434    0.00817      -0.21  555800473 0.0000e+00
    17.3412    0.00816      -0.21  555800474 0.0000e+00
    17.3403    0.00815      -0.21  555800476 0.0000e+00
    17.3421    0.00815      -0.22  555800478 0.0000e+00
    17.3464    0.00814      -0.21  555800479 0.0000e+00
    17.3471    0.00814      -0.21  555800481 0.0000e+00
    17.3489    0.00812      -0.22  555800482 0.0000e+00
    17.3522    0.00813      -0.21  555800484 0.0000e+00
    17.3541    0.00812      -0.21  555800485 0.0000e+00
    17.3539    0.00812      -0.22  555800487 0.0000e+00
    17.3478    0.00811      -0.22  555800488 0.0000e+00
    17.3453    0.00811      -0.21  555800490 0.0000e+00
    17.3444    0.00810      -0.21  555800491 0.0000e+00
    17.3366    0.00809      -0.21  555800493 0.0000e+00
    17.3384    0.00809      -0.21  555800494 0.0000e+00
    17.3360    0.00808      -0.21  555800496 0.0000e+00
    17.3359    0.00807      -0.22  555800497 0.0000e+00
    17.3417    0.00807      -0.21  555800499 0.0000e+00
    17.3452    0.00807      -0.21  555800500 0.0000e+00
    17.3487    0.00807      -0.21  555800502 0.0000e+00
    17.3554    0.00806      -0.21  555800503 0.0000e+00
    17.3576    0.00806      -0.21  555800505 0.0000e+00
    17.3565    0.00804      -0.21  555800506 0.0000e+00
    17.3584    0.00805      -0.22  555800508 0.0000e+00
    17.3638    0.00803      -0.22  555800510 0.0000e+00
    17.3614    0.00803      -0.21  555800511 0.0000e+00
    17.3657    0.00802      -0.21  555800513 0.0000e+00
    17.3669    0.00802      -0.21  555800514 0.0000e+00
    17.3633    0.00802      -0.21  555800516 0.0000e+00
    17.3672    0.00801      -0.22  555800517 0.0000e+00
    17.3658    0.00801      -0.22  555800519 0.0000e+00
    17.3647    0.00800      -0.21  555800520 0.0000e+00
    17.3573    0.00800      -0.21  555800522 0.0000e+00
    17.3565    0.00800      -0.22  555800523 0.0000e+00
    17.3606    0.00799      -0.21  555800525 0.0000e+00
    17.3651    0.00798      -0.21  555800526 0.0000e+00
    17.3637    0.00798      -0.22  555800528 0.0000e+00
    17.3663    0.00798      -0.21  555800529 0.0000e+00
    17.3690    0.00797      -0.21  555800531 0.0000e+00
    17.3705    0.00797      -0.21  555800532 0.0000e+00
    17.3673    0.00798      -0.21  555800534 0.0000e+00
    17.3674    0.00799      -0.21  555800535 0.0000e+00
    17.3678    0.00800      -0.21  555800537 0.0000e+00
    17.3716    0.00800      -0.21  555800538 0.0000e+00
    17.3756    0.00800      -0.21  555800540 0.0000e+00
    17.3785    0.00798      -0.21  555800542 0.0000e+00
    17.3917    0.00801      -0.21  555800543 0.0000e+00
    17.3950    0.00800      -0.21  555800545 0.0000e+00
    17.3951    0.00800      -0.21  555800546 0.0000e+00
    17.3965    0.00799      -0.21  555800548 0.0000e+00
    17.3978    0.00799      -0.21  555800549 0.0000e+00
    17.3968    0.00797      -0.21  555800551 0.0000e+00
    17.3940    0.00796      -0.21  555800552 0.0000e+00
    17.3915    0.00794      -0.21  555800554 0.0000e+00
    17.3851    0.00793      -0.21  555800555 0.0000e+00
    17.3774    0.00792      -0.21  555800557 0.0000e+00
    17.3721    0.00789      -0.21  555800558 0.0000e+00
    17.3754    0.00788      -0.21  555800560 0.0000e+00
    17.3699    0.00787      -0.21  555800561 0.0000e+00
    17.3663    0.00786      -0.21  555800563 0.0000e+00
    17.3636    0.00784      -0.21  555800564 0.0000e+00
    17.3640    0.00784      -0.21  555800566 0.0000e+00
    17.3741    0.00784      -0.21  555800567 0.0000e+00
    17.3780    0.00784      -0.21  555800569 0.0000e+00
    17.3816    0.00783      -0.21  555800571 0.0000e+00
    17.3877    0.00782      -0.21  555800572 0.0000e+00
    17.3937    0.00781      -0.21  555800574 0.0000e+00
    17.3917    0.00780      -0.21  555800575 0.0000e+00
    17.3947    0.00779      -0.21  555800577 0.0000e+00
    17.3996    0.00779      -0.21  555800578 0.0000e+00
    17.4005    0.00779      -0.21  555800580 0.0000e+00
    17.3983    0.00778      -0.21  555800581 0.0000e+00
    17.3978    0.00777      -0.21  555800583 0.0000e+00
    17.3955    0.00777      -0.21  555800584 0.0000e+00
    17.3941    0.00776      -0.21  555800586 0.0000e+00
    17.3960    0.00775      -0.21  555800587 0.0000e+00
    17.3982    0.00775      -0.21  555800589 0.0000e+00
    17.4012    0.00774      -0.21  555800590 0.0000e+00
    17.4019    0.00773      -0.21  555800592 0.0000e+00
    17.4012    0.00771      -0.21  555800593 0.0000e+00
    17.4048    0.00770      -0.21  555800595 0.0000e+00
    17.4064    0.00770      -0.21  555800596 0.0000e+00
    17.4105    0.00769      -0.21  555800598 0.0000e+00
    17.4154    0.00768      -0.21  555800599 0.0000e+00
    17.4261    0.00766      -0.22  555800601 0.0000e+00
    17.4398    0.00764      -0.22  555800603 0.0000e+00
    17.4476    0.00761      -0.22  555800604 0.0000e+00
    17.4513    0.00761      -0.22  555800606 0.0000e+00
    17.4425    0.00760      -0.22  555800607 0.0000e+00
    17.4413    0.00759      -0.22  555800609 0.0000e+00
    17.4461    0.00759      -0.22  555800610 0.0000e+00
    17.4501    0.00758      -0.22  555800612 0.0000e+00
    17.4595    0.00757      -0.22  555800613 0.0000e+00
    17.4598    0.00755      -0.22  555800615 0.0000e+00
    17.4680    0.00755      -0.22  555800616 0.0000e+00
    17.4744    0.00754      -0.22  555800618 0.0000e+00
    17.4791    0.00754      -0.22  555800619 0.0000e+00
    17.4775    0.00753      -0.22  555800621 0.0000e+00
    17.4844    0.00753      -0.22  555800622 0.0000e+00
    17.4901    0.00752      -0.22  555800624 0.0000e+00
    17.4988    0.00752      -0.22  555800625 0.0000e+00
    17.5053    0.00777      -0.23  555800627 0.0000e+00
    17.5173    0.00914      -0.23  555800628 0.0000e+00
    17.5143    0.00920      -0.23  555800630 0.0000e+00
    17.5126    0.00891      -0.23  555800632 0.0000e+00
    17.5082    0.00864      -0.22  555800633 0.0000e+00
    17.5128    0.00905      -0.22  555800635 0.0000e+00
    17.5090    0.00903      -0.23  555800636 0.0000e+00
    17.5378    0.00908      -0.21  555800638 0.0000e+00
    17.5526    0.00909      -0.21  555800639 0.0000e+00
    17.5674    0.00932      -0.21  555800641 0.0000e+00
    17.5807    0.00943      -0.21  555800642 0.0000e+00
    17.6028    0.00957      -0.21  555800644 0.0000e+00
    17.6089    0.00981      -0.21  555800645 0.0000e+00
    17.6197    0.00980      -0.21  555800647 0.0000e+00
    17.6317    0.00980      -0.21  555800648 0.0000e+00
    17.6363    0.00996      -0.21  555800650 0.0000e+00
    17.6613    0.01324      -0.22  555800651 0.0000e+00
    17.6769    0.02019      -0.23  555800653 0.0000e+00
    17.6886    0.02565      -0.22  555800654 0.0000e+00
    17.6888    0.02705      -0.23  555800656 0.0000e+00
    17.7007    0.02535      -0.23  555800657 0.0000e+00
    17.7164    0.02333      -0.22  555800659 0.0000e+00
    17.7260    0.02163      -0.23  555800660 0.0000e+00
    17.7428    0.01853      -0.22  555800662 0.0000e+00
    17.7409    0.01691      -0.22  555800664 0.0000e+00
    17.7364    0.01639      -0.23  555800665 0.0000e+00
    17.7563    0.01600      -0.22  555800667 0.0000e+00
    17.7480    0.01530      -0.22  555800668 0.0000e+00
    17.7280    0.01464      -0.22  555800670 0.0000e+00
    17.7046    0.01461      -0.22  555800671 0.0000e+00
    17.7018    0.01691      -0.21  555800673 0.0000e+00
    17.6958    0.01690      -0.21  555800674 0.0000e+00
    17.7010    0.01694      -0.21  555800676 0.0000e+00
    17.6878    0.01703      -0.21  555800677 0.0000e+00
    17.6844    0.01710      -0.21  555800679 0.0000e+00
    17.6875    0.01717      -0.21  555800680 0.0000e+00
    17.6908    0.01722      -0.21  555800682 0.0000e+00
    17.6927    0.01723      -0.21  555800683 0.0000e+00
    17.6880    0.01724      -0.21  555800685 0.0000e+00
    17.6829    0.01724      -0.21  555800686 0.0000e+00
    17.6783    0.01724      -0.21  555800688 0.0000e+00
    17.6718    0.01720      -0.21  555800689 0.0000e+00
    17.6675    0.01717      -0.21  555800691 0.0000e+00
    17.6695    0.01711      -0.21  555800692 0.0000e+00
    17.6642    0.01703      -0.21  555800694 0.0000e+00
    17.6625    0.01698      -0.21  555800696 0.0000e+00
    17.6621    0.01691      -0.21  555800697 0.0000e+00
    17.6593    0.01680      -0.21  555800700 0.0000e+00
