Code/Hansen Zooplankton Code and Sample Data/data/ctd/gsl_01_SBE37SI-RS232_03706156_2017_07_03_final.cnv
* Sea-Bird SBE37SI-RS232  Data File:
* FileName = C:\Users\General Lab Use\Desktop\SHELAGH CTD 2017\gsl_01_SBE37SI-RS232_03706156_2017_07_03.cnv
* Software version 1.00d
* Temperature SN = 6156
* Conductivity SN = 6156
* System UpLoad Time = Jul 03 2017 22:38:41
* <ApplicationData>
* <Seaterm232>
# nquan = 7                                 
# nvalues = 1298                        
# units = specified
# name 0 = t090C: Temperature [ITS-90, deg C]
# name 1 = c0S/m: Conductivity [S/m]
# name 2 = prM: Pressure [db]
# name 3 = timeK: Time, Seacat Plus [seconds]
# name 4 = sal00: Salinity [PSU]
# name 5 = sigma-t00: Density [sigma-t, Kg/m^3 ]
# name 6 = flag: flag
# span 0 =    -0.7642,    21.7318       
# span 1 =   0.000050,   3.358380       
# span 2 =     -0.390,     66.020       
# span 3 =  552405754,  552407731       
# span 4 =     0.0096,    31.5411       
# span 5 =    -2.1595,    25.3414       
# span 6 = 0.0000e+00, 0.0000e+00       
# interval = seconds: 6.000000
# start_time = Jul 03 2017 14:02:34
# bad_flag = -9.990e-29
*END*
    21.3689   0.000180     -0.360  552405754     0.0106    -2.0788 0.0000e+00
    21.3728   0.000170     -0.360  552405756     0.0106    -2.0797 0.0000e+00
    21.3875   0.000150     -0.360  552405757     0.0106    -2.0830 0.0000e+00
    21.4067   0.000170     -0.360  552405759     0.0106    -2.0872 0.0000e+00
    21.4189   0.000160     -0.360  552405761     0.0106    -2.0899 0.0000e+00
    21.4476   0.000160     -0.360  552405762     0.0106    -2.0962 0.0000e+00
    21.4566   0.000160     -0.360  552405764     0.0106    -2.0982 0.0000e+00
    21.4753   0.000160     -0.360  552405765     0.0106    -2.1024 0.0000e+00
    21.4871   0.000160     -0.360  552405767     0.0106    -2.1050 0.0000e+00
    21.4965   0.000160     -0.360  552405768     0.0106    -2.1071 0.0000e+00
    21.5031   0.000150     -0.360  552405770     0.0106    -2.1085 0.0000e+00
    21.4893   0.000160     -0.360  552405771     0.0106    -2.1055 0.0000e+00
    21.4978   0.000160     -0.360  552405773     0.0106    -2.1073 0.0000e+00
    21.4974   0.000150     -0.360  552405774     0.0106    -2.1073 0.0000e+00
    21.5028   0.000150     -0.360  552405776     0.0106    -2.1085 0.0000e+00
    21.4939   0.000150     -0.360  552405777     0.0106    -2.1065 0.0000e+00
    21.4839   0.000150     -0.360  552405779     0.0106    -2.1043 0.0000e+00
    21.4646   0.000150     -0.360  552405780     0.0106    -2.1000 0.0000e+00
    21.4299   0.000150     -0.360  552405783     0.0106    -2.0923 0.0000e+00
    21.4052   0.000150     -0.360  552405784     0.0106    -2.0869 0.0000e+00
    21.3892   0.000150     -0.360  552405786     0.0106    -2.0833 0.0000e+00
    21.4038   0.000150     -0.360  552405787     0.0106    -2.0866 0.0000e+00
    21.4190   0.000150     -0.360  552405789     0.0106    -2.0899 0.0000e+00
    21.4407   0.000150     -0.360  552405790     0.0106    -2.0947 0.0000e+00
    21.4893   0.000150     -0.360  552405792     0.0106    -2.1055 0.0000e+00
    21.5295   0.000150     -0.360  552405793     0.0106    -2.1144 0.0000e+00
    21.5383   0.000150     -0.360  552405795     0.0106    -2.1163 0.0000e+00
    21.5439   0.000150     -0.360  552405796     0.0106    -2.1176 0.0000e+00
    21.5501   0.000160     -0.360  552405798     0.0106    -2.1189 0.0000e+00
    21.5440   0.000150     -0.360  552405799     0.0106    -2.1176 0.0000e+00
    21.5848   0.000150     -0.360  552405801     0.0106    -2.1267 0.0000e+00
    21.5884   0.000150     -0.360  552405802     0.0106    -2.1275 0.0000e+00
    21.5939   0.000150     -0.360  552405804     0.0106    -2.1287 0.0000e+00
    21.6049   0.000150     -0.360  552405805     0.0106    -2.1311 0.0000e+00
    21.6087   0.000150     -0.360  552405807     0.0106    -2.1320 0.0000e+00
    21.5953   0.000150     -0.360  552405808     0.0106    -2.1290 0.0000e+00
    21.6085   0.000150     -0.360  552405810     0.0106    -2.1319 0.0000e+00
    21.6085   0.000150     -0.360  552405811     0.0106    -2.1319 0.0000e+00
    21.5982   0.000150     -0.360  552405813     0.0106    -2.1297 0.0000e+00
    21.6185   0.000150     -0.360  552405814     0.0106    -2.1342 0.0000e+00
    21.6164   0.000150     -0.360  552405816     0.0106    -2.1337 0.0000e+00
    21.6161   0.000150     -0.360  552405818     0.0106    -2.1336 0.0000e+00
    21.6158   0.000150     -0.360  552405819     0.0106    -2.1336 0.0000e+00
    21.6055   0.000150     -0.360  552405821     0.0106    -2.1313 0.0000e+00
    21.6054   0.000150     -0.360  552405822     0.0106    -2.1313 0.0000e+00
    21.6075   0.000140     -0.360  552405824     0.0106    -2.1317 0.0000e+00
    21.6088   0.000150     -0.360  552405825     0.0106    -2.1320 0.0000e+00
    21.6245   0.000140     -0.360  552405827     0.0106    -2.1355 0.0000e+00
    21.7172   0.000150     -0.360  552405828     0.0107    -2.1562 0.0000e+00
    21.7277   0.000140     -0.360  552405830     0.0107    -2.1586 0.0000e+00
    21.7318   0.000150     -0.360  552405831     0.0107    -2.1595 0.0000e+00
    21.7094   0.000150     -0.360  552405833     0.0107    -2.1545 0.0000e+00
    21.7074   0.000150     -0.360  552405834     0.0107    -2.1540 0.0000e+00
    21.7060   0.000150     -0.360  552405836     0.0107    -2.1537 0.0000e+00
    21.6976   0.000150     -0.360  552405837     0.0107    -2.1518 0.0000e+00
    21.6957   0.000150     -0.360  552405839     0.0107    -2.1514 0.0000e+00
    21.7068   0.000150     -0.360  552405840     0.0107    -2.1539 0.0000e+00
    21.7082   0.000150     -0.360  552405842     0.0107    -2.1542 0.0000e+00
    21.7037   0.000150     -0.360  552405843     0.0107    -2.1532 0.0000e+00
    21.6970   0.000150     -0.360  552405845     0.0107    -2.1517 0.0000e+00
    21.6848   0.000150     -0.360  552405846     0.0107    -2.1490 0.0000e+00
    21.6784   0.000150     -0.360  552405848     0.0107    -2.1475 0.0000e+00
    21.6672   0.000150     -0.360  552405849     0.0107    -2.1450 0.0000e+00
    21.6595   0.000150     -0.360  552405851     0.0107    -2.1433 0.0000e+00
    21.6629   0.000150     -0.360  552405852     0.0107    -2.1441 0.0000e+00
    21.6547   0.000150     -0.370  552405854     0.0107    -2.1422 0.0000e+00
    21.6440   0.000150     -0.360  552405855     0.0107    -2.1399 0.0000e+00
    21.6381   0.000150     -0.360  552405857     0.0107    -2.1385 0.0000e+00
    21.6317   0.000150     -0.360  552405859     0.0107    -2.1371 0.0000e+00
    21.6169   0.000150     -0.360  552405860     0.0106    -2.1338 0.0000e+00
    21.6148   0.000150     -0.360  552405862     0.0106    -2.1333 0.0000e+00
    21.6112   0.000150     -0.360  552405863     0.0106    -2.1325 0.0000e+00
    21.6136   0.000150     -0.360  552405865     0.0106    -2.1331 0.0000e+00
    21.6119   0.000150     -0.370  552405866     0.0106    -2.1327 0.0000e+00
    21.6112   0.000150     -0.360  552405868     0.0106    -2.1325 0.0000e+00
    21.6058   0.000150     -0.360  552405869     0.0106    -2.1313 0.0000e+00
    21.6051   0.000150     -0.360  552405871     0.0106    -2.1312 0.0000e+00
    21.6084   0.000150     -0.360  552405872     0.0106    -2.1319 0.0000e+00
    21.6142   0.000160     -0.360  552405874     0.0107    -2.1332 0.0000e+00
    21.6221   0.000160     -0.370  552405875     0.0107    -2.1350 0.0000e+00
    21.6174   0.000160     -0.360  552405877     0.0107    -2.1339 0.0000e+00
    21.6208   0.000160     -0.360  552405878     0.0107    -2.1347 0.0000e+00
    21.6173   0.000160     -0.360  552405880     0.0107    -2.1339 0.0000e+00
    21.6210   0.000160     -0.360  552405881     0.0107    -2.1347 0.0000e+00
    21.6113   0.000160     -0.370  552405883     0.0107    -2.1326 0.0000e+00
    21.6175   0.000160     -0.360  552405884     0.0107    -2.1339 0.0000e+00
    21.6123   0.000160     -0.360  552405886     0.0107    -2.1328 0.0000e+00
    21.6083   0.000160     -0.360  552405887     0.0107    -2.1319 0.0000e+00
    21.6145   0.000160     -0.360  552405889     0.0107    -2.1333 0.0000e+00
    21.6191   0.000160     -0.360  552405890     0.0107    -2.1343 0.0000e+00
    21.6115   0.000160     -0.370  552405892     0.0107    -2.1326 0.0000e+00
    21.6027   0.000160     -0.360  552405894     0.0107    -2.1306 0.0000e+00
    21.5871   0.000160     -0.360  552405895     0.0106    -2.1272 0.0000e+00
    21.5929   0.000160     -0.360  552405897     0.0107    -2.1285 0.0000e+00
    21.6195   0.000160     -0.370  552405898     0.0107    -2.1344 0.0000e+00
    21.6197   0.000150     -0.370  552405900     0.0106    -2.1344 0.0000e+00
    21.6164   0.000150     -0.370  552405901     0.0106    -2.1337 0.0000e+00
    21.5966   0.000150     -0.370  552405903     0.0106    -2.1293 0.0000e+00
    21.5685   0.000150     -0.370  552405904     0.0106    -2.1230 0.0000e+00
    21.5210   0.000160     -0.370  552405906     0.0106    -2.1125 0.0000e+00
    21.4720   0.000160     -0.370  552405907     0.0106    -2.1016 0.0000e+00
    21.4360   0.000160     -0.370  552405909     0.0106    -2.0937 0.0000e+00
    21.4242   0.000160     -0.370  552405910     0.0106    -2.0911 0.0000e+00
    21.4095   0.000160     -0.370  552405912     0.0106    -2.0878 0.0000e+00
    21.3949   0.000160     -0.370  552405913     0.0106    -2.0846 0.0000e+00
    21.4002   0.000160     -0.370  552405915     0.0106    -2.0858 0.0000e+00
    21.3888   0.000160     -0.370  552405916     0.0106    -2.0832 0.0000e+00
    21.3297   0.000160     -0.370  552405918     0.0106    -2.0702 0.0000e+00
    21.3080   0.000160     -0.360  552405919     0.0105    -2.0655 0.0000e+00
    21.2734   0.000160     -0.360  552405921     0.0105    -2.0579 0.0000e+00
    21.1979   0.000150     -0.360  552405922     0.0105    -2.0414 0.0000e+00
    21.0405   0.000110     -0.370  552405924     0.0104    -2.0071 0.0000e+00
    20.9649   0.000110     -0.360  552405925     0.0103    -1.9907 0.0000e+00
    20.8862   0.000100     -0.360  552405927     0.0103    -1.9738 0.0000e+00
    20.8393   0.000070     -0.360  552405928     0.0103    -1.9637 0.0000e+00
    20.7825   0.000060     -0.360  552405930     0.0103    -1.9515 0.0000e+00
    20.6916   0.000060     -0.370  552405931     0.0102    -1.9321 0.0000e+00
    20.6853   0.000070     -0.360  552405933     0.0102    -1.9307 0.0000e+00
    20.6504   0.000070     -0.360  552405935     0.0102    -1.9233 0.0000e+00
    20.5124   0.000070     -0.370  552405936     0.0101    -1.8940 0.0000e+00
    20.4425   0.000070     -0.360  552405938     0.0101    -1.8793 0.0000e+00
    20.3573   0.000070     -0.370  552405939     0.0101    -1.8614 0.0000e+00
    20.2693   0.000070     -0.360  552405941     0.0100    -1.8429 0.0000e+00
    20.2463   0.000070     -0.370  552405942     0.0100    -1.8381 0.0000e+00
    20.2568   0.000070     -0.370  552405944     0.0100    -1.8403 0.0000e+00
    20.2298   0.000070     -0.360  552405945     0.0100    -1.8347 0.0000e+00
    20.2704   0.000080     -0.370  552405947     0.0101    -1.8432 0.0000e+00
    20.2780   0.000070     -0.370  552405948     0.0101    -1.8447 0.0000e+00
    20.3017   0.000070     -0.370  552405950     0.0101    -1.8497 0.0000e+00
    20.2918   0.000070     -0.370  552405951     0.0101    -1.8476 0.0000e+00
    20.2892   0.000070     -0.370  552405953     0.0101    -1.8471 0.0000e+00
    20.2675   0.000070     -0.370  552405954     0.0100    -1.8425 0.0000e+00
    20.2793   0.000070     -0.360  552405956     0.0101    -1.8450 0.0000e+00
    20.2892   0.000070     -0.370  552405957     0.0101    -1.8471 0.0000e+00
    20.2896   0.000070     -0.370  552405959     0.0101    -1.8472 0.0000e+00
    20.2640   0.000070     -0.370  552405960     0.0100    -1.8418 0.0000e+00
    20.2238   0.000070     -0.370  552405962     0.0100    -1.8334 0.0000e+00
    20.1759   0.000070     -0.360  552405963     0.0100    -1.8235 0.0000e+00
    20.1673   0.000070     -0.370  552405965     0.0100    -1.8217 0.0000e+00
    20.1410   0.000070     -0.370  552405966     0.0100    -1.8162 0.0000e+00
    20.0994   0.000070     -0.370  552405968     0.0100    -1.8076 0.0000e+00
    20.0356   0.000070     -0.370  552405969     0.0100    -1.7944 0.0000e+00
    19.9716   0.000070     -0.360  552405971     0.0099    -1.7812 0.0000e+00
    19.9299   0.000070     -0.370  552405972     0.0099    -1.7726 0.0000e+00
    19.9454   0.000070     -0.360  552405974     0.0099    -1.7758 0.0000e+00
    19.9242   0.000070     -0.370  552405976     0.0099    -1.7715 0.0000e+00
    19.8733   0.000070     -0.360  552405977     0.0099    -1.7610 0.0000e+00
    19.7431   0.000070     -0.370  552405979     0.0098    -1.7344 0.0000e+00
    19.7142   0.000070     -0.360  552405980     0.0098    -1.7286 0.0000e+00
    19.6882   0.000070     -0.370  552405982     0.0098    -1.7233 0.0000e+00
    19.6268   0.000070     -0.360  552405983     0.0098    -1.7109 0.0000e+00
    19.5866   0.000070     -0.370  552405985     0.0098    -1.7028 0.0000e+00
    19.5608   0.000080     -0.370  552405986     0.0098    -1.6975 0.0000e+00
    19.5172   0.000070     -0.370  552405988     0.0097    -1.6888 0.0000e+00
    19.5009   0.000080     -0.370  552405989     0.0097    -1.6855 0.0000e+00
    19.5245   0.000080     -0.360  552405991     0.0097    -1.6902 0.0000e+00
    19.5206   0.000080     -0.370  552405992     0.0097    -1.6895 0.0000e+00
    19.4743   0.000080     -0.360  552405994     0.0097    -1.6802 0.0000e+00
    19.4230   0.000070     -0.360  552405995     0.0097    -1.6699 0.0000e+00
    19.3640   0.000080     -0.360  552405997     0.0097    -1.6581 0.0000e+00
    19.3160   0.000080     -0.360  552405998     0.0097    -1.6486 0.0000e+00
    19.2771   0.000090     -0.360  552406000     0.0096    -1.6408 0.0000e+00
    19.2703   0.000090     -0.360  552406001     0.0096    -1.6395 0.0000e+00
    19.2759   0.000090     -0.360  552406003     0.0096    -1.6406 0.0000e+00
    19.3522   0.000090     -0.360  552406004     0.0097    -1.6558 0.0000e+00
    19.3766   0.000100     -0.360  552406006     0.0097    -1.6606 0.0000e+00
    19.3767   0.000100     -0.360  552406007     0.0097    -1.6606 0.0000e+00
    19.4752   0.000100     -0.360  552406009     0.0097    -1.6803 0.0000e+00
    19.4786   0.000100     -0.360  552406010     0.0097    -1.6810 0.0000e+00
    19.4515   0.000090     -0.360  552406012     0.0097    -1.6756 0.0000e+00
    19.4081   0.000090     -0.360  552406014     0.0097    -1.6669 0.0000e+00
    19.4351   0.000090     -0.370  552406015     0.0097    -1.6723 0.0000e+00
    19.4345   0.000090     -0.370  552406017     0.0097    -1.6722 0.0000e+00
    19.4285   0.000090     -0.370  552406018     0.0097    -1.6710 0.0000e+00
    19.4574   0.000090     -0.360  552406020     0.0097    -1.6768 0.0000e+00
    19.4793   0.000070     -0.370  552406021     0.0097    -1.6812 0.0000e+00
    19.4536   0.000080     -0.360  552406023     0.0097    -1.6760 0.0000e+00
    19.4496   0.000070     -0.370  552406024     0.0097    -1.6752 0.0000e+00
    19.4748   0.000070     -0.370  552406026     0.0097    -1.6803 0.0000e+00
    19.4938   0.000070     -0.370  552406027     0.0097    -1.6841 0.0000e+00
    19.5177   0.000070     -0.370  552406029     0.0097    -1.6889 0.0000e+00
    19.5346   0.000070     -0.370  552406030     0.0097    -1.6923 0.0000e+00
    19.5657   0.000070     -0.360  552406032     0.0098    -1.6985 0.0000e+00
    19.6109   0.000070     -0.360  552406033     0.0098    -1.7077 0.0000e+00
    19.6360   0.000070     -0.370  552406035     0.0098    -1.7127 0.0000e+00
    19.6728   0.000070     -0.360  552406036     0.0098    -1.7202 0.0000e+00
    19.6827   0.000070     -0.360  552406038     0.0098    -1.7222 0.0000e+00
    19.7004   0.000070     -0.370  552406039     0.0098    -1.7258 0.0000e+00
    19.7251   0.000070     -0.360  552406041     0.0098    -1.7308 0.0000e+00
    19.7605   0.000070     -0.360  552406042     0.0098    -1.7380 0.0000e+00
    19.7802   0.000070     -0.370  552406044     0.0098    -1.7420 0.0000e+00
    19.7661   0.000070     -0.370  552406045     0.0098    -1.7391 0.0000e+00
    19.7362   0.000060     -0.370  552406047     0.0098    -1.7330 0.0000e+00
    19.7578   0.000060     -0.370  552406048     0.0098    -1.7374 0.0000e+00
    19.7814   0.000060     -0.360  552406050     0.0099    -1.7422 0.0000e+00
    19.7768   0.000060     -0.370  552406052     0.0099    -1.7413 0.0000e+00
    19.7749   0.000050     -0.370  552406053     0.0099    -1.7409 0.0000e+00
    19.7544   0.000060     -0.370  552406055     0.0098    -1.7367 0.0000e+00
    19.7384   0.000060     -0.370  552406056     0.0098    -1.7335 0.0000e+00
    19.7288   0.000060     -0.370  552406058     0.0098    -1.7315 0.0000e+00
    19.7028   0.000060     -0.370  552406059     0.0098    -1.7263 0.0000e+00
    19.6639   0.000060     -0.370  552406061     0.0098    -1.7184 0.0000e+00
    19.6440   0.000070     -0.370  552406062     0.0098    -1.7143 0.0000e+00
    19.5983   0.000070     -0.360  552406064     0.0098    -1.7051 0.0000e+00
    19.5984   0.000070     -0.360  552406065     0.0098    -1.7051 0.0000e+00
