Code/Hansen Zooplankton Code and Sample Data/data/ctd/gsl_14_SBE37SI-RS232_03706156_2017_08_12_final.cnv
* Sea-Bird SBE37SI-RS232  Data File:
* FileName = C:\Users\General Lab Use\Desktop\SHELAGH CTD 2017\gsl_14_SBE37SI-RS232_03706156_2017_08_12.cnv
* Software version 1.00d
* Temperature SN = 6156
* Conductivity SN = 6156
* System UpLoad Time = Aug 12 2017 00:06:42
* <ApplicationData>
* <Seaterm232>
# nquan = 7                                 
# nvalues = 1912                        
# units = specified
# name 0 = t090C: Temperature [ITS-90, deg C]
# name 1 = c0S/m: Conductivity [S/m]
# name 2 = prM: Pressure [db]
# name 3 = timeK: Time, Seacat Plus [seconds]
# name 4 = sal00: Salinity [PSU]
# name 5 = sigma-t00: Density [sigma-t, Kg/m^3 ]
# name 6 = flag: flag
# span 0 =     0.4996,    19.9572       
# span 1 =  -0.005600,   3.661720       
# span 2 =     -0.230,     88.160       
# span 3 =  555797777,  555800700       
# span 4 =     0.0000,    32.2655       
# span 5 =    -1.7019,    25.8671       
# span 6 = 0.0000e+00, 0.0000e+00       
# interval = seconds: 6.000000
# start_time = Aug 11 2017 20:16:17
# bad_flag = -9.990e-29
*END*
[from data line 411]
    16.2743   3.582730      6.460  555798406    27.7126    20.0912 0.0000e+00
    15.8701   3.558120      7.150  555798407    27.7820    20.2320 0.0000e+00
    15.3063   3.518300      8.050  555798409    27.8315    20.3896 0.0000e+00
    15.1596   3.511600      8.700  555798410    27.8764    20.4548 0.0000e+00
    14.8980   3.463600      9.680  555798412    27.6381    20.3257 0.0000e+00
    14.0246   3.443890     10.080  555798413    28.0884    20.8482 0.0000e+00
    13.8266   3.390430     11.080  555798415    27.7478    20.6245 0.0000e+00
    13.6070   3.391100     11.610  555798417    27.9129    20.7945 0.0000e+00
    13.2117   3.380280     12.370  555798418    28.1033    21.0171 0.0000e+00
    12.6014   3.330740     13.350  555798420    28.0960    21.1252 0.0000e+00
    11.4998   3.287050     13.950  555798421    28.5160    21.6468 0.0000e+00
     8.9574   3.177700     14.870  555798423    29.4601    22.7901 0.0000e+00
     8.5534   3.131180     15.810  555798424    29.3153    22.7356 0.0000e+00
     8.1298   3.146210     16.480  555798426    29.8273    23.1964 0.0000e+00
     7.4222   3.068510     17.670  555798427    29.6079    23.1200 0.0000e+00
     7.5605   3.089350     18.200  555798429    29.7115    23.1831 0.0000e+00
     6.1243   2.990830     19.220  555798430    29.8896    23.5026 0.0000e+00
     4.8230   2.949050     19.990  555798432    30.5914    24.2003 0.0000e+00
     3.9331   2.892290     20.880  555798433    30.7611    24.4220 0.0000e+00
     3.4813   2.864030     21.770  555798435    30.8540    24.5364 0.0000e+00
     3.2479   2.869050     22.490  555798436    31.1368    24.7817 0.0000e+00
     3.1514   2.823340     23.660  555798438    30.6811    24.4266 0.0000e+00
     2.9681   2.841950     24.200  555798439    31.0801    24.7598 0.0000e+00
     2.6744   2.807360     25.280  555798441    30.9446    24.6748 0.0000e+00
     2.6196   2.790650     25.990  555798442    30.7939    24.5587 0.0000e+00
     2.3418   2.800830     26.930  555798444    31.1876    24.8940 0.0000e+00
     2.2029   2.763530     28.010  555798446    30.8641    24.6454 0.0000e+00
     1.9721   2.767550     28.830  555798447    31.1390    24.8814 0.0000e+00
     1.7705   2.749750     29.860  555798449    31.1159    24.8764 0.0000e+00
     1.6974   2.746560     30.700  555798450    31.1479    24.9068 0.0000e+00
     1.6135   2.741020     31.570  555798452    31.1612    24.9229 0.0000e+00
     1.4315   2.741150     32.330  555798453    31.3436    25.0806 0.0000e+00
     1.2703   2.727850     33.300  555798455    31.3366    25.0848 0.0000e+00
     1.2586   2.730120     34.020  555798456    31.3767    25.1176 0.0000e+00
     1.2688   2.725750     35.110  555798458    31.3106    25.0640 0.0000e+00
     1.3141   2.732950     35.760  555798459    31.3559    25.0976 0.0000e+00
     1.4839   2.742500     36.640  555798461    31.3059    25.0471 0.0000e+00
     1.4757   2.741990     37.520  555798462    31.3072    25.0487 0.0000e+00
     1.3621   2.740930     38.430  555798464    31.4071    25.1358 0.0000e+00
     1.3053   2.737820     39.300  555798465    31.4243    25.1531 0.0000e+00
     1.1145   2.729500     40.310  555798467    31.5106    25.2336 0.0000e+00
     1.0010   2.736120     40.930  555798468    31.7098    25.4002 0.0000e+00
     0.8671   2.727120     41.990  555798470    31.7308    25.4246 0.0000e+00
     0.8307   2.722720     42.780  555798472    31.7111    25.4109 0.0000e+00
     0.7497   2.720330     43.740  555798473    31.7628    25.4568 0.0000e+00
     0.7396   2.718390     44.580  555798475    31.7478    25.4453 0.0000e+00
     0.7014   2.725830     45.540  555798476    31.8822    25.5555 0.0000e+00
     0.6677   2.714470     46.590  555798478    31.7699    25.4670 0.0000e+00
     0.6265   2.716110     47.500  555798479    31.8330    25.5198 0.0000e+00
     0.6122   2.715290     48.530  555798481    31.8365    25.5235 0.0000e+00
     0.5869   2.716070     49.630  555798482    31.8721    25.5534 0.0000e+00
     0.5535   2.714760     50.590  555798484    31.8891    25.5688 0.0000e+00
     0.5433   2.716370     51.510  555798485    31.9199    25.5942 0.0000e+00
     0.5381   2.733920     51.800  555798487    32.1524    25.7816 0.0000e+00
     0.5359   2.721680     51.990  555798488    31.9961    25.6559 0.0000e+00
     0.5341   2.720010     52.720  555798490    31.9759    25.6397 0.0000e+00
     0.5342   2.723940     53.370  555798491    32.0263    25.6803 0.0000e+00
     0.5256   2.738000     53.510  555798493    32.2173    25.8346 0.0000e+00
     0.5312   2.723730     54.300  555798494    32.0262    25.6803 0.0000e+00
     0.5230   2.723340     55.020  555798496    32.0292    25.6832 0.0000e+00
     0.5218   2.722180     56.030  555798497    32.0149    25.6717 0.0000e+00
     0.5316   2.724480     56.680  555798499    32.0341    25.6867 0.0000e+00
     0.5390   2.723440     57.800  555798501    32.0123    25.6688 0.0000e+00
     0.5502   2.725740     58.570  555798502    32.0301    25.6825 0.0000e+00
     0.5515   2.726280     59.640  555798504    32.0351    25.6865 0.0000e+00
     0.5667   2.730460     60.360  555798505    32.0730    25.7162 0.0000e+00
     0.5707   2.730350     61.380  555798507    32.0669    25.7110 0.0000e+00
     0.5786   2.732370     62.030  555798508    32.0844    25.7248 0.0000e+00
     0.5829   2.733000     63.130  555798510    32.0875    25.7270 0.0000e+00
     0.5842   2.733620     63.910  555798511    32.0937    25.7319 0.0000e+00
     0.5815   2.734010     64.660  555798513    32.1011    25.7381 0.0000e+00
     0.5792   2.732550     65.570  555798514    32.0841    25.7245 0.0000e+00
     0.5778   2.733020     66.390  555798516    32.0912    25.7303 0.0000e+00
     0.5803   2.732890     67.460  555798517    32.0863    25.7262 0.0000e+00
     0.5887   2.734150     68.200  555798519    32.0935    25.7315 0.0000e+00
     0.5898   2.734650     69.130  555798520    32.0982    25.7353 0.0000e+00
     0.5908   2.734950     69.910  555798522    32.1006    25.7372 0.0000e+00
     0.5927   2.735400     70.830  555798523    32.1040    25.7398 0.0000e+00
     0.5860   2.735460     71.720  555798525    32.1112    25.7459 0.0000e+00
     0.5675   2.735150     72.770  555798527    32.1258    25.7587 0.0000e+00
     0.5511   2.734840     73.590  555798528    32.1384    25.7697 0.0000e+00
     0.5445   2.735110     74.350  555798530    32.1484    25.7780 0.0000e+00
     0.5347   2.733970     75.230  555798531    32.1433    25.7745 0.0000e+00
     0.5400   2.735070     76.120  555798533    32.1515    25.7808 0.0000e+00
     0.5506   2.736150     77.060  555798534    32.1539    25.7822 0.0000e+00
     0.5572   2.737200     77.920  555798536    32.1602    25.7869 0.0000e+00
     0.5680   2.738310     78.760  555798537    32.1628    25.7884 0.0000e+00
     0.5763   2.739380     79.540  555798539    32.1676    25.7918 0.0000e+00
     0.5971   2.741160     80.390  555798540    32.1685    25.7914 0.0000e+00
     0.6057   2.742230     81.060  555798542    32.1730    25.7946 0.0000e+00
     0.6108   2.743350     81.720  555798543    32.1818    25.8014 0.0000e+00
     0.6168   2.744330     82.400  555798545    32.1878    25.8060 0.0000e+00
     0.6177   2.744820     83.040  555798546    32.1928    25.8100 0.0000e+00
     0.6229   2.745530     83.790  555798548    32.1962    25.8124 0.0000e+00
     0.6243   2.746040     84.530  555798549    32.2009    25.8161 0.0000e+00
     0.6278   2.747460     84.910  555798551    32.2154    25.8276 0.0000e+00
     0.6317   2.747060     85.750  555798552    32.2057    25.8195 0.0000e+00
     0.6314   2.748210     86.130  555798554    32.2206    25.8316 0.0000e+00
     0.6335   2.748190     86.340  555798556    32.2181    25.8294 0.0000e+00
     0.6363   2.748370     85.730  555798557    32.2178    25.8291 0.0000e+00
     0.6340   2.746850     84.900  555798559    32.2010    25.8157 0.0000e+00
     0.6273   2.745710     84.120  555798560    32.1937    25.8102 0.0000e+00
     0.6222   2.744880     83.220  555798562    32.1888    25.8065 0.0000e+00
     0.6197   2.744580     82.520  555798563    32.1879    25.8059 0.0000e+00
     0.6162   2.744450     82.080  555798565    32.1902    25.8079 0.0000e+00
     0.6123   2.743160     81.450  555798566    32.1779    25.7982 0.0000e+00
     0.6089   2.742320     80.650  555798568    32.1710    25.7929 0.0000e+00
     0.6053   2.741660     80.090  555798569    32.1666    25.7895 0.0000e+00
     0.5926   2.740900     79.520  555798571    32.1703    25.7931 0.0000e+00
     0.5808   2.738420     78.770  555798572    32.1509    25.7782 0.0000e+00
     0.5713   2.739600     78.550  555798574    32.1762    25.7990 0.0000e+00
     0.5657   2.737040     77.770  555798575    32.1493    25.7777 0.0000e+00
     0.5623   2.736600     77.200  555798577    32.1475    25.7764 0.0000e+00
     0.5548   2.735430     76.490  555798578    32.1406    25.7712 0.0000e+00
     0.5511   2.734210     75.770  555798580    32.1290    25.7621 0.0000e+00
     0.5390   2.733310     75.250  555798582    32.1303    25.7638 0.0000e+00
     0.5352   2.732100     74.400  555798583    32.1190    25.7549 0.0000e+00
     0.5424   2.732440     73.920  555798585    32.1162    25.7523 0.0000e+00
     0.5468   2.732150     73.080  555798586    32.1084    25.7457 0.0000e+00
     0.5539   2.732200     72.590  555798588    32.1019    25.7401 0.0000e+00
     0.5684   2.732350     71.780  555798589    32.0892    25.7292 0.0000e+00
     0.5714   2.732520     71.500  555798591    32.0885    25.7284 0.0000e+00
     0.5805   2.732900     71.120  555798592    32.0842    25.7245 0.0000e+00
     0.5916   2.732970     70.790  555798594    32.0737    25.7155 0.0000e+00
     0.5931   2.732960     70.590  555798595    32.0721    25.7141 0.0000e+00
     0.5937   2.733370     70.560  555798597    32.0768    25.7179 0.0000e+00
     0.5960   2.732550     69.920  555798598    32.0642    25.7076 0.0000e+00
     0.5932   2.731870     69.340  555798600    32.0587    25.7033 0.0000e+00
     0.5890   2.731420     68.740  555798601    32.0575    25.7026 0.0000e+00
     0.5904   2.731220     68.140  555798603    32.0538    25.6995 0.0000e+00
     0.5894   2.730670     67.470  555798604    32.0481    25.6950 0.0000e+00
     0.5842   2.729620     66.850  555798606    32.0403    25.6890 0.0000e+00
     0.5795   2.729020     66.170  555798607    32.0378    25.6872 0.0000e+00
     0.5795   2.728780     65.510  555798609    32.0351    25.6850 0.0000e+00
     0.5800   2.728600     64.820  555798611    32.0326    25.6830 0.0000e+00
     0.5808   2.728570     64.100  555798612    32.0318    25.6823 0.0000e+00
     0.5824   2.728590     63.430  555798614    32.0308    25.6814 0.0000e+00
     0.5839   2.728530     62.710  555798615    32.0289    25.6798 0.0000e+00
     0.5833   2.728180     62.200  555798617    32.0252    25.6769 0.0000e+00
     0.5825   2.728000     61.610  555798618    32.0241    25.6760 0.0000e+00
     0.5806   2.727630     61.200  555798620    32.0215    25.6740 0.0000e+00
     0.5759   2.726380     60.440  555798621    32.0106    25.6655 0.0000e+00
     0.5747   2.725560     59.950  555798623    32.0015    25.6583 0.0000e+00
     0.5698   2.724340     59.300  555798624    31.9912    25.6502 0.0000e+00
     0.5641   2.722470     58.600  555798626    31.9733    25.6361 0.0000e+00
     0.5551   2.720860     58.000  555798627    31.9622    25.6276 0.0000e+00
     0.5503   2.720160     57.460  555798629    31.9584    25.6248 0.0000e+00
     0.5500   2.718520     56.680  555798630    31.9379    25.6083 0.0000e+00
     0.5432   2.717500     56.160  555798632    31.9320    25.6039 0.0000e+00
     0.5317   2.716200     55.670  555798633    31.9274    25.6008 0.0000e+00
     0.5181   2.713880     54.860  555798635    31.9119    25.5890 0.0000e+00
     0.5117   2.712450     54.230  555798637    31.9003    25.5800 0.0000e+00
     0.5129   2.711610     53.730  555798638    31.8885    25.5704 0.0000e+00
     0.5229   2.711400     53.040  555798640    31.8758    25.5597 0.0000e+00
     0.5280   2.710890     52.290  555798641    31.8644    25.5502 0.0000e+00
     0.5285   2.710990     51.820  555798643    31.8654    25.5511 0.0000e+00
     0.5285   2.709820     51.360  555798644    31.8505    25.5391 0.0000e+00
     0.5253   2.706060     50.710  555798646    31.8055    25.5030 0.0000e+00
     0.5181   2.704180     50.250  555798647    31.7889    25.4900 0.0000e+00
     0.5333   2.704450     49.990  555798649    31.7769    25.4795 0.0000e+00
     0.5336   2.701680     49.450  555798650    31.7410    25.4506 0.0000e+00
     0.5294   2.701300     49.190  555798652    31.7406    25.4505 0.0000e+00
     0.5274   2.700280     48.540  555798653    31.7298    25.4419 0.0000e+00
     0.5657   2.701370     47.950  555798655    31.7049    25.4199 0.0000e+00
     0.5853   2.700460     47.360  555798656    31.6733    25.3935 0.0000e+00
     0.6010   2.699700     46.830  555798658    31.6477    25.3721 0.0000e+00
     0.6062   2.698320     46.250  555798659    31.6249    25.3535 0.0000e+00
     0.6152   2.697400     45.660  555798661    31.6042    25.3363 0.0000e+00
     0.6304   2.697510     44.790  555798663    31.5905    25.3245 0.0000e+00
     0.6598   2.697190     44.310  555798664    31.5566    25.2957 0.0000e+00
     0.6750   2.696560     43.360  555798666    31.5336    25.2764 0.0000e+00
     0.7145   2.696570     42.980  555798667    31.4937    25.2422 0.0000e+00
     0.7308   2.696720     42.380  555798669    31.4794    25.2298 0.0000e+00
     0.7360   2.697140     41.720  555798670    31.4798    25.2299 0.0000e+00
     0.7588   2.697090     41.570  555798672    31.4561    25.2097 0.0000e+00
     0.8077   2.698640     41.210  555798673    31.4266    25.1833 0.0000e+00
     0.8264   2.699070     40.610  555798675    31.4135    25.1718 0.0000e+00
     0.8480   2.698540     40.430  555798676    31.3849    25.1476 0.0000e+00
     0.8790   2.698700     40.010  555798678    31.3559    25.1226 0.0000e+00
     0.9370   2.701440     39.300  555798679    31.3328    25.1008 0.0000e+00
     1.0251   2.701110     39.010  555798681    31.2401    25.0214 0.0000e+00
     1.1187   2.703620     38.580  555798682    31.1785    24.9666 0.0000e+00
     1.2254   2.708810     37.870  555798684    31.1381    24.9281 0.0000e+00
     1.3106   2.709130     37.380  555798685    31.0576    24.8585 0.0000e+00
     1.3610   2.708640     36.960  555798687    31.0017    24.8106 0.0000e+00
     1.4169   2.711540     36.360  555798688    30.9832    24.7924 0.0000e+00
     1.4500   2.714030     35.710  555798690    30.9822    24.7895 0.0000e+00
     1.4783   2.711500     35.330  555798692    30.9227    24.7401 0.0000e+00
     1.4930   2.711470     34.830  555798693    30.9081    24.7275 0.0000e+00
     1.4146   2.703730     34.140  555798695    30.8884    24.7165 0.0000e+00
     1.3073   2.698520     33.740  555798696    30.9290    24.7554 0.0000e+00
     1.2639   2.694890     33.190  555798698    30.9264    24.7558 0.0000e+00
     1.2444   2.691750     32.420  555798699    30.9064    24.7410 0.0000e+00
     1.2442   2.691030     31.970  555798701    30.8977    24.7340 0.0000e+00
     1.2841   2.690820     31.390  555798702    30.8560    24.6982 0.0000e+00
     1.3740   2.694950     30.450  555798704    30.8199    24.6639 0.0000e+00
     1.5105   2.696940     29.900  555798705    30.7112    24.5686 0.0000e+00
     1.6468   2.698530     29.070  555798707    30.5986    24.4699 0.0000e+00
     1.7265   2.702080     28.130  555798708    30.5659    24.4387 0.0000e+00
     1.9013   2.702550     27.730  555798710    30.4031    24.2970 0.0000e+00
     2.0368   2.717640     26.800  555798711    30.4598    24.3334 0.0000e+00
     2.2350   2.720000     26.460  555798713    30.2992    24.1914 0.0000e+00
     2.3528   2.727350     25.860  555798714    30.2774    24.1657 0.0000e+00
     2.5281   2.737010     25.250  555798716    30.2292    24.1146 0.0000e+00
