Code/Hansen Zooplankton Code and Sample Data/data/ctd/gsl_06_SBE37SI-RS232_03706156_2017_08_02_final.cnv
* Sea-Bird SBE37SI-RS232  Data File:
* FileName = C:\Users\General Lab Use\Desktop\SHELAGH CTD 2017\gsl_06_SBE37SI-RS232_03706156_2017_08_02.cnv
* Software version 1.00d
* Temperature SN = 6156
* Conductivity SN = 6156
* System UpLoad Time = Aug 02 2017 10:18:34
* <ApplicationData>
* <Seaterm232>
# nquan = 7                                 
# nvalues = 1764                        
# units = specified
# name 0 = t090C: Temperature [ITS-90, deg C]
# name 1 = c0S/m: Conductivity [S/m]
# name 2 = prM: Pressure [db]
# name 3 = timeK: Time, Seacat Plus [seconds]
# name 4 = sal00: Salinity [PSU]
# name 5 = sigma-t00: Density [sigma-t, Kg/m^3 ]
# name 6 = flag: flag
# span 0 =    -0.0117,    18.8960       
# span 1 =   0.001400,   3.550750       
# span 2 =     -0.240,     61.140       
# span 3 =  554968864,  554971543       
# span 4 =     0.0140,    32.1004       
# span 5 =    -1.5334,    25.7594       
# span 6 = 0.0000e+00, 0.0000e+00       
# interval = seconds: 6.000000
# start_time = Aug 02 2017 06:01:04
# bad_flag = -9.990e-29
*END*
[from data line 1231]
    16.3994   0.004960     -0.220  554970733     0.0317    -1.0969 0.0000e+00
    16.3933   0.004950     -0.230  554970734     0.0316    -1.0959 0.0000e+00
    16.3953   0.004940     -0.220  554970736     0.0316    -1.0963 0.0000e+00
    16.3967   0.004940     -0.220  554970738     0.0316    -1.0966 0.0000e+00
    16.3910   0.004930     -0.220  554970739     0.0315    -1.0956 0.0000e+00
    16.3841   0.004930     -0.230  554970741     0.0315    -1.0945 0.0000e+00
    16.3888   0.004930     -0.230  554970742     0.0315    -1.0953 0.0000e+00
    16.3899   0.004930     -0.220  554970744     0.0315    -1.0955 0.0000e+00
    16.3858   0.004920     -0.220  554970745     0.0315    -1.0948 0.0000e+00
    16.3873   0.004920     -0.220  554970747     0.0315    -1.0951 0.0000e+00
    16.3848   0.004910     -0.220  554970748     0.0314    -1.0947 0.0000e+00
    16.3921   0.004910     -0.220  554970750     0.0314    -1.0959 0.0000e+00
    16.3911   0.004910     -0.220  554970751     0.0314    -1.0957 0.0000e+00
    16.3933   0.004910     -0.220  554970753     0.0314    -1.0961 0.0000e+00
    16.3922   0.004900     -0.220  554970754     0.0314    -1.0960 0.0000e+00
    16.3906   0.004900     -0.220  554970756     0.0314    -1.0957 0.0000e+00
    16.3886   0.004900     -0.230  554970757     0.0314    -1.0954 0.0000e+00
    16.3856   0.004910     -0.220  554970759     0.0314    -1.0948 0.0000e+00
    16.3901   0.004910     -0.220  554970760     0.0314    -1.0956 0.0000e+00
    16.3946   0.004900     -0.220  554970762     0.0314    -1.0964 0.0000e+00
    16.3904   0.004980     -0.230  554970763     0.0318    -1.0953 0.0000e+00
    16.4005   0.004950     -0.230  554970765     0.0316    -1.0972 0.0000e+00
    16.4164   0.004940     -0.230  554970766     0.0316    -1.0999 0.0000e+00
    16.4234   0.004910     -0.220  554970768     0.0314    -1.1012 0.0000e+00
    16.4345   0.004890     -0.220  554970769     0.0313    -1.1031 0.0000e+00
    16.4360   0.004880     -0.220  554970771     0.0313    -1.1034 0.0000e+00
    16.4457   0.004870     -0.230  554970772     0.0312    -1.1051 0.0000e+00
    16.4527   0.004860     -0.220  554970774     0.0312    -1.1063 0.0000e+00
    16.4584   0.004850     -0.230  554970776     0.0311    -1.1073 0.0000e+00
    16.4621   0.004850     -0.230  554970777     0.0311    -1.1079 0.0000e+00
    16.4808   0.004840     -0.220  554970779     0.0310    -1.1111 0.0000e+00
    16.4929   0.004840     -0.220  554970780     0.0310    -1.1131 0.0000e+00
    16.4974   0.004830     -0.220  554970782     0.0310    -1.1139 0.0000e+00
    16.4967   0.004830     -0.220  554970783     0.0310    -1.1138 0.0000e+00
    16.4928   0.004820     -0.220  554970785     0.0309    -1.1132 0.0000e+00
    16.4822   0.004820     -0.220  554970786     0.0309    -1.1114 0.0000e+00
    16.4808   0.004820     -0.220  554970788     0.0309    -1.1112 0.0000e+00
    16.4835   0.004810     -0.220  554970789     0.0309    -1.1117 0.0000e+00
    16.4892   0.004810     -0.220  554970791     0.0309    -1.1126 0.0000e+00
    16.4902   0.004810     -0.220  554970792     0.0309    -1.1128 0.0000e+00
    16.4913   0.004800     -0.230  554970794     0.0308    -1.1130 0.0000e+00
    16.4923   0.004800     -0.220  554970795     0.0308    -1.1132 0.0000e+00
    16.4924   0.004800     -0.220  554970797     0.0308    -1.1132 0.0000e+00
    16.5047   0.004790     -0.220  554970798     0.0308    -1.1153 0.0000e+00
    16.5098   0.004790     -0.220  554970800     0.0308    -1.1162 0.0000e+00
    16.5181   0.004790     -0.220  554970801     0.0308    -1.1176 0.0000e+00
    16.5248   0.004790     -0.230  554970803     0.0308    -1.1187 0.0000e+00
    16.5264   0.004790     -0.220  554970804     0.0308    -1.1190 0.0000e+00
    16.5200   0.004780     -0.220  554970806     0.0307    -1.1179 0.0000e+00
    16.5262   0.004780     -0.220  554970807     0.0307    -1.1190 0.0000e+00
    16.5249   0.004770     -0.220  554970809     0.0307    -1.1188 0.0000e+00
    16.5310   0.004770     -0.220  554970810     0.0307    -1.1198 0.0000e+00
    16.5282   0.004770     -0.220  554970812     0.0307    -1.1193 0.0000e+00
    16.5296   0.004770     -0.220  554970814     0.0307    -1.1196 0.0000e+00
    16.5395   0.004760     -0.220  554970815     0.0306    -1.1213 0.0000e+00
    16.5421   0.004760     -0.220  554970817     0.0306    -1.1217 0.0000e+00
    16.5444   0.004760     -0.220  554970818     0.0306    -1.1221 0.0000e+00
    16.5423   0.004760     -0.220  554970820     0.0306    -1.1218 0.0000e+00
    16.5378   0.004750     -0.220  554970821     0.0306    -1.1210 0.0000e+00
    16.5552   0.004750     -0.220  554970823     0.0305    -1.1240 0.0000e+00
    16.5627   0.004950     -0.230  554970824     0.0316    -1.1244 0.0000e+00
    16.5937   0.011100     -0.230  554970826     0.0649    -1.1039 0.0000e+00
    16.6223   0.033470     -0.230  554970827     0.1929    -1.0100 0.0000e+00
    16.6408   0.031220     -0.230  554970829     0.1797    -1.0234 0.0000e+00
    16.6586   0.029930     -0.230  554970830     0.1721    -1.0322 0.0000e+00
    16.6607   0.028500     -0.230  554970832     0.1637    -1.0390 0.0000e+00
    16.6675   0.026880     -0.230  554970833     0.1543    -1.0474 0.0000e+00
    16.6794   0.025350     -0.230  554970835     0.1455    -1.0563 0.0000e+00
    16.7017   0.024600     -0.230  554970836     0.1411    -1.0635 0.0000e+00
    16.7147   0.024050     -0.230  554970838     0.1379    -1.0682 0.0000e+00
    16.7250   0.023930     -0.230  554970839     0.1371    -1.0705 0.0000e+00
    16.7346   0.026030     -0.230  554970841     0.1492    -1.0629 0.0000e+00
    16.7527   0.026080     -0.230  554970842     0.1494    -1.0658 0.0000e+00
    16.7586   0.026820     -0.230  554970844     0.1537    -1.0635 0.0000e+00
    16.7569   0.026970     -0.230  554970845     0.1545    -1.0625 0.0000e+00
    16.7507   0.025130     -0.230  554970847     0.1440    -1.0696 0.0000e+00
    16.7554   0.024200     -0.230  554970848     0.1386    -1.0746 0.0000e+00
    16.7503   0.022000     -0.230  554970850     0.1260    -1.0834 0.0000e+00
    16.7386   0.019970     -0.230  554970851     0.1145    -1.0903 0.0000e+00
    16.7301   0.018460     -0.230  554970853     0.1059    -1.0955 0.0000e+00
    16.7191   0.017380     -0.240  554970855     0.0998    -1.0983 0.0000e+00
    16.7092   0.017570     -0.240  554970856     0.1009    -1.0958 0.0000e+00
    16.6989   0.019010     -0.240  554970858     0.1091    -1.0877 0.0000e+00
    16.6997   0.019880     -0.240  554970859     0.1141    -1.0840 0.0000e+00
    16.6857   0.020700     -0.240  554970861     0.1188    -1.0780 0.0000e+00
    16.6696   0.021160     -0.240  554970862     0.1214    -1.0732 0.0000e+00
    16.6707   0.021180     -0.240  554970864     0.1215    -1.0733 0.0000e+00
    16.6637   0.021140     -0.240  554970865     0.1213    -1.0723 0.0000e+00
    16.6810   0.020400     -0.240  554970867     0.1171    -1.0785 0.0000e+00
    16.6740   0.020040     -0.240  554970868     0.1150    -1.0789 0.0000e+00
    16.6726   0.019550     -0.240  554970870     0.1122    -1.0808 0.0000e+00
    16.6791   0.019690     -0.240  554970871     0.1130    -1.0813 0.0000e+00
    16.6853   0.019710     -0.240  554970873     0.1131    -1.0823 0.0000e+00
    16.6689   0.019780     -0.240  554970874     0.1136    -1.0791 0.0000e+00
    16.6653   0.020970     -0.240  554970876     0.1204    -1.0733 0.0000e+00
    16.6587   0.021900     -0.240  554970877     0.1257    -1.0680 0.0000e+00
    16.6587   0.022070     -0.240  554970879     0.1267    -1.0673 0.0000e+00
    16.6554   0.022310     -0.240  554970880     0.1281    -1.0657 0.0000e+00
    16.6601   0.022120     -0.240  554970882     0.1270    -1.0673 0.0000e+00
    16.6551   0.022430     -0.240  554970883     0.1287    -1.0651 0.0000e+00
    16.6607   0.021620     -0.240  554970885     0.1241    -1.0696 0.0000e+00
    16.6642   0.021840     -0.240  554970886     0.1253    -1.0692 0.0000e+00
    16.6664   0.021690     -0.240  554970888     0.1245    -1.0703 0.0000e+00
    16.6620   0.022200     -0.240  554970890     0.1274    -1.0673 0.0000e+00
    16.6562   0.022050     -0.240  554970891     0.1266    -1.0669 0.0000e+00
    16.6512   0.023230     -0.240  554970893     0.1333    -1.0609 0.0000e+00
    16.6532   0.023080     -0.240  554970894     0.1325    -1.0619 0.0000e+00
    16.6445   0.023340     -0.240  554970896     0.1340    -1.0592 0.0000e+00
    16.6374   0.023090     -0.240  554970897     0.1326    -1.0591 0.0000e+00
    16.6344   0.023180     -0.240  554970899     0.1331    -1.0582 0.0000e+00
    16.6499   0.023640     -0.240  554970900     0.1357    -1.0588 0.0000e+00
    16.6549   0.023620     -0.240  554970902     0.1356    -1.0598 0.0000e+00
    16.6692   0.024400     -0.230  554970903     0.1400    -1.0588 0.0000e+00
    16.6811   0.025600     -0.230  554970905     0.1469    -1.0555 0.0000e+00
    16.7111   1.268650      0.060  554970906     8.8137     5.5686 0.0000e+00
    17.3748   3.541310      0.850  554970908    26.6219    19.0116 0.0000e+00
    17.3948   3.539650      1.450  554970909    26.5948    18.9863 0.0000e+00
    17.3979   3.539710      2.060  554970911    26.5931    18.9843 0.0000e+00
    17.3931   3.537530      2.180  554970912    26.5780    18.9739 0.0000e+00
    17.3949   3.540290      2.180  554970914    26.5998    18.9902 0.0000e+00
    17.3971   3.540950      2.330  554970915    26.6038    18.9927 0.0000e+00
    17.3960   3.543120      2.150  554970917    26.6227    19.0074 0.0000e+00
    17.3946   3.541000      2.250  554970918    26.6059    18.9949 0.0000e+00
    17.3933   3.539780      2.150  554970920    26.5966    18.9881 0.0000e+00
    17.3962   3.538800      2.260  554970921    26.5865    18.9797 0.0000e+00
    17.3967   3.540120      2.140  554970923    26.5972    18.9878 0.0000e+00
    17.3940   3.541160      2.130  554970924    26.6077    18.9964 0.0000e+00
    17.3942   3.542160      2.280  554970926    26.6158    19.0025 0.0000e+00
    17.3962   3.544520      2.080  554970927    26.6342    19.0161 0.0000e+00
    17.3942   3.544300      2.290  554970929    26.6336    19.0162 0.0000e+00
    17.3971   3.544040      2.480  554970931    26.6295    19.0123 0.0000e+00
    17.4002   3.545750      2.960  554970932    26.6416    19.0209 0.0000e+00
    17.3987   3.546650      3.400  554970934    26.6499    19.0276 0.0000e+00
    17.3914   3.546750      3.950  554970935    26.6554    19.0334 0.0000e+00
    16.9120   3.538060      4.290  554970937    26.8996    19.3280 0.0000e+00
    16.8439   3.526990      5.010  554970938    26.8514    19.3063 0.0000e+00
    16.8344   3.528980      5.360  554970940    26.8744    19.3260 0.0000e+00
    16.5075   3.515650      6.150  554970941    26.9803    19.4793 0.0000e+00
    15.3398   3.513090      6.490  554970943    27.7627    20.3298 0.0000e+00
    15.1120   3.501510      7.270  554970944    27.8219    20.4228 0.0000e+00
    14.5418   3.496450      7.950  554970946    28.1857    20.8195 0.0000e+00
    14.0024   3.460730      8.880  554970947    28.2574    20.9828 0.0000e+00
    12.5991   3.385360      9.680  554970949    28.6099    21.5231 0.0000e+00
    11.2365   3.296710     10.480  554970950    28.8146    21.9238 0.0000e+00
    10.2164   3.213320     11.480  554970952    28.8002    22.0814 0.0000e+00
     9.2540   3.223350     11.940  554970953    29.6821    22.9191 0.0000e+00
     8.9124   3.132630     12.670  554970955    29.0360    22.4652 0.0000e+00
     8.4897   3.123330     13.300  554970956    29.2878    22.7232 0.0000e+00
     8.1821   3.085100     14.240  554970958    29.1449    22.6544 0.0000e+00
     7.7507   3.081530     14.810  554970959    29.4684    22.9669 0.0000e+00
     7.8950   3.070750     15.640  554970961    29.2331    22.7629 0.0000e+00
     7.4362   3.065760     16.320  554970962    29.5672    23.0863 0.0000e+00
     6.2932   2.975220     17.330  554970964    29.5710    23.2316 0.0000e+00
     6.0091   2.985420     17.970  554970965    29.9320    23.5494 0.0000e+00
     5.2947   2.922970     19.050  554970967    29.8679    23.5781 0.0000e+00
     5.1235   2.964700     19.740  554970968    30.4944    24.0920 0.0000e+00
     4.8863   2.909160     21.000  554970970    30.0772    23.7865 0.0000e+00
     4.7550   2.936830     21.520  554970971    30.5132    24.1453 0.0000e+00
     4.2687   2.877210     22.790  554970973    30.2720    24.0020 0.0000e+00
     3.9335   2.883410     23.510  554970975    30.6552    24.3378 0.0000e+00
     3.7545   2.861730     24.400  554970976    30.5677    24.2845 0.0000e+00
     3.4395   2.878400     24.920  554970978    31.0632    24.7066 0.0000e+00
     3.1584   2.830150     25.750  554970979    30.7550    24.4849 0.0000e+00
     2.8370   2.804360     26.680  554970981    30.7511    24.5077 0.0000e+00
     2.4545   2.808020     27.470  554970982    31.1651    24.8677 0.0000e+00
     2.5647   2.791740     28.110  554970984    30.8590    24.6149 0.0000e+00
     2.7582   2.795720     29.110  554970985    30.7208    24.4897 0.0000e+00
     2.2484   2.778770     29.770  554970987    31.0064    24.7559 0.0000e+00
     2.0366   2.763360     30.660  554970988    31.0229    24.7840 0.0000e+00
     1.8534   2.761510     31.370  554970990    31.1797    24.9220 0.0000e+00
     1.7762   2.750260     32.110  554970991    31.1154    24.8757 0.0000e+00
     1.7126   2.746790     32.850  554970993    31.1346    24.8952 0.0000e+00
     1.6644   2.743970     33.590  554970994    31.1466    24.9079 0.0000e+00
     1.5379   2.746420     34.290  554970996    31.3026    25.0410 0.0000e+00
     1.5237   2.753090     34.860  554970997    31.4003    25.1202 0.0000e+00
     1.3532   2.739320     35.730  554970999    31.3971    25.1283 0.0000e+00
     1.2074   2.734070     36.400  554971000    31.4770    25.2012 0.0000e+00
     1.0055   2.721150     37.180  554971002    31.5162    25.2445 0.0000e+00
     0.6042   2.691440     37.840  554971003    31.5429    25.2875 0.0000e+00
     0.4837   2.688930     38.520  554971005    31.6334    25.3665 0.0000e+00
     0.3860   2.669490     39.290  554971006    31.4810    25.2486 0.0000e+00
     0.2374   2.679390     39.920  554971008    31.7624    25.4824 0.0000e+00
     0.2059   2.659560     40.670  554971009    31.5357    25.3011 0.0000e+00
     0.1675   2.683290     40.930  554971011    31.8853    25.5847 0.0000e+00
     0.1540   2.696510     41.040  554971012    32.0723    25.7361 0.0000e+00
     0.1531   2.679100     40.820  554971014    31.8455    25.5533 0.0000e+00
     0.1355   2.681500     41.010  554971016    31.8951    25.5941 0.0000e+00
     0.1332   2.670170     40.770  554971017    31.7493    25.4766 0.0000e+00
     0.1383   2.679610     40.850  554971019    31.8675    25.5717 0.0000e+00
     0.1323   2.683620     40.770  554971020    31.9263    25.6194 0.0000e+00
     0.1402   2.697540     40.760  554971022    32.1004    25.7594 0.0000e+00
     0.1438   2.691440     40.710  554971023    32.0168    25.6918 0.0000e+00
     0.1538   2.691450     40.740  554971025    32.0064    25.6830 0.0000e+00
     0.1410   2.674000     40.650  554971026    31.7914    25.5102 0.0000e+00
     0.1711   2.663320     40.570  554971028    31.6207    25.3712 0.0000e+00
     0.1516   2.653870     40.650  554971029    31.5172    25.2887 0.0000e+00
     0.1545   2.650770     40.320  554971031    31.4739    25.2536 0.0000e+00
     0.1501   2.649580     40.510  554971032    31.4628    25.2449 0.0000e+00
     0.1464   2.648650     40.350  554971034    31.4545    25.2384 0.0000e+00
     0.1552   2.646880     40.360  554971035    31.4224    25.2120 0.0000e+00
     0.1592   2.638910     39.800  554971037    31.3145    25.1249 0.0000e+00
     0.1384   2.639990     39.310  554971038    31.3502    25.1546 0.0000e+00
     0.1450   2.638450     38.680  554971040    31.3237    25.1329 0.0000e+00
     0.2009   2.646030     38.170  554971041    31.3657    25.1643 0.0000e+00
