Code/Hansen Zooplankton Code and Sample Data/data/ctd/gsl_14_SBE37SI-RS232_03706156_2017_08_12.cnv
* Sea-Bird SBE37SI-RS232  Data File:
* FileName = C:\Users\General Lab Use\Desktop\SHELAGH CTD 2017\gsl_14_SBE37SI-RS232_03706156_2017_08_12.cnv
* Software version 1.00d
* Temperature SN = 6156
* Conductivity SN = 6156
* System UpLoad Time = Aug 12 2017 00:06:42
* <ApplicationData>
* <Seaterm232>
# nquan = 5
# nvalues = 1912
# units = specified
# name 0 = t090C: Temperature [ITS-90, deg C]
# name 1 = c0S/m: Conductivity [S/m]
# name 2 = prM: Pressure [db]
# name 3 = timeK: Time, Seacat Plus [seconds]
# name 4 = flag: Flag
# span 0 =      0.4996,    19.9572
# span 1 =   -0.005600,   3.661720
# span 2 =      -0.234,     88.163
# span 3 =   555797777,  555800700
# span 4 =  0.0000e+00, 0.0000e+00
# interval = seconds: 6.000000
# start_time = Aug 11 2017 20:16:17
# bad_flag = -9.990e-29
*END*
[from data line 572]
     0.5294    2.70130      49.19  555798652 0.0000e+00
     0.5274    2.70028      48.54  555798653 0.0000e+00
     0.5657    2.70137      47.95  555798655 0.0000e+00
     0.5853    2.70046      47.36  555798656 0.0000e+00
     0.6010    2.69970      46.83  555798658 0.0000e+00
     0.6062    2.69832      46.25  555798659 0.0000e+00
     0.6152    2.69740      45.66  555798661 0.0000e+00
     0.6304    2.69751      44.79  555798663 0.0000e+00
     0.6598    2.69719      44.31  555798664 0.0000e+00
     0.6750    2.69656      43.36  555798666 0.0000e+00
     0.7145    2.69657      42.98  555798667 0.0000e+00
     0.7308    2.69672      42.38  555798669 0.0000e+00
     0.7360    2.69714      41.72  555798670 0.0000e+00
     0.7588    2.69709      41.57  555798672 0.0000e+00
     0.8077    2.69864      41.21  555798673 0.0000e+00
     0.8264    2.69907      40.61  555798675 0.0000e+00
     0.8480    2.69854      40.43  555798676 0.0000e+00
     0.8790    2.69870      40.01  555798678 0.0000e+00
     0.9370    2.70144      39.30  555798679 0.0000e+00
     1.0251    2.70111      39.01  555798681 0.0000e+00
     1.1187    2.70362      38.58  555798682 0.0000e+00
     1.2254    2.70881      37.87  555798684 0.0000e+00
     1.3106    2.70913      37.38  555798685 0.0000e+00
     1.3610    2.70864      36.96  555798687 0.0000e+00
     1.4169    2.71154      36.36  555798688 0.0000e+00
     1.4500    2.71403      35.71  555798690 0.0000e+00
     1.4783    2.71150      35.33  555798692 0.0000e+00
     1.4930    2.71147      34.83  555798693 0.0000e+00
     1.4146    2.70373      34.14  555798695 0.0000e+00
     1.3073    2.69852      33.74  555798696 0.0000e+00
     1.2639    2.69489      33.19  555798698 0.0000e+00
     1.2444    2.69175      32.42  555798699 0.0000e+00
     1.2442    2.69103      31.97  555798701 0.0000e+00
     1.2841    2.69082      31.39  555798702 0.0000e+00
     1.3740    2.69495      30.45  555798704 0.0000e+00
     1.5105    2.69694      29.90  555798705 0.0000e+00
     1.6468    2.69853      29.07  555798707 0.0000e+00
     1.7265    2.70208      28.13  555798708 0.0000e+00
     1.9013    2.70255      27.73  555798710 0.0000e+00
     2.0368    2.71764      26.80  555798711 0.0000e+00
     2.2350    2.72000      26.46  555798713 0.0000e+00
     2.3528    2.72735      25.86  555798714 0.0000e+00
     2.5281    2.73701      25.25  555798716 0.0000e+00
     2.6033    2.73075      24.93  555798718 0.0000e+00
     2.6664    2.74701      24.00  555798719 0.0000e+00
     3.0321    2.74800      23.73  555798721 0.0000e+00
     3.1595    2.76558      22.77  555798722 0.0000e+00
     3.3297    2.77272      22.12  555798724 0.0000e+00
     3.5070    2.77493      21.57  555798725 0.0000e+00
     3.6764    2.80472      20.63  555798727 0.0000e+00
     4.4804    2.82280      20.20  555798728 0.0000e+00
     4.8476    2.86416      19.27  555798730 0.0000e+00
     5.3940    2.87748      18.88  555798731 0.0000e+00
     6.1803    2.93569      18.06  555798733 0.0000e+00
     6.4013    2.93937      17.57  555798734 0.0000e+00
     7.1055    2.95901      17.07  555798736 0.0000e+00
     7.3499    3.00729      16.11  555798737 0.0000e+00
     7.6483    3.00914      15.66  555798739 0.0000e+00
     8.0208    3.03146      15.07  555798740 0.0000e+00
     8.3482    3.06091      14.41  555798742 0.0000e+00
     8.6193    3.08834      13.67  555798743 0.0000e+00
    10.0743    3.10709      13.35  555798745 0.0000e+00
    11.6777    3.23991      12.48  555798747 0.0000e+00
    12.2913    3.26637      11.88  555798748 0.0000e+00
    13.2249    3.28004      11.47  555798750 0.0000e+00
    13.5281    3.31869      10.70  555798751 0.0000e+00
    13.5669    3.32541      10.09  555798753 0.0000e+00
    13.7894    3.32215       9.69  555798754 0.0000e+00
    13.9725    3.37690       8.80  555798756 0.0000e+00
    14.5568    3.40115       8.33  555798757 0.0000e+00
    15.0189    3.43549       7.92  555798759 0.0000e+00
    15.1122    3.46802       7.04  555798760 0.0000e+00
    15.1843    3.45910       6.62  555798762 0.0000e+00
    15.4714    3.50311       5.96  555798763 0.0000e+00
    15.9037    3.53573       5.24  555798765 0.0000e+00
    16.2478    3.52870       5.02  555798766 0.0000e+00
    16.3909    3.57122       4.24  555798768 0.0000e+00
    16.5105    3.56808       3.78  555798769 0.0000e+00
    16.6354    3.56614       3.41  555798771 0.0000e+00
    16.7580    3.58318       2.63  555798773 0.0000e+00
    16.8058    3.53227       2.24  555798774 0.0000e+00
    16.8428    3.58975       1.77  555798776 0.0000e+00
    16.8909    3.59761       1.24  555798777 0.0000e+00
    16.9507    3.59759       0.84  555798779 0.0000e+00
    17.0483    3.60590       0.40  555798780 0.0000e+00
    17.0998    3.60156       0.02  555798782 0.0000e+00
    17.1041    3.59984      -0.04  555798783 0.0000e+00
    17.1058    3.60420      -0.03  555798785 0.0000e+00
    17.1050    3.17034      -0.00  555798786 0.0000e+00
    17.0950    3.58728      -0.06  555798788 0.0000e+00
    17.0831    3.59665      -0.03  555798789 0.0000e+00
    17.0952    1.09014      -0.18  555798791 0.0000e+00
    17.0563    0.21257      -0.18  555798792 0.0000e+00
    17.0192    0.18017      -0.18  555798794 0.0000e+00
    16.9762    0.15824      -0.18  555798795 0.0000e+00
    16.9316    0.15069      -0.18  555798797 0.0000e+00
    16.8815    0.12263      -0.18  555798799 0.0000e+00
    16.8445    0.10669      -0.18  555798800 0.0000e+00
    16.8047    0.09203      -0.18  555798802 0.0000e+00
    16.7868    0.07641      -0.18  555798803 0.0000e+00
    16.7791    0.05504      -0.18  555798805 0.0000e+00
    16.7705    0.04529      -0.18  555798806 0.0000e+00
    16.7531    0.04264      -0.18  555798808 0.0000e+00
    16.7347    0.03868      -0.18  555798809 0.0000e+00
    16.7335    0.03014      -0.18  555798811 0.0000e+00
    16.7277    0.02609      -0.18  555798812 0.0000e+00
    16.7267    0.02398      -0.19  555798814 0.0000e+00
    16.7320    0.02246      -0.19  555798815 0.0000e+00
    16.7482    0.02204      -0.18  555798817 0.0000e+00
    16.7638    0.02174      -0.19  555798818 0.0000e+00
    16.7665    0.02391      -0.19  555798820 0.0000e+00
    16.7603    0.03345      -0.19  555798821 0.0000e+00
    16.7727    0.03871      -0.19  555798823 0.0000e+00
    16.8022    0.03951      -0.19  555798825 0.0000e+00
    16.8550    0.03901      -0.19  555798826 0.0000e+00
    16.8827    0.05479      -0.19  555798828 0.0000e+00
    16.9206    0.06263      -0.19  555798829 0.0000e+00
    16.9322    0.07923      -0.19  555798831 0.0000e+00
    16.9670    0.06441      -0.19  555798832 0.0000e+00
    16.9968    0.06560      -0.19  555798834 0.0000e+00
    17.0153    0.04995      -0.20  555798835 0.0000e+00
    17.0417    0.04891      -0.19  555798837 0.0000e+00
    17.0512    0.04753      -0.19  555798838 0.0000e+00
    17.0687    0.04973      -0.19  555798840 0.0000e+00
    17.0755    0.04732      -0.19  555798841 0.0000e+00
    17.0643    0.04779      -0.19  555798843 0.0000e+00
    17.0784    0.04792      -0.19  555798844 0.0000e+00
    17.0944    0.05262      -0.19  555798846 0.0000e+00
    17.1027    0.04993      -0.20  555798847 0.0000e+00
    17.1033    0.05175      -0.19  555798849 0.0000e+00
    17.0954    0.05111      -0.20  555798851 0.0000e+00
    17.1117    0.05073      -0.19  555798852 0.0000e+00
    17.0983    0.04734      -0.20  555798854 0.0000e+00
    17.1160    0.05086      -0.19  555798855 0.0000e+00
    17.1024    0.05778      -0.19  555798857 0.0000e+00
    17.0901    0.05710      -0.17  555798858 0.0000e+00
    17.0714    0.05290      -0.17  555798860 0.0000e+00
    17.0610    0.04546      -0.17  555798861 0.0000e+00
    17.0062    0.04156      -0.17  555798863 0.0000e+00
    16.9779    0.03834      -0.18  555798864 0.0000e+00
    16.9427    0.03666      -0.18  555798866 0.0000e+00
    16.9388    0.03544      -0.18  555798867 0.0000e+00
    16.9262    0.03464      -0.17  555798869 0.0000e+00
    16.9098    0.03403      -0.18  555798870 0.0000e+00
    16.9026    0.03385      -0.18  555798872 0.0000e+00
    16.8857    0.03371      -0.18  555798873 0.0000e+00
    16.8803    0.03366      -0.18  555798875 0.0000e+00
    16.8792    0.03391      -0.18  555798877 0.0000e+00
    16.8795    0.03384      -0.18  555798878 0.0000e+00
    16.8694    0.03417      -0.18  555798880 0.0000e+00
    16.8538    0.03410      -0.18  555798881 0.0000e+00
    16.8317    0.03410      -0.18  555798883 0.0000e+00
    16.8241    0.03404      -0.18  555798884 0.0000e+00
    16.8075    0.03417      -0.18  555798886 0.0000e+00
    16.8030    0.03382      -0.18  555798887 0.0000e+00
    16.8035    0.03369      -0.18  555798889 0.0000e+00
    16.8087    0.03345      -0.18  555798890 0.0000e+00
    16.8051    0.03325      -0.18  555798892 0.0000e+00
    16.7993    0.03310      -0.18  555798893 0.0000e+00
    16.8123    0.03285      -0.18  555798895 0.0000e+00
    16.8160    0.03279      -0.18  555798896 0.0000e+00
    16.8231    0.03263      -0.18  555798898 0.0000e+00
    16.8121    0.03222      -0.18  555798899 0.0000e+00
    16.8130    0.03227      -0.18  555798901 0.0000e+00
    16.8124    0.03187      -0.18  555798903 0.0000e+00
    16.8087    0.03195      -0.18  555798904 0.0000e+00
    16.8136    0.03245      -0.18  555798906 0.0000e+00
    16.8563    0.03387      -0.18  555798907 0.0000e+00
    16.8831    0.03309      -0.18  555798909 0.0000e+00
    16.8799    0.03239      -0.18  555798910 0.0000e+00
    16.8397    0.03210      -0.18  555798912 0.0000e+00
    16.8153    0.03196      -0.18  555798913 0.0000e+00
    16.8367    0.03179      -0.18  555798915 0.0000e+00
    16.8469    0.03176      -0.18  555798916 0.0000e+00
    16.8639    0.03180      -0.18  555798918 0.0000e+00
    16.8393    0.03176      -0.18  555798919 0.0000e+00
    16.8109    0.03174      -0.18  555798921 0.0000e+00
    16.8016    0.03164      -0.18  555798922 0.0000e+00
    16.8166    0.03174      -0.18  555798924 0.0000e+00
    16.8252    0.03136      -0.18  555798925 0.0000e+00
    16.8455    0.03165      -0.18  555798927 0.0000e+00
    16.8447    0.03135      -0.18  555798929 0.0000e+00
    16.8115    0.03124      -0.18  555798930 0.0000e+00
    16.8092    0.03144      -0.19  555798932 0.0000e+00
    16.8320    0.03092      -0.18  555798933 0.0000e+00
    16.8164    0.03131      -0.19  555798935 0.0000e+00
    16.8168    0.03086      -0.19  555798936 0.0000e+00
    16.8061    0.03137      -0.19  555798938 0.0000e+00
    16.8024    0.03110      -0.19  555798939 0.0000e+00
    16.7864    0.03128      -0.19  555798941 0.0000e+00
    16.7699    0.03123      -0.19  555798942 0.0000e+00
    16.7728    0.03111      -0.19  555798944 0.0000e+00
    16.7631    0.03086      -0.19  555798945 0.0000e+00
    16.7645    0.03104      -0.19  555798947 0.0000e+00
    16.7580    0.03057      -0.19  555798948 0.0000e+00
    16.7567    0.03071      -0.19  555798950 0.0000e+00
    16.7532    0.03044      -0.19  555798952 0.0000e+00
    16.7537    0.03033      -0.19  555798953 0.0000e+00
    16.7484    0.03036      -0.19  555798955 0.0000e+00
    16.7482    0.03008      -0.19  555798956 0.0000e+00
    16.7628    0.03002      -0.19  555798958 0.0000e+00
    16.7566    0.02988      -0.19  555798959 0.0000e+00
    16.7477    0.02968      -0.19  555798961 0.0000e+00
    16.7493    0.02965      -0.19  555798962 0.0000e+00
    16.7513    0.02947      -0.19  555798964 0.0000e+00
    16.7552    0.02932      -0.20  555798965 0.0000e+00
    16.7410    0.02929      -0.20  555798967 0.0000e+00
    16.7349    0.02901      -0.20  555798968 0.0000e+00
    16.7346    0.02904      -0.20  555798970 0.0000e+00
    16.7373    0.02888      -0.20  555798971 0.0000e+00
    16.7424    0.02862      -0.20  555798973 0.0000e+00
    16.7439    0.02881      -0.20  555798974 0.0000e+00
    16.7365    0.02841      -0.20  555798976 0.0000e+00
    16.7471    0.02851      -0.20  555798977 0.0000e+00
    16.7422    0.02821      -0.20  555798979 0.0000e+00
    16.7468    0.02816      -0.20  555798981 0.0000e+00
    16.7465    0.02813      -0.20  555798982 0.0000e+00
    16.7553    0.02782      -0.20  555798984 0.0000e+00
    16.7608    0.02795      -0.20  555798985 0.0000e+00
    16.7635    0.02767      -0.20  555798987 0.0000e+00
    16.7682    0.02768      -0.20  555798988 0.0000e+00
    16.7695    0.02752      -0.20  555798990 0.0000e+00
    16.7692    0.02747      -0.20  555798991 0.0000e+00
    16.7660    0.02735      -0.20  555798993 0.0000e+00
    16.7610    0.02735      -0.20  555798994 0.0000e+00
    16.7591    0.02717      -0.20  555798996 0.0000e+00
    16.7573    0.02724      -0.20  555798997 0.0000e+00
    16.7599    0.02696      -0.20  555798999 0.0000e+00
    16.7618    0.02711      -0.20  555799000 0.0000e+00
    16.7758    0.02684      -0.20  555799002 0.0000e+00
    16.7819    0.02690      -0.20  555799003 0.0000e+00
    16.7847    0.02683      -0.20  555799005 0.0000e+00
    16.7902    0.02668      -0.20  555799007 0.0000e+00
    16.8008    0.02666      -0.20  555799008 0.0000e+00
    16.7984    0.02644      -0.20  555799010 0.0000e+00
    16.7860    0.02655      -0.20  555799011 0.0000e+00
    16.7884    0.02631      -0.21  555799013 0.0000e+00
    16.7999    0.02630      -0.21  555799014 0.0000e+00
    16.8021    0.02624      -0.20  555799016 0.0000e+00
    16.7941    0.02608      -0.21  555799017 0.0000e+00
    16.7961    0.02611      -0.21  555799019 0.0000e+00
    16.7955    0.02592      -0.21  555799020 0.0000e+00
    16.7977    0.02593      -0.21  555799022 0.0000e+00
    16.8013    0.02588      -0.21  555799023 0.0000e+00
    16.7931    0.02577      -0.21  555799025 0.0000e+00
    16.7902    0.02572      -0.21  555799026 0.0000e+00
    16.7870    0.02560      -0.21  555799028 0.0000e+00
    16.7988    0.02561      -0.21  555799029 0.0000e+00
    16.8001    0.02544      -0.21  555799031 0.0000e+00
    16.7984    0.02543      -0.21  555799033 0.0000e+00
    16.7997    0.02536      -0.21  555799034 0.0000e+00
    16.7993    0.02524      -0.21  555799036 0.0000e+00
    16.7896    0.02522      -0.21  555799037 0.0000e+00
    16.7885    0.02524      -0.21  555799039 0.0000e+00
    16.7862    0.02503      -0.21  555799040 0.0000e+00
    16.7781    0.02514      -0.21  555799042 0.0000e+00
    16.7730    0.02492      -0.21  555799043 0.0000e+00
    16.7720    0.02495      -0.21  555799045 0.0000e+00
    16.7718    0.02479      -0.21  555799046 0.0000e+00
    16.7682    0.02477      -0.21  555799048 0.0000e+00
    16.7747    0.02469      -0.21  555799049 0.0000e+00
    16.7821    0.02461      -0.21  555799051 0.0000e+00
    16.7917    0.02457      -0.21  555799052 0.0000e+00
    16.8030    0.02450      -0.21  555799054 0.0000e+00
    16.8069    0.02441      -0.21  555799055 0.0000e+00
    16.8151    0.02440      -0.21  555799057 0.0000e+00
    16.8206    0.02434      -0.21  555799059 0.0000e+00
    16.8204    0.02422      -0.21  555799060 0.0000e+00
    16.8238    0.02423      -0.21  555799062 0.0000e+00
    16.8263    0.02414      -0.21  555799063 0.0000e+00
    16.8262    0.02404      -0.21  555799065 0.0000e+00
    16.8288    0.02406      -0.21  555799066 0.0000e+00
    16.8420    0.02389      -0.21  555799068 0.0000e+00
    16.8510    0.02401      -0.21  555799069 0.0000e+00
    16.8494    0.02374      -0.21  555799071 0.0000e+00
    16.8489    0.02390      -0.22  555799072 0.0000e+00
    16.8532    0.02364      -0.22  555799074 0.0000e+00
    16.8520    0.02373      -0.22  555799075 0.0000e+00
    16.8491    0.02360      -0.22  555799077 0.0000e+00
    16.8488    0.02354      -0.22  555799078 0.0000e+00
    16.8486    0.02345      -0.22  555799080 0.0000e+00
    16.8529    0.02342      -0.22  555799082 0.0000e+00
    16.8643    0.02334      -0.22  555799083 0.0000e+00
    16.8711    0.02326      -0.22  555799085 0.0000e+00
    16.8765    0.02327      -0.22  555799086 0.0000e+00
