Code/Hansen Zooplankton Code and Sample Data/data/ctd/gsl_13_SBE37SI-RS232_03706156_2017_08_11.cnv
* Sea-Bird SBE37SI-RS232  Data File:
* FileName = C:\Users\General Lab Use\Desktop\SHELAGH CTD 2017\gsl_13_SBE37SI-RS232_03706156_2017_08_11.cnv
* Software version 1.00d
* Temperature SN = 6156
* Conductivity SN = 6156
* System UpLoad Time = Aug 11 2017 10:09:36
* <ApplicationData>
* <Seaterm232>
# nquan = 5
# nvalues = 2684
# units = specified
# name 0 = t090C: Temperature [ITS-90, deg C]
# name 1 = c0S/m: Conductivity [S/m]
# name 2 = prM: Pressure [db]
# name 3 = timeK: Time, Seacat Plus [seconds]
# name 4 = flag: Flag
# span 0 =      0.1630,    17.8244
# span 1 =    0.000454,   3.535161
# span 2 =      -0.227,     68.693
# span 3 =   555746365,  555750454
# span 4 =  0.0000e+00, 0.0000e+00
# interval = seconds: 6.000000
# start_time = Aug 11 2017 05:59:25
# bad_flag = -9.990e-29
*END*
[from data line 858]
    15.9885    0.05602      -0.16  555747671 0.0000e+00
    15.9713    0.05453      -0.16  555747673 0.0000e+00
    15.9668    0.05545      -0.16  555747674 0.0000e+00
    15.9582    0.05398      -0.16  555747676 0.0000e+00
    15.9510    0.05480      -0.16  555747677 0.0000e+00
    15.9452    0.05469      -0.16  555747679 0.0000e+00
    15.9434    0.05416      -0.16  555747680 0.0000e+00
    15.9475    0.05477      -0.16  555747682 0.0000e+00
    15.9387    0.05405      -0.16  555747683 0.0000e+00
    15.9254    0.05430      -0.16  555747685 0.0000e+00
    15.9310    0.05437      -0.16  555747686 0.0000e+00
    15.9243    0.05341      -0.16  555747688 0.0000e+00
    15.9373    0.05467      -0.16  555747689 0.0000e+00
    15.9343    0.05250      -0.16  555747691 0.0000e+00
    15.9335    0.05599      -0.16  555747692 0.0000e+00
    15.9401    0.05138      -0.16  555747694 0.0000e+00
    15.9398    0.05618      -0.16  555747696 0.0000e+00
    15.9546    0.05119      -0.16  555747697 0.0000e+00
    15.9613    0.05442      -0.16  555747699 0.0000e+00
    15.9840    0.05354      -0.17  555747700 0.0000e+00
    15.9805    0.05291      -0.17  555747702 0.0000e+00
    15.9872    0.05372      -0.17  555747703 0.0000e+00
    15.9776    0.05192      -0.17  555747705 0.0000e+00
    15.9599    0.05453      -0.17  555747706 0.0000e+00
    15.9480    0.05138      -0.17  555747708 0.0000e+00
    15.9522    0.05310      -0.17  555747709 0.0000e+00
    15.9417    0.05268      -0.17  555747711 0.0000e+00
    15.9433    0.05302      -0.17  555747712 0.0000e+00
    15.9270    0.05215      -0.17  555747714 0.0000e+00
    15.9248    0.05280      -0.17  555747715 0.0000e+00
    15.9087    0.05285      -0.17  555747717 0.0000e+00
    15.9118    0.05195      -0.17  555747718 0.0000e+00
    15.9011    0.05318      -0.17  555747720 0.0000e+00
    15.8971    0.05267      -0.17  555747721 0.0000e+00
    15.8945    0.05131      -0.17  555747723 0.0000e+00
    15.8955    0.05321      -0.17  555747724 0.0000e+00
    15.9064    0.05155      -0.17  555747726 0.0000e+00
    15.9018    0.05252      -0.17  555747728 0.0000e+00
    15.9050    0.05127      -0.17  555747729 0.0000e+00
    15.8867    0.05455      -0.18  555747731 0.0000e+00
    15.8787    0.04740      -0.17  555747732 0.0000e+00
    15.8737    0.05354      -0.18  555747734 0.0000e+00
    15.8671    0.05139      -0.17  555747735 0.0000e+00
    15.8528    0.05057      -0.18  555747737 0.0000e+00
    15.8514    0.04940      -0.18  555747738 0.0000e+00
    15.8496    0.04910      -0.18  555747740 0.0000e+00
    15.8671    0.04764      -0.18  555747741 0.0000e+00
    15.8661    0.04912      -0.18  555747743 0.0000e+00
    15.8880    0.04577      -0.18  555747744 0.0000e+00
    15.8803    0.04874      -0.18  555747746 0.0000e+00
    15.8883    0.04579      -0.18  555747747 0.0000e+00
    15.8839    0.04739      -0.18  555747749 0.0000e+00
    15.9105    0.04591      -0.18  555747750 0.0000e+00
    15.9188    0.04603      -0.18  555747752 0.0000e+00
    15.9198    0.04614      -0.18  555747753 0.0000e+00
    15.9093    0.04587      -0.18  555747755 0.0000e+00
    15.8952    0.04448      -0.18  555747756 0.0000e+00
    15.9050    0.04566      -0.18  555747758 0.0000e+00
    15.8991    0.04407      -0.18  555747760 0.0000e+00
    15.8874    0.04420      -0.18  555747761 0.0000e+00
    15.8750    0.04438      -0.18  555747763 0.0000e+00
    15.8697    0.04350      -0.18  555747764 0.0000e+00
    15.8698    0.04362      -0.18  555747766 0.0000e+00
    15.8609    0.04344      -0.18  555747767 0.0000e+00
    15.8708    0.04315      -0.18  555747769 0.0000e+00
    15.8659    0.04320      -0.18  555747770 0.0000e+00
    15.8735    0.04250      -0.18  555747772 0.0000e+00
    15.8698    0.04289      -0.18  555747773 0.0000e+00
    15.8819    0.04221      -0.18  555747775 0.0000e+00
    15.8883    0.04249      -0.18  555747776 0.0000e+00
    15.8849    0.04161      -0.18  555747778 0.0000e+00
    15.8848    0.04232      -0.18  555747779 0.0000e+00
    15.8834    0.04173      -0.19  555747781 0.0000e+00
    15.8912    0.04145      -0.18  555747782 0.0000e+00
    15.8803    0.04202      -0.19  555747784 0.0000e+00
    15.8846    0.04072      -0.19  555747785 0.0000e+00
    15.8692    0.04158      -0.19  555747787 0.0000e+00
    15.8719    0.04028      -0.19  555747788 0.0000e+00
    15.8722    0.04126      -0.19  555747790 0.0000e+00
    15.8607    0.04015      -0.19  555747792 0.0000e+00
    15.8478    0.04045      -0.19  555747793 0.0000e+00
    15.8341    0.03993      -0.19  555747795 0.0000e+00
    15.8255    0.04039      -0.19  555747796 0.0000e+00
    15.8223    0.03989      -0.19  555747798 0.0000e+00
    15.8197    0.03945      -0.19  555747799 0.0000e+00
    15.8154    0.03942      -0.19  555747801 0.0000e+00
    15.8059    0.03943      -0.19  555747802 0.0000e+00
    15.8127    0.03875      -0.19  555747804 0.0000e+00
    15.8021    0.03962      -0.19  555747805 0.0000e+00
    15.8159    0.03827      -0.19  555747807 0.0000e+00
    15.8076    0.03876      -0.19  555747808 0.0000e+00
    15.8201    0.03807      -0.19  555747810 0.0000e+00
    15.8082    0.03848      -0.19  555747811 0.0000e+00
    15.8121    0.03823      -0.19  555747813 0.0000e+00
    15.8051    0.03817      -0.19  555747814 0.0000e+00
    15.8049    0.03799      -0.19  555747816 0.0000e+00
    15.7988    0.03822      -0.19  555747817 0.0000e+00
    15.8052    0.03772      -0.19  555747819 0.0000e+00
    15.8038    0.03796      -0.19  555747821 0.0000e+00
    15.8086    0.03745      -0.19  555747822 0.0000e+00
    15.8050    0.03740      -0.19  555747824 0.0000e+00
    15.8004    0.03708      -0.19  555747825 0.0000e+00
    15.8021    0.03713      -0.19  555747827 0.0000e+00
    15.7948    0.03677      -0.19  555747828 0.0000e+00
    15.8001    0.03668      -0.19  555747830 0.0000e+00
    15.7991    0.03663      -0.19  555747831 0.0000e+00
    15.7956    0.03599      -0.19  555747833 0.0000e+00
    15.7723    0.03642      -0.19  555747834 0.0000e+00
    15.7691    0.03557      -0.19  555747836 0.0000e+00
    15.7730    0.03611      -0.19  555747837 0.0000e+00
    15.7606    0.03550      -0.19  555747839 0.0000e+00
    15.7642    0.03568      -0.19  555747840 0.0000e+00
    15.7580    0.03544      -0.19  555747842 0.0000e+00
    15.7556    0.03511      -0.19  555747843 0.0000e+00
    15.7580    0.03511      -0.19  555747845 0.0000e+00
    15.7538    0.03480      -0.19  555747846 0.0000e+00
    15.7545    0.03460      -0.19  555747848 0.0000e+00
    15.7410    0.03473      -0.19  555747849 0.0000e+00
    15.7406    0.03418      -0.20  555747851 0.0000e+00
    15.7211    0.03457      -0.19  555747853 0.0000e+00
    15.7307    0.03396      -0.19  555747854 0.0000e+00
    15.7145    0.03432      -0.20  555747856 0.0000e+00
    15.7192    0.03366      -0.19  555747857 0.0000e+00
    15.7057    0.03400      -0.20  555747859 0.0000e+00
    15.7082    0.03351      -0.20  555747860 0.0000e+00
    15.7034    0.03380      -0.20  555747862 0.0000e+00
    15.7072    0.03319      -0.20  555747863 0.0000e+00
    15.6960    0.03384      -0.20  555747865 0.0000e+00
    15.7134    0.03310      -0.20  555747866 0.0000e+00
    15.7049    0.03354      -0.20  555747868 0.0000e+00
    15.7130    0.03307      -0.20  555747869 0.0000e+00
    15.7057    0.03344      -0.20  555747871 0.0000e+00
    15.7000    0.03308      -0.20  555747872 0.0000e+00
    15.7148    0.03325      -0.20  555747874 0.0000e+00
    15.7095    0.03329      -0.20  555747875 0.0000e+00
    15.7142    0.03306      -0.20  555747877 0.0000e+00
    15.7047    0.03334      -0.20  555747878 0.0000e+00
    15.7192    0.03319      -0.20  555747880 0.0000e+00
    15.7031    0.03327      -0.20  555747882 0.0000e+00
    15.6974    0.03313      -0.20  555747883 0.0000e+00
    15.6863    0.03318      -0.20  555747885 0.0000e+00
    15.6881    0.03329      -0.20  555747886 0.0000e+00
    15.6742    0.03297      -0.20  555747888 0.0000e+00
    15.6577    0.03321      -0.20  555747889 0.0000e+00
    15.6515    0.03305      -0.20  555747891 0.0000e+00
    15.6630    0.03306      -0.20  555747892 0.0000e+00
    15.6568    0.03309      -0.20  555747894 0.0000e+00
    15.6512    0.03286      -0.20  555747895 0.0000e+00
    15.6537    0.03319      -0.20  555747897 0.0000e+00
    15.6617    0.03303      -0.20  555747898 0.0000e+00
    15.6586    0.03292      -0.20  555747900 0.0000e+00
    15.6455    0.03300      -0.20  555747901 0.0000e+00
    15.6446    0.03290      -0.20  555747903 0.0000e+00
    15.6492    0.03286      -0.20  555747904 0.0000e+00
    15.6425    0.03292      -0.20  555747906 0.0000e+00
    15.6678    0.03274      -0.20  555747907 0.0000e+00
    15.6613    0.03296      -0.20  555747909 0.0000e+00
    15.6884    0.03262      -0.20  555747910 0.0000e+00
    15.6776    0.03297      -0.20  555747912 0.0000e+00
    15.6950    0.03274      -0.20  555747914 0.0000e+00
    15.6893    0.03288      -0.20  555747915 0.0000e+00
    15.7095    0.03296      -0.20  555747917 0.0000e+00
    15.7095    0.03269      -0.20  555747918 0.0000e+00
    15.7154    0.03319      -0.20  555747920 0.0000e+00
    15.7356    0.03242      -0.20  555747921 0.0000e+00
    15.7436    0.03314      -0.20  555747923 0.0000e+00
    15.7589    0.03237      -0.20  555747924 0.0000e+00
    15.7628    0.03316      -0.20  555747926 0.0000e+00
    15.7823    0.03222      -0.20  555747927 0.0000e+00
    15.7835    0.03320      -0.20  555747929 0.0000e+00
    15.8056    0.03232      -0.20  555747930 0.0000e+00
    15.7933    0.03298      -0.20  555747932 0.0000e+00
    15.7991    0.03241      -0.20  555747933 0.0000e+00
    15.7826    0.03280      -0.20  555747935 0.0000e+00
    15.7900    0.03240      -0.20  555747936 0.0000e+00
    15.7783    0.03261      -0.20  555747938 0.0000e+00
    15.7693    0.03238      -0.20  555747939 0.0000e+00
    15.7542    0.03250      -0.20  555747941 0.0000e+00
    15.7448    0.03238      -0.20  555747942 0.0000e+00
    15.7310    0.03258      -0.20  555747944 0.0000e+00
    15.7220    0.03222      -0.20  555747946 0.0000e+00
    15.7100    0.03237      -0.20  555747947 0.0000e+00
    15.6968    0.03229      -0.20  555747949 0.0000e+00
    15.6832    0.03214      -0.20  555747950 0.0000e+00
    15.6722    0.03229      -0.20  555747952 0.0000e+00
    15.6710    0.03205      -0.20  555747953 0.0000e+00
    15.6603    0.03227      -0.20  555747955 0.0000e+00
    15.6494    0.03197      -0.20  555747956 0.0000e+00
    15.6375    0.03216      -0.20  555747958 0.0000e+00
    15.6346    0.03201      -0.20  555747959 0.0000e+00
    15.6319    0.03193      -0.20  555747961 0.0000e+00
    15.6179    0.03211      -0.20  555747962 0.0000e+00
    15.6289    0.03179      -0.20  555747964 0.0000e+00
    15.6172    0.03198      -0.20  555747965 0.0000e+00
    15.6208    0.03179      -0.20  555747967 0.0000e+00
    15.6148    0.03189      -0.20  555747968 0.0000e+00
    15.5987    0.03177      -0.20  555747970 0.0000e+00
    15.5863    0.03167      -0.20  555747971 0.0000e+00
    15.5840    0.03183      -0.20  555747973 0.0000e+00
    15.5857    0.03178      -0.20  555747974 0.0000e+00
    15.5743    0.03138      -0.20  555747976 0.0000e+00
    15.5661    0.03157      -0.20  555747978 0.0000e+00
    15.5696    0.03148      -0.20  555747979 0.0000e+00
    15.5591    0.03162      -0.20  555747981 0.0000e+00
    15.5474    0.03130      -0.20  555747982 0.0000e+00
    15.5430    0.03162      -0.20  555747984 0.0000e+00
    15.5438    0.03130      -0.20  555747985 0.0000e+00
    15.5339    0.03139      -0.20  555747987 0.0000e+00
    15.5377    0.03128      -0.20  555747988 0.0000e+00
    15.5346    0.03128      -0.20  555747990 0.0000e+00
    15.5541    0.03133      -0.20  555747991 0.0000e+00
    15.5522    0.03117      -0.20  555747993 0.0000e+00
    15.5628    0.03123      -0.20  555747994 0.0000e+00
    15.5650    0.03112      -0.20  555747996 0.0000e+00
    15.5648    0.03134      -0.20  555747997 0.0000e+00
    15.5831    0.03090      -0.20  555747999 0.0000e+00
    15.5822    0.03126      -0.20  555748000 0.0000e+00
    15.6074    0.03098      -0.20  555748002 0.0000e+00
    15.6025    0.03097      -0.20  555748004 0.0000e+00
    15.5949    0.03095      -0.20  555748005 0.0000e+00
    15.5808    0.03078      -0.20  555748007 0.0000e+00
    15.5745    0.03099      -0.20  555748008 0.0000e+00
    15.5713    0.03066      -0.20  555748010 0.0000e+00
    15.5642    0.03101      -0.20  555748011 0.0000e+00
    15.5578    0.03045      -0.20  555748013 0.0000e+00
    15.5708    0.03095      -0.20  555748014 0.0000e+00
    15.5789    0.03051      -0.20  555748016 0.0000e+00
    15.5777    0.03063      -0.20  555748017 0.0000e+00
    15.5678    0.03066      -0.20  555748019 0.0000e+00
    15.5735    0.03046      -0.20  555748020 0.0000e+00
    15.6015    0.03092      -0.20  555748022 0.0000e+00
    15.6088    0.03040      -0.20  555748023 0.0000e+00
    15.6269    0.03053      -0.20  555748025 0.0000e+00
    15.6340    0.03071      -0.20  555748026 0.0000e+00
    15.6750    0.03030      -0.20  555748028 0.0000e+00
    15.6805    0.03061      -0.20  555748029 0.0000e+00
    15.6962    0.03008      -0.20  555748031 0.0000e+00
    15.6965    0.03054      -0.20  555748032 0.0000e+00
    15.7011    0.03033      -0.20  555748034 0.0000e+00
    15.7142    0.03025      -0.20  555748035 0.0000e+00
    15.7160    0.03030      -0.20  555748037 0.0000e+00
    15.7290    0.03029      -0.20  555748039 0.0000e+00
    15.7219    0.03008      -0.20  555748040 0.0000e+00
    15.7218    0.03019      -0.20  555748042 0.0000e+00
    15.7292    0.02993      -0.20  555748043 0.0000e+00
    15.7535    0.03031      -0.20  555748045 0.0000e+00
    15.7771    0.02987      -0.20  555748046 0.0000e+00
    15.7764    0.03030      -0.20  555748048 0.0000e+00
    15.7961    0.02980      -0.20  555748049 0.0000e+00
    15.7921    0.03058      -0.20  555748051 0.0000e+00
    15.8154    0.02968      -0.20  555748052 0.0000e+00
    15.8132    0.03034      -0.20  555748054 0.0000e+00
    15.8298    0.02968      -0.20  555748055 0.0000e+00
    15.8217    0.03021      -0.20  555748057 0.0000e+00
    15.8314    0.02977      -0.20  555748058 0.0000e+00
    15.8378    0.02988      -0.20  555748060 0.0000e+00
    15.8330    0.02994      -0.20  555748061 0.0000e+00
    15.8298    0.02966      -0.20  555748063 0.0000e+00
    15.8239    0.03005      -0.20  555748064 0.0000e+00
    15.8298    0.02956      -0.20  555748066 0.0000e+00
    15.8284    0.02991      -0.20  555748068 0.0000e+00
    15.8474    0.02961      -0.20  555748069 0.0000e+00
    15.8452    0.02970      -0.20  555748071 0.0000e+00
    15.8602    0.02972      -0.20  555748072 0.0000e+00
    15.8578    0.02953      -0.20  555748074 0.0000e+00
    15.8608    0.02977      -0.20  555748075 0.0000e+00
    15.8698    0.02950      -0.20  555748077 0.0000e+00
    15.8664    0.02965      -0.20  555748078 0.0000e+00
    15.8764    0.02950      -0.20  555748080 0.0000e+00
    15.8608    0.02958      -0.20  555748081 0.0000e+00
    15.8621    0.02926      -0.20  555748083 0.0000e+00
    15.8562    0.02973      -0.20  555748084 0.0000e+00
    15.8739    0.02913      -0.20  555748086 0.0000e+00
    15.8661    0.02959      -0.20  555748087 0.0000e+00
    15.8904    0.02918      -0.20  555748089 0.0000e+00
    15.8950    0.02946      -0.20  555748090 0.0000e+00
    15.9180    0.02931      -0.20  555748092 0.0000e+00
    15.9208    0.02915      -0.20  555748093 0.0000e+00
    15.9367    0.02939      -0.20  555748095 0.0000e+00
    15.9549    0.02911      -0.20  555748096 0.0000e+00
    15.9436    0.02933      -0.20  555748098 0.0000e+00
    15.9501    0.02901      -0.20  555748100 0.0000e+00
    15.9337    0.02928      -0.20  555748101 0.0000e+00
    15.9438    0.02891      -0.20  555748103 0.0000e+00
