Code/Hansen Zooplankton Code and Sample Data/data/ctd/gsl_05_SBE37SI-RS232_03706156_2017_07_08_final.cnv
* Sea-Bird SBE37SI-RS232  Data File:
* FileName = C:\Users\General Lab Use\Desktop\SHELAGH CTD 2017\gsl_05_SBE37SI-RS232_03706156_2017_07_08.cnv
* Software version 1.00d
* Temperature SN = 6156
* Conductivity SN = 6156
* System UpLoad Time = Jul 09 2017 00:00:20
* <ApplicationData>
* <Seaterm232>
# nquan = 7                                 
# nvalues = 1823                        
# units = specified
# name 0 = t090C: Temperature [ITS-90, deg C]
# name 1 = c0S/m: Conductivity [S/m]
# name 2 = prM: Pressure [db]
# name 3 = timeK: Time, Seacat Plus [seconds]
# name 4 = sal00: Salinity [PSU]
# name 5 = sigma-t00: Density [sigma-t, Kg/m^3 ]
# name 6 = flag: flag
# span 0 =    -0.1402,    21.3840       
# span 1 =   0.000530,   3.349360       
# span 2 =     -0.400,     83.600       
# span 3 =  552856310,  552859088       
# span 4 =     0.0108,    32.1100       
# span 5 =    -2.0299,    25.7553       
# span 6 = 0.0000e+00, 0.0000e+00       
# interval = seconds: 6.000000
# start_time = Jul 08 2017 19:11:50
# bad_flag = -9.990e-29
*END*
[from data line 1231]
    17.2721   0.012130     -0.390  552858186     0.0697    -1.2177 0.0000e+00
    17.2702   0.012090     -0.390  552858188     0.0695    -1.2176 0.0000e+00
    17.2661   0.012140     -0.390  552858189     0.0698    -1.2166 0.0000e+00
    17.2640   0.012110     -0.390  552858191     0.0696    -1.2164 0.0000e+00
    17.2661   0.012060     -0.390  552858192     0.0694    -1.2170 0.0000e+00
    17.2703   0.012040     -0.390  552858194     0.0692    -1.2178 0.0000e+00
    17.2792   0.012020     -0.390  552858195     0.0691    -1.2195 0.0000e+00
    17.2883   0.012060     -0.390  552858197     0.0693    -1.2209 0.0000e+00
    17.2952   0.012070     -0.390  552858198     0.0694    -1.2221 0.0000e+00
    17.3085   0.012180     -0.390  552858200     0.0700    -1.2240 0.0000e+00
    17.3221   0.012140     -0.390  552858201     0.0697    -1.2266 0.0000e+00
    17.3425   0.012110     -0.390  552858203     0.0695    -1.2304 0.0000e+00
    17.3511   0.012050     -0.390  552858205     0.0692    -1.2322 0.0000e+00
    17.3648   0.012160     -0.390  552858206     0.0698    -1.2341 0.0000e+00
    17.3658   0.012130     -0.390  552858208     0.0696    -1.2345 0.0000e+00
    17.3789   0.012130     -0.390  552858209     0.0696    -1.2368 0.0000e+00
    17.3799   0.012060     -0.390  552858211     0.0692    -1.2373 0.0000e+00
    17.3777   0.012030     -0.390  552858212     0.0690    -1.2370 0.0000e+00
    17.3737   0.011980     -0.390  552858214     0.0688    -1.2365 0.0000e+00
    17.3709   0.011970     -0.390  552858215     0.0687    -1.2360 0.0000e+00
    17.3642   0.011920     -0.390  552858217     0.0685    -1.2350 0.0000e+00
    17.3618   0.011920     -0.390  552858218     0.0685    -1.2346 0.0000e+00
    17.3606   0.011920     -0.390  552858220     0.0685    -1.2344 0.0000e+00
    17.3670   0.011890     -0.390  552858221     0.0683    -1.2357 0.0000e+00
    17.3661   0.011900     -0.390  552858223     0.0684    -1.2355 0.0000e+00
    17.3634   0.011860     -0.390  552858224     0.0681    -1.2352 0.0000e+00
    17.3552   0.011860     -0.390  552858226     0.0681    -1.2337 0.0000e+00
    17.3532   0.011840     -0.390  552858227     0.0680    -1.2334 0.0000e+00
    17.3545   0.011950     -0.390  552858229     0.0686    -1.2332 0.0000e+00
    17.3544   0.011920     -0.390  552858230     0.0685    -1.2333 0.0000e+00
    17.3519   0.011960     -0.390  552858232     0.0687    -1.2327 0.0000e+00
    17.3499   0.011940     -0.390  552858234     0.0686    -1.2324 0.0000e+00
    17.3529   0.011960     -0.390  552858235     0.0687    -1.2329 0.0000e+00
    17.3517   0.011920     -0.390  552858237     0.0685    -1.2328 0.0000e+00
    17.3507   0.011890     -0.390  552858238     0.0683    -1.2328 0.0000e+00
    17.3505   0.011870     -0.390  552858240     0.0682    -1.2328 0.0000e+00
    17.3450   0.011870     -0.390  552858241     0.0682    -1.2318 0.0000e+00
    17.3337   0.012230     -0.390  552858243     0.0702    -1.2283 0.0000e+00
    17.3284   0.012030     -0.390  552858244     0.0691    -1.2282 0.0000e+00
    17.3246   0.012050     -0.390  552858246     0.0692    -1.2274 0.0000e+00
    17.3176   0.011970     -0.390  552858247     0.0688    -1.2265 0.0000e+00
    17.3081   0.012030     -0.390  552858249     0.0691    -1.2246 0.0000e+00
    17.2965   0.012030     -0.390  552858250     0.0691    -1.2225 0.0000e+00
    17.2961   0.012010     -0.390  552858252     0.0690    -1.2225 0.0000e+00
    17.2888   0.011940     -0.390  552858253     0.0687    -1.2215 0.0000e+00
    17.2833   0.011910     -0.390  552858255     0.0685    -1.2206 0.0000e+00
    17.2812   0.011850     -0.390  552858256     0.0682    -1.2205 0.0000e+00
    17.2824   0.011870     -0.390  552858258     0.0683    -1.2207 0.0000e+00
    17.2850   0.011860     -0.390  552858259     0.0682    -1.2212 0.0000e+00
    17.2863   0.011960     -0.390  552858261     0.0688    -1.2210 0.0000e+00
    17.2863   0.011920     -0.390  552858263     0.0686    -1.2211 0.0000e+00
    17.2871   0.011970     -0.390  552858264     0.0688    -1.2211 0.0000e+00
    17.2875   0.011950     -0.390  552858266     0.0687    -1.2212 0.0000e+00
    17.2872   0.011920     -0.390  552858267     0.0686    -1.2213 0.0000e+00
    17.2825   0.011890     -0.390  552858269     0.0684    -1.2206 0.0000e+00
    17.2790   0.011870     -0.390  552858270     0.0683    -1.2200 0.0000e+00
    17.2740   0.011840     -0.390  552858272     0.0681    -1.2193 0.0000e+00
    17.2695   0.011800     -0.390  552858273     0.0679    -1.2187 0.0000e+00
    17.2656   0.011780     -0.390  552858275     0.0678    -1.2180 0.0000e+00
    17.2601   0.011740     -0.390  552858276     0.0676    -1.2172 0.0000e+00
    17.2612   0.011740     -0.390  552858278     0.0676    -1.2174 0.0000e+00
    17.2627   0.011710     -0.390  552858279     0.0674    -1.2178 0.0000e+00
    17.2611   0.011690     -0.390  552858281     0.0673    -1.2176 0.0000e+00
    17.2584   0.011670     -0.390  552858282     0.0672    -1.2172 0.0000e+00
    17.2593   0.011640     -0.390  552858284     0.0671    -1.2175 0.0000e+00
    17.2611   0.011640     -0.390  552858285     0.0671    -1.2178 0.0000e+00
    17.2634   0.011650     -0.390  552858287     0.0671    -1.2182 0.0000e+00
    17.2625   0.011770     -0.390  552858288     0.0678    -1.2175 0.0000e+00
    17.2589   0.021660     -0.400  552858290     0.1227    -1.1745 0.0000e+00
    17.2592   0.039520     -0.400  552858291     0.2251    -1.0957 0.0000e+00
    17.2610   0.037460     -0.400  552858293     0.2132    -1.1052 0.0000e+00
    17.2668   0.031400     -0.400  552858295     0.1782    -1.1332 0.0000e+00
    17.2678   0.028700     -0.400  552858296     0.1627    -1.1453 0.0000e+00
    17.2657   0.032990     -0.400  552858298     0.1873    -1.1260 0.0000e+00
    17.2623   0.033980     -0.400  552858299     0.1930    -1.1210 0.0000e+00
    17.2741   0.032430     -0.400  552858301     0.1840    -1.1300 0.0000e+00
    17.2761   0.033570     -0.400  552858302     0.1906    -1.1253 0.0000e+00
    17.2737   0.032950     -0.400  552858304     0.1870    -1.1276 0.0000e+00
    17.2743   0.033620     -0.400  552858305     0.1909    -1.1247 0.0000e+00
    17.2788   0.032140     -0.400  552858307     0.1824    -1.1321 0.0000e+00
    17.2841   0.029940     -0.400  552858308     0.1697    -1.1428 0.0000e+00
    17.2928   0.030000     -0.400  552858310     0.1700    -1.1441 0.0000e+00
    17.3044   0.032970     -0.400  552858311     0.1870    -1.1331 0.0000e+00
    17.3121   0.030460     -0.400  552858313     0.1726    -1.1456 0.0000e+00
    17.3257   0.027080     -0.400  552858314     0.1532    -1.1629 0.0000e+00
    17.3353   0.025490     -0.400  552858316     0.1442    -1.1716 0.0000e+00
    17.3494   0.023480     -0.400  552858317     0.1327    -1.1829 0.0000e+00
    17.3543   0.022330     -0.400  552858319     0.1262    -1.1888 0.0000e+00
    17.3648   0.021030     -0.400  552858320     0.1189    -1.1963 0.0000e+00
    17.3688   0.020330     -0.400  552858322     0.1150    -1.2000 0.0000e+00
    17.3769   0.019370     -0.400  552858323     0.1096    -1.2056 0.0000e+00
    17.3843   0.018660     -0.400  552858325     0.1056    -1.2100 0.0000e+00
    17.3982   0.017900     -0.400  552858327     0.1013    -1.2158 0.0000e+00
    17.4057   0.017280     -0.400  552858328     0.0979    -1.2198 0.0000e+00
    17.4144   0.016820     -0.400  552858330     0.0953    -1.2233 0.0000e+00
    17.4169   0.016470     -0.400  552858331     0.0934    -1.2253 0.0000e+00
    17.4246   0.016080     -0.400  552858333     0.0912    -1.2283 0.0000e+00
    17.4252   0.016200     -0.400  552858334     0.0919    -1.2279 0.0000e+00
    17.4471   0.015860     -0.400  552858336     0.0899    -1.2333 0.0000e+00
    17.4520   0.016210     -0.400  552858337     0.0919    -1.2327 0.0000e+00
    17.4513   0.016400     -0.400  552858339     0.0929    -1.2318 0.0000e+00
    17.4627   0.017610     -0.400  552858340     0.0996    -1.2286 0.0000e+00
    17.4640   0.108000     -0.380  552858342     0.6328    -0.8189 0.0000e+00
    17.3069   3.202130     -0.050  552858343    23.8564    16.9151 0.0000e+00
    17.3099   3.321240      0.600  552858345    24.8367    17.6628 0.0000e+00
    17.2963   3.320710      0.910  552858346    24.8405    17.6687 0.0000e+00
    17.2917   3.320170      1.550  552858348    24.8387    17.6684 0.0000e+00
    17.2822   3.319880      1.930  552858349    24.8420    17.6730 0.0000e+00
    17.1954   3.312850      2.540  552858351    24.8368    17.6883 0.0000e+00
    15.7892   3.238250      3.320  552858352    25.0833    18.1802 0.0000e+00
    15.5632   3.222410      3.870  552858354    25.0904    18.2326 0.0000e+00
    15.4706   3.211280      4.510  552858356    25.0531    18.2232 0.0000e+00
    15.4234   3.201580      5.080  552858357    24.9992    18.1915 0.0000e+00
    15.3787   3.194180      5.790  552858359    24.9634    18.1733 0.0000e+00
    15.3494   3.208720      6.400  552858360    25.1075    18.2898 0.0000e+00
    14.9832   3.225320      7.030  552858362    25.4872    18.6558 0.0000e+00
    12.2482   3.184300      7.490  552858363    26.9869    20.3310 0.0000e+00
    10.3739   3.120360      8.270  552858365    27.7610    21.2474 0.0000e+00
     8.7264   3.094320      8.880  552858366    28.7958    22.3043 0.0000e+00
     7.9296   3.070840      9.730  552858368    29.2076    22.7382 0.0000e+00
     7.4663   3.073650     10.310  552858369    29.6282    23.1302 0.0000e+00
     6.9087   3.032490     11.090  552858371    29.6647    23.2305 0.0000e+00
     6.6068   3.039920     11.640  552858372    30.0077    23.5379 0.0000e+00
     6.3472   2.992420     12.410  552858374    29.7149    23.3386 0.0000e+00
     5.8671   2.995840     12.880  552858375    30.1761    23.7584 0.0000e+00
     5.6187   2.946810     13.660  552858377    29.8499    23.5287 0.0000e+00
     4.9238   2.932310     14.200  552858378    30.3105    23.9674 0.0000e+00
     4.3370   2.889390     14.950  552858380    30.3542    24.0607 0.0000e+00
     4.0576   2.903660     15.440  552858381    30.7800    24.4254 0.0000e+00
     3.8475   2.857570     16.210  552858383    30.4359    24.1713 0.0000e+00
     3.6119   2.856700     16.760  552858384    30.6460    24.3595 0.0000e+00
     3.3499   2.853530     17.340  552858386    30.8563    24.5496 0.0000e+00
     3.1671   2.839610     17.880  552858387    30.8640    24.5711 0.0000e+00
     3.0894   2.818940     18.550  552858389    30.6899    24.4387 0.0000e+00
     2.8949   2.841150     19.040  552858391    31.1439    24.8166 0.0000e+00
     2.6777   2.813190     19.560  552858392    31.0152    24.7310 0.0000e+00
     2.3320   2.834420     20.020  552858394    31.6136    25.2354 0.0000e+00
     1.9703   2.781020     20.600  552858395    31.3123    25.0202 0.0000e+00
     1.7664   2.771890     20.850  552858397    31.4010    25.1051 0.0000e+00
     1.6813   2.745140     21.330  552858398    31.1511    24.9104 0.0000e+00
     1.6015   2.740030     21.570  552858400    31.1661    24.9275 0.0000e+00
     1.4572   2.747480     21.940  552858401    31.4032    25.1268 0.0000e+00
     1.1435   2.750950     22.410  552858403    31.7638    25.4353 0.0000e+00
     0.9655   2.704300     22.860  552858404    31.3496    25.1128 0.0000e+00
     0.6625   2.712140     23.190  552858406    31.7584    25.4579 0.0000e+00
     0.4798   2.655220     23.890  552858407    31.2093    25.0252 0.0000e+00
     0.3846   2.717110     24.090  552858409    32.1100    25.7553 0.0000e+00
     0.2898   2.645420     24.740  552858410    31.2746    25.0868 0.0000e+00
     0.2253   2.687710     25.040  552858412    31.8920    25.5874 0.0000e+00
     0.1709   2.630980     25.700  552858413    31.2070    25.0377 0.0000e+00
     0.1411   2.632710     26.240  552858415    31.2597    25.0815 0.0000e+00
     0.1130   2.662130     26.580  552858416    31.6731    25.4161 0.0000e+00
     0.1107   2.626240     27.310  552858418    31.2056    25.0392 0.0000e+00
     0.1064   2.637330     27.690  552858419    31.3547    25.1596 0.0000e+00
     0.0896   2.623230     28.280  552858421    31.1872    25.0253 0.0000e+00
     0.0401   2.619710     28.900  552858423    31.1912    25.0306 0.0000e+00
     0.0043   2.648680     29.120  552858424    31.6077    25.3681 0.0000e+00
     0.0347   2.621060     29.990  552858426    31.2138    25.0491 0.0000e+00
     0.0763   2.638880     30.020  552858427    31.4045    25.2011 0.0000e+00
     0.0927   2.622440     30.870  552858429    31.1722    25.0131 0.0000e+00
     0.1244   2.634470     31.150  552858430    31.2970    25.1123 0.0000e+00
     0.1221   2.628970     31.750  552858432    31.2271    25.0561 0.0000e+00
     0.1125   2.633170     32.240  552858433    31.2915    25.1084 0.0000e+00
     0.0752   2.625530     32.820  552858435    31.2294    25.0599 0.0000e+00
     0.0165   2.629680     33.270  552858436    31.3435    25.1545 0.0000e+00
    -0.0061   2.623740     34.000  552858438    31.2884    25.1110 0.0000e+00
     0.0207   2.628610     34.060  552858439    31.3247    25.1392 0.0000e+00
     0.0313   2.621660     34.850  552858441    31.2224    25.0562 0.0000e+00
     0.1278   2.630860     35.010  552858442    31.2442    25.0696 0.0000e+00
     0.1417   2.626870     35.840  552858444    31.1774    25.0152 0.0000e+00
     0.1313   2.634710     36.030  552858445    31.2903    25.1066 0.0000e+00
     0.0976   2.623450     36.820  552858447    31.1771    25.0168 0.0000e+00
    -0.0304   2.627330     36.890  552858448    31.3587    25.1688 0.0000e+00
    -0.0529   2.616880     37.750  552858450    31.2441    25.0772 0.0000e+00
    -0.0496   2.627310     37.860  552858451    31.3776    25.1848 0.0000e+00
    -0.0654   2.618850     38.550  552858453    31.2823    25.1086 0.0000e+00
    -0.0746   2.621320     38.670  552858454    31.3241    25.1427 0.0000e+00
    -0.0797   2.617680     39.450  552858456    31.2811    25.1082 0.0000e+00
    -0.0670   2.621820     39.460  552858458    31.3225    25.1410 0.0000e+00
    -0.0672   2.619320     40.250  552858459    31.2894    25.1143 0.0000e+00
    -0.0757   2.622400     40.340  552858461    31.3385    25.1543 0.0000e+00
    -0.0205   2.622010     41.030  552858462    31.2764    25.1019 0.0000e+00
     0.0068   2.625060     41.210  552858464    31.2884    25.1104 0.0000e+00
     0.0452   2.628360     41.910  552858465    31.2919    25.1117 0.0000e+00
     0.0695   2.631430     42.240  552858467    31.3071    25.1228 0.0000e+00
     0.0613   2.632710     42.810  552858468    31.3319    25.1432 0.0000e+00
     0.0901   2.635450     43.120  552858470    31.3381    25.1470 0.0000e+00
     0.1090   2.637730     43.560  552858471    31.3483    25.1544 0.0000e+00
     0.1143   2.639310     44.120  552858473    31.3632    25.1662 0.0000e+00
     0.1106   2.640670     44.540  552858474    31.3846    25.1835 0.0000e+00
     0.1032   2.640810     45.160  552858476    31.3936    25.1912 0.0000e+00
     0.0930   2.640950     45.670  552858477    31.4056    25.2013 0.0000e+00
     0.0708   2.643050     46.000  552858479    31.4557    25.2427 0.0000e+00
     0.0271   2.640450     46.540  552858480    31.4663    25.2531 0.0000e+00
     0.0135   2.642690     46.890  552858482    31.5095    25.2885 0.0000e+00
     0.0030   2.639630     47.540  552858483    31.4798    25.2650 0.0000e+00
    -0.0298   2.640830     47.960  552858485    31.5291    25.3062 0.0000e+00
    -0.0452   2.639350     48.590  552858486    31.5252    25.3037 0.0000e+00
    -0.0626   2.638730     49.040  552858488    31.5348    25.3121 0.0000e+00
    -0.0726   2.638780     49.610  552858489    31.5454    25.3212 0.0000e+00
    -0.1113   2.638840     49.930  552858491    31.5860    25.3556 0.0000e+00
    -0.0974   2.638880     50.530  552858493    31.5718    25.3435 0.0000e+00
    -0.0609   2.640850     50.710  552858494    31.5599    25.3324 0.0000e+00
    -0.0322   2.644020     51.160  552858496    31.5717    25.3406 0.0000e+00
