Code/Hansen Zooplankton Code and Sample Data/data/ctd/gsl_04_SBE37SI-RS232_03706156_2017_07_05.cnv
* Sea-Bird SBE37SI-RS232  Data File:
* FileName = C:\Users\General Lab Use\Desktop\SHELAGH CTD 2017\gsl_04_SBE37SI-RS232_03706156_2017_07_05.cnv
* Software version 1.00d
* Temperature SN = 6156
* Conductivity SN = 6156
* System UpLoad Time = Jul 05 2017 23:04:23
* <ApplicationData>
* <Seaterm232>
# nquan = 5
# nvalues = 949
# units = specified
# name 0 = t090C: Temperature [ITS-90, deg C]
# name 1 = c0S/m: Conductivity [S/m]
# name 2 = prM: Pressure [db]
# name 3 = timeK: Time, Seacat Plus [seconds]
# name 4 = flag: Flag
# span 0 =     -1.1264,    20.2321
# span 1 =    0.000637,   3.376331
# span 2 =      -0.237,     67.463
# span 3 =   552596726,  552598172
# span 4 =  0.0000e+00, 0.0000e+00
# interval = seconds: 6.000000
# start_time = Jul 05 2017 19:05:26
# bad_flag = -9.990e-29
*END*
[from data line 572]
    -1.1141    2.52911      60.50  552597598 0.0000e+00
    -1.1095    2.53123      61.12  552597599 0.0000e+00
    -1.0681    2.53483      61.96  552597601 0.0000e+00
    -1.0450    2.54040      62.47  552597602 0.0000e+00
    -1.0017    2.54882      63.41  552597604 0.0000e+00
    -0.9326    2.55598      63.65  552597605 0.0000e+00
    -0.9177    2.56324      64.63  552597607 0.0000e+00
    -0.9050    2.56598      64.59  552597608 0.0000e+00
    -0.9049    2.56728      65.54  552597610 0.0000e+00
    -0.9007    2.56821      65.71  552597611 0.0000e+00
    -0.8993    2.56866      66.31  552597613 0.0000e+00
    -0.8976    2.56923      66.82  552597614 0.0000e+00
    -0.8989    2.57019      67.43  552597616 0.0000e+00
    -0.8962    2.57301      67.46  552597617 0.0000e+00
    -0.8946    2.57400      67.44  552597619 0.0000e+00
    -0.8918    2.57164      66.49  552597620 0.0000e+00
    -0.8947    2.57099      65.49  552597622 0.0000e+00
    -0.8997    2.57086      64.91  552597623 0.0000e+00
    -0.9041    2.56518      64.32  552597625 0.0000e+00
    -0.9899    2.56381      64.11  552597626 0.0000e+00
    -0.9393    2.56098      63.40  552597628 0.0000e+00
    -0.9279    2.56165      63.03  552597629 0.0000e+00
    -1.0076    2.54718      62.45  552597631 0.0000e+00
    -1.0732    2.53974      62.01  552597633 0.0000e+00
    -1.0858    2.53670      61.62  552597634 0.0000e+00
    -1.0774    2.53421      61.12  552597636 0.0000e+00
    -1.0747    2.53408      60.64  552597637 0.0000e+00
    -1.0945    2.52900      60.05  552597639 0.0000e+00
    -1.1173    2.52790      59.61  552597640 0.0000e+00
    -1.1216    2.52318      59.00  552597642 0.0000e+00
    -1.1264    2.52435      58.51  552597643 0.0000e+00
    -1.1246    2.51959      57.85  552597645 0.0000e+00
    -1.1235    2.52188      57.39  552597646 0.0000e+00
    -1.1160    2.51867      56.81  552597648 0.0000e+00
    -1.1250    2.51848      56.21  552597649 0.0000e+00
    -1.0935    2.51802      55.52  552597651 0.0000e+00
    -1.0687    2.51981      54.94  552597652 0.0000e+00
    -1.0764    2.51683      54.25  552597654 0.0000e+00
    -1.0744    2.51789      53.75  552597655 0.0000e+00
    -1.0575    2.51677      53.04  552597657 0.0000e+00
    -1.0348    2.51750      52.59  552597658 0.0000e+00
    -1.0138    2.51848      51.91  552597660 0.0000e+00
    -0.9812    2.51984      51.67  552597661 0.0000e+00
    -0.9478    2.52204      50.82  552597663 0.0000e+00
    -0.9004    2.52281      50.48  552597665 0.0000e+00
    -0.8734    2.52285      49.77  552597666 0.0000e+00
    -0.8958    2.52156      49.36  552597668 0.0000e+00
    -0.7590    2.53414      48.14  552597669 0.0000e+00
    -0.6062    2.53846      47.62  552597671 0.0000e+00
    -0.5556    2.53689      46.45  552597672 0.0000e+00
    -0.6164    2.53035      45.78  552597674 0.0000e+00
    -0.6861    2.52798      44.91  552597675 0.0000e+00
    -0.6310    2.53013      44.32  552597677 0.0000e+00
    -0.5002    2.53921      43.51  552597678 0.0000e+00
    -0.3019    2.55741      42.83  552597680 0.0000e+00
     0.1626    2.57594      42.16  552597681 0.0000e+00
     0.3364    2.59101      41.33  552597683 0.0000e+00
     0.5783    2.60021      40.80  552597684 0.0000e+00
     0.6937    2.60674      40.31  552597686 0.0000e+00
     0.9192    2.61981      39.72  552597687 0.0000e+00
     1.1025    2.63196      39.01  552597689 0.0000e+00
     1.3008    2.63932      38.49  552597690 0.0000e+00
     1.4275    2.64381      37.81  552597692 0.0000e+00
     1.4627    2.64878      37.26  552597693 0.0000e+00
     1.6881    2.66060      36.55  552597695 0.0000e+00
     1.6533    2.65798      36.06  552597696 0.0000e+00
     1.8255    2.67407      35.35  552597698 0.0000e+00
     1.9763    2.68694      34.81  552597700 0.0000e+00
     2.4931    2.69768      34.28  552597701 0.0000e+00
     2.5531    2.71880      33.45  552597703 0.0000e+00
     2.7225    2.72902      32.78  552597704 0.0000e+00
     2.8682    2.74212      31.95  552597706 0.0000e+00
     2.9968    2.73657      31.48  552597707 0.0000e+00
     3.0892    2.75615      30.39  552597709 0.0000e+00
     3.3329    2.75573      29.97  552597710 0.0000e+00
     3.6855    2.79914      28.80  552597712 0.0000e+00
     3.9653    2.80330      28.31  552597713 0.0000e+00
     4.3273    2.83919      27.49  552597715 0.0000e+00
     4.5459    2.83758      26.92  552597716 0.0000e+00
     4.3839    2.81857      26.18  552597718 0.0000e+00
     4.2478    2.81155      25.67  552597719 0.0000e+00
     4.3290    2.83692      24.93  552597721 0.0000e+00
     4.8097    2.88324      24.33  552597722 0.0000e+00
     5.3198    2.91292      23.75  552597724 0.0000e+00
     5.7249    2.92818      23.15  552597725 0.0000e+00
     5.8352    2.92872      22.59  552597727 0.0000e+00
     5.7855    2.92272      22.17  552597728 0.0000e+00
     5.9864    2.94326      21.54  552597730 0.0000e+00
     6.1234    2.95042      20.98  552597731 0.0000e+00
     6.2402    2.95406      20.42  552597733 0.0000e+00
     6.2897    2.96413      19.68  552597735 0.0000e+00
     6.4013    2.96287      19.07  552597736 0.0000e+00
     6.5645    2.98364      18.30  552597738 0.0000e+00
     6.8234    2.98389      17.70  552597739 0.0000e+00
     6.9632    2.94575      17.01  552597741 0.0000e+00
     6.5536    2.88684      16.49  552597742 0.0000e+00
     6.0129    2.84320      15.90  552597744 0.0000e+00
     5.9243    2.84795      15.34  552597745 0.0000e+00
     6.2261    2.86912      14.77  552597747 0.0000e+00
     6.5851    2.88718      14.26  552597748 0.0000e+00
     7.1203    2.91958      13.55  552597750 0.0000e+00
     7.7946    2.93856      13.10  552597751 0.0000e+00
     8.0343    2.93859      12.37  552597753 0.0000e+00
     8.1182    2.93216      11.90  552597754 0.0000e+00
     8.3840    2.94407      11.09  552597756 0.0000e+00
     8.5905    2.94647      10.59  552597757 0.0000e+00
     8.8301    2.95880       9.88  552597759 0.0000e+00
     9.0537    2.96006       9.36  552597760 0.0000e+00
     9.6039    3.00317       8.73  552597762 0.0000e+00
    12.8266    3.11501       8.18  552597763 0.0000e+00
    14.6780    3.16042       7.68  552597765 0.0000e+00
    15.1389    3.18278       7.27  552597767 0.0000e+00
    15.5116    3.21773       6.74  552597768 0.0000e+00
    15.8216    3.23328       6.21  552597770 0.0000e+00
    16.0079    3.23979       5.83  552597771 0.0000e+00
    16.1460    3.25816       5.22  552597773 0.0000e+00
    16.2417    3.25893       4.71  552597774 0.0000e+00
    16.3367    3.27335       3.98  552597776 0.0000e+00
    16.5834    3.28593       3.62  552597777 0.0000e+00
    17.1947    3.33418       2.78  552597779 0.0000e+00
    17.4400    3.32623       2.47  552597780 0.0000e+00
    17.5202    3.34653       1.71  552597782 0.0000e+00
    17.5392    3.32331       1.38  552597783 0.0000e+00
    17.5340    3.33095       0.86  552597785 0.0000e+00
    17.5319    3.28621       1.02  552597786 0.0000e+00
    17.5287    3.31883       0.73  552597788 0.0000e+00
    17.5406    3.30027       0.93  552597789 0.0000e+00
    17.5297    3.31487       0.52  552597791 0.0000e+00
    17.5432    3.33710       0.29  552597792 0.0000e+00
    17.5362    3.32000       0.25  552597794 0.0000e+00
    17.5432    3.33644       0.15  552597795 0.0000e+00
    17.5536    3.32733      -0.14  552597797 0.0000e+00
    17.5512    3.32830       0.11  552597799 0.0000e+00
    17.5528    3.33832      -0.13  552597800 0.0000e+00
    17.5497    3.13469       0.04  552597802 0.0000e+00
    17.5552    2.15262      -0.18  552597803 0.0000e+00
    17.5437    0.32147      -0.19  552597805 0.0000e+00
    17.4149    1.20734      -0.05  552597806 0.0000e+00
    17.5057    0.68670      -0.19  552597808 0.0000e+00
    17.3421    0.15062      -0.19  552597809 0.0000e+00
    17.2663    0.09885      -0.19  552597811 0.0000e+00
    17.1519    0.07920      -0.19  552597812 0.0000e+00
    17.0422    0.06551      -0.19  552597814 0.0000e+00
    16.9523    0.05632      -0.19  552597815 0.0000e+00
    16.8328    0.05263      -0.18  552597817 0.0000e+00
    16.6646    0.06507      -0.18  552597818 0.0000e+00
    17.1865    0.05180      -0.18  552597820 0.0000e+00
    17.1603    0.27864      -0.18  552597821 0.0000e+00
    16.9494    0.05897      -0.18  552597823 0.0000e+00
    16.7617    0.04990      -0.18  552597824 0.0000e+00
    16.6394    0.04495      -0.18  552597826 0.0000e+00
    16.6149    0.05298      -0.18  552597828 0.0000e+00
    16.6269    0.04601      -0.19  552597829 0.0000e+00
    16.6009    0.03963      -0.19  552597831 0.0000e+00
    16.5842    0.03737      -0.19  552597832 0.0000e+00
    16.5545    0.03821      -0.19  552597834 0.0000e+00
    16.5387    0.03920      -0.20  552597835 0.0000e+00
    16.6340    0.03790      -0.20  552597837 0.0000e+00
    16.6861    0.03681      -0.20  552597838 0.0000e+00
    16.7141    0.03470      -0.19  552597840 0.0000e+00
    16.7477    0.03211      -0.20  552597841 0.0000e+00
    16.7727    0.02885      -0.20  552597843 0.0000e+00
    16.8121    0.02809      -0.20  552597844 0.0000e+00
    16.8816    0.02605      -0.19  552597846 0.0000e+00
    16.9099    0.02543      -0.19  552597847 0.0000e+00
    16.9456    0.02403      -0.20  552597849 0.0000e+00
    16.9660    0.02427      -0.19  552597850 0.0000e+00
    16.9813    0.02323      -0.20  552597852 0.0000e+00
    17.0002    0.02330      -0.19  552597853 0.0000e+00
    17.0009    0.02317      -0.19  552597855 0.0000e+00
    16.9829    0.02320      -0.19  552597856 0.0000e+00
    16.9718    0.02365      -0.19  552597858 0.0000e+00
    16.9580    0.02708      -0.19  552597860 0.0000e+00
    16.9440    0.02832      -0.18  552597861 0.0000e+00
    16.9512    0.02601      -0.18  552597863 0.0000e+00
    16.9600    0.02438      -0.18  552597864 0.0000e+00
    16.9657    0.02338      -0.18  552597866 0.0000e+00
    16.9654    0.02287      -0.18  552597867 0.0000e+00
    16.9685    0.02240      -0.18  552597869 0.0000e+00
    16.9659    0.02243      -0.18  552597870 0.0000e+00
    16.9626    0.02272      -0.18  552597872 0.0000e+00
    16.9486    0.02300      -0.18  552597873 0.0000e+00
    16.9320    0.02278      -0.18  552597875 0.0000e+00
    16.9208    0.02270      -0.18  552597876 0.0000e+00
    16.9203    0.02252      -0.18  552597878 0.0000e+00
    16.9251    0.02229      -0.18  552597879 0.0000e+00
    16.9258    0.02203      -0.18  552597881 0.0000e+00
    16.9295    0.02169      -0.18  552597882 0.0000e+00
    16.9171    0.02122      -0.18  552597884 0.0000e+00
    16.9135    0.02092      -0.18  552597885 0.0000e+00
    16.9116    0.02056      -0.18  552597887 0.0000e+00
    16.9037    0.02018      -0.18  552597888 0.0000e+00
    16.8837    0.01999      -0.18  552597890 0.0000e+00
    16.8768    0.01983      -0.18  552597892 0.0000e+00
    16.8732    0.01954      -0.18  552597893 0.0000e+00
    16.8670    0.01915      -0.18  552597895 0.0000e+00
    16.8554    0.01880      -0.18  552597896 0.0000e+00
    16.8495    0.01830      -0.18  552597898 0.0000e+00
    16.8413    0.01786      -0.18  552597899 0.0000e+00
    16.8350    0.01772      -0.18  552597901 0.0000e+00
    16.8321    0.01747      -0.18  552597902 0.0000e+00
    16.8211    0.01734      -0.18  552597904 0.0000e+00
    16.8109    0.01729      -0.18  552597905 0.0000e+00
    16.8007    0.01725      -0.18  552597907 0.0000e+00
    16.7855    0.01708      -0.18  552597908 0.0000e+00
    16.7751    0.01695      -0.18  552597910 0.0000e+00
    16.7662    0.01685      -0.18  552597911 0.0000e+00
    16.7628    0.01680      -0.18  552597913 0.0000e+00
    16.7556    0.01674      -0.18  552597914 0.0000e+00
    16.7516    0.01672      -0.18  552597916 0.0000e+00
    16.7417    0.01670      -0.19  552597917 0.0000e+00
    16.7356    0.01666      -0.19  552597919 0.0000e+00
    16.7357    0.01661      -0.18  552597920 0.0000e+00
    16.7401    0.01654      -0.19  552597922 0.0000e+00
    16.7386    0.01645      -0.19  552597924 0.0000e+00
    16.7281    0.01637      -0.19  552597925 0.0000e+00
    16.7114    0.01629      -0.19  552597927 0.0000e+00
    16.7090    0.01622      -0.19  552597928 0.0000e+00
    16.7120    0.01611      -0.19  552597930 0.0000e+00
    16.7149    0.01602      -0.19  552597931 0.0000e+00
    16.7086    0.01592      -0.19  552597933 0.0000e+00
    16.7086    0.01577      -0.19  552597934 0.0000e+00
    16.7040    0.01561      -0.19  552597936 0.0000e+00
    16.7029    0.01552      -0.19  552597937 0.0000e+00
    16.7072    0.01536      -0.19  552597939 0.0000e+00
    16.7066    0.01529      -0.19  552597940 0.0000e+00
    16.7080    0.01517      -0.19  552597942 0.0000e+00
    16.7126    0.01493      -0.19  552597943 0.0000e+00
    16.7119    0.01485      -0.19  552597945 0.0000e+00
    16.7018    0.01484      -0.19  552597946 0.0000e+00
    16.6970    0.01480      -0.19  552597948 0.0000e+00
    16.6962    0.01473      -0.19  552597949 0.0000e+00
    16.6945    0.01460      -0.19  552597951 0.0000e+00
    16.6941    0.01446      -0.19  552597953 0.0000e+00
    16.6909    0.01440      -0.19  552597954 0.0000e+00
    16.6986    0.01436      -0.19  552597956 0.0000e+00
    16.7025    0.01420      -0.19  552597957 0.0000e+00
    16.6958    0.01418      -0.19  552597959 0.0000e+00
    16.6916    0.01406      -0.19  552597960 0.0000e+00
    16.6909    0.01406      -0.19  552597962 0.0000e+00
    16.6938    0.01401      -0.19  552597963 0.0000e+00
    16.6908    0.01399      -0.19  552597965 0.0000e+00
    16.6887    0.01394      -0.19  552597966 0.0000e+00
    16.6849    0.01388      -0.19  552597968 0.0000e+00
    16.6802    0.01381      -0.19  552597969 0.0000e+00
    16.6832    0.01366      -0.20  552597971 0.0000e+00
    16.6899    0.01352      -0.20  552597972 0.0000e+00
    16.6855    0.01363      -0.20  552597974 0.0000e+00
    16.6817    0.02374      -0.21  552597975 0.0000e+00
    16.7044    0.04670      -0.21  552597977 0.0000e+00
    16.7204    0.03731      -0.20  552597978 0.0000e+00
    16.7308    0.03168      -0.20  552597980 0.0000e+00
    16.7382    0.03304      -0.20  552597981 0.0000e+00
    16.7505    0.03118      -0.20  552597983 0.0000e+00
    16.7554    0.03116      -0.20  552597985 0.0000e+00
    16.7495    0.03158      -0.20  552597986 0.0000e+00
    16.7541    0.03020      -0.20  552597988 0.0000e+00
    16.7619    0.02759      -0.20  552597989 0.0000e+00
    16.7676    0.02705      -0.20  552597991 0.0000e+00
    16.7728    0.02642      -0.20  552597992 0.0000e+00
    16.7868    0.02563      -0.20  552597994 0.0000e+00
    16.7936    0.02539      -0.20  552597995 0.0000e+00
    16.8095    0.02510      -0.20  552597997 0.0000e+00
    16.8255    0.02440      -0.20  552597998 0.0000e+00
    16.8371    0.02395      -0.20  552598000 0.0000e+00
    16.8401    0.02360      -0.20  552598001 0.0000e+00
    16.8332    0.02333      -0.21  552598003 0.0000e+00
    16.8296    0.02314      -0.21  552598004 0.0000e+00
    16.8209    0.02282      -0.21  552598006 0.0000e+00
    16.8287    0.02258      -0.21  552598007 0.0000e+00
    16.8266    0.02229      -0.20  552598009 0.0000e+00
    16.8212    0.02214      -0.21  552598010 0.0000e+00
    16.8218    0.02201      -0.21  552598012 0.0000e+00
    16.8197    0.02233      -0.22  552598014 0.0000e+00
    16.8104    0.02597      -0.22  552598015 0.0000e+00
    16.8227    0.02757      -0.22  552598017 0.0000e+00
    16.8247    0.02531      -0.21  552598018 0.0000e+00
    16.8417    0.02505      -0.21  552598020 0.0000e+00
    16.8451    0.02570      -0.21  552598021 0.0000e+00
    16.8475    0.02455      -0.21  552598023 0.0000e+00
    16.8559    0.02475      -0.21  552598024 0.0000e+00
    16.8500    0.02441      -0.21  552598026 0.0000e+00
    16.8521    0.02351      -0.21  552598027 0.0000e+00
    16.8579    0.02370      -0.21  552598029 0.0000e+00
    16.8541    0.02285      -0.21  552598030 0.0000e+00
