Code/Hansen Zooplankton Code and Sample Data/data/ctd/gsl_06_SBE37SI-RS232_03706156_2017_08_02.cnv
* Sea-Bird SBE37SI-RS232  Data File:
* FileName = C:\Users\General Lab Use\Desktop\SHELAGH CTD 2017\gsl_06_SBE37SI-RS232_03706156_2017_08_02.cnv
* Software version 1.00d
* Temperature SN = 6156
* Conductivity SN = 6156
* System UpLoad Time = Aug 02 2017 10:18:34
* <ApplicationData>
* <Seaterm232>
# nquan = 5
# nvalues = 1764
# units = specified
# name 0 = t090C: Temperature [ITS-90, deg C]
# name 1 = c0S/m: Conductivity [S/m]
# name 2 = prM: Pressure [db]
# name 3 = timeK: Time, Seacat Plus [seconds]
# name 4 = flag: Flag
# span 0 =     -0.0117,    18.8960
# span 1 =    0.001399,   3.550751
# span 2 =      -0.239,     61.139
# span 3 =   554968864,  554971543
# span 4 =  0.0000e+00, 0.0000e+00
# interval = seconds: 6.000000
# start_time = Aug 02 2017 06:01:04
# bad_flag = -9.990e-29
*END*
[from data line 858]
    15.8925    0.00831      -0.22  554970166 0.0000e+00
    15.8933    0.00827      -0.22  554970168 0.0000e+00
    15.8797    0.00825      -0.22  554970169 0.0000e+00
    15.8868    0.00822      -0.22  554970171 0.0000e+00
    15.8947    0.00820      -0.22  554970172 0.0000e+00
    15.8895    0.00816      -0.22  554970174 0.0000e+00
    15.8934    0.00814      -0.22  554970175 0.0000e+00
    15.8984    0.00811      -0.22  554970177 0.0000e+00
    15.8938    0.00809      -0.22  554970178 0.0000e+00
    15.8900    0.00806      -0.22  554970180 0.0000e+00
    15.8907    0.00804      -0.22  554970181 0.0000e+00
    15.9063    0.00802      -0.22  554970183 0.0000e+00
    15.9215    0.00800      -0.22  554970184 0.0000e+00
    15.9315    0.00797      -0.22  554970186 0.0000e+00
    15.9360    0.00795      -0.22  554970187 0.0000e+00
    15.9460    0.00793      -0.22  554970189 0.0000e+00
    15.9380    0.00790      -0.22  554970190 0.0000e+00
    15.9463    0.00788      -0.22  554970192 0.0000e+00
    15.9443    0.00786      -0.22  554970193 0.0000e+00
    15.9415    0.00784      -0.22  554970195 0.0000e+00
    15.9515    0.00781      -0.22  554970196 0.0000e+00
    15.9540    0.00780      -0.22  554970198 0.0000e+00
    15.9580    0.00778      -0.22  554970199 0.0000e+00
    15.9610    0.00776      -0.22  554970201 0.0000e+00
    15.9636    0.00774      -0.22  554970202 0.0000e+00
    15.9661    0.00772      -0.22  554970204 0.0000e+00
    15.9671    0.00770      -0.22  554970206 0.0000e+00
    15.9642    0.00769      -0.22  554970207 0.0000e+00
    15.9616    0.00766      -0.22  554970209 0.0000e+00
    15.9600    0.00765      -0.23  554970210 0.0000e+00
    15.9648    0.00763      -0.22  554970212 0.0000e+00
    15.9614    0.00761      -0.22  554970213 0.0000e+00
    15.9658    0.00759      -0.22  554970215 0.0000e+00
    15.9625    0.00757      -0.22  554970216 0.0000e+00
    15.9656    0.00756      -0.22  554970218 0.0000e+00
    15.9722    0.00754      -0.23  554970219 0.0000e+00
    15.9749    0.00752      -0.23  554970221 0.0000e+00
    15.9792    0.00750      -0.22  554970222 0.0000e+00
    15.9851    0.00748      -0.22  554970224 0.0000e+00
    15.9717    0.00746      -0.22  554970225 0.0000e+00
    15.9614    0.00745      -0.22  554970227 0.0000e+00
    15.9659    0.00743      -0.23  554970228 0.0000e+00
    15.9632    0.00741      -0.23  554970230 0.0000e+00
    15.9573    0.00739      -0.23  554970231 0.0000e+00
    15.9573    0.00738      -0.23  554970233 0.0000e+00
    15.9489    0.00736      -0.23  554970234 0.0000e+00
    15.9541    0.00734      -0.23  554970236 0.0000e+00
    15.9507    0.00732      -0.23  554970237 0.0000e+00
    15.9521    0.00731      -0.22  554970239 0.0000e+00
    15.9435    0.00729      -0.23  554970241 0.0000e+00
    15.9291    0.00727      -0.23  554970242 0.0000e+00
    15.9291    0.00725      -0.23  554970244 0.0000e+00
    15.9285    0.00723      -0.23  554970245 0.0000e+00
    15.9284    0.00722      -0.23  554970247 0.0000e+00
    15.9199    0.00720      -0.23  554970248 0.0000e+00
    15.9085    0.00720      -0.23  554970250 0.0000e+00
    15.9251    0.00717      -0.23  554970251 0.0000e+00
    15.9380    0.00716      -0.23  554970253 0.0000e+00
    15.9514    0.00714      -0.23  554970254 0.0000e+00
    15.9641    0.00712      -0.23  554970256 0.0000e+00
    15.9774    0.00711      -0.23  554970257 0.0000e+00
    15.9916    0.00709      -0.23  554970259 0.0000e+00
    16.0073    0.00707      -0.23  554970260 0.0000e+00
    16.0213    0.00706      -0.23  554970262 0.0000e+00
    16.0413    0.00704      -0.23  554970263 0.0000e+00
    16.0521    0.00703      -0.23  554970265 0.0000e+00
    16.0608    0.00702      -0.23  554970266 0.0000e+00
    16.0470    0.00700      -0.23  554970268 0.0000e+00
    16.0436    0.00698      -0.23  554970269 0.0000e+00
    16.0405    0.00697      -0.23  554970271 0.0000e+00
    16.0357    0.00695      -0.23  554970272 0.0000e+00
    16.0384    0.00694      -0.23  554970274 0.0000e+00
    16.0386    0.00692      -0.23  554970275 0.0000e+00
    16.0498    0.00691      -0.23  554970277 0.0000e+00
    16.0609    0.00689      -0.23  554970278 0.0000e+00
    16.0768    0.00688      -0.23  554970280 0.0000e+00
    16.0836    0.00686      -0.23  554970282 0.0000e+00
    16.0949    0.00685      -0.23  554970283 0.0000e+00
    16.1001    0.00683      -0.23  554970285 0.0000e+00
    16.1093    0.00682      -0.23  554970286 0.0000e+00
    16.1107    0.00681      -0.23  554970288 0.0000e+00
    16.1086    0.00679      -0.23  554970289 0.0000e+00
    16.1100    0.00678      -0.23  554970291 0.0000e+00
    16.1191    0.00677      -0.23  554970292 0.0000e+00
    16.1231    0.00675      -0.23  554970294 0.0000e+00
    16.1251    0.00674      -0.23  554970295 0.0000e+00
    16.1244    0.00672      -0.23  554970297 0.0000e+00
    16.1178    0.00671      -0.23  554970298 0.0000e+00
    16.1202    0.00670      -0.23  554970300 0.0000e+00
    16.1277    0.00668      -0.23  554970301 0.0000e+00
    16.1339    0.00667      -0.23  554970303 0.0000e+00
    16.1320    0.00665      -0.23  554970304 0.0000e+00
    16.1324    0.00665      -0.23  554970306 0.0000e+00
    16.1327    0.00663      -0.23  554970307 0.0000e+00
    16.1424    0.00662      -0.23  554970309 0.0000e+00
    16.1390    0.00660      -0.23  554970310 0.0000e+00
    16.1439    0.00659      -0.23  554970312 0.0000e+00
    16.1527    0.00657      -0.23  554970313 0.0000e+00
    16.1511    0.00657      -0.23  554970315 0.0000e+00
    16.1722    0.00655      -0.23  554970316 0.0000e+00
    16.1729    0.00654      -0.23  554970318 0.0000e+00
    16.1762    0.00652      -0.23  554970320 0.0000e+00
    16.1760    0.00652      -0.23  554970321 0.0000e+00
    16.1777    0.00650      -0.23  554970323 0.0000e+00
    16.1798    0.00649      -0.23  554970324 0.0000e+00
    16.1820    0.00647      -0.23  554970326 0.0000e+00
    16.1808    0.00646      -0.23  554970327 0.0000e+00
    16.1603    0.00645      -0.23  554970329 0.0000e+00
    16.1525    0.00644      -0.23  554970330 0.0000e+00
    16.1628    0.00642      -0.23  554970332 0.0000e+00
    16.1699    0.00641      -0.23  554970333 0.0000e+00
    16.1715    0.00640      -0.23  554970335 0.0000e+00
    16.1747    0.00639      -0.23  554970336 0.0000e+00
    16.1762    0.00638      -0.23  554970338 0.0000e+00
    16.1799    0.00637      -0.23  554970339 0.0000e+00
    16.1869    0.00635      -0.23  554970341 0.0000e+00
    16.1823    0.00634      -0.23  554970342 0.0000e+00
    16.1805    0.00633      -0.23  554970344 0.0000e+00
    16.1705    0.00632      -0.23  554970345 0.0000e+00
    16.1773    0.00630      -0.23  554970347 0.0000e+00
    16.1883    0.00630      -0.23  554970348 0.0000e+00
    16.2008    0.00628      -0.23  554970350 0.0000e+00
    16.2001    0.00627      -0.23  554970351 0.0000e+00
    16.2005    0.00626      -0.23  554970353 0.0000e+00
    16.2086    0.00625      -0.23  554970354 0.0000e+00
    16.2131    0.00624      -0.23  554970356 0.0000e+00
    16.2161    0.00622      -0.23  554970358 0.0000e+00
    16.2182    0.00622      -0.23  554970359 0.0000e+00
    16.2175    0.00620      -0.23  554970361 0.0000e+00
    16.2188    0.00620      -0.23  554970362 0.0000e+00
    16.2260    0.00618      -0.23  554970364 0.0000e+00
    16.2201    0.00617      -0.23  554970365 0.0000e+00
    16.2293    0.00616      -0.23  554970367 0.0000e+00
    16.2220    0.00615      -0.23  554970368 0.0000e+00
    16.2228    0.00614      -0.23  554970370 0.0000e+00
    16.2153    0.00613      -0.23  554970371 0.0000e+00
    16.2153    0.00612      -0.23  554970373 0.0000e+00
    16.2125    0.00611      -0.23  554970374 0.0000e+00
    16.2001    0.00610      -0.23  554970376 0.0000e+00
    16.2043    0.00609      -0.23  554970377 0.0000e+00
    16.2043    0.00608      -0.23  554970379 0.0000e+00
    16.2006    0.00607      -0.23  554970380 0.0000e+00
    16.2087    0.00606      -0.23  554970382 0.0000e+00
    16.2134    0.00605      -0.23  554970383 0.0000e+00
    16.2119    0.00604      -0.23  554970385 0.0000e+00
    16.2070    0.00603      -0.23  554970386 0.0000e+00
    16.2216    0.00602      -0.23  554970388 0.0000e+00
    16.2243    0.00602      -0.23  554970389 0.0000e+00
    16.2264    0.00600      -0.23  554970391 0.0000e+00
    16.2300    0.00600      -0.23  554970392 0.0000e+00
    16.2323    0.00599      -0.23  554970394 0.0000e+00
    16.2384    0.00598      -0.23  554970396 0.0000e+00
    16.2405    0.00597      -0.23  554970397 0.0000e+00
    16.2487    0.00596      -0.23  554970399 0.0000e+00
    16.2530    0.00595      -0.23  554970400 0.0000e+00
    16.2491    0.00595      -0.23  554970402 0.0000e+00
    16.2505    0.00594      -0.23  554970403 0.0000e+00
    16.2540    0.00593      -0.23  554970405 0.0000e+00
    16.2523    0.00592      -0.23  554970406 0.0000e+00
    16.2500    0.00592      -0.23  554970408 0.0000e+00
    16.2506    0.00591      -0.23  554970409 0.0000e+00
    16.2489    0.00590      -0.23  554970411 0.0000e+00
    16.2498    0.00590      -0.23  554970412 0.0000e+00
    16.2482    0.00589      -0.23  554970414 0.0000e+00
    16.2505    0.00588      -0.23  554970415 0.0000e+00
    16.2522    0.00587      -0.23  554970417 0.0000e+00
    16.2485    0.00587      -0.23  554970418 0.0000e+00
    16.2577    0.00586      -0.23  554970420 0.0000e+00
    16.2611    0.00586      -0.23  554970421 0.0000e+00
    16.2699    0.00585      -0.23  554970423 0.0000e+00
    16.2818    0.00584      -0.23  554970424 0.0000e+00
    16.2784    0.00584      -0.23  554970426 0.0000e+00
    16.2816    0.00583      -0.23  554970427 0.0000e+00
    16.2921    0.00583      -0.23  554970429 0.0000e+00
    16.2818    0.00581      -0.23  554970430 0.0000e+00
    16.2714    0.00581      -0.23  554970432 0.0000e+00
    16.2745    0.00580      -0.23  554970434 0.0000e+00
    16.2717    0.00580      -0.23  554970435 0.0000e+00
    16.2703    0.00579      -0.23  554970437 0.0000e+00
    16.2660    0.00579      -0.23  554970438 0.0000e+00
    16.2658    0.00578      -0.23  554970440 0.0000e+00
    16.2614    0.00578      -0.23  554970441 0.0000e+00
    16.2648    0.00576      -0.23  554970443 0.0000e+00
    16.2634    0.00577      -0.23  554970444 0.0000e+00
    16.2610    0.00575      -0.23  554970446 0.0000e+00
    16.2487    0.00575      -0.23  554970447 0.0000e+00
    16.2478    0.00574      -0.23  554970449 0.0000e+00
    16.2452    0.00574      -0.23  554970450 0.0000e+00
    16.2378    0.00573      -0.23  554970452 0.0000e+00
    16.2343    0.00572      -0.23  554970453 0.0000e+00
    16.2346    0.00572      -0.23  554970455 0.0000e+00
    16.2482    0.00571      -0.23  554970456 0.0000e+00
    16.2535    0.00571      -0.23  554970458 0.0000e+00
    16.2544    0.00570      -0.23  554970459 0.0000e+00
    16.2586    0.00570      -0.23  554970461 0.0000e+00
    16.2549    0.00569      -0.23  554970462 0.0000e+00
    16.2650    0.00568      -0.23  554970464 0.0000e+00
    16.2714    0.00568      -0.23  554970465 0.0000e+00
    16.2726    0.00567      -0.23  554970467 0.0000e+00
    16.2828    0.00567      -0.23  554970468 0.0000e+00
    16.2866    0.00566      -0.23  554970470 0.0000e+00
    16.2927    0.00566      -0.23  554970472 0.0000e+00
    16.2988    0.00565      -0.23  554970473 0.0000e+00
    16.2960    0.00565      -0.23  554970475 0.0000e+00
    16.2962    0.00564      -0.23  554970476 0.0000e+00
    16.2969    0.00563      -0.23  554970478 0.0000e+00
    16.2888    0.00563      -0.23  554970479 0.0000e+00
    16.2869    0.00563      -0.23  554970481 0.0000e+00
    16.2820    0.00562      -0.23  554970482 0.0000e+00
    16.2805    0.00562      -0.23  554970484 0.0000e+00
    16.2834    0.00561      -0.23  554970485 0.0000e+00
    16.2807    0.00561      -0.23  554970487 0.0000e+00
    16.2780    0.00560      -0.23  554970488 0.0000e+00
    16.2779    0.00560      -0.23  554970490 0.0000e+00
    16.2787    0.00559      -0.23  554970491 0.0000e+00
    16.2785    0.00559      -0.23  554970493 0.0000e+00
    16.2787    0.00558      -0.23  554970494 0.0000e+00
    16.2749    0.00558      -0.23  554970496 0.0000e+00
    16.2672    0.00557      -0.23  554970497 0.0000e+00
    16.2595    0.00557      -0.23  554970499 0.0000e+00
    16.2608    0.00556      -0.23  554970500 0.0000e+00
    16.2531    0.00556      -0.23  554970502 0.0000e+00
    16.2546    0.00555      -0.23  554970503 0.0000e+00
    16.2536    0.00554      -0.23  554970505 0.0000e+00
    16.2544    0.00554      -0.23  554970506 0.0000e+00
    16.2556    0.00554      -0.23  554970508 0.0000e+00
    16.2566    0.00553      -0.23  554970510 0.0000e+00
    16.2636    0.00553      -0.23  554970511 0.0000e+00
    16.2650    0.00552      -0.23  554970513 0.0000e+00
    16.2682    0.00552      -0.23  554970514 0.0000e+00
    16.2746    0.00551      -0.23  554970516 0.0000e+00
    16.2741    0.00551      -0.23  554970517 0.0000e+00
    16.2731    0.00550      -0.23  554970519 0.0000e+00
    16.2660    0.00550      -0.23  554970520 0.0000e+00
    16.2717    0.00549      -0.23  554970522 0.0000e+00
    16.2724    0.00549      -0.23  554970523 0.0000e+00
    16.2718    0.00548      -0.23  554970525 0.0000e+00
    16.2637    0.00548      -0.23  554970526 0.0000e+00
    16.2603    0.00547      -0.23  554970528 0.0000e+00
    16.2585    0.00547      -0.23  554970529 0.0000e+00
    16.2600    0.00546      -0.23  554970531 0.0000e+00
    16.2655    0.00546      -0.23  554970532 0.0000e+00
    16.2694    0.00545      -0.23  554970534 0.0000e+00
    16.2715    0.00545      -0.23  554970535 0.0000e+00
    16.2726    0.00545      -0.23  554970537 0.0000e+00
    16.2683    0.00545      -0.23  554970538 0.0000e+00
    16.2676    0.00544      -0.23  554970540 0.0000e+00
    16.2717    0.00543      -0.23  554970541 0.0000e+00
    16.2727    0.00543      -0.23  554970543 0.0000e+00
    16.2727    0.00542      -0.23  554970544 0.0000e+00
    16.2663    0.00542      -0.23  554970546 0.0000e+00
    16.2671    0.00542      -0.23  554970548 0.0000e+00
    16.2648    0.00541      -0.23  554970549 0.0000e+00
    16.2646    0.00540      -0.23  554970551 0.0000e+00
    16.2690    0.00540      -0.23  554970552 0.0000e+00
    16.2669    0.00540      -0.23  554970554 0.0000e+00
    16.2688    0.00540      -0.23  554970555 0.0000e+00
    16.2702    0.00539      -0.23  554970557 0.0000e+00
    16.2740    0.00538      -0.23  554970558 0.0000e+00
    16.2745    0.00538      -0.23  554970560 0.0000e+00
    16.2826    0.00537      -0.23  554970561 0.0000e+00
    16.2834    0.00538      -0.23  554970563 0.0000e+00
    16.2854    0.00537      -0.23  554970564 0.0000e+00
    16.2775    0.00537      -0.23  554970566 0.0000e+00
    16.2782    0.00536      -0.23  554970567 0.0000e+00
    16.2724    0.00536      -0.23  554970569 0.0000e+00
    16.2736    0.00535      -0.23  554970570 0.0000e+00
    16.2796    0.00536      -0.23  554970572 0.0000e+00
    16.2844    0.00535      -0.23  554970573 0.0000e+00
    16.2880    0.00534      -0.23  554970575 0.0000e+00
    16.2888    0.00534      -0.23  554970576 0.0000e+00
    16.2993    0.00534      -0.23  554970578 0.0000e+00
    16.2967    0.00533      -0.23  554970579 0.0000e+00
    16.3039    0.00532      -0.23  554970581 0.0000e+00
    16.3084    0.00532      -0.23  554970583 0.0000e+00
    16.3101    0.00532      -0.23  554970584 0.0000e+00
    16.3128    0.00531      -0.23  554970586 0.0000e+00
    16.3183    0.00531      -0.23  554970587 0.0000e+00
    16.3304    0.00530      -0.23  554970589 0.0000e+00
    16.3398    0.00530      -0.23  554970590 0.0000e+00
    16.3340    0.00529      -0.23  554970592 0.0000e+00
    16.3333    0.00530      -0.23  554970593 0.0000e+00
    16.3272    0.00529      -0.23  554970595 0.0000e+00
    16.3255    0.00529      -0.23  554970596 0.0000e+00
