Code/Hansen Zooplankton Code and Sample Data/data/ctd/gsl_01_SBE37SI-RS232_03706156_2017_07_03_final.cnv
* Sea-Bird SBE37SI-RS232  Data File:
* FileName = C:\Users\General Lab Use\Desktop\SHELAGH CTD 2017\gsl_01_SBE37SI-RS232_03706156_2017_07_03.cnv
* Software version 1.00d
* Temperature SN = 6156
* Conductivity SN = 6156
* System UpLoad Time = Jul 03 2017 22:38:41
* <ApplicationData>
* <Seaterm232>
# nquan = 7                                 
# nvalues = 1298                        
# units = specified
# name 0 = t090C: Temperature [ITS-90, deg C]
# name 1 = c0S/m: Conductivity [S/m]
# name 2 = prM: Pressure [db]
# name 3 = timeK: Time, Seacat Plus [seconds]
# name 4 = sal00: Salinity [PSU]
# name 5 = sigma-t00: Density [sigma-t, Kg/m^3 ]
# name 6 = flag: flag
# span 0 =    -0.7642,    21.7318       
# span 1 =   0.000050,   3.358380       
# span 2 =     -0.390,     66.020       
# span 3 =  552405754,  552407731       
# span 4 =     0.0096,    31.5411       
# span 5 =    -2.1595,    25.3414       
# span 6 = 0.0000e+00, 0.0000e+00       
# interval = seconds: 6.000000
# start_time = Jul 03 2017 14:02:34
# bad_flag = -9.990e-29
*END*
[from data line 1026]
    17.2723   0.697710     -0.320  552407317     4.5680     2.2256 0.0000e+00
    17.2365   2.240430     -0.320  552407319    16.1435    11.0500 0.0000e+00
    17.2253   0.412980     -0.320  552407320     2.6134     0.7413 0.0000e+00
    17.0699   1.628100     -0.150  552407322    11.4477     7.5070 0.0000e+00
    17.2916   0.861060     -0.320  552407324     5.7219     3.1020 0.0000e+00
    17.1794   0.354360     -0.310  552407325     2.2237     0.4515 0.0000e+00
    17.2767   2.428410     -0.310  552407327    17.6140    12.1618 0.0000e+00
    17.2072   0.408950     -0.320  552407328     2.5874     0.7247 0.0000e+00
    17.1304   0.284160     -0.320  552407330     1.7622     0.1070 0.0000e+00
    17.1137   0.256490     -0.320  552407331     1.5820    -0.0281 0.0000e+00
    17.0978   0.214730     -0.320  552407333     1.3121    -0.2322 0.0000e+00
    16.9225   1.617590     -0.260  552407334    11.4088     7.5063 0.0000e+00
    17.2138   0.440350     -0.320  552407336     2.7987     0.8851 0.0000e+00
    17.0586   0.280660     -0.320  552407337     1.7423     0.1045 0.0000e+00
    16.9947   0.249750     -0.320  552407339     1.5426    -0.0372 0.0000e+00
    16.9981   0.234350     -0.310  552407340     1.4423    -0.1147 0.0000e+00
    16.9569   0.198590     -0.310  552407342     1.2127    -0.2836 0.0000e+00
    16.8360   0.189010     -0.300  552407343     1.1546    -0.3070 0.0000e+00
    16.8576   0.172090     -0.310  552407345     1.0457    -0.3944 0.0000e+00
    16.5938   0.164650     -0.300  552407346     1.0047    -0.3802 0.0000e+00
    16.6663   0.117430     -0.310  552407348     0.7040    -0.6238 0.0000e+00
    16.7583   0.129280     -0.320  552407349     0.7767    -0.5838 0.0000e+00
    16.8275   0.117650     -0.320  552407351     0.7026    -0.6527 0.0000e+00
    16.8924   0.108170     -0.320  552407352     0.6426    -0.7101 0.0000e+00
    16.9300   0.108000     -0.320  552407354     0.6410    -0.7179 0.0000e+00
    16.9860   0.093850     -0.320  552407356     0.5530    -0.7953 0.0000e+00
    17.0115   0.088340     -0.320  552407357     0.5190    -0.8260 0.0000e+00
    17.0372   0.078730     -0.320  552407359     0.4602    -0.8757 0.0000e+00
    17.0869   0.102960     -0.320  552407360     0.6075    -0.7711 0.0000e+00
    17.0866   0.098390     -0.320  552407362     0.5795    -0.7926 0.0000e+00
    17.1399   0.087710     -0.320  552407363     0.5135    -0.8527 0.0000e+00
    17.1746   0.074160     -0.330  552407365     0.4311    -0.9222 0.0000e+00
    17.2161   0.073240     -0.330  552407366     0.4251    -0.9342 0.0000e+00
    17.2423   0.062330     -0.330  552407368     0.3596    -0.9892 0.0000e+00
    17.2707   0.066060     -0.320  552407369     0.3816    -0.9773 0.0000e+00
    17.3041   0.057980     -0.320  552407371     0.3332    -1.0205 0.0000e+00
    17.3170   0.066040     -0.330  552407372     0.3810    -0.9860 0.0000e+00
    17.3450   0.059600     -0.320  552407374     0.3425    -1.0206 0.0000e+00
    17.3338   0.058430     -0.340  552407375     0.3357    -1.0239 0.0000e+00
    17.3591   0.060970     -0.350  552407377     0.3505    -1.0170 0.0000e+00
    17.3688   0.056480     -0.340  552407378     0.3239    -1.0392 0.0000e+00
    17.3894   0.051580     -0.340  552407380     0.2948    -1.0652 0.0000e+00
    17.3999   0.051250     -0.340  552407381     0.2928    -1.0686 0.0000e+00
    17.4010   0.050270     -0.340  552407383     0.2871    -1.0733 0.0000e+00
    17.4126   0.050800     -0.340  552407385     0.2901    -1.0730 0.0000e+00
    17.4132   0.050210     -0.340  552407386     0.2866    -1.0758 0.0000e+00
    17.4231   0.053810     -0.340  552407388     0.3077    -1.0614 0.0000e+00
    17.4174   0.056930     -0.340  552407389     0.3261    -1.0462 0.0000e+00
    17.4305   0.054260     -0.340  552407391     0.3103    -1.0607 0.0000e+00
    17.4585   0.049890     -0.350  552407392     0.2845    -1.0856 0.0000e+00
    17.4799   0.053820     -0.340  552407394     0.3074    -1.0718 0.0000e+00
    17.4960   0.050290     -0.340  552407395     0.2866    -1.0907 0.0000e+00
    17.5090   0.051450     -0.340  552407397     0.2933    -1.0879 0.0000e+00
    17.5084   0.052360     -0.340  552407398     0.2986    -1.0837 0.0000e+00
    17.5086   0.051750     -0.340  552407400     0.2950    -1.0865 0.0000e+00
    17.5246   0.053630     -0.340  552407401     0.3059    -1.0810 0.0000e+00
    17.5368   0.053090     -0.340  552407403     0.3027    -1.0857 0.0000e+00
    17.5328   0.054040     -0.340  552407404     0.3083    -1.0806 0.0000e+00
    17.5326   0.050780     -0.340  552407406     0.2892    -1.0953 0.0000e+00
    17.5412   0.054640     -0.340  552407407     0.3117    -1.0795 0.0000e+00
    17.5440   0.049880     -0.340  552407409     0.2838    -1.1015 0.0000e+00
    17.5494   0.050300     -0.340  552407410     0.2863    -1.1006 0.0000e+00
    17.5409   0.055910     -0.340  552407412     0.3192    -1.0737 0.0000e+00
    17.5508   0.071540     -0.340  552407413     0.4116    -1.0044 0.0000e+00
    17.5633   0.063300     -0.330  552407415     0.3626    -1.0444 0.0000e+00
    17.5928   0.056740     -0.330  552407416     0.3237    -1.0796 0.0000e+00
    17.6291   0.055130     -0.330  552407418     0.3140    -1.0937 0.0000e+00
    17.6570   0.067820     -0.340  552407420     0.3885    -1.0415 0.0000e+00
    17.6901   0.066370     -0.330  552407421     0.3797    -1.0543 0.0000e+00
    17.7076   0.071250     -0.330  552407423     0.4084    -1.0354 0.0000e+00
    17.6932   0.068420     -0.330  552407424     0.3918    -1.0456 0.0000e+00
    17.7038   0.063020     -0.330  552407426     0.3598    -1.0721 0.0000e+00
    17.7076   0.067210     -0.330  552407427     0.3845    -1.0538 0.0000e+00
    17.7122   0.062560     -0.330  552407429     0.3570    -1.0758 0.0000e+00
    17.7137   0.064180     -0.330  552407430     0.3665    -1.0687 0.0000e+00
    17.7036   0.055860     -0.330  552407432     0.3177    -1.1044 0.0000e+00
    17.7019   0.056420     -0.330  552407433     0.3210    -1.1015 0.0000e+00
    17.6830   0.049910     -0.330  552407435     0.2831    -1.1272 0.0000e+00
    17.6648   0.046750     -0.330  552407436     0.2648    -1.1379 0.0000e+00
    17.6591   0.042310     -0.330  552407438     0.2392    -1.1567 0.0000e+00
    17.6638   0.041920     -0.330  552407439     0.2369    -1.1593 0.0000e+00
    17.6460   0.039290     -0.330  552407441     0.2218    -1.1676 0.0000e+00
    17.6429   0.041720     -0.330  552407442     0.2358    -1.1563 0.0000e+00
    17.6166   0.044960     -0.340  552407444     0.2547    -1.1370 0.0000e+00
    17.6120   0.044580     -0.340  552407445     0.2526    -1.1378 0.0000e+00
    17.6146   0.041780     -0.340  552407447     0.2363    -1.1508 0.0000e+00
    17.6401   0.036590     -0.340  552407449     0.2063    -1.1785 0.0000e+00
    17.6512   0.033680     -0.340  552407450     0.1896    -1.1933 0.0000e+00
    17.6691   0.031610     -0.340  552407452     0.1777    -1.2057 0.0000e+00
    17.6587   0.030200     -0.340  552407453     0.1698    -1.2100 0.0000e+00
    17.6494   0.028950     -0.340  552407455     0.1627    -1.2137 0.0000e+00
    17.6450   0.027880     -0.340  552407456     0.1567    -1.2176 0.0000e+00
    17.6439   0.026900     -0.340  552407458     0.1511    -1.2216 0.0000e+00
    17.6544   0.026270     -0.340  552407459     0.1476    -1.2263 0.0000e+00
    17.6589   0.025620     -0.330  552407461     0.1439    -1.2299 0.0000e+00
    17.6824   0.027110     -0.340  552407462     0.1522    -1.2278 0.0000e+00
    17.7059   0.027310     -0.340  552407464     0.1532    -1.2313 0.0000e+00
    17.7031   0.026520     -0.340  552407465     0.1488    -1.2342 0.0000e+00
    17.7040   0.025230     -0.340  552407467     0.1415    -1.2399 0.0000e+00
    17.7353   0.023970     -0.350  552407468     0.1344    -1.2511 0.0000e+00
    17.8008   0.024960     -0.350  552407470     0.1397    -1.2590 0.0000e+00
    17.8051   0.025330     -0.350  552407471     0.1418    -1.2582 0.0000e+00
    17.8039   0.026800     -0.350  552407473     0.1500    -1.2516 0.0000e+00
    17.8043   0.026790     -0.350  552407474     0.1500    -1.2517 0.0000e+00
    17.7983   0.027880     -0.350  552407476     0.1561    -1.2459 0.0000e+00
    17.7695   0.028750     -0.350  552407478     0.1612    -1.2368 0.0000e+00
    17.7874   0.028600     -0.350  552407479     0.1602    -1.2407 0.0000e+00
    17.7946   0.028360     -0.350  552407481     0.1589    -1.2431 0.0000e+00
    17.8223   0.029280     -0.350  552407482     0.1640    -1.2443 0.0000e+00
    17.8410   0.027900     -0.350  552407484     0.1561    -1.2537 0.0000e+00
    17.8577   0.027150     -0.350  552407485     0.1518    -1.2601 0.0000e+00
    17.8623   0.026190     -0.350  552407487     0.1464    -1.2651 0.0000e+00
    17.8621   0.025590     -0.350  552407488     0.1431    -1.2676 0.0000e+00
    17.8600   0.024790     -0.350  552407490     0.1386    -1.2707 0.0000e+00
    17.8594   0.023940     -0.350  552407491     0.1339    -1.2742 0.0000e+00
    17.8559   0.023010     -0.360  552407493     0.1287    -1.2776 0.0000e+00
    17.8490   0.022510     -0.350  552407494     0.1259    -1.2784 0.0000e+00
    17.8429   0.021790     -0.350  552407496     0.1219    -1.2804 0.0000e+00
    17.8585   0.021250     -0.360  552407497     0.1189    -1.2856 0.0000e+00
    17.8674   0.020790     -0.360  552407499     0.1163    -1.2892 0.0000e+00
    17.8754   0.020560     -0.360  552407500     0.1150    -1.2917 0.0000e+00
    17.9023   0.020110     -0.360  552407502     0.1125    -1.2986 0.0000e+00
    17.9155   0.019900     -0.360  552407503     0.1113    -1.3019 0.0000e+00
    17.9248   0.019540     -0.360  552407505     0.1093    -1.3052 0.0000e+00
    17.9302   0.019450     -0.360  552407506     0.1088    -1.3066 0.0000e+00
    17.9048   0.019120     -0.360  552407508     0.1070    -1.3033 0.0000e+00
    17.9424   0.019050     -0.360  552407510     0.1065    -1.3105 0.0000e+00
    17.9955   0.018990     -0.360  552407511     0.1061    -1.3207 0.0000e+00
    18.0327   0.018900     -0.360  552407513     0.1055    -1.3280 0.0000e+00
    18.0562   0.018660     -0.360  552407514     0.1041    -1.3334 0.0000e+00
    18.0415   0.018880     -0.360  552407516     0.1054    -1.3298 0.0000e+00
    18.0679   0.018640     -0.360  552407517     0.1040    -1.3357 0.0000e+00
    18.0816   0.018840     -0.360  552407519     0.1051    -1.3374 0.0000e+00
    18.1142   0.019050     -0.360  552407520     0.1062    -1.3427 0.0000e+00
    18.1485   0.019610     -0.360  552407522     0.1091    -1.3468 0.0000e+00
    18.1744   0.019860     -0.360  552407523     0.1105    -1.3506 0.0000e+00
    18.1976   0.020070     -0.360  552407525     0.1116    -1.3541 0.0000e+00
    18.2122   0.020270     -0.360  552407526     0.1126    -1.3560 0.0000e+00
    18.2255   0.020470     -0.360  552407528     0.1137    -1.3577 0.0000e+00
    18.2319   0.020330     -0.360  552407529     0.1129    -1.3595 0.0000e+00
    18.2323   0.020790     -0.360  552407531     0.1154    -1.3576 0.0000e+00
    18.2323   0.020390     -0.360  552407532     0.1132    -1.3593 0.0000e+00
    18.2385   0.020850     -0.360  552407534     0.1157    -1.3586 0.0000e+00
    18.2459   0.020560     -0.360  552407535     0.1141    -1.3612 0.0000e+00
    18.2513   0.020600     -0.360  552407537     0.1143    -1.3621 0.0000e+00
    18.2612   0.020940     -0.360  552407538     0.1162    -1.3625 0.0000e+00
    18.2616   0.024360     -0.360  552407540     0.1350    -1.3481 0.0000e+00
    18.2705   0.025500     -0.360  552407542     0.1413    -1.3449 0.0000e+00
    18.2793   0.028420     -0.360  552407543     0.1575    -1.3341 0.0000e+00
    18.2798   0.030080     -0.360  552407545     0.1668    -1.3271 0.0000e+00
    18.2932   0.031580     -0.360  552407546     0.1751    -1.3232 0.0000e+00
    18.2691   0.033730     -0.360  552407548     0.1873    -1.3093 0.0000e+00
    18.2644   0.032830     -0.360  552407549     0.1823    -1.3123 0.0000e+00
    18.2477   0.032060     -0.370  552407551     0.1780    -1.3125 0.0000e+00
    18.2557   0.032210     -0.370  552407552     0.1788    -1.3133 0.0000e+00
    18.2590   0.031610     -0.370  552407554     0.1754    -1.3166 0.0000e+00
    18.2826   0.031890     -0.370  552407555     0.1769    -1.3199 0.0000e+00
    18.3191   0.032350     -0.370  552407557     0.1793    -1.3249 0.0000e+00
    18.3359   0.032800     -0.370  552407558     0.1818    -1.3262 0.0000e+00
    18.3502   0.033780     -0.370  552407560     0.1872    -1.3247 0.0000e+00
    18.3416   0.034870     -0.370  552407561     0.1934    -1.3183 0.0000e+00
    18.3202   0.035660     -0.370  552407563     0.1979    -1.3108 0.0000e+00
    18.3346   0.036460     -0.370  552407564     0.2024    -1.3101 0.0000e+00
    18.3268   0.035100     -0.370  552407566     0.1948    -1.3145 0.0000e+00
    18.2956   0.035510     -0.370  552407567     0.1972    -1.3067 0.0000e+00
    18.3660   0.032150     -0.370  552407569     0.1780    -1.3347 0.0000e+00
    18.3710   0.031810     -0.370  552407571     0.1761    -1.3372 0.0000e+00
    18.3633   0.030830     -0.370  552407572     0.1707    -1.3399 0.0000e+00
    18.3358   0.028500     -0.360  552407574     0.1578    -1.3446 0.0000e+00
    18.3075   0.027470     -0.360  552407575     0.1521    -1.3436 0.0000e+00
    18.2640   0.026950     -0.360  552407577     0.1494    -1.3375 0.0000e+00
    18.2284   0.026690     -0.360  552407578     0.1481    -1.3318 0.0000e+00
    18.2084   0.026360     -0.360  552407580     0.1463    -1.3294 0.0000e+00
    18.1775   0.026030     -0.360  552407581     0.1445    -1.3250 0.0000e+00
    18.1410   0.025750     -0.360  552407583     0.1431    -1.3193 0.0000e+00
    18.0903   0.025820     -0.360  552407584     0.1436    -1.3094 0.0000e+00
    18.0690   0.025710     -0.360  552407586     0.1431    -1.3059 0.0000e+00
    18.0490   0.025460     -0.360  552407587     0.1418    -1.3032 0.0000e+00
    18.0209   0.025050     -0.360  552407589     0.1396    -1.2996 0.0000e+00
    17.9967   0.024910     -0.360  552407590     0.1389    -1.2957 0.0000e+00
    17.9798   0.024470     -0.360  552407592     0.1365    -1.2944 0.0000e+00
    17.9727   0.024390     -0.360  552407593     0.1360    -1.2934 0.0000e+00
    17.9745   0.024020     -0.360  552407595     0.1340    -1.2954 0.0000e+00
    17.9796   0.023860     -0.370  552407596     0.1331    -1.2970 0.0000e+00
    17.9700   0.023470     -0.360  552407598     0.1309    -1.2969 0.0000e+00
    17.9578   0.023470     -0.370  552407599     0.1310    -1.2946 0.0000e+00
    17.9476   0.023520     -0.370  552407601     0.1313    -1.2925 0.0000e+00
    17.9460   0.023340     -0.370  552407603     0.1303    -1.2929 0.0000e+00
    17.9343   0.023320     -0.370  552407604     0.1302    -1.2908 0.0000e+00
    17.9455   0.023090     -0.370  552407606     0.1289    -1.2939 0.0000e+00
    17.9358   0.022730     -0.360  552407607     0.1269    -1.2937 0.0000e+00
    17.9163   0.022730     -0.370  552407609     0.1270    -1.2900 0.0000e+00
    17.9110   0.022380     -0.370  552407610     0.1250    -1.2905 0.0000e+00
    17.8977   0.022280     -0.370  552407612     0.1245    -1.2885 0.0000e+00
    17.8925   0.022040     -0.370  552407613     0.1232    -1.2885 0.0000e+00
    17.8821   0.022040     -0.370  552407615     0.1232    -1.2866 0.0000e+00
    17.8816   0.021700     -0.370  552407616     0.1213    -1.2880 0.0000e+00
    17.8847   0.021650     -0.370  552407618     0.1210    -1.2888 0.0000e+00
    17.8770   0.021430     -0.370  552407619     0.1198    -1.2883 0.0000e+00
    17.8714   0.021290     -0.370  552407621     0.1191    -1.2878 0.0000e+00
    17.8674   0.021100     -0.370  552407622     0.1180    -1.2879 0.0000e+00
    17.8556   0.021000     -0.370  552407624     0.1175    -1.2861 0.0000e+00
    17.8492   0.020920     -0.370  552407625     0.1171    -1.2853 0.0000e+00
    17.8494   0.020960     -0.370  552407627     0.1173    -1.2851 0.0000e+00
