Code/Hansen Zooplankton Code and Sample Data/data/ctd/gsl_09_SBE37SI-RS232_03706156_2017_08_08_final.cnv
* Sea-Bird SBE37SI-RS232  Data File:
* FileName = C:\Users\General Lab Use\Desktop\SHELAGH CTD 2017\gsl_09_SBE37SI-RS232_03706156_2017_08_08.cnv
* Software version 1.00d
* Temperature SN = 6156
* Conductivity SN = 6156
* System UpLoad Time = Aug 08 2017 10:00:07
* <ApplicationData>
* <Seaterm232>
# nquan = 7                                 
# nvalues = 2463                        
# units = specified
# name 0 = t090C: Temperature [ITS-90, deg C]
# name 1 = c0S/m: Conductivity [S/m]
# name 2 = prM: Pressure [db]
# name 3 = timeK: Time, Seacat Plus [seconds]
# name 4 = sal00: Salinity [PSU]
# name 5 = sigma-t00: Density [sigma-t, Kg/m^3 ]
# name 6 = flag: flag
# span 0 =    -0.7449,    17.6751       
# span 1 =   0.000200,   3.563640       
# span 2 =     -0.310,     77.380       
# span 3 =  555485108,  555488848       
# span 4 =     0.0089,    31.6066       
# span 5 =    -1.2509,    25.3815       
# span 6 = 0.0000e+00, 0.0000e+00       
# interval = seconds: 6.000000
# start_time = Aug 08 2017 05:25:08
# bad_flag = -9.990e-29
*END*
    17.0227   0.000220     -0.290  555485108     0.0090    -1.2208 0.0000e+00
    17.0229   0.000200     -0.290  555485109     0.0089    -1.2209 0.0000e+00
    17.0243   0.000200     -0.290  555485111     0.0089    -1.2212 0.0000e+00
    17.0247   0.000200     -0.290  555485112     0.0089    -1.2212 0.0000e+00
    17.0247   0.000200     -0.290  555485114     0.0089    -1.2212 0.0000e+00
    17.0252   0.000200     -0.290  555485115     0.0089    -1.2213 0.0000e+00
    17.0279   0.000200     -0.290  555485117     0.0089    -1.2218 0.0000e+00
    17.0300   0.000200     -0.290  555485118     0.0089    -1.2222 0.0000e+00
    17.0355   0.000200     -0.290  555485120     0.0089    -1.2231 0.0000e+00
    17.0412   0.000200     -0.290  555485122     0.0089    -1.2241 0.0000e+00
    17.0900   0.000200     -0.290  555485123     0.0089    -1.2326 0.0000e+00
    17.1241   0.000200     -0.290  555485125     0.0090    -1.2386 0.0000e+00
    17.1540   0.000200     -0.290  555485126     0.0090    -1.2438 0.0000e+00
    17.1801   0.000200     -0.290  555485128     0.0090    -1.2484 0.0000e+00
    17.1944   0.000200     -0.290  555485129     0.0090    -1.2509 0.0000e+00
    17.1795   0.000200     -0.290  555485131     0.0090    -1.2483 0.0000e+00
    17.1487   0.000210     -0.290  555485132     0.0090    -1.2428 0.0000e+00
    17.1565   0.000230     -0.290  555485134     0.0091    -1.2442 0.0000e+00
    17.1378   0.000480     -0.290  555485136     0.0099    -1.2402 0.0000e+00
    17.1123   0.000380     -0.290  555485138     0.0095    -1.2361 0.0000e+00
    17.0634   0.000350     -0.290  555485139     0.0094    -1.2276 0.0000e+00
    17.0292   0.000340     -0.290  555485141     0.0093    -1.2217 0.0000e+00
    16.9893   0.000330     -0.290  555485142     0.0093    -1.2148 0.0000e+00
    16.9506   0.000330     -0.290  555485144     0.0093    -1.2081 0.0000e+00
    16.9069   0.000320     -0.290  555485145     0.0092    -1.2006 0.0000e+00
    16.8606   0.000320     -0.290  555485147     0.0092    -1.1926 0.0000e+00
    16.8199   0.000370     -0.290  555485148     0.0094    -1.1855 0.0000e+00
    16.8153   0.000540     -0.290  555485150     0.0100    -1.1842 0.0000e+00
    16.8047   0.000540     -0.290  555485151     0.0100    -1.1824 0.0000e+00
    16.7769   0.000480     -0.290  555485153     0.0098    -1.1778 0.0000e+00
    16.7703   0.000440     -0.290  555485154     0.0096    -1.1768 0.0000e+00
    16.7705   0.000410     -0.290  555485156     0.0095    -1.1769 0.0000e+00
    16.7688   0.000370     -0.290  555485157     0.0093    -1.1767 0.0000e+00
    16.7524   0.000370     -0.290  555485159     0.0093    -1.1739 0.0000e+00
    16.7489   0.000390     -0.290  555485160     0.0094    -1.1733 0.0000e+00
    16.7302   0.000410     -0.290  555485162     0.0095    -1.1700 0.0000e+00
    16.7150   0.000400     -0.290  555485163     0.0094    -1.1674 0.0000e+00
    16.7119   0.000380     -0.290  555485165     0.0094    -1.1670 0.0000e+00
    16.7106   0.000410     -0.290  555485166     0.0095    -1.1667 0.0000e+00
    16.7101   0.000400     -0.290  555485168     0.0094    -1.1666 0.0000e+00
    16.7077   0.000400     -0.290  555485169     0.0094    -1.1662 0.0000e+00
    16.6994   0.000390     -0.290  555485171     0.0094    -1.1648 0.0000e+00
    16.6965   0.000420     -0.290  555485172     0.0095    -1.1642 0.0000e+00
    16.7065   0.000400     -0.290  555485174     0.0094    -1.1660 0.0000e+00
    16.7117   0.000370     -0.290  555485175     0.0093    -1.1670 0.0000e+00
    16.7190   0.000360     -0.290  555485177     0.0093    -1.1682 0.0000e+00
    16.7196   0.000340     -0.290  555485179     0.0092    -1.1684 0.0000e+00
    16.7235   0.000320     -0.290  555485180     0.0092    -1.1691 0.0000e+00
    16.7220   0.000310     -0.290  555485182     0.0091    -1.1689 0.0000e+00
    16.7224   0.000300     -0.290  555485183     0.0091    -1.1690 0.0000e+00
    16.7247   0.000290     -0.290  555485185     0.0091    -1.1694 0.0000e+00
    16.7235   0.000290     -0.290  555485186     0.0091    -1.1692 0.0000e+00
    16.7477   0.000270     -0.290  555485188     0.0090    -1.1734 0.0000e+00
    16.7853   0.000270     -0.290  555485189     0.0090    -1.1798 0.0000e+00
    16.8193   0.000260     -0.290  555485191     0.0090    -1.1856 0.0000e+00
    16.8572   0.000250     -0.290  555485192     0.0090    -1.1922 0.0000e+00
    16.8879   0.000250     -0.290  555485194     0.0090    -1.1975 0.0000e+00
    16.9204   0.000250     -0.290  555485195     0.0090    -1.2031 0.0000e+00
    16.9464   0.000240     -0.290  555485197     0.0090    -1.2076 0.0000e+00
    16.9494   0.000240     -0.290  555485198     0.0090    -1.2081 0.0000e+00
    16.9720   0.000230     -0.290  555485200     0.0090    -1.2120 0.0000e+00
    16.9931   0.000230     -0.290  555485201     0.0090    -1.2157 0.0000e+00
    17.0146   0.000230     -0.290  555485203     0.0090    -1.2194 0.0000e+00
    17.0187   0.000220     -0.290  555485204     0.0090    -1.2201 0.0000e+00
    17.0314   0.000220     -0.290  555485206     0.0090    -1.2224 0.0000e+00
    17.0450   0.000220     -0.290  555485207     0.0090    -1.2247 0.0000e+00
    17.0640   0.000220     -0.290  555485209     0.0090    -1.2280 0.0000e+00
    17.0687   0.000220     -0.290  555485210     0.0090    -1.2288 0.0000e+00
    17.0765   0.000220     -0.290  555485212     0.0090    -1.2302 0.0000e+00
    17.0628   0.000220     -0.290  555485214     0.0090    -1.2278 0.0000e+00
    17.0765   0.000220     -0.290  555485215     0.0090    -1.2302 0.0000e+00
    17.0931   0.000220     -0.290  555485217     0.0090    -1.2331 0.0000e+00
    17.0969   0.000220     -0.290  555485218     0.0090    -1.2338 0.0000e+00
    17.1012   0.000220     -0.290  555485220     0.0090    -1.2345 0.0000e+00
    17.1039   0.000220     -0.290  555485221     0.0090    -1.2350 0.0000e+00
    17.1175   0.000220     -0.290  555485223     0.0090    -1.2374 0.0000e+00
    17.1226   0.000220     -0.290  555485224     0.0090    -1.2383 0.0000e+00
    17.1194   0.000220     -0.290  555485226     0.0090    -1.2377 0.0000e+00
    17.1180   0.000210     -0.290  555485227     0.0090    -1.2375 0.0000e+00
    17.1127   0.000210     -0.290  555485229     0.0090    -1.2365 0.0000e+00
    17.1199   0.000210     -0.290  555485230     0.0090    -1.2378 0.0000e+00
    17.1330   0.000210     -0.290  555485232     0.0090    -1.2401 0.0000e+00
    17.1421   0.000210     -0.290  555485233     0.0090    -1.2417 0.0000e+00
    17.1439   0.000210     -0.290  555485235     0.0090    -1.2420 0.0000e+00
    17.1397   0.000210     -0.290  555485236     0.0090    -1.2413 0.0000e+00
    17.1451   0.000210     -0.290  555485238     0.0090    -1.2422 0.0000e+00
    17.1455   0.000200     -0.290  555485239     0.0090    -1.2423 0.0000e+00
    17.1445   0.000200     -0.290  555485241     0.0090    -1.2421 0.0000e+00
    17.1445   0.000200     -0.290  555485242     0.0090    -1.2421 0.0000e+00
    17.1457   0.000200     -0.290  555485244     0.0090    -1.2423 0.0000e+00
    17.1443   0.000200     -0.290  555485245     0.0090    -1.2421 0.0000e+00
    17.1433   0.000200     -0.290  555485247     0.0090    -1.2419 0.0000e+00
    17.1401   0.000200     -0.290  555485248     0.0090    -1.2414 0.0000e+00
    17.1363   0.000200     -0.290  555485250     0.0090    -1.2407 0.0000e+00
    17.1304   0.000200     -0.290  555485251     0.0090    -1.2397 0.0000e+00
    17.1005   0.000200     -0.290  555485253     0.0089    -1.2344 0.0000e+00
    17.0767   0.000200     -0.290  555485255     0.0089    -1.2303 0.0000e+00
    17.0493   0.000200     -0.290  555485256     0.0089    -1.2255 0.0000e+00
    17.0208   0.000200     -0.290  555485258     0.0089    -1.2206 0.0000e+00
    16.9916   0.000200     -0.290  555485259     0.0089    -1.2155 0.0000e+00
    16.9281   0.000220     -0.290  555485261     0.0089    -1.2045 0.0000e+00
    16.8932   0.000230     -0.290  555485262     0.0089    -1.1984 0.0000e+00
    16.8745   0.000230     -0.290  555485264     0.0089    -1.1952 0.0000e+00
    17.1712   2.707770      0.630  555485265    19.9000    13.9264 0.0000e+00
    17.6630   3.523800      1.280  555485267    26.2892    18.6918 0.0000e+00
    17.6703   3.546290      2.210  555485268    26.4701    18.8283 0.0000e+00
    17.6703   3.547210      2.340  555485270    26.4777    18.8341 0.0000e+00
    17.6717   3.549240      1.840  555485271    26.4937    18.8460 0.0000e+00
    17.6719   3.555890      2.540  555485273    26.5484    18.8877 0.0000e+00
    17.6706   3.555840      1.940  555485274    26.5490    18.8884 0.0000e+00
    17.6714   3.558830      2.220  555485276    26.5732    18.9067 0.0000e+00
    17.6722   3.556610      2.230  555485277    26.5543    18.8921 0.0000e+00
    17.6721   3.555470      2.190  555485279    26.5449    18.8850 0.0000e+00
    17.6702   3.556490      2.290  555485280    26.5546    18.8928 0.0000e+00
    17.6679   3.554670      2.140  555485282    26.5410    18.8830 0.0000e+00
    17.6690   3.557590      2.360  555485283    26.5644    18.9006 0.0000e+00
    17.6718   3.556830      2.200  555485285    26.5564    18.8938 0.0000e+00
    17.6713   3.554650      1.980  555485286    26.5387    18.8804 0.0000e+00
    17.6714   3.558880      2.790  555485288    26.5734    18.9069 0.0000e+00
    17.6743   3.561640      1.800  555485289    26.5947    18.9224 0.0000e+00
    17.6732   3.561510      2.510  555485291    26.5941    18.9222 0.0000e+00
    17.6751   3.561740      2.120  555485292    26.5949    18.9224 0.0000e+00
    17.6724   3.561580      2.380  555485294    26.5952    18.9233 0.0000e+00
    17.6739   3.562610      2.350  555485296    26.6028    18.9287 0.0000e+00
    17.6665   3.542180      2.920  555485297    26.4384    18.8049 0.0000e+00
    17.6664   3.562080      2.220  555485299    26.6033    18.9308 0.0000e+00
    17.6679   3.550800      2.860  555485300    26.5088    18.8584 0.0000e+00
    17.6678   3.562280      2.250  555485302    26.6041    18.9311 0.0000e+00
    17.6653   3.554070      2.970  555485303    26.5375    18.8809 0.0000e+00
    17.6683   3.562780      2.160  555485305    26.6079    18.9339 0.0000e+00
    17.6695   3.562650      2.960  555485306    26.6058    18.9320 0.0000e+00
    17.6679   3.563070      2.290  555485308    26.6105    18.9360 0.0000e+00
    17.6656   3.562530      2.880  555485309    26.6074    18.9341 0.0000e+00
    17.6654   3.562840      2.310  555485311    26.6102    18.9364 0.0000e+00
    17.6615   3.562180      2.680  555485312    26.6072    18.9349 0.0000e+00
    17.6587   3.562100      2.630  555485314    26.6084    18.9365 0.0000e+00
    17.6619   3.562280      2.580  555485315    26.6078    18.9353 0.0000e+00
    17.6645   3.562680      2.490  555485317    26.6094    18.9360 0.0000e+00
    17.6652   3.562750      1.520  555485318    26.6099    18.9361 0.0000e+00
    17.6671   3.562740      0.870  555485320    26.6087    18.9348 0.0000e+00
    17.6628   3.562390      0.450  555485321    26.6088    18.9358 0.0000e+00
    17.6652   3.562310      0.260  555485323    26.6066    18.9336 0.0000e+00
    17.6596   3.562330      0.240  555485324    26.6104    18.9378 0.0000e+00
    17.6606   3.562610      0.730  555485326    26.6119    18.9388 0.0000e+00
    17.6608   3.562780      1.290  555485327    26.6130    18.9396 0.0000e+00
    17.6621   3.562870      2.280  555485329    26.6126    18.9390 0.0000e+00
    17.6616   3.562760      2.320  555485330    26.6120    18.9386 0.0000e+00
    17.6647   3.563140      3.560  555485332    26.6128    18.9385 0.0000e+00
    17.6639   3.563020      3.260  555485333    26.6124    18.9384 0.0000e+00
    17.6649   3.563340      5.030  555485335    26.6139    18.9393 0.0000e+00
    17.6666   3.563310      4.330  555485337    26.6127    18.9380 0.0000e+00
    17.6666   3.563470      6.080  555485338    26.6135    18.9386 0.0000e+00
    17.6655   3.563400      5.980  555485340    26.6137    18.9390 0.0000e+00
    17.6658   3.563420      6.700  555485341    26.6135    18.9387 0.0000e+00
    17.6676   3.563520      7.490  555485343    26.6129    18.9379 0.0000e+00
    17.6679   3.563640      8.170  555485344    26.6135    18.9383 0.0000e+00
    17.6456   3.563020      9.150  555485346    26.6226    18.9503 0.0000e+00
    17.6192   3.552830      9.750  555485347    26.5552    18.9050 0.0000e+00
    11.7662   3.218040     11.060  555485349    27.6564    20.9341 0.0000e+00
     9.8094   3.165060     11.040  555485350    28.6426    22.0228 0.0000e+00
     8.4239   3.042670     12.560  555485352    28.5065    22.1209 0.0000e+00
     7.9862   3.033850     13.020  555485353    28.7712    22.3885 0.0000e+00
     6.7676   2.994880     13.970  555485355    29.3777    23.0223 0.0000e+00
     6.3747   2.947230     14.840  555485356    29.1952    22.9258 0.0000e+00
     5.1525   2.871510     16.290  555485358    29.4143    23.2344 0.0000e+00
     5.0536   2.874620     15.980  555485359    29.5370    23.3417 0.0000e+00
     4.7665   2.835750     17.920  555485361    29.3482    23.2212 0.0000e+00
     4.6392   2.844900     17.970  555485362    29.5659    23.4062 0.0000e+00
     4.4154   2.830080     19.140  555485364    29.5953    23.4511 0.0000e+00
     4.2470   2.844630     19.670  555485365    29.9154    23.7210 0.0000e+00
     3.8926   2.799740     21.050  555485367    29.7142    23.5936 0.0000e+00
     3.7514   2.808880     21.890  555485368    29.9499    23.7935 0.0000e+00
     3.7355   2.831220     22.280  555485370    30.2271    24.0153 0.0000e+00
     3.6892   2.789000     24.380  555485371    29.7719    23.6574 0.0000e+00
     3.3479   2.797660     24.760  555485373    30.1891    24.0184 0.0000e+00
     2.7553   2.731980     26.340  555485374    29.9541    23.8781 0.0000e+00
     2.3614   2.744520     26.940  555485376    30.4786    24.3259 0.0000e+00
     2.0755   2.717690     28.480  555485377    30.4224    24.3008 0.0000e+00
     2.4860   2.756430     29.260  555485379    30.5037    24.3369 0.0000e+00
     2.3227   2.762670     29.390  555485381    30.7368    24.5350 0.0000e+00
     1.9708   2.700660     31.490  555485382    30.3110    24.2187 0.0000e+00
     1.8195   2.704880     31.420  555485384    30.5090    24.3871 0.0000e+00
     1.7097   2.688850     33.250  555485385    30.4148    24.3186 0.0000e+00
     1.5289   2.688250     34.060  555485387    30.5822    24.4640 0.0000e+00
     1.0639   2.664570     35.230  555485388    30.7390    24.6167 0.0000e+00
     0.9675   2.657900     36.360  555485390    30.7488    24.6299 0.0000e+00
     0.9677   2.655760     37.760  555485391    30.7206    24.6072 0.0000e+00
     0.9489   2.657510     37.840  555485393    30.7614    24.6410 0.0000e+00
     0.8096   2.640600     40.110  555485394    30.6823    24.5847 0.0000e+00
     0.7517   2.646780     39.940  555485396    30.8189    24.6976 0.0000e+00
     0.7644   2.642130     42.130  555485397    30.7456    24.6379 0.0000e+00
     0.6059   2.645310     43.040  555485399    30.9439    24.8054 0.0000e+00
     0.5126   2.642750     43.930  555485400    31.0040    24.8584 0.0000e+00
     0.4176   2.631740     45.280  555485402    30.9565    24.8246 0.0000e+00
     0.2321   2.619170     46.940  555485403    30.9793    24.8515 0.0000e+00
     0.0978   2.624430     47.350  555485405    31.1838    25.0222 0.0000e+00
     0.0419   2.609910     48.860  555485406    31.0499    24.9166 0.0000e+00
    -0.2276   2.609380     50.030  555485408    31.3176    25.1436 0.0000e+00
    -0.3576   2.593040     51.170  555485409    31.2346    25.0815 0.0000e+00
    -0.4759   2.595360     52.170  555485411    31.3869    25.2088 0.0000e+00
    -0.5270   2.587220     53.500  555485412    31.3307    25.1652 0.0000e+00
    -0.4703   2.590770     54.350  555485414    31.3188    25.1536 0.0000e+00
    -0.4491   2.591850     55.120  555485415    31.3108    25.1464 0.0000e+00
    -0.4781   2.594590     56.330  555485417    31.3765    25.2005 0.0000e+00
    -0.6195   2.579610     57.950  555485418    31.3224    25.1617 0.0000e+00
