Code/Hansen Zooplankton Code and Sample Data/data/ctd/gsl_05_SBE37SI-RS232_03706156_2017_07_08.cnv
* Sea-Bird SBE37SI-RS232  Data File:
* FileName = C:\Users\General Lab Use\Desktop\SHELAGH CTD 2017\gsl_05_SBE37SI-RS232_03706156_2017_07_08.cnv
* Software version 1.00d
* Temperature SN = 6156
* Conductivity SN = 6156
* System UpLoad Time = Jul 09 2017 00:00:20
* <ApplicationData>
* <Seaterm232>
# nquan = 5
# nvalues = 1823
# units = specified
# name 0 = t090C: Temperature [ITS-90, deg C]
# name 1 = c0S/m: Conductivity [S/m]
# name 2 = prM: Pressure [db]
# name 3 = timeK: Time, Seacat Plus [seconds]
# name 4 = flag: Flag
# span 0 =     -0.1402,    21.3840
# span 1 =    0.000527,   3.349358
# span 2 =      -0.402,     83.604
# span 3 =   552856310,  552859088
# span 4 =  0.0000e+00, 0.0000e+00
# interval = seconds: 6.000000
# start_time = Jul 08 2017 19:11:50
# bad_flag = -9.990e-29
*END*
[from data line 1715]
    17.2152    0.03426      -0.37  552858924 0.0000e+00
    17.2102    0.03228      -0.37  552858925 0.0000e+00
    17.1861    0.03099      -0.37  552858927 0.0000e+00
    17.1510    0.02990      -0.37  552858928 0.0000e+00
    17.1228    0.02941      -0.37  552858930 0.0000e+00
    17.1126    0.02880      -0.37  552858931 0.0000e+00
    17.0990    0.02829      -0.37  552858933 0.0000e+00
    17.0719    0.02774      -0.37  552858934 0.0000e+00
    17.0452    0.02744      -0.37  552858936 0.0000e+00
    17.0351    0.02695      -0.37  552858938 0.0000e+00
    17.0186    0.02662      -0.37  552858939 0.0000e+00
    16.9938    0.02607      -0.37  552858941 0.0000e+00
    16.9608    0.02579      -0.37  552858942 0.0000e+00
    16.9417    0.02546      -0.37  552858944 0.0000e+00
    16.9256    0.02509      -0.37  552858945 0.0000e+00
    16.9076    0.02481      -0.37  552858947 0.0000e+00
    16.8879    0.02452      -0.37  552858948 0.0000e+00
    16.8719    0.02429      -0.37  552858950 0.0000e+00
    16.8546    0.02403      -0.37  552858951 0.0000e+00
    16.8277    0.02381      -0.37  552858953 0.0000e+00
    16.8106    0.02359      -0.37  552858954 0.0000e+00
    16.7947    0.02353      -0.37  552858956 0.0000e+00
    16.7810    0.02328      -0.37  552858957 0.0000e+00
    16.7679    0.02308      -0.37  552858959 0.0000e+00
    16.7670    0.02277      -0.38  552858960 0.0000e+00
    16.7649    0.02260      -0.37  552858962 0.0000e+00
    16.7509    0.02240      -0.37  552858963 0.0000e+00
    16.7395    0.02220      -0.38  552858965 0.0000e+00
    16.7264    0.02206      -0.38  552858967 0.0000e+00
    16.7194    0.02192      -0.37  552858968 0.0000e+00
    16.7192    0.02176      -0.37  552858970 0.0000e+00
    16.7010    0.02171      -0.38  552858971 0.0000e+00
    16.7091    0.02155      -0.38  552858973 0.0000e+00
    16.7192    0.02135      -0.37  552858974 0.0000e+00
    16.7125    0.02128      -0.37  552858976 0.0000e+00
    16.7107    0.02119      -0.37  552858977 0.0000e+00
    16.7040    0.02103      -0.38  552858979 0.0000e+00
    16.6842    0.02096      -0.38  552858980 0.0000e+00
    16.6870    0.02087      -0.38  552858982 0.0000e+00
    16.6607    0.02075      -0.37  552858983 0.0000e+00
    16.6686    0.02063      -0.37  552858985 0.0000e+00
    16.6665    0.02053      -0.38  552858986 0.0000e+00
    16.6460    0.02030      -0.38  552858988 0.0000e+00
    16.6510    0.02017      -0.38  552858989 0.0000e+00
    16.6452    0.02011      -0.38  552858991 0.0000e+00
    16.6543    0.02014      -0.38  552858992 0.0000e+00
    16.6808    0.01999      -0.38  552858994 0.0000e+00
    16.6852    0.01982      -0.38  552858995 0.0000e+00
    16.6936    0.01965      -0.38  552858997 0.0000e+00
    16.7044    0.01958      -0.38  552858999 0.0000e+00
    16.7149    0.01948      -0.38  552859000 0.0000e+00
    16.7039    0.01944      -0.38  552859002 0.0000e+00
    16.7076    0.01941      -0.38  552859003 0.0000e+00
    16.7048    0.02094      -0.38  552859005 0.0000e+00
    16.7268    0.02482      -0.39  552859006 0.0000e+00
    16.7516    0.03352      -0.39  552859008 0.0000e+00
    16.7554    0.03550      -0.39  552859009 0.0000e+00
    16.7626    0.03111      -0.39  552859011 0.0000e+00
    16.7722    0.02746      -0.39  552859012 0.0000e+00
    16.7699    0.02869      -0.39  552859014 0.0000e+00
    16.7584    0.02799      -0.40  552859015 0.0000e+00
    16.7409    0.02699      -0.39  552859017 0.0000e+00
    16.7358    0.02405      -0.39  552859018 0.0000e+00
    16.7316    0.02124      -0.40  552859020 0.0000e+00
    16.7307    0.02182      -0.39  552859021 0.0000e+00
    16.7409    0.02344      -0.39  552859023 0.0000e+00
    16.7396    0.02318      -0.40  552859024 0.0000e+00
    16.7392    0.02367      -0.40  552859026 0.0000e+00
    16.7648    0.02303      -0.40  552859028 0.0000e+00
    16.7484    0.02106      -0.40  552859029 0.0000e+00
    16.7301    0.01896      -0.39  552859031 0.0000e+00
    16.7152    0.01765      -0.39  552859032 0.0000e+00
    16.7083    0.01689      -0.39  552859034 0.0000e+00
    16.7156    0.01646      -0.39  552859035 0.0000e+00
    16.7277    0.01820      -0.40  552859037 0.0000e+00
    16.7315    0.01819      -0.40  552859038 0.0000e+00
    16.7276    0.01769      -0.40  552859040 0.0000e+00
    16.7437    0.01710      -0.40  552859041 0.0000e+00
    16.7479    0.01674      -0.39  552859043 0.0000e+00
    16.7305    0.01626      -0.39  552859044 0.0000e+00
    16.7548    0.01599      -0.39  552859046 0.0000e+00
    16.7987    0.01650      -0.38  552859047 0.0000e+00
    16.9698    0.01624      -0.38  552859049 0.0000e+00
    16.9812    0.01637      -0.38  552859050 0.0000e+00
    16.9494    0.01640      -0.38  552859052 0.0000e+00
    16.9178    0.01646      -0.39  552859053 0.0000e+00
    16.8733    0.01653      -0.38  552859055 0.0000e+00
    16.8380    0.01658      -0.38  552859056 0.0000e+00
    16.7924    0.01659      -0.38  552859058 0.0000e+00
    16.7456    0.01657      -0.38  552859060 0.0000e+00
    16.7057    0.01658      -0.39  552859061 0.0000e+00
    16.6612    0.01655      -0.38  552859063 0.0000e+00
    16.6446    0.01656      -0.38  552859064 0.0000e+00
    16.6344    0.01656      -0.39  552859066 0.0000e+00
    16.5998    0.01656      -0.38  552859067 0.0000e+00
    16.5704    0.01652      -0.38  552859069 0.0000e+00
    16.5368    0.01652      -0.38  552859070 0.0000e+00
    16.5127    0.01649      -0.39  552859072 0.0000e+00
    16.4926    0.01643      -0.38  552859073 0.0000e+00
    16.4795    0.01640      -0.38  552859075 0.0000e+00
    16.4629    0.01637      -0.39  552859076 0.0000e+00
    16.4263    0.01634      -0.39  552859078 0.0000e+00
    16.3964    0.01632      -0.39  552859079 0.0000e+00
    16.3645    0.01629      -0.39  552859081 0.0000e+00
    16.3369    0.01624      -0.39  552859082 0.0000e+00
    16.2804    0.01619      -0.38  552859085 0.0000e+00
    16.2509    0.01619      -0.39  552859087 0.0000e+00
    16.2294    0.01614      -0.40  552859088 0.0000e+00
