Code/Hansen Zooplankton Code and Sample Data/data/ctd/gsl_03_SBE37SI-RS232_03706156_2017_07_05_final.cnv
* Sea-Bird SBE37SI-RS232  Data File:
* FileName = C:\Users\General Lab Use\Desktop\SHELAGH CTD 2017\gsl_03_SBE37SI-RS232_03706156_2017_07_05.cnv
* Software version 1.00d
* Temperature SN = 6156
* Conductivity SN = 6156
* System UpLoad Time = Jul 05 2017 12:41:05
* <ApplicationData>
* <Seaterm232>
# nquan = 7                                 
# nvalues = 1164                        
# units = specified
# name 0 = t090C: Temperature [ITS-90, deg C]
# name 1 = c0S/m: Conductivity [S/m]
# name 2 = prM: Pressure [db]
# name 3 = timeK: Time, Seacat Plus [seconds]
# name 4 = sal00: Salinity [PSU]
# name 5 = sigma-t00: Density [sigma-t, Kg/m^3 ]
# name 6 = flag: flag
# span 0 =    -0.1974,    15.7360       
# span 1 =   0.001340,   3.148850       
# span 2 =     -0.240,     87.600       
# span 3 =  552546502,  552548270       
# span 4 =     0.0130,    32.6075       
# span 5 =    -0.9609,    26.0940       
# span 6 = 0.0000e+00, 0.0000e+00       
# interval = seconds: 6.000000
# start_time = Jul 05 2017 05:08:22
# bad_flag = -9.990e-29
*END*
[from data line 616]
     9.4472   2.993680     12.730  552547438    27.2062    20.9577 0.0000e+00
     7.6244   2.955800     13.650  552547439    28.2461    22.0247 0.0000e+00
     7.1641   2.941710     14.450  552547441    28.4726    22.2613 0.0000e+00
     6.8388   2.922610     15.460  552547443    28.5364    22.3516 0.0000e+00
     6.6746   2.935840     16.080  552547444    28.8162    22.5917 0.0000e+00
     6.3856   2.921280     17.210  552547446    28.9014    22.6931 0.0000e+00
     6.8542   2.976300     18.110  552547447    29.1013    22.7941 0.0000e+00
     6.9684   2.999550     19.070  552547449    29.2547    22.9006 0.0000e+00
     6.6219   2.993150     20.230  552547450    29.4813    23.1216 0.0000e+00
     6.0866   2.988710     21.050  552547452    29.8986    23.5141 0.0000e+00
     5.2496   2.935220     22.170  552547453    30.0451    23.7231 0.0000e+00
     4.7681   2.921090     22.970  552547455    30.3201    23.9910 0.0000e+00
     4.4334   2.904630     23.870  552547456    30.4375    24.1174 0.0000e+00
     3.6651   2.841090     24.930  552547458    30.4076    24.1651 0.0000e+00
     3.2904   2.817360     26.050  552547459    30.4769    24.2524 0.0000e+00
     3.0570   2.800780     26.940  552547461    30.4984    24.2887 0.0000e+00
     2.3623   2.771500     27.960  552547462    30.8074    24.5887 0.0000e+00
     2.0779   2.760530     28.890  552547464    30.9484    24.7216 0.0000e+00
     1.8661   2.741510     29.910  552547465    30.9194    24.7127 0.0000e+00
     1.5253   2.737100     30.810  552547467    31.2000    24.9596 0.0000e+00
     1.2401   2.718900     31.720  552547468    31.2545    25.0206 0.0000e+00
     1.1027   2.714080     32.620  552547470    31.3306    25.0898 0.0000e+00
     1.0070   2.709080     33.510  552547471    31.3628    25.1211 0.0000e+00
     0.9325   2.702740     34.450  552547473    31.3566    25.1202 0.0000e+00
     0.9105   2.702640     35.370  552547474    31.3770    25.1378 0.0000e+00
     0.9251   2.704140     36.300  552547476    31.3809    25.1402 0.0000e+00
     0.8815   2.697930     37.270  552547477    31.3450    25.1137 0.0000e+00
     0.7409   2.696130     38.200  552547479    31.4638    25.2168 0.0000e+00
     0.6269   2.688080     39.160  552547480    31.4757    25.2323 0.0000e+00
     0.4410   2.686570     40.030  552547482    31.6458    25.3786 0.0000e+00
     0.2656   2.676430     40.950  552547483    31.6940    25.4260 0.0000e+00
     0.2169   2.673860     41.870  552547485    31.7103    25.4413 0.0000e+00
     0.1295   2.670950     42.810  552547487    31.7622    25.4872 0.0000e+00
     0.0362   2.666420     43.790  552547488    31.7991    25.5212 0.0000e+00
     0.1121   2.671120     44.760  552547490    31.7813    25.5034 0.0000e+00
     0.1060   2.672530     45.690  552547491    31.8056    25.5233 0.0000e+00
     0.0815   2.671730     46.600  552547493    31.8201    25.5360 0.0000e+00
     0.0554   2.669190     47.490  552547494    31.8134    25.5318 0.0000e+00
    -0.0304   2.666410     48.320  552547496    31.8657    25.5778 0.0000e+00
    -0.0917   2.660620     49.200  552547497    31.8530    25.5702 0.0000e+00
    -0.1396   2.656990     50.130  552547499    31.8546    25.5735 0.0000e+00
    -0.1545   2.652400     51.070  552547500    31.8090    25.5374 0.0000e+00
    -0.1826   2.654600     51.890  552547502    31.8670    25.5853 0.0000e+00
    -0.1937   2.650960     52.840  552547503    31.8299    25.5558 0.0000e+00
    -0.1721   2.661700     53.550  552547505    31.9488    25.6509 0.0000e+00
    -0.1576   2.654910     54.450  552547506    31.8434    25.5653 0.0000e+00
    -0.1363   2.661530     55.160  552547508    31.9081    25.6166 0.0000e+00
    -0.1245   2.657670     56.170  552547509    31.8443    25.5646 0.0000e+00
    -0.1089   2.659980     57.120  552547511    31.8579    25.5749 0.0000e+00
    -0.0915   2.660890     58.220  552547512    31.8511    25.5687 0.0000e+00
    -0.0489   2.666360     59.160  552547514    31.8782    25.5887 0.0000e+00
    -0.0142   2.670200     60.130  552547515    31.8919    25.5982 0.0000e+00
    -0.0047   2.671060     61.010  552547517    31.8928    25.5985 0.0000e+00
     0.0013   2.671410     62.020  552547518    31.8906    25.5965 0.0000e+00
     0.0088   2.673090     62.830  552547520    31.9043    25.6073 0.0000e+00
     0.0162   2.673120     63.940  552547521    31.8964    25.6005 0.0000e+00
     0.0271   2.674830     64.810  552547523    31.9070    25.6086 0.0000e+00
     0.0440   2.676120     65.710  552547524    31.9058    25.6068 0.0000e+00
     0.0537   2.676990     66.660  552547526    31.9065    25.6070 0.0000e+00
     0.0577   2.677930     67.460  552547527    31.9142    25.6131 0.0000e+00
     0.0615   2.677920     68.440  552547529    31.9096    25.6091 0.0000e+00
     0.0653   2.680700     69.060  552547531    31.9417    25.6349 0.0000e+00
     0.0732   2.679370     70.050  552547532    31.9155    25.6134 0.0000e+00
     0.1160   2.683840     70.920  552547534    31.9290    25.6223 0.0000e+00
     0.1759   2.689790     71.770  552547535    31.9439    25.6316 0.0000e+00
     0.2202   2.694680     72.700  552547537    31.9612    25.6434 0.0000e+00
     0.2482   2.697990     73.530  552547538    31.9748    25.6530 0.0000e+00
     0.2895   2.703280     74.320  552547540    32.0003    25.6716 0.0000e+00
     0.3728   2.710830     75.100  552547541    32.0115    25.6766 0.0000e+00
     0.4440   2.719220     76.030  552547543    32.0460    25.7008 0.0000e+00
     0.4904   2.722950     76.780  552547544    32.0457    25.6982 0.0000e+00
     0.5150   2.728700     77.830  552547546    32.0941    25.7359 0.0000e+00
     0.5543   2.734390     78.780  552547547    32.1263    25.7598 0.0000e+00
     0.7957   2.756820     79.580  552547549    32.1645    25.7774 0.0000e+00
     1.0798   2.784660     80.390  552547550    32.2264    25.8108 0.0000e+00
     1.2632   2.811190     81.360  552547552    32.3738    25.9179 0.0000e+00
     1.4145   2.822540     82.060  552547553    32.3608    25.8978 0.0000e+00
     1.4326   2.831840     82.850  552547555    32.4593    25.9757 0.0000e+00
     1.4361   2.835060     83.690  552547556    32.4959    26.0048 0.0000e+00
     1.4372   2.837160     84.510  552547558    32.5209    26.0248 0.0000e+00
     1.4376   2.837470     85.230  552547559    32.5240    26.0272 0.0000e+00
     1.4382   2.839250     86.180  552547561    32.5453    26.0443 0.0000e+00
     1.4381   2.839260     86.880  552547562    32.5452    26.0442 0.0000e+00
     1.4374   2.836500     87.220  552547564    32.5108    26.0167 0.0000e+00
     1.4365   2.833530     87.230  552547565    32.4742    25.9874 0.0000e+00
     1.4361   2.830830     87.230  552547567    32.4405    25.9603 0.0000e+00
     1.4368   2.834550     86.870  552547568    32.4870    25.9976 0.0000e+00
     1.4392   2.836800     86.250  552547570    32.5133    26.0186 0.0000e+00
     1.4400   2.836380     85.480  552547572    32.5076    26.0139 0.0000e+00
     1.4395   2.836060     84.920  552547573    32.5044    26.0114 0.0000e+00
     1.4230   2.837570     84.400  552547575    32.5409    26.0417 0.0000e+00
     1.4228   2.839300     83.850  552547576    32.5633    26.0597 0.0000e+00
     1.4355   2.837050     83.750  552547578    32.5217    26.0255 0.0000e+00
     1.4381   2.840140     83.360  552547579    32.5583    26.0547 0.0000e+00
     1.4386   2.841160     82.870  552547581    32.5709    26.0648 0.0000e+00
     1.4384   2.841670     82.340  552547582    32.5779    26.0704 0.0000e+00
     1.4378   2.841220     81.850  552547584    32.5731    26.0666 0.0000e+00
     1.4383   2.839800     81.620  552547585    32.5547    26.0519 0.0000e+00
     1.4354   2.838010     81.630  552547587    32.5351    26.0363 0.0000e+00
     1.4353   2.838390     81.530  552547588    32.5401    26.0403 0.0000e+00
     1.4333   2.838990     81.580  552547590    32.5497    26.0482 0.0000e+00
     1.4383   2.840840     81.320  552547591    32.5681    26.0626 0.0000e+00
     1.4358   2.841320     81.220  552547593    32.5768    26.0697 0.0000e+00
     1.4158   2.839160     80.570  552547594    32.5706    26.0661 0.0000e+00
     1.2746   2.826890     79.960  552547596    32.5622    26.0684 0.0000e+00
     1.1744   2.814900     79.330  552547597    32.5144    26.0363 0.0000e+00
     0.9746   2.791830     78.680  552547599    32.4282    25.9792 0.0000e+00
     0.6848   2.759840     77.990  552547600    32.3197    25.9084 0.0000e+00
     0.5556   2.746740     77.340  552547602    32.2857    25.8880 0.0000e+00
     0.5232   2.740480     76.650  552547603    32.2388    25.8520 0.0000e+00
     0.5048   2.737070     76.000  552547605    32.2142    25.8331 0.0000e+00
     0.4878   2.734030     75.360  552547606    32.1929    25.8169 0.0000e+00
     0.4332   2.726820     74.630  552547608    32.1567    25.7905 0.0000e+00
     0.3827   2.722330     74.030  552547609    32.1514    25.7888 0.0000e+00
     0.3129   2.714600     73.400  552547611    32.1240    25.7702 0.0000e+00
     0.2728   2.707960     72.660  552547613    32.0797    25.7364 0.0000e+00
     0.2481   2.705350     72.010  552547614    32.0718    25.7313 0.0000e+00
     0.2327   2.701740     71.280  552547616    32.0412    25.7073 0.0000e+00
     0.2049   2.698660     70.640  552547617    32.0303    25.6999 0.0000e+00
     0.1613   2.693280     70.010  552547619    32.0058    25.6822 0.0000e+00
     0.1090   2.685750     69.130  552547620    31.9623    25.6495 0.0000e+00
     0.0775   2.683120     68.480  552547622    31.9611    25.6499 0.0000e+00
     0.0677   2.681610     67.790  552547623    31.9519    25.6430 0.0000e+00
     0.0630   2.679700     67.010  552547625    31.9322    25.6273 0.0000e+00
     0.0583   2.678800     66.350  552547626    31.9257    25.6222 0.0000e+00
     0.0559   2.678460     65.750  552547628    31.9240    25.6211 0.0000e+00
     0.0513   2.676720     64.990  552547629    31.9064    25.6071 0.0000e+00
     0.0452   2.675980     64.350  552547631    31.9035    25.6049 0.0000e+00
     0.0339   2.675040     63.720  552547632    31.9033    25.6053 0.0000e+00
     0.0216   2.672430     63.020  552547634    31.8822    25.5888 0.0000e+00
     0.0157   2.671950     62.360  552547635    31.8824    25.5893 0.0000e+00
     0.0113   2.671030     61.710  552547637    31.8753    25.5837 0.0000e+00
     0.0044   2.669340     60.970  552547638    31.8607    25.5723 0.0000e+00
    -0.0008   2.669280     60.430  552547640    31.8657    25.5765 0.0000e+00
    -0.0057   2.668080     59.710  552547641    31.8554    25.5684 0.0000e+00
    -0.0090   2.667410     59.120  552547643    31.8504    25.5645 0.0000e+00
    -0.0160   2.666870     58.650  552547644    31.8509    25.5652 0.0000e+00
    -0.0371   2.663320     58.030  552547646    31.8265    25.5465 0.0000e+00
    -0.0676   2.659700     57.440  552547647    31.8110    25.5353 0.0000e+00
    -0.0908   2.660020     57.020  552547649    31.8396    25.5594 0.0000e+00
    -0.1030   2.654460     56.160  552547650    31.7796    25.5114 0.0000e+00
    -0.1147   2.653890     55.670  552547652    31.7845    25.5159 0.0000e+00
    -0.1226   2.651780     54.880  552547653    31.7654    25.5008 0.0000e+00
    -0.1351   2.650200     54.340  552547655    31.7579    25.4953 0.0000e+00
    -0.1490   2.648420     53.640  552547657    31.7493    25.4889 0.0000e+00
    -0.1628   2.647320     53.180  552547658    31.7494    25.4896 0.0000e+00
    -0.1712   2.644530     52.490  552547660    31.7218    25.4676 0.0000e+00
    -0.1867   2.642720     52.040  552547661    31.7143    25.4622 0.0000e+00
    -0.1974   2.639110     51.150  552547663    31.6782    25.4335 0.0000e+00
    -0.1741   2.643490     50.890  552547664    31.7120    25.4598 0.0000e+00
    -0.1653   2.638300     49.910  552547666    31.6349    25.3972 0.0000e+00
    -0.1620   2.642520     49.560  552547667    31.6873    25.4394 0.0000e+00
    -0.1504   2.639380     48.790  552547669    31.6343    25.3962 0.0000e+00
    -0.1306   2.640280     48.320  552547670    31.6259    25.3886 0.0000e+00
    -0.1064   2.642520     47.560  552547672    31.6308    25.3915 0.0000e+00
    -0.0381   2.644360     47.280  552547673    31.5844    25.3512 0.0000e+00
     0.0057   2.648350     46.570  552547675    31.5920    25.3554 0.0000e+00
     0.0319   2.649100     46.060  552547676    31.5750    25.3406 0.0000e+00
     0.0566   2.650780     45.460  552547678    31.5719    25.3370 0.0000e+00
     0.0900   2.651830     44.700  552547679    31.5517    25.3192 0.0000e+00
     0.1026   2.651490     44.250  552547681    31.5345    25.3048 0.0000e+00
     0.1134   2.651180     43.530  552547682    31.5197    25.2924 0.0000e+00
     0.0492   2.647240     43.150  552547684    31.5345    25.3071 0.0000e+00
     0.0275   2.642550     42.440  552547685    31.4957    25.2768 0.0000e+00
     0.0705   2.643270     42.100  552547687    31.4611    25.2470 0.0000e+00
     0.1010   2.644610     41.480  552547688    31.4477    25.2349 0.0000e+00
     0.1635   2.646810     40.900  552547690    31.4127    25.2038 0.0000e+00
     0.2056   2.647430     40.410  552547691    31.3779    25.1739 0.0000e+00
     0.2262   2.647650     39.920  552547693    31.3600    25.1586 0.0000e+00
     0.2390   2.648320     39.300  552547694    31.3560    25.1548 0.0000e+00
     0.3393   2.650050     38.810  552547696    31.2766    25.0861 0.0000e+00
     0.5052   2.655860     38.130  552547698    31.1840    25.0036 0.0000e+00
     0.6161   2.656560     37.670  552547699    31.0814    24.9156 0.0000e+00
     0.6540   2.658510     37.030  552547701    31.0687    24.9035 0.0000e+00
     0.7224   2.661860     36.470  552547702    31.0434    24.8796 0.0000e+00
     0.8373   2.664360     35.850  552547704    30.9608    24.8072 0.0000e+00
     0.8961   2.664920     35.430  552547705    30.9096    24.7629 0.0000e+00
     0.9200   2.664680     34.800  552547707    30.8831    24.7404 0.0000e+00
     0.9089   2.663270     34.380  552547708    30.8764    24.7356 0.0000e+00
     0.9023   2.660310     34.060  552547710    30.8454    24.7110 0.0000e+00
     0.9009   2.663370     33.380  552547711    30.8862    24.7438 0.0000e+00
     0.9093   2.661060     32.990  552547713    30.8486    24.7132 0.0000e+00
     0.9336   2.665490     32.310  552547714    30.8813    24.7382 0.0000e+00
     0.9993   2.665970     31.950  552547716    30.8224    24.6873 0.0000e+00
     1.0417   2.667040     31.430  552547717    30.7943    24.6624 0.0000e+00
     1.0582   2.667380     30.750  552547719    30.7827    24.6522 0.0000e+00
     1.1805   2.668280     30.250  552547720    30.6738    24.5579 0.0000e+00
     1.3008   2.676320     29.730  552547722    30.6575    24.5379 0.0000e+00
     1.4842   2.680400     29.310  552547723    30.5299    24.4247 0.0000e+00
     1.7475   2.688030     28.680  552547725    30.3705    24.2808 0.0000e+00
     1.8431   2.686410     28.320  552547726    30.2587    24.1851 0.0000e+00
     1.9352   2.696130     27.630  552547728    30.2912    24.2052 0.0000e+00
     2.0147   2.697960     27.150  552547729    30.2380    24.1574 0.0000e+00
     2.1274   2.703500     26.670  552547731    30.1990    24.1186 0.0000e+00
     2.2234   2.713180     26.080  552547732    30.2268    24.1343 0.0000e+00
     2.4137   2.717160     25.630  552547734    30.0954    24.0159 0.0000e+00
     2.7588   2.739630     25.070  552547735    30.0439    23.9495 0.0000e+00
     3.0448   2.748490     24.620  552547737    29.8841    23.8000 0.0000e+00
     3.1774   2.758380     23.990  552547739    29.8798    23.7861 0.0000e+00
     3.3263   2.763470     23.610  552547740    29.8032    23.7129 0.0000e+00
     3.5726   2.789160     23.030  552547742    29.8813    23.7544 0.0000e+00
     3.9609   2.814080     22.540  552547743    29.8189    23.6707 0.0000e+00
     4.4973   2.834860     21.940  552547745    29.5757    23.4277 0.0000e+00
     4.7135   2.842070     21.560  552547746    29.4657    23.3195 0.0000e+00
