Code/Hansen Zooplankton Code and Sample Data/data/ctd/gsl_01_SBE37SI-RS232_03706156_2017_07_03.cnv
* Sea-Bird SBE37SI-RS232  Data File:
* FileName = C:\Users\General Lab Use\Desktop\SHELAGH CTD 2017\gsl_01_SBE37SI-RS232_03706156_2017_07_03.cnv
* Software version 1.00d
* Temperature SN = 6156
* Conductivity SN = 6156
* System UpLoad Time = Jul 03 2017 22:38:41
* <ApplicationData>
* <Seaterm232>
# nquan = 5
# nvalues = 1298
# units = specified
# name 0 = t090C: Temperature [ITS-90, deg C]
# name 1 = c0S/m: Conductivity [S/m]
# name 2 = prM: Pressure [db]
# name 3 = timeK: Time, Seacat Plus [seconds]
# name 4 = flag: Flag
# span 0 =     -0.7642,    21.7318
# span 1 =    0.000054,   3.358384
# span 2 =      -0.387,     66.022
# span 3 =   552405754,  552407731
# span 4 =  0.0000e+00, 0.0000e+00
# interval = seconds: 6.000000
# start_time = Jul 03 2017 14:02:34
# bad_flag = -9.990e-29
*END*
[from data line 572]
    18.1207    0.02993      -0.36  552406626 0.0000e+00
    18.1103    0.02779      -0.36  552406627 0.0000e+00
    18.0972    0.02747      -0.36  552406629 0.0000e+00
    18.1087    0.02750      -0.36  552406630 0.0000e+00
    18.1147    0.02650      -0.36  552406632 0.0000e+00
    18.1191    0.02618      -0.35  552406633 0.0000e+00
    18.1267    0.02650      -0.36  552406635 0.0000e+00
    18.1214    0.02554      -0.36  552406636 0.0000e+00
    18.1177    0.02551      -0.36  552406638 0.0000e+00
    18.1064    0.02490      -0.36  552406639 0.0000e+00
    18.0947    0.02428      -0.36  552406641 0.0000e+00
    18.0954    0.02469      -0.36  552406642 0.0000e+00
    18.0935    0.02383      -0.36  552406644 0.0000e+00
    18.0857    0.02423      -0.36  552406645 0.0000e+00
    18.0847    0.02390      -0.36  552406647 0.0000e+00
    18.0754    0.02356      -0.36  552406648 0.0000e+00
    18.0557    0.02406      -0.36  552406650 0.0000e+00
    18.0466    0.02353      -0.36  552406651 0.0000e+00
    18.0384    0.02485      -0.36  552406653 0.0000e+00
    18.0554    0.02377      -0.36  552406655 0.0000e+00
    18.0530    0.02456      -0.36  552406656 0.0000e+00
    18.0710    0.02370      -0.36  552406658 0.0000e+00
    18.0700    0.02345      -0.36  552406659 0.0000e+00
    18.0654    0.02318      -0.36  552406661 0.0000e+00
    18.0707    0.02301      -0.36  552406662 0.0000e+00
    18.0951    0.02267      -0.36  552406664 0.0000e+00
    18.1158    0.02307      -0.36  552406665 0.0000e+00
    18.1462    0.02212      -0.36  552406667 0.0000e+00
    18.1641    0.02268      -0.36  552406668 0.0000e+00
    18.1498    0.02192      -0.36  552406670 0.0000e+00
    18.1416    0.02177      -0.36  552406671 0.0000e+00
    18.1506    0.02185      -0.36  552406673 0.0000e+00
    18.1522    0.02138      -0.36  552406674 0.0000e+00
    18.1580    0.02163      -0.36  552406676 0.0000e+00
    18.1635    0.02105      -0.36  552406677 0.0000e+00
    18.1542    0.02195      -0.36  552406679 0.0000e+00
    18.1706    0.02110      -0.36  552406680 0.0000e+00
    18.1728    0.02244      -0.36  552406682 0.0000e+00
    18.1966    0.02154      -0.36  552406683 0.0000e+00
    18.1972    0.02177      -0.36  552406685 0.0000e+00
    18.1909    0.02166      -0.36  552406687 0.0000e+00
    18.1852    0.02125      -0.36  552406688 0.0000e+00
    18.2017    0.02165      -0.36  552406690 0.0000e+00
    18.2004    0.02110      -0.36  552406691 0.0000e+00
    18.2029    0.02118      -0.36  552406693 0.0000e+00
    18.2261    0.02115      -0.36  552406694 0.0000e+00
    18.2370    0.02083      -0.36  552406696 0.0000e+00
    18.2489    0.02086      -0.36  552406697 0.0000e+00
    18.2596    0.02102      -0.36  552406699 0.0000e+00
    18.2611    0.02039      -0.36  552406700 0.0000e+00
    18.2598    0.02124      -0.36  552406702 0.0000e+00
    18.2557    0.02059      -0.36  552406703 0.0000e+00
    18.2686    0.02074      -0.36  552406705 0.0000e+00
    18.2595    0.02124      -0.36  552406706 0.0000e+00
    18.2676    0.02063      -0.36  552406708 0.0000e+00
    18.3035    0.02209      -0.36  552406709 0.0000e+00
    18.3049    0.02167      -0.36  552406711 0.0000e+00
    18.2971    0.02195      -0.36  552406712 0.0000e+00
    18.3073    0.02181      -0.36  552406714 0.0000e+00
    18.3044    0.02131      -0.36  552406716 0.0000e+00
    18.2776    0.02142      -0.36  552406717 0.0000e+00
    18.2953    0.02124      -0.36  552406719 0.0000e+00
    18.2954    0.02104      -0.36  552406720 0.0000e+00
    18.2779    0.02073      -0.36  552406722 0.0000e+00
    18.2774    0.02057      -0.36  552406723 0.0000e+00
    18.2827    0.02027      -0.36  552406725 0.0000e+00
    18.2827    0.02012      -0.36  552406726 0.0000e+00
    18.2936    0.02027      -0.36  552406728 0.0000e+00
    18.2931    0.02014      -0.36  552406729 0.0000e+00
    18.3031    0.02075      -0.36  552406731 0.0000e+00
    18.3130    0.02075      -0.36  552406732 0.0000e+00
    18.3029    0.02052      -0.36  552406734 0.0000e+00
    18.3065    0.02066      -0.36  552406735 0.0000e+00
    18.3082    0.02021      -0.36  552406737 0.0000e+00
    18.3024    0.02035      -0.36  552406738 0.0000e+00
    18.2767    0.02037      -0.36  552406740 0.0000e+00
    18.2717    0.02020      -0.36  552406741 0.0000e+00
    18.2456    0.02066      -0.36  552406743 0.0000e+00
    18.2602    0.02035      -0.36  552406744 0.0000e+00
    18.2665    0.02018      -0.36  552406746 0.0000e+00
    18.2580    0.02048      -0.36  552406748 0.0000e+00
    18.2263    0.02003      -0.36  552406749 0.0000e+00
    18.1963    0.01999      -0.36  552406751 0.0000e+00
    18.1997    0.01998      -0.36  552406752 0.0000e+00
    18.2185    0.01954      -0.36  552406754 0.0000e+00
    18.2314    0.02033      -0.36  552406755 0.0000e+00
    18.2465    0.02064      -0.36  552406757 0.0000e+00
    18.2488    0.02075      -0.36  552406758 0.0000e+00
    18.2425    0.02066      -0.36  552406760 0.0000e+00
    18.2214    0.02030      -0.36  552406761 0.0000e+00
    18.2253    0.02024      -0.36  552406763 0.0000e+00
    18.2263    0.02023      -0.36  552406764 0.0000e+00
    18.2441    0.02004      -0.36  552406766 0.0000e+00
    18.2812    0.02037      -0.36  552406767 0.0000e+00
    18.3041    0.02009      -0.36  552406769 0.0000e+00
    18.3070    0.02010      -0.36  552406770 0.0000e+00
    18.3103    0.01978      -0.36  552406772 0.0000e+00
    18.3242    0.01988      -0.36  552406773 0.0000e+00
    18.3574    0.01974      -0.36  552406775 0.0000e+00
    18.3773    0.01985      -0.36  552406777 0.0000e+00
    18.3715    0.01967      -0.36  552406778 0.0000e+00
    18.3357    0.01972      -0.36  552406780 0.0000e+00
    18.3191    0.01948      -0.36  552406781 0.0000e+00
    18.3071    0.01958      -0.36  552406783 0.0000e+00
    18.2904    0.01934      -0.36  552406784 0.0000e+00
    18.3070    0.01958      -0.36  552406786 0.0000e+00
    18.3275    0.01941      -0.36  552406787 0.0000e+00
    18.2937    0.01948      -0.36  552406789 0.0000e+00
    18.2896    0.01930      -0.36  552406790 0.0000e+00
    18.3102    0.01934      -0.36  552406792 0.0000e+00
    18.3113    0.01920      -0.36  552406793 0.0000e+00
    18.3194    0.01945      -0.36  552406795 0.0000e+00
    18.3265    0.01974      -0.37  552406796 0.0000e+00
    18.3287    0.01980      -0.36  552406798 0.0000e+00
    18.3400    0.02004      -0.36  552406799 0.0000e+00
    18.3428    0.01986      -0.36  552406801 0.0000e+00
    18.3237    0.02006      -0.36  552406802 0.0000e+00
    18.3302    0.01976      -0.36  552406804 0.0000e+00
    18.3292    0.01977      -0.37  552406805 0.0000e+00
    18.3303    0.01949      -0.36  552406807 0.0000e+00
    18.3447    0.01964      -0.36  552406809 0.0000e+00
    18.3413    0.01947      -0.37  552406810 0.0000e+00
    18.3504    0.01965      -0.36  552406812 0.0000e+00
    18.3682    0.01958      -0.36  552406813 0.0000e+00
    18.3761    0.01949      -0.36  552406815 0.0000e+00
    18.3696    0.01930      -0.37  552406816 0.0000e+00
    18.3477    0.01923      -0.36  552406818 0.0000e+00
    18.3449    0.01927      -0.37  552406819 0.0000e+00
    18.3421    0.01908      -0.37  552406821 0.0000e+00
    18.3572    0.01924      -0.37  552406822 0.0000e+00
    18.3718    0.01912      -0.37  552406824 0.0000e+00
    18.3472    0.01898      -0.36  552406825 0.0000e+00
    18.3410    0.01905      -0.37  552406827 0.0000e+00
    18.3479    0.01884      -0.36  552406828 0.0000e+00
    18.3708    0.01897      -0.36  552406830 0.0000e+00
    18.3945    0.01894      -0.36  552406831 0.0000e+00
    18.3960    0.01876      -0.37  552406833 0.0000e+00
    18.4006    0.01853      -0.37  552406834 0.0000e+00
    18.4041    0.01871      -0.37  552406836 0.0000e+00
    18.4040    0.01865      -0.36  552406837 0.0000e+00
    18.4092    0.01883      -0.37  552406839 0.0000e+00
    18.4214    0.01876      -0.37  552406841 0.0000e+00
    18.4362    0.01913      -0.37  552406842 0.0000e+00
    18.4434    0.01907      -0.37  552406844 0.0000e+00
    18.4347    0.01946      -0.37  552406845 0.0000e+00
    18.4295    0.01924      -0.36  552406847 0.0000e+00
    18.4082    0.01931      -0.37  552406848 0.0000e+00
    18.4190    0.01923      -0.37  552406850 0.0000e+00
    18.4031    0.01909      -0.37  552406851 0.0000e+00
    18.4071    0.01949      -0.36  552406853 0.0000e+00
    18.4155    0.01983      -0.37  552406854 0.0000e+00
    18.4359    0.01994      -0.36  552406856 0.0000e+00
    18.4818    0.02152      -0.37  552406857 0.0000e+00
    18.4776    0.02173      -0.36  552406859 0.0000e+00
    18.4714    0.02308      -0.37  552406860 0.0000e+00
    18.4585    0.02297      -0.37  552406862 0.0000e+00
    18.4720    0.02369      -0.37  552406863 0.0000e+00
    18.4849    0.02337      -0.37  552406865 0.0000e+00
    18.4888    0.02390      -0.37  552406866 0.0000e+00
    18.4957    0.02356      -0.36  552406868 0.0000e+00
    18.5035    0.02388      -0.37  552406869 0.0000e+00
    18.5028    0.02364      -0.37  552406871 0.0000e+00
    18.5074    0.02389      -0.37  552406873 0.0000e+00
    18.4944    0.02395      -0.37  552406874 0.0000e+00
    18.4959    0.02453      -0.37  552406876 0.0000e+00
    18.4883    0.02464      -0.37  552406877 0.0000e+00
    18.4839    0.02481      -0.36  552406879 0.0000e+00
    18.4846    0.02508      -0.37  552406880 0.0000e+00
    18.4783    0.02460      -0.37  552406882 0.0000e+00
    18.4827    0.02434      -0.37  552406883 0.0000e+00
    18.4907    0.02465      -0.37  552406885 0.0000e+00
    18.4885    0.02436      -0.37  552406886 0.0000e+00
    18.4717    0.02529      -0.36  552406888 0.0000e+00
    18.4615    0.02553      -0.37  552406889 0.0000e+00
    18.4748    0.02570      -0.36  552406891 0.0000e+00
    18.4680    0.02550      -0.37  552406892 0.0000e+00
    18.4635    0.02517      -0.37  552406894 0.0000e+00
    18.4719    0.02474      -0.37  552406895 0.0000e+00
    18.4976    0.02574      -0.37  552406897 0.0000e+00
    18.4976    0.02535      -0.37  552406899 0.0000e+00
    18.5103    0.02507      -0.37  552406900 0.0000e+00
    18.5128    0.02497      -0.36  552406902 0.0000e+00
    18.5088    0.02477      -0.37  552406903 0.0000e+00
    18.5147    0.02470      -0.37  552406905 0.0000e+00
    18.5256    0.02683      -0.37  552406906 0.0000e+00
    18.5079    0.05345      -0.37  552406908 0.0000e+00
    18.5126    0.05799      -0.37  552406909 0.0000e+00
    18.5074    0.04182      -0.37  552406911 0.0000e+00
    18.5186    0.03954      -0.36  552406912 0.0000e+00
    18.5596    0.04425      -0.37  552406914 0.0000e+00
    18.5679    0.04633      -0.37  552406915 0.0000e+00
    18.5876    0.04286      -0.37  552406917 0.0000e+00
    18.5884    0.04229      -0.37  552406918 0.0000e+00
    18.5783    0.03501      -0.37  552406920 0.0000e+00
    18.5733    0.03427      -0.37  552406921 0.0000e+00
    18.5388    0.06018      -0.37  552406923 0.0000e+00
    18.5567    0.05700      -0.37  552406924 0.0000e+00
    18.5537    0.05937      -0.37  552406926 0.0000e+00
    18.5327    0.05434      -0.37  552406927 0.0000e+00
    18.5253    0.04894      -0.37  552406929 0.0000e+00
    18.5280    0.04964      -0.37  552406931 0.0000e+00
    18.5355    0.04835      -0.37  552406932 0.0000e+00
    18.5335    0.04720      -0.37  552406934 0.0000e+00
    18.5332    0.04797      -0.37  552406935 0.0000e+00
    18.5297    0.04553      -0.37  552406937 0.0000e+00
    18.5208    0.04357      -0.37  552406938 0.0000e+00
    18.5071    0.04322      -0.37  552406940 0.0000e+00
    18.5028    0.04119      -0.37  552406941 0.0000e+00
    18.4791    0.04302      -0.37  552406943 0.0000e+00
    18.4808    0.04298      -0.37  552406944 0.0000e+00
    18.4768    0.04149      -0.37  552406946 0.0000e+00
    18.4748    0.03918      -0.37  552406947 0.0000e+00
    18.4661    0.03896      -0.37  552406949 0.0000e+00
    18.4527    0.03651      -0.37  552406950 0.0000e+00
    18.4623    0.03590      -0.37  552406952 0.0000e+00
    18.4643    0.03533      -0.37  552406953 0.0000e+00
    18.4567    0.03434      -0.37  552406955 0.0000e+00
    18.4422    0.03513      -0.37  552406956 0.0000e+00
    18.4197    0.03384      -0.37  552406958 0.0000e+00
    18.4258    0.03432      -0.37  552406959 0.0000e+00
    18.4784    0.03510      -0.37  552406961 0.0000e+00
    18.4964    0.03458      -0.37  552406963 0.0000e+00
    18.5209    0.03888      -0.37  552406964 0.0000e+00
    18.5184    0.04791      -0.37  552406966 0.0000e+00
    18.5055    0.05179      -0.37  552406967 0.0000e+00
    18.4514    0.05916      -0.37  552406969 0.0000e+00
    18.4143    0.05765      -0.37  552406970 0.0000e+00
    18.3609    0.05889      -0.37  552406972 0.0000e+00
    18.3135    0.05728      -0.37  552406973 0.0000e+00
    18.2781    0.06645      -0.37  552406975 0.0000e+00
    18.2453    0.07941      -0.37  552406976 0.0000e+00
    18.2172    0.06265      -0.37  552406978 0.0000e+00
    18.1956    0.05553      -0.37  552406979 0.0000e+00
    18.1995    0.04686      -0.37  552406981 0.0000e+00
    18.2125    0.04178      -0.37  552406982 0.0000e+00
    18.2174    0.03840      -0.37  552406984 0.0000e+00
    18.1821    0.90284      -0.20  552406985 0.0000e+00
    17.3112    2.28540      -0.25  552406987 0.0000e+00
    17.2924    2.10933      -0.11  552406988 0.0000e+00
    17.2780    3.34695       0.50  552406990 0.0000e+00
    17.2763    3.34845       0.81  552406991 0.0000e+00
    17.2773    3.34238       1.83  552406993 0.0000e+00
    17.2693    3.34325       2.14  552406995 0.0000e+00
    17.1971    3.33694       3.11  552406996 0.0000e+00
    17.1262    3.33142       4.09  552406998 0.0000e+00
    16.9827    3.32789       5.00  552406999 0.0000e+00
    16.9392    3.34047       5.93  552407001 0.0000e+00
    16.9459    3.35690       6.68  552407002 0.0000e+00
    16.7334    3.35838       7.54  552407004 0.0000e+00
    15.7342    3.34649       7.26  552407005 0.0000e+00
    15.7490    3.26444       8.33  552407007 0.0000e+00
    10.3694    3.10491       8.94  552407008 0.0000e+00
     9.2909    3.01698      10.09  552407010 0.0000e+00
     8.7321    3.00664      11.16  552407011 0.0000e+00
     8.6275    3.03470      12.41  552407013 0.0000e+00
     8.9304    3.08169      13.68  552407014 0.0000e+00
     8.5711    3.06268      14.98  552407016 0.0000e+00
     7.6388    3.01314      16.06  552407017 0.0000e+00
     6.7413    2.97741      17.29  552407019 0.0000e+00
     6.6624    2.98064      18.37  552407020 0.0000e+00
     5.9394    2.92541      19.45  552407022 0.0000e+00
     4.6330    2.85118      20.42  552407023 0.0000e+00
     4.3565    2.83964      21.27  552407025 0.0000e+00
     4.3156    2.84118      22.19  552407027 0.0000e+00
     5.1999    2.91188      23.06  552407028 0.0000e+00
     4.8705    2.89440      23.82  552407030 0.0000e+00
     4.5609    2.88859      24.49  552407031 0.0000e+00
     4.5628    2.86921      25.39  552407033 0.0000e+00
     4.4570    2.88467      26.05  552407034 0.0000e+00
     4.4383    2.87051      26.57  552407036 0.0000e+00
     4.0571    2.83055      27.89  552407037 0.0000e+00
     3.8383    2.84784      28.24  552407039 0.0000e+00
     3.6139    2.80208      29.63  552407040 0.0000e+00
     3.4026    2.81842      30.17  552407042 0.0000e+00
     3.2246    2.77175      31.55  552407043 0.0000e+00
     2.9656    2.79238      31.77  552407045 0.0000e+00
     2.8612    2.74473      33.15  552407046 0.0000e+00
     2.8078    2.75376      33.28  552407048 0.0000e+00
     2.7960    2.73716      34.29  552407049 0.0000e+00
     2.6534    2.74869      34.93  552407051 0.0000e+00
     2.5866    2.73967      35.32  552407052 0.0000e+00
     2.5241    2.72960      36.30  552407054 0.0000e+00
     2.4593    2.72464      37.27  552407055 0.0000e+00
     2.2636    2.71706      38.13  552407057 0.0000e+00
     2.4969    2.73787      39.08  552407059 0.0000e+00
