Code/Hansen Zooplankton Code and Sample Data/data/ctd/gsl_15_SBE37SI-RS232_03706156_2017_08_12_final.cnv
* Sea-Bird SBE37SI-RS232  Data File:
* FileName = C:\Users\General Lab Use\Desktop\SHELAGH CTD 2017\gsl_15_SBE37SI-RS232_03706156_2017_08_12.cnv
* Software version 1.00d
* Temperature SN = 6156
* Conductivity SN = 6156
* System UpLoad Time = Aug 12 2017 05:01:32
* <ApplicationData>
* <Seaterm232>
# nquan = 7                                 
# nvalues = 2498                        
# units = specified
# name 0 = t090C: Temperature [ITS-90, deg C]
# name 1 = c0S/m: Conductivity [S/m]
# name 2 = prM: Pressure [db]
# name 3 = timeK: Time, Seacat Plus [seconds]
# name 4 = sal00: Salinity [PSU]
# name 5 = sigma-t00: Density [sigma-t, Kg/m^3 ]
# name 6 = flag: flag
# span 0 =    -0.8190,    20.1498       
# span 1 =   0.000290,   3.673860       
# span 2 =     -0.250,     72.140       
# span 3 =  555814505,  555818311       
# span 4 =     0.0101,    31.8351       
# span 5 =    -1.7889,    25.5512       
# span 6 = 0.0000e+00, 0.0000e+00       
# interval = seconds: 6.000000
# start_time = Aug 12 2017 00:55:05
# bad_flag = -9.990e-29
*END*
[from data line 1231]
    17.9081   0.014670     -0.220  555816380     0.0826    -1.3226 0.0000e+00
    17.9170   0.014700     -0.220  555816382     0.0828    -1.3241 0.0000e+00
    17.9186   0.014650     -0.220  555816383     0.0825    -1.3246 0.0000e+00
    17.9178   0.014700     -0.220  555816385     0.0828    -1.3243 0.0000e+00
    17.9180   0.014640     -0.220  555816386     0.0825    -1.3246 0.0000e+00
    17.9146   0.014680     -0.220  555816388     0.0827    -1.3238 0.0000e+00
    17.9204   0.014640     -0.220  555816389     0.0825    -1.3250 0.0000e+00
    17.9206   0.014650     -0.220  555816391     0.0825    -1.3250 0.0000e+00
    17.9224   0.014630     -0.220  555816392     0.0824    -1.3254 0.0000e+00
    17.9244   0.014620     -0.220  555816394     0.0823    -1.3258 0.0000e+00
    17.9224   0.014620     -0.220  555816395     0.0823    -1.3255 0.0000e+00
    17.9178   0.014600     -0.220  555816397     0.0822    -1.3247 0.0000e+00
    17.9124   0.014590     -0.220  555816398     0.0822    -1.3237 0.0000e+00
    17.9168   0.014590     -0.220  555816400     0.0822    -1.3246 0.0000e+00
    17.9193   0.014570     -0.220  555816401     0.0821    -1.3251 0.0000e+00
    17.9213   0.014560     -0.220  555816403     0.0820    -1.3255 0.0000e+00
    17.9204   0.014560     -0.220  555816404     0.0820    -1.3253 0.0000e+00
    17.9237   0.014510     -0.220  555816406     0.0817    -1.3262 0.0000e+00
    17.9280   0.014560     -0.220  555816408     0.0820    -1.3268 0.0000e+00
    17.9259   0.014500     -0.220  555816409     0.0817    -1.3266 0.0000e+00
    17.9238   0.014530     -0.220  555816411     0.0819    -1.3261 0.0000e+00
    17.9199   0.014480     -0.220  555816412     0.0816    -1.3256 0.0000e+00
    17.9182   0.014510     -0.220  555816414     0.0818    -1.3251 0.0000e+00
    17.9170   0.014460     -0.220  555816415     0.0815    -1.3251 0.0000e+00
    17.9173   0.014480     -0.220  555816417     0.0816    -1.3251 0.0000e+00
    17.9137   0.014450     -0.220  555816418     0.0814    -1.3246 0.0000e+00
    17.9129   0.014460     -0.220  555816420     0.0815    -1.3244 0.0000e+00
    17.9106   0.014440     -0.220  555816421     0.0814    -1.3240 0.0000e+00
    17.9106   0.014440     -0.220  555816423     0.0814    -1.3240 0.0000e+00
    17.9093   0.014430     -0.220  555816424     0.0813    -1.3238 0.0000e+00
    17.9093   0.014400     -0.220  555816426     0.0812    -1.3240 0.0000e+00
    17.9084   0.014430     -0.220  555816427     0.0813    -1.3237 0.0000e+00
    17.9068   0.014360     -0.220  555816429     0.0810    -1.3237 0.0000e+00
    17.9052   0.014400     -0.220  555816430     0.0812    -1.3232 0.0000e+00
    17.9072   0.014350     -0.220  555816432     0.0809    -1.3238 0.0000e+00
    17.9092   0.014380     -0.220  555816433     0.0811    -1.3240 0.0000e+00
    17.9137   0.014350     -0.220  555816435     0.0809    -1.3250 0.0000e+00
    17.9129   0.014350     -0.220  555816436     0.0809    -1.3248 0.0000e+00
    17.9132   0.014290     -0.220  555816438     0.0806    -1.3251 0.0000e+00
    17.9115   0.014320     -0.220  555816440     0.0807    -1.3247 0.0000e+00
    17.9090   0.014280     -0.220  555816441     0.0805    -1.3244 0.0000e+00
    17.9080   0.014300     -0.220  555816443     0.0806    -1.3241 0.0000e+00
    17.9103   0.014260     -0.220  555816444     0.0804    -1.3247 0.0000e+00
    17.9169   0.014270     -0.220  555816446     0.0805    -1.3259 0.0000e+00
    17.9203   0.014260     -0.220  555816447     0.0804    -1.3266 0.0000e+00
    17.9186   0.014250     -0.220  555816449     0.0803    -1.3263 0.0000e+00
    17.9240   0.014250     -0.220  555816450     0.0803    -1.3273 0.0000e+00
    17.9255   0.014220     -0.220  555816452     0.0802    -1.3277 0.0000e+00
    17.9220   0.014230     -0.220  555816453     0.0802    -1.3270 0.0000e+00
    17.9175   0.014180     -0.220  555816455     0.0800    -1.3264 0.0000e+00
    17.9168   0.014200     -0.220  555816456     0.0801    -1.3262 0.0000e+00
    17.9186   0.014160     -0.220  555816458     0.0799    -1.3267 0.0000e+00
    17.9166   0.014200     -0.220  555816459     0.0801    -1.3261 0.0000e+00
    17.9150   0.014150     -0.220  555816461     0.0798    -1.3261 0.0000e+00
    17.9126   0.014220     -0.220  555816462     0.0802    -1.3253 0.0000e+00
    17.9128   0.014150     -0.220  555816464     0.0798    -1.3256 0.0000e+00
    17.9116   0.014210     -0.220  555816465     0.0801    -1.3252 0.0000e+00
    17.9143   0.014150     -0.220  555816467     0.0798    -1.3259 0.0000e+00
    17.9147   0.014180     -0.220  555816469     0.0800    -1.3259 0.0000e+00
    17.9164   0.014130     -0.220  555816470     0.0797    -1.3264 0.0000e+00
    17.9186   0.014160     -0.220  555816472     0.0799    -1.3267 0.0000e+00
    17.9226   0.014130     -0.220  555816473     0.0797    -1.3275 0.0000e+00
    17.9286   0.014130     -0.220  555816475     0.0797    -1.3287 0.0000e+00
    17.9320   0.014120     -0.220  555816476     0.0796    -1.3293 0.0000e+00
    17.9331   0.014120     -0.220  555816478     0.0796    -1.3295 0.0000e+00
    17.9420   0.014100     -0.220  555816479     0.0795    -1.3313 0.0000e+00
    17.9410   0.014110     -0.220  555816481     0.0796    -1.3310 0.0000e+00
    17.9394   0.014100     -0.220  555816482     0.0795    -1.3308 0.0000e+00
    17.9372   0.014060     -0.220  555816484     0.0793    -1.3305 0.0000e+00
    17.9432   0.014090     -0.220  555816485     0.0794    -1.3315 0.0000e+00
    17.9435   0.014040     -0.220  555816487     0.0792    -1.3318 0.0000e+00
    17.9402   0.014070     -0.220  555816488     0.0793    -1.3311 0.0000e+00
    17.9365   0.014040     -0.220  555816490     0.0792    -1.3305 0.0000e+00
    17.9319   0.014050     -0.220  555816491     0.0792    -1.3296 0.0000e+00
    17.9323   0.014020     -0.220  555816493     0.0791    -1.3298 0.0000e+00
    17.9325   0.014030     -0.220  555816494     0.0791    -1.3298 0.0000e+00
    17.9374   0.014010     -0.220  555816496     0.0790    -1.3308 0.0000e+00
    17.9405   0.014020     -0.220  555816497     0.0791    -1.3313 0.0000e+00
    17.9403   0.013980     -0.220  555816499     0.0788    -1.3315 0.0000e+00
    17.9377   0.014000     -0.220  555816500     0.0790    -1.3309 0.0000e+00
    17.9359   0.013950     -0.220  555816502     0.0787    -1.3308 0.0000e+00
    17.9332   0.013990     -0.220  555816504     0.0789    -1.3301 0.0000e+00
    17.9334   0.013950     -0.220  555816505     0.0787    -1.3303 0.0000e+00
    17.9332   0.013960     -0.220  555816507     0.0788    -1.3302 0.0000e+00
    17.9399   0.013950     -0.220  555816508     0.0787    -1.3315 0.0000e+00
    17.9410   0.013940     -0.220  555816510     0.0786    -1.3318 0.0000e+00
    17.9468   0.013940     -0.220  555816511     0.0786    -1.3328 0.0000e+00
    17.9430   0.013920     -0.220  555816513     0.0785    -1.3322 0.0000e+00
    17.9440   0.013930     -0.220  555816514     0.0786    -1.3324 0.0000e+00
    17.9497   0.013900     -0.220  555816516     0.0784    -1.3335 0.0000e+00
    17.9540   0.013930     -0.220  555816517     0.0786    -1.3342 0.0000e+00
    17.9555   0.013890     -0.220  555816519     0.0783    -1.3347 0.0000e+00
    17.9538   0.013930     -0.220  555816520     0.0786    -1.3342 0.0000e+00
    17.9530   0.013880     -0.220  555816522     0.0783    -1.3342 0.0000e+00
    17.9520   0.013920     -0.220  555816523     0.0785    -1.3339 0.0000e+00
    17.9507   0.013860     -0.220  555816525     0.0782    -1.3339 0.0000e+00
    17.9487   0.013910     -0.220  555816526     0.0785    -1.3333 0.0000e+00
    17.9518   0.013850     -0.220  555816528     0.0781    -1.3341 0.0000e+00
    17.9520   0.013900     -0.220  555816529     0.0784    -1.3340 0.0000e+00
    17.9539   0.013850     -0.220  555816531     0.0781    -1.3345 0.0000e+00
    17.9531   0.013890     -0.220  555816533     0.0783    -1.3342 0.0000e+00
    17.9531   0.013850     -0.220  555816534     0.0781    -1.3344 0.0000e+00
    17.9516   0.013880     -0.220  555816536     0.0783    -1.3340 0.0000e+00
    17.9500   0.013850     -0.220  555816537     0.0781    -1.3338 0.0000e+00
    17.9476   0.013850     -0.220  555816539     0.0781    -1.3334 0.0000e+00
    17.9433   0.013830     -0.220  555816540     0.0780    -1.3326 0.0000e+00
    17.9391   0.013830     -0.220  555816542     0.0780    -1.3319 0.0000e+00
    17.9378   0.013820     -0.220  555816543     0.0780    -1.3317 0.0000e+00
    17.9385   0.013810     -0.220  555816545     0.0779    -1.3318 0.0000e+00
    17.9406   0.013800     -0.220  555816546     0.0779    -1.3323 0.0000e+00
    17.9406   0.013780     -0.220  555816548     0.0778    -1.3323 0.0000e+00
    17.9405   0.013790     -0.220  555816549     0.0778    -1.3323 0.0000e+00
    17.9403   0.013750     -0.220  555816551     0.0776    -1.3324 0.0000e+00
    17.9404   0.013780     -0.220  555816552     0.0778    -1.3323 0.0000e+00
    17.9418   0.013730     -0.220  555816554     0.0775    -1.3328 0.0000e+00
    17.9448   0.013760     -0.220  555816555     0.0777    -1.3332 0.0000e+00
    17.9459   0.013700     -0.220  555816557     0.0773    -1.3337 0.0000e+00
    17.9470   0.013730     -0.220  555816558     0.0775    -1.3337 0.0000e+00
    17.9493   0.013710     -0.220  555816560     0.0774    -1.3343 0.0000e+00
    17.9489   0.013710     -0.220  555816561     0.0774    -1.3342 0.0000e+00
    17.9483   0.013700     -0.220  555816563     0.0773    -1.3341 0.0000e+00
    17.9477   0.013690     -0.220  555816565     0.0773    -1.3340 0.0000e+00
    17.9466   0.013690     -0.220  555816566     0.0773    -1.3338 0.0000e+00
    17.9454   0.013690     -0.220  555816568     0.0773    -1.3336 0.0000e+00
    17.9450   0.013670     -0.220  555816569     0.0772    -1.3336 0.0000e+00
    17.9459   0.013670     -0.220  555816571     0.0772    -1.3338 0.0000e+00
    17.9475   0.013650     -0.220  555816572     0.0771    -1.3342 0.0000e+00
    17.9490   0.013640     -0.220  555816574     0.0770    -1.3345 0.0000e+00
    17.9486   0.013620     -0.220  555816575     0.0769    -1.3345 0.0000e+00
    17.9502   0.013630     -0.220  555816577     0.0769    -1.3348 0.0000e+00
    17.9506   0.013620     -0.220  555816578     0.0769    -1.3349 0.0000e+00
    17.9513   0.013610     -0.220  555816580     0.0768    -1.3350 0.0000e+00
    17.9554   0.013580     -0.220  555816581     0.0767    -1.3359 0.0000e+00
    17.9572   0.013600     -0.220  555816583     0.0768    -1.3362 0.0000e+00
    17.9612   0.013570     -0.220  555816584     0.0766    -1.3370 0.0000e+00
    17.9648   0.013550     -0.220  555816586     0.0765    -1.3378 0.0000e+00
    17.9669   0.013560     -0.220  555816587     0.0765    -1.3381 0.0000e+00
    17.9662   0.013530     -0.220  555816589     0.0764    -1.3381 0.0000e+00
    17.9700   0.013540     -0.220  555816590     0.0764    -1.3388 0.0000e+00
    17.9692   0.013490     -0.220  555816592     0.0762    -1.3389 0.0000e+00
    17.9754   0.013540     -0.220  555816594     0.0764    -1.3398 0.0000e+00
    17.9800   0.013460     -0.220  555816595     0.0760    -1.3410 0.0000e+00
    17.9865   0.013510     -0.220  555816597     0.0762    -1.3420 0.0000e+00
    17.9905   0.013480     -0.220  555816598     0.0761    -1.3429 0.0000e+00
    17.9958   0.013490     -0.220  555816600     0.0761    -1.3438 0.0000e+00
    18.0027   0.013500     -0.220  555816601     0.0762    -1.3451 0.0000e+00
    18.0091   0.013470     -0.220  555816603     0.0760    -1.3464 0.0000e+00
    18.0132   0.013500     -0.220  555816604     0.0761    -1.3470 0.0000e+00
    18.0102   0.013460     -0.220  555816606     0.0759    -1.3466 0.0000e+00
    18.0140   0.013510     -0.220  555816607     0.0762    -1.3471 0.0000e+00
    18.0164   0.013460     -0.220  555816609     0.0759    -1.3478 0.0000e+00
    18.0198   0.013480     -0.220  555816610     0.0760    -1.3483 0.0000e+00
    18.0201   0.013460     -0.220  555816612     0.0759    -1.3485 0.0000e+00
    18.0230   0.013460     -0.220  555816613     0.0759    -1.3490 0.0000e+00
    18.0227   0.013450     -0.220  555816615     0.0759    -1.3490 0.0000e+00
    18.0198   0.013460     -0.220  555816616     0.0759    -1.3484 0.0000e+00
    18.0175   0.013430     -0.220  555816618     0.0758    -1.3481 0.0000e+00
    18.0191   0.013460     -0.220  555816619     0.0759    -1.3483 0.0000e+00
    18.0244   0.013420     -0.220  555816621     0.0757    -1.3494 0.0000e+00
    18.0290   0.013430     -0.220  555816622     0.0757    -1.3502 0.0000e+00
    18.0289   0.013430     -0.220  555816624     0.0757    -1.3502 0.0000e+00
    18.0276   0.013410     -0.220  555816625     0.0756    -1.3501 0.0000e+00
    18.0313   0.013420     -0.220  555816627     0.0757    -1.3507 0.0000e+00
    18.0311   0.013390     -0.220  555816629     0.0755    -1.3508 0.0000e+00
    18.0295   0.013410     -0.220  555816630     0.0756    -1.3504 0.0000e+00
    18.0231   0.013370     -0.220  555816632     0.0754    -1.3494 0.0000e+00
    18.0249   0.013400     -0.220  555816633     0.0756    -1.3496 0.0000e+00
    18.0248   0.013350     -0.220  555816635     0.0753    -1.3498 0.0000e+00
    18.0239   0.013380     -0.220  555816636     0.0755    -1.3495 0.0000e+00
    18.0238   0.013340     -0.220  555816638     0.0753    -1.3496 0.0000e+00
    18.0269   0.013360     -0.220  555816639     0.0754    -1.3501 0.0000e+00
    18.0249   0.013320     -0.220  555816641     0.0752    -1.3499 0.0000e+00
    18.0262   0.013340     -0.220  555816642     0.0753    -1.3501 0.0000e+00
    18.0250   0.013310     -0.220  555816644     0.0751    -1.3500 0.0000e+00
    18.0255   0.013340     -0.220  555816645     0.0753    -1.3500 0.0000e+00
    18.0266   0.013320     -0.220  555816647     0.0752    -1.3503 0.0000e+00
    18.0275   0.013320     -0.220  555816648     0.0752    -1.3504 0.0000e+00
    18.0239   0.013310     -0.220  555816650     0.0751    -1.3498 0.0000e+00
    18.0205   0.013310     -0.220  555816651     0.0751    -1.3492 0.0000e+00
    18.0205   0.013290     -0.220  555816653     0.0750    -1.3492 0.0000e+00
    18.0191   0.013300     -0.220  555816654     0.0751    -1.3489 0.0000e+00
    18.0162   0.013280     -0.220  555816656     0.0750    -1.3485 0.0000e+00
    18.0134   0.013290     -0.220  555816658     0.0750    -1.3479 0.0000e+00
    18.0103   0.013270     -0.220  555816659     0.0749    -1.3474 0.0000e+00
    18.0102   0.013270     -0.220  555816661     0.0749    -1.3474 0.0000e+00
    18.0068   0.013260     -0.220  555816662     0.0749    -1.3468 0.0000e+00
    18.0057   0.013270     -0.220  555816664     0.0749    -1.3466 0.0000e+00
    18.0046   0.013250     -0.220  555816665     0.0748    -1.3464 0.0000e+00
    18.0049   0.013270     -0.220  555816667     0.0749    -1.3464 0.0000e+00
    18.0046   0.013240     -0.220  555816668     0.0748    -1.3465 0.0000e+00
    18.0062   0.013250     -0.220  555816670     0.0748    -1.3467 0.0000e+00
    18.0066   0.013240     -0.220  555816671     0.0748    -1.3469 0.0000e+00
    18.0041   0.013230     -0.220  555816673     0.0747    -1.3464 0.0000e+00
    18.0021   0.013220     -0.220  555816674     0.0747    -1.3461 0.0000e+00
    18.0016   0.013220     -0.220  555816676     0.0747    -1.3460 0.0000e+00
    17.9995   0.013210     -0.220  555816677     0.0746    -1.3457 0.0000e+00
    18.0000   0.013190     -0.220  555816679     0.0745    -1.3458 0.0000e+00
    18.0021   0.013200     -0.220  555816680     0.0745    -1.3462 0.0000e+00
    18.0039   0.013160     -0.220  555816682     0.0743    -1.3467 0.0000e+00
    18.0034   0.013200     -0.220  555816683     0.0745    -1.3464 0.0000e+00
    18.0034   0.013150     -0.220  555816685     0.0743    -1.3466 0.0000e+00
    18.0031   0.013180     -0.220  555816686     0.0744    -1.3465 0.0000e+00
    18.0039   0.013130     -0.220  555816688     0.0742    -1.3468 0.0000e+00
    18.0039   0.013170     -0.220  555816690     0.0744    -1.3466 0.0000e+00
