Code/Hansen Zooplankton Code and Sample Data/data/ctd/gsl_11_SBE37SI-RS232_03706156_2017_08_10.cnv
* Sea-Bird SBE37SI-RS232  Data File:
* FileName = C:\Users\General Lab Use\Desktop\SHELAGH CTD 2017\gsl_11_SBE37SI-RS232_03706156_2017_08_10.cnv
* Software version 1.00d
* Temperature SN = 6156
* Conductivity SN = 6156
* System UpLoad Time = Aug 10 2017 15:50:10
* <ApplicationData>
* <Seaterm232>
# nquan = 5
# nvalues = 2243
# units = specified
# name 0 = t090C: Temperature [ITS-90, deg C]
# name 1 = c0S/m: Conductivity [S/m]
# name 2 = prM: Pressure [db]
# name 3 = timeK: Time, Seacat Plus [seconds]
# name 4 = flag: Flag
# span 0 =      0.3286,    18.3628
# span 1 =    0.000202,   3.405209
# span 2 =      -0.233,     89.657
# span 3 =   555681024,  555684453
# span 4 =  0.0000e+00, 0.0000e+00
# interval = seconds: 6.000000
# start_time = Aug 10 2017 11:50:24
# bad_flag = -9.990e-29
*END*
[from data line 572]
     0.5166    2.72680      76.95  555681899 0.0000e+00
     0.5165    2.72770      76.95  555681900 0.0000e+00
     0.5163    2.72622      76.54  555681902 0.0000e+00
     0.5163    2.72669      76.52  555681903 0.0000e+00
     0.5158    2.72605      76.20  555681905 0.0000e+00
     0.5148    2.72611      76.06  555681906 0.0000e+00
     0.5148    2.72576      75.55  555681908 0.0000e+00
     0.5145    2.72556      74.94  555681909 0.0000e+00
     0.5129    2.72533      74.39  555681911 0.0000e+00
     0.5100    2.72460      73.63  555681912 0.0000e+00
     0.5085    2.72432      72.88  555681914 0.0000e+00
     0.5056    2.72323      72.24  555681915 0.0000e+00
     0.4992    2.72212      71.55  555681917 0.0000e+00
     0.4938    2.72115      70.97  555681918 0.0000e+00
     0.4895    2.72047      70.31  555681920 0.0000e+00
     0.4889    2.72019      69.59  555681921 0.0000e+00
     0.4882    2.71995      69.08  555681923 0.0000e+00
     0.4858    2.71901      68.30  555681925 0.0000e+00
     0.4826    2.71851      67.87  555681926 0.0000e+00
     0.4749    2.71627      67.13  555681928 0.0000e+00
     0.4677    2.71486      66.71  555681929 0.0000e+00
     0.4565    2.71272      66.08  555681931 0.0000e+00
     0.4526    2.71185      65.42  555681932 0.0000e+00
     0.4413    2.70912      64.75  555681934 0.0000e+00
     0.4279    2.70715      64.38  555681935 0.0000e+00
     0.4100    2.70337      63.51  555681937 0.0000e+00
     0.3867    2.69884      63.07  555681938 0.0000e+00
     0.3524    2.69430      62.17  555681940 0.0000e+00
     0.3540    2.69398      61.65  555681941 0.0000e+00
     0.3555    2.69328      60.93  555681943 0.0000e+00
     0.3528    2.69280      60.31  555681944 0.0000e+00
     0.3556    2.69262      59.72  555681946 0.0000e+00
     0.3531    2.69113      59.27  555681947 0.0000e+00
     0.3488    2.68825      58.69  555681949 0.0000e+00
     0.3493    2.68621      58.07  555681950 0.0000e+00
     0.3492    2.68586      57.71  555681952 0.0000e+00
     0.3490    2.68516      56.98  555681953 0.0000e+00
     0.3484    2.68493      56.35  555681955 0.0000e+00
     0.3471    2.68466      55.95  555681957 0.0000e+00
     0.3425    2.68228      55.22  555681958 0.0000e+00
     0.3426    2.68171      54.89  555681960 0.0000e+00
     0.3432    2.68060      54.20  555681961 0.0000e+00
     0.3440    2.67988      53.79  555681963 0.0000e+00
     0.3468    2.67970      53.35  555681964 0.0000e+00
     0.3500    2.67942      52.77  555681966 0.0000e+00
     0.3516    2.67927      52.48  555681967 0.0000e+00
     0.3507    2.67842      51.92  555681969 0.0000e+00
     0.3493    2.67811      51.44  555681970 0.0000e+00
     0.3472    2.67769      51.09  555681972 0.0000e+00
     0.3406    2.67643      50.59  555681973 0.0000e+00
     0.3372    2.67553      50.07  555681975 0.0000e+00
     0.3318    2.67461      49.77  555681976 0.0000e+00
     0.3286    2.67254      49.26  555681978 0.0000e+00
     0.3321    2.67108      48.73  555681979 0.0000e+00
     0.3473    2.67127      48.30  555681981 0.0000e+00
     0.3787    2.66883      47.92  555681982 0.0000e+00
     0.3805    2.66556      47.26  555681984 0.0000e+00
     0.3929    2.66628      47.02  555681985 0.0000e+00
     0.4118    2.66717      46.32  555681987 0.0000e+00
     0.4364    2.66764      45.91  555681988 0.0000e+00
     0.4554    2.66754      45.44  555681990 0.0000e+00
     0.4638    2.66793      44.89  555681992 0.0000e+00
     0.4708    2.66800      44.62  555681993 0.0000e+00
     0.4743    2.66838      44.11  555681995 0.0000e+00
     0.4758    2.66849      43.61  555681996 0.0000e+00
     0.4883    2.66797      43.28  555681998 0.0000e+00
     0.5007    2.66778      42.58  555681999 0.0000e+00
     0.5232    2.66778      42.44  555682001 0.0000e+00
     0.5512    2.66856      42.18  555682002 0.0000e+00
     0.5907    2.67184      41.45  555682004 0.0000e+00
     0.7138    2.67324      41.31  555682005 0.0000e+00
     0.7625    2.67810      40.69  555682007 0.0000e+00
     0.7899    2.67993      40.27  555682008 0.0000e+00
     0.8966    2.68309      39.94  555682010 0.0000e+00
     0.9199    2.68540      39.27  555682011 0.0000e+00
     0.9482    2.68449      39.00  555682013 0.0000e+00
     0.9647    2.68718      38.35  555682014 0.0000e+00
     0.9825    2.68722      38.05  555682016 0.0000e+00
     1.0041    2.68772      37.58  555682017 0.0000e+00
     1.0445    2.68759      37.26  555682019 0.0000e+00
     1.0418    2.68511      36.79  555682020 0.0000e+00
     1.0389    2.68403      36.41  555682022 0.0000e+00
     1.0940    2.68716      36.17  555682024 0.0000e+00
     1.1575    2.68790      35.97  555682025 0.0000e+00
     1.1703    2.69108      35.48  555682027 0.0000e+00
     1.1740    2.69043      35.38  555682028 0.0000e+00
     1.1735    2.69035      35.17  555682030 0.0000e+00
     1.1710    2.69036      34.88  555682031 0.0000e+00
     1.1697    2.69066      34.58  555682033 0.0000e+00
     1.1685    2.69004      34.38  555682034 0.0000e+00
     1.1584    2.68860      34.10  555682036 0.0000e+00
     1.1483    2.68751      33.72  555682037 0.0000e+00
     1.1293    2.68370      33.30  555682039 0.0000e+00
     1.0809    2.68008      33.03  555682040 0.0000e+00
     1.0807    2.67949      32.67  555682042 0.0000e+00
     1.1050    2.68038      32.36  555682043 0.0000e+00
     1.1135    2.67836      31.48  555682045 0.0000e+00
     1.1091    2.67700      31.33  555682046 0.0000e+00
     1.1119    2.67629      30.58  555682048 0.0000e+00
     1.1603    2.67742      30.41  555682049 0.0000e+00
     1.2192    2.68016      29.95  555682051 0.0000e+00
     1.2505    2.68144      29.65  555682052 0.0000e+00
     1.3062    2.68265      29.50  555682054 0.0000e+00
     1.3782    2.68465      29.26  555682055 0.0000e+00
     1.4104    2.68813      28.87  555682057 0.0000e+00
     1.5051    2.68907      28.61  555682059 0.0000e+00
     1.5660    2.69337      28.18  555682060 0.0000e+00
     1.6265    2.69427      27.95  555682062 0.0000e+00
     1.6920    2.69576      27.70  555682063 0.0000e+00
     1.7598    2.70034      27.03  555682065 0.0000e+00
     1.8333    2.69989      26.98  555682066 0.0000e+00
     1.8963    2.70303      26.33  555682068 0.0000e+00
     1.8749    2.69641      25.98  555682069 0.0000e+00
     1.7981    2.68690      25.53  555682071 0.0000e+00
     1.7490    2.67893      25.09  555682072 0.0000e+00
     1.7644    2.67808      24.89  555682074 0.0000e+00
     1.9655    2.69924      24.24  555682075 0.0000e+00
     2.7307    2.72454      23.78  555682077 0.0000e+00
     3.2181    2.76180      23.21  555682078 0.0000e+00
     3.9083    2.76961      22.86  555682080 0.0000e+00
     4.1814    2.79170      22.39  555682081 0.0000e+00
     4.6381    2.82914      21.97  555682083 0.0000e+00
     5.5193    2.85324      21.46  555682084 0.0000e+00
     5.8646    2.89077      20.68  555682086 0.0000e+00
     6.1365    2.88822      20.44  555682087 0.0000e+00
     6.2708    2.94100      19.50  555682089 0.0000e+00
     7.7973    2.95931      19.37  555682090 0.0000e+00
     8.5390    3.05612      18.37  555682092 0.0000e+00
     9.2593    3.02204      18.28  555682094 0.0000e+00
     9.5253    3.09144      17.44  555682095 0.0000e+00
    10.0305    3.10218      17.04  555682097 0.0000e+00
    10.6754    3.11038      16.65  555682098 0.0000e+00
    10.9468    3.17905      15.77  555682100 0.0000e+00
    11.6654    3.16853      15.56  555682101 0.0000e+00
    12.0705    3.22605      14.75  555682103 0.0000e+00
    12.2863    3.23240      14.22  555682104 0.0000e+00
    12.5667    3.23499      13.86  555682106 0.0000e+00
    12.6465    3.26550      13.00  555682107 0.0000e+00
    13.0310    3.26981      12.60  555682109 0.0000e+00
    13.1367    3.29127      11.92  555682110 0.0000e+00
    13.3241    3.30679      11.47  555682112 0.0000e+00
    13.5828    3.29770      11.15  555682113 0.0000e+00
    13.7060    3.33820      10.28  555682115 0.0000e+00
    13.7712    3.32315       9.94  555682116 0.0000e+00
    13.7610    3.32339       9.20  555682118 0.0000e+00
    13.6467    3.30363       8.64  555682119 0.0000e+00
    13.4752    3.27648       8.11  555682121 0.0000e+00
    13.3928    3.26819       7.49  555682123 0.0000e+00
    13.4589    3.27183       6.66  555682124 0.0000e+00
    13.5833    3.27348       6.14  555682126 0.0000e+00
    13.8500    3.29713       5.25  555682127 0.0000e+00
    14.3253    3.30965       4.85  555682129 0.0000e+00
    14.6914    3.34187       3.99  555682130 0.0000e+00
    14.8843    3.34386       3.48  555682132 0.0000e+00
    14.9419    3.34605       2.91  555682133 0.0000e+00
    14.9857    3.34007       2.55  555682135 0.0000e+00
    15.0211    3.36123       1.72  555682136 0.0000e+00
    15.0744    3.34848       1.49  555682138 0.0000e+00
    15.1357    3.36093       0.83  555682139 0.0000e+00
    15.1915    3.34770       0.93  555682141 0.0000e+00
    15.2148    3.36761       0.47  555682142 0.0000e+00
    15.2370    3.36424       0.59  555682144 0.0000e+00
    15.2601    3.37241       0.13  555682145 0.0000e+00
    15.2804    3.36041       0.22  555682147 0.0000e+00
    15.2865    3.35704       0.13  555682148 0.0000e+00
    15.2816    3.37927      -0.06  555682150 0.0000e+00
    15.2879    3.36900      -0.03  555682151 0.0000e+00
    15.2819    0.94488      -0.12  555682153 0.0000e+00
    15.2846    2.89738      -0.19  555682154 0.0000e+00
    15.2841    2.80824       0.16  555682156 0.0000e+00
    15.2811    0.66297      -0.16  555682158 0.0000e+00
    15.2562    3.16114      -0.07  555682159 0.0000e+00
    15.2832    0.59209      -0.14  555682161 0.0000e+00
    15.2676    3.02105      -0.17  555682162 0.0000e+00
    15.2875    1.44424       0.13  555682164 0.0000e+00
    15.2612    2.14624      -0.18  555682165 0.0000e+00
    15.2692    1.79570       0.06  555682167 0.0000e+00
    15.2699    1.16588      -0.18  555682168 0.0000e+00
    15.2799    0.19873      -0.19  555682170 0.0000e+00
    15.2618    0.10628      -0.18  555682171 0.0000e+00
    15.2332    0.11435      -0.18  555682173 0.0000e+00
    15.1881    0.09520      -0.18  555682174 0.0000e+00
    15.1582    0.11407      -0.19  555682176 0.0000e+00
    15.1493    0.13777      -0.19  555682177 0.0000e+00
    15.2326    0.13583      -0.19  555682179 0.0000e+00
    15.2254    0.12938      -0.19  555682180 0.0000e+00
    15.2073    0.11307      -0.19  555682182 0.0000e+00
    15.1672    0.10101      -0.19  555682183 0.0000e+00
    15.1514    0.09497      -0.19  555682185 0.0000e+00
    15.1111    0.08120      -0.19  555682187 0.0000e+00
    15.0859    0.08618      -0.19  555682188 0.0000e+00
    15.0655    0.07563      -0.19  555682190 0.0000e+00
    15.0425    0.09025      -0.19  555682191 0.0000e+00
    15.0281    0.07348      -0.19  555682193 0.0000e+00
    15.0091    0.08764      -0.19  555682194 0.0000e+00
    15.0005    0.06102      -0.19  555682196 0.0000e+00
    15.0092    0.07418      -0.19  555682197 0.0000e+00
    14.9992    0.05522      -0.19  555682199 0.0000e+00
    14.9893    0.07469      -0.19  555682200 0.0000e+00
    15.0015    0.05264      -0.19  555682202 0.0000e+00
    15.0107    0.06662      -0.19  555682203 0.0000e+00
    15.0297    0.03659      -0.19  555682205 0.0000e+00
    15.0504    0.04911      -0.20  555682206 0.0000e+00
    15.0532    0.03910      -0.20  555682208 0.0000e+00
    15.0544    0.03943      -0.20  555682209 0.0000e+00
    15.0470    0.03650      -0.20  555682211 0.0000e+00
    15.0570    0.03391      -0.20  555682212 0.0000e+00
    15.0498    0.03072      -0.19  555682214 0.0000e+00
    15.0366    0.03168      -0.19  555682216 0.0000e+00
    15.0201    0.02971      -0.18  555682217 0.0000e+00
    15.0175    0.02540      -0.18  555682219 0.0000e+00
    15.0237    0.02131      -0.18  555682220 0.0000e+00
    15.0199    0.01952      -0.18  555682222 0.0000e+00
    15.0125    0.01838      -0.18  555682223 0.0000e+00
    15.0008    0.01693      -0.18  555682225 0.0000e+00
    14.9884    0.01644      -0.17  555682226 0.0000e+00
    14.9755    0.01569      -0.17  555682228 0.0000e+00
    14.9687    0.01548      -0.17  555682229 0.0000e+00
    14.9616    0.01483      -0.17  555682231 0.0000e+00
    14.9521    0.01455      -0.17  555682232 0.0000e+00
    14.9538    0.01400      -0.17  555682234 0.0000e+00
    14.9511    0.01376      -0.17  555682235 0.0000e+00
    14.9612    0.01349      -0.17  555682237 0.0000e+00
    14.9672    0.01328      -0.17  555682238 0.0000e+00
    14.9572    0.01305      -0.17  555682240 0.0000e+00
    14.9457    0.01288      -0.17  555682242 0.0000e+00
    14.9372    0.01271      -0.17  555682243 0.0000e+00
    14.9258    0.01260      -0.17  555682245 0.0000e+00
    14.9126    0.01239      -0.18  555682246 0.0000e+00
    14.9025    0.01210      -0.17  555682248 0.0000e+00
    14.9003    0.01193      -0.17  555682249 0.0000e+00
    14.9035    0.01193      -0.17  555682251 0.0000e+00
    14.9042    0.01177      -0.17  555682252 0.0000e+00
    14.8941    0.01180      -0.17  555682254 0.0000e+00
    14.8879    0.01165      -0.17  555682255 0.0000e+00
    14.8756    0.01167      -0.17  555682257 0.0000e+00
    14.8726    0.01156      -0.17  555682258 0.0000e+00
    14.8700    0.01152      -0.17  555682260 0.0000e+00
    14.8623    0.01146      -0.17  555682261 0.0000e+00
    14.8464    0.01143      -0.18  555682263 0.0000e+00
    14.8420    0.01137      -0.17  555682264 0.0000e+00
    14.8414    0.01138      -0.18  555682266 0.0000e+00
    14.8407    0.01135      -0.17  555682268 0.0000e+00
    14.8379    0.01134      -0.18  555682269 0.0000e+00
    14.8295    0.01138      -0.18  555682271 0.0000e+00
    14.8135    0.01132      -0.18  555682272 0.0000e+00
    14.8044    0.01139      -0.18  555682274 0.0000e+00
    14.8189    0.01136      -0.18  555682275 0.0000e+00
    14.8281    0.01141      -0.17  555682277 0.0000e+00
    14.8442    0.01142      -0.18  555682278 0.0000e+00
    14.8472    0.01148      -0.18  555682280 0.0000e+00
    14.8575    0.01149      -0.18  555682281 0.0000e+00
    14.8501    0.01150      -0.18  555682283 0.0000e+00
    14.8608    0.01154      -0.18  555682284 0.0000e+00
    14.8687    0.01169      -0.19  555682286 0.0000e+00
    14.8971    0.01423      -0.18  555682287 0.0000e+00
    14.9142    0.01395      -0.18  555682289 0.0000e+00
    14.9391    0.01357      -0.18  555682290 0.0000e+00
    14.9638    0.01330      -0.18  555682292 0.0000e+00
    14.9971    0.01284      -0.18  555682294 0.0000e+00
    15.0131    0.01257      -0.18  555682295 0.0000e+00
    15.0146    0.01219      -0.18  555682297 0.0000e+00
    15.0243    0.01199      -0.18  555682298 0.0000e+00
    15.0176    0.01175      -0.18  555682300 0.0000e+00
    15.0223    0.01156      -0.18  555682301 0.0000e+00
    15.0261    0.01134      -0.18  555682303 0.0000e+00
    15.0042    0.01117      -0.18  555682304 0.0000e+00
    14.9905    0.01101      -0.18  555682306 0.0000e+00
    14.9733    0.01088      -0.18  555682307 0.0000e+00
    14.9603    0.01066      -0.19  555682309 0.0000e+00
    14.9500    0.01053      -0.18  555682310 0.0000e+00
    14.9427    0.01039      -0.19  555682312 0.0000e+00
    14.9341    0.01032      -0.18  555682313 0.0000e+00
    14.9306    0.01022      -0.19  555682315 0.0000e+00
    14.9274    0.01008      -0.18  555682316 0.0000e+00
    14.9264    0.00997      -0.19  555682318 0.0000e+00
    14.9289    0.00985      -0.19  555682320 0.0000e+00
    14.9244    0.00979      -0.19  555682321 0.0000e+00
    14.9229    0.00967      -0.19  555682323 0.0000e+00
    14.9253    0.00961      -0.18  555682324 0.0000e+00
    14.9342    0.00951      -0.19  555682326 0.0000e+00
    14.9369    0.00943      -0.19  555682327 0.0000e+00
    14.9317    0.00935      -0.19  555682329 0.0000e+00
    14.9235    0.00927      -0.18  555682330 0.0000e+00
    14.9222    0.00920      -0.19  555682332 0.0000e+00
