Code/Hansen Zooplankton Code and Sample Data/data/ctd/gsl_10_SBE37SI-RS232_03706156_2017_08_08.cnv
* Sea-Bird SBE37SI-RS232  Data File:
* FileName = C:\Users\General Lab Use\Desktop\SHELAGH CTD 2017\gsl_10_SBE37SI-RS232_03706156_2017_08_08.cnv
* Software version 1.00d
* Temperature SN = 6156
* Conductivity SN = 6156
* System UpLoad Time = Aug 08 2017 16:32:06
* <ApplicationData>
* <Seaterm232>
# nquan = 5
# nvalues = 1991
# units = specified
# name 0 = t090C: Temperature [ITS-90, deg C]
# name 1 = c0S/m: Conductivity [S/m]
# name 2 = prM: Pressure [db]
# name 3 = timeK: Time, Seacat Plus [seconds]
# name 4 = flag: Flag
# span 0 =      0.0970,    17.0813
# span 1 =    0.000294,   3.488435
# span 2 =      -0.311,    104.586
# span 3 =   555511157,  555514191
# span 4 =  0.0000e+00, 0.0000e+00
# interval = seconds: 6.000000
# start_time = Aug 08 2017 12:39:17
# bad_flag = -9.990e-29
*END*
[from data line 858]
    14.5856    0.01250      -0.27  555512465 0.0000e+00
    14.6018    0.01237      -0.27  555512467 0.0000e+00
    14.6177    0.01242      -0.27  555512468 0.0000e+00
    14.6321    0.01236      -0.27  555512470 0.0000e+00
    14.9616    0.01242      -0.27  555512471 0.0000e+00
    16.1826    0.01229      -0.27  555512473 0.0000e+00
    16.0023    0.01234      -0.27  555512474 0.0000e+00
    15.7920    0.01225      -0.27  555512476 0.0000e+00
    15.6113    0.01224      -0.27  555512477 0.0000e+00
    15.5001    0.01217      -0.27  555512479 0.0000e+00
    15.4004    0.01221      -0.27  555512480 0.0000e+00
    15.3298    0.01214      -0.27  555512482 0.0000e+00
    15.2790    0.01219      -0.27  555512483 0.0000e+00
    15.2274    0.01213      -0.27  555512485 0.0000e+00
    15.1834    0.01226      -0.27  555512486 0.0000e+00
    15.0991    0.01215      -0.27  555512488 0.0000e+00
    15.6127    0.01237      -0.28  555512489 0.0000e+00
    15.5445    0.01268      -0.29  555512491 0.0000e+00
    15.3409    0.01482      -0.29  555512492 0.0000e+00
    15.2175    0.01828      -0.29  555512494 0.0000e+00
    15.0475    0.02085      -0.29  555512495 0.0000e+00
    14.9255    0.02199      -0.29  555512497 0.0000e+00
    14.8392    0.02251      -0.29  555512499 0.0000e+00
    14.7300    0.03760      -0.29  555512500 0.0000e+00
    14.6021    0.04411      -0.29  555512502 0.0000e+00
    14.5170    0.04655      -0.29  555512503 0.0000e+00
    14.4268    0.05610      -0.29  555512505 0.0000e+00
    14.3370    0.05097      -0.29  555512506 0.0000e+00
    14.2696    0.06019      -0.29  555512508 0.0000e+00
    14.2212    0.05669      -0.29  555512509 0.0000e+00
    14.1586    0.06070      -0.29  555512511 0.0000e+00
    14.1142    0.05330      -0.29  555512512 0.0000e+00
    14.1027    0.05728      -0.29  555512514 0.0000e+00
    14.0793    0.05124      -0.29  555512515 0.0000e+00
    14.0596    0.04633      -0.29  555512517 0.0000e+00
    14.0530    0.03413      -0.28  555512518 0.0000e+00
    14.0906    0.02968      -0.28  555512520 0.0000e+00
    14.2185    0.02791      -0.28  555512521 0.0000e+00
    14.2524    0.02627      -0.28  555512523 0.0000e+00
    14.2667    0.02511      -0.28  555512524 0.0000e+00
    14.2599    0.02432      -0.28  555512526 0.0000e+00
    14.2332    0.02345      -0.28  555512527 0.0000e+00
    14.2308    0.02284      -0.28  555512529 0.0000e+00
    14.2773    0.02217      -0.28  555512530 0.0000e+00
    14.3021    0.02168      -0.28  555512532 0.0000e+00
    14.3281    0.02107      -0.29  555512533 0.0000e+00
    14.3430    0.02104      -0.28  555512535 0.0000e+00
    14.3711    0.02048      -0.29  555512537 0.0000e+00
    14.3732    0.02053      -0.29  555512538 0.0000e+00
    14.4016    0.01992      -0.28  555512540 0.0000e+00
    14.4628    0.01962      -0.29  555512541 0.0000e+00
    14.4761    0.01913      -0.28  555512543 0.0000e+00
    14.4805    0.01888      -0.29  555512544 0.0000e+00
    14.5020    0.01839      -0.29  555512546 0.0000e+00
    14.5125    0.01814      -0.29  555512547 0.0000e+00
    14.5274    0.01787      -0.29  555512549 0.0000e+00
    14.5043    0.01760      -0.29  555512550 0.0000e+00
    14.4839    0.01743      -0.29  555512552 0.0000e+00
    14.4857    0.01739      -0.29  555512553 0.0000e+00
    14.4957    0.01713      -0.29  555512555 0.0000e+00
    14.4997    0.01692      -0.29  555512556 0.0000e+00
    14.5057    0.01701      -0.29  555512558 0.0000e+00
    14.5111    0.01670      -0.29  555512559 0.0000e+00
    14.5179    0.01661      -0.29  555512561 0.0000e+00
    14.5534    0.01644      -0.29  555512562 0.0000e+00
    14.5666    0.01625      -0.29  555512564 0.0000e+00
    14.5864    0.01606      -0.29  555512565 0.0000e+00
    14.5860    0.01608      -0.29  555512567 0.0000e+00
    14.5914    0.01586      -0.29  555512568 0.0000e+00
    14.6002    0.01577      -0.29  555512570 0.0000e+00
    14.6196    0.01557      -0.29  555512571 0.0000e+00
    14.6356    0.01555      -0.29  555512573 0.0000e+00
    14.6655    0.01564      -0.29  555512575 0.0000e+00
    14.6845    0.01559      -0.29  555512576 0.0000e+00
    14.7016    0.01568      -0.29  555512578 0.0000e+00
    14.6932    0.01580      -0.29  555512579 0.0000e+00
    14.6853    0.01567      -0.29  555512581 0.0000e+00
    14.6931    0.01527      -0.29  555512582 0.0000e+00
    14.7224    0.01497      -0.29  555512584 0.0000e+00
    14.7328    0.01479      -0.29  555512585 0.0000e+00
    14.8151    0.01459      -0.29  555512587 0.0000e+00
    14.9712    0.01524      -0.29  555512588 0.0000e+00
    15.0435    0.01580      -0.30  555512590 0.0000e+00
    15.0736    0.01452      -0.30  555512591 0.0000e+00
    15.0944    0.01391      -0.30  555512593 0.0000e+00
    15.0830    0.01368      -0.30  555512594 0.0000e+00
    15.0822    0.01352      -0.30  555512596 0.0000e+00
    15.0684    0.01343      -0.30  555512597 0.0000e+00
    15.0769    0.01331      -0.30  555512599 0.0000e+00
    15.0765    0.01327      -0.30  555512600 0.0000e+00
    15.0720    0.01323      -0.30  555512602 0.0000e+00
    15.0645    0.01311      -0.30  555512603 0.0000e+00
    15.0693    0.01308      -0.30  555512605 0.0000e+00
    15.0643    0.01304      -0.30  555512606 0.0000e+00
    15.0714    0.01298      -0.30  555512608 0.0000e+00
    15.0666    0.01290      -0.31  555512609 0.0000e+00
    15.0628    0.01282      -0.30  555512611 0.0000e+00
    15.0753    0.01275      -0.30  555512612 0.0000e+00
    15.0702    0.01270      -0.30  555512614 0.0000e+00
    15.0619    0.01262      -0.31  555512616 0.0000e+00
    15.0721    0.01254      -0.31  555512617 0.0000e+00
    15.0787    0.01253      -0.30  555512619 0.0000e+00
    15.0748    0.01250      -0.30  555512620 0.0000e+00
    15.0681    0.01245      -0.30  555512622 0.0000e+00
    15.0667    0.01243      -0.31  555512623 0.0000e+00
    15.0085    0.01243      -0.31  555512625 0.0000e+00
    14.9808    0.01240      -0.31  555512626 0.0000e+00
    14.9692    0.01237      -0.30  555512628 0.0000e+00
    14.9694    0.01229      -0.31  555512629 0.0000e+00
    14.9772    0.01226      -0.31  555512631 0.0000e+00
    14.9692    0.01219      -0.31  555512632 0.0000e+00
    14.9859    0.01211      -0.31  555512634 0.0000e+00
    14.9921    0.01206      -0.31  555512635 0.0000e+00
    15.0642    0.01204      -0.31  555512637 0.0000e+00
    15.0758    0.01192      -0.31  555512638 0.0000e+00
    15.0819    0.01186      -0.31  555512640 0.0000e+00
    15.1249    0.01181      -0.31  555512641 0.0000e+00
    15.1455    0.01175      -0.31  555512643 0.0000e+00
    15.1480    0.01167      -0.31  555512644 0.0000e+00
    15.1392    0.01160      -0.31  555512646 0.0000e+00
    15.1420    0.01150      -0.31  555512647 0.0000e+00
    15.1168    0.01146      -0.31  555512649 0.0000e+00
    15.1077    0.01142      -0.31  555512650 0.0000e+00
    15.1092    0.01136      -0.31  555512652 0.0000e+00
    15.0946    0.01132      -0.31  555512654 0.0000e+00
    15.0938    0.01127      -0.31  555512655 0.0000e+00
    15.1015    0.01121      -0.31  555512657 0.0000e+00
    15.1043    0.01117      -0.31  555512658 0.0000e+00
    15.0884    0.01113      -0.31  555512660 0.0000e+00
    15.0888    0.01110      -0.31  555512661 0.0000e+00
    15.0917    0.01106      -0.31  555512663 0.0000e+00
    15.1002    0.01101      -0.31  555512664 0.0000e+00
    15.0964    0.01097      -0.31  555512666 0.0000e+00
    15.0966    0.01093      -0.31  555512667 0.0000e+00
    15.0949    0.01090      -0.31  555512669 0.0000e+00
    15.0939    0.01084      -0.31  555512670 0.0000e+00
    15.0987    0.01079      -0.31  555512672 0.0000e+00
    15.0994    0.01079      -0.31  555512673 0.0000e+00
    15.1010    0.01076      -0.31  555512675 0.0000e+00
    15.0994    0.01072      -0.31  555512676 0.0000e+00
    15.0940    0.01071      -0.31  555512678 0.0000e+00
    15.1008    0.01069      -0.31  555512679 0.0000e+00
    15.1072    0.01065      -0.31  555512681 0.0000e+00
    15.1185    0.01061      -0.31  555512682 0.0000e+00
    15.1386    0.01060      -0.31  555512684 0.0000e+00
    15.1496    0.01057      -0.31  555512685 0.0000e+00
    15.1550    0.01053      -0.31  555512687 0.0000e+00
    15.1600    0.01049      -0.31  555512688 0.0000e+00
    15.1647    0.01047      -0.31  555512690 0.0000e+00
    15.1754    0.01043      -0.31  555512692 0.0000e+00
    15.1801    0.01039      -0.31  555512693 0.0000e+00
    15.1859    0.01035      -0.31  555512695 0.0000e+00
    15.1860    0.01033      -0.31  555512696 0.0000e+00
    15.1899    0.01029      -0.31  555512698 0.0000e+00
    15.1800    0.01028      -0.31  555512699 0.0000e+00
    15.1629    0.01027      -0.31  555512701 0.0000e+00
    15.1646    0.01030      -0.31  555512702 0.0000e+00
    15.1535    0.01026      -0.31  555512704 0.0000e+00
    15.1600    0.01025      -0.31  555512705 0.0000e+00
    15.1677    0.01019      -0.31  555512707 0.0000e+00
    15.1790    0.01013      -0.31  555512708 0.0000e+00
    15.2879    0.01008      -0.31  555512710 0.0000e+00
    15.2901    0.01004      -0.31  555512711 0.0000e+00
    15.2913    0.00999      -0.31  555512713 0.0000e+00
    15.2968    0.00995      -0.31  555512714 0.0000e+00
    15.3716    0.00991      -0.31  555512716 0.0000e+00
    15.3660    0.00987      -0.31  555512717 0.0000e+00
    15.3559    0.00983      -0.31  555512719 0.0000e+00
    15.3467    0.00979      -0.31  555512720 0.0000e+00
    15.3359    0.00977      -0.31  555512722 0.0000e+00
    15.3810    0.00976      -0.31  555512723 0.0000e+00
    15.3676    0.00974      -0.31  555512725 0.0000e+00
    15.3710    0.00973      -0.31  555512726 0.0000e+00
    15.4126    0.00972      -0.31  555512728 0.0000e+00
    15.5180    0.00970      -0.31  555512730 0.0000e+00
    15.5187    0.00968      -0.31  555512731 0.0000e+00
    15.4880    0.00967      -0.31  555512733 0.0000e+00
    15.4768    0.00967      -0.31  555512734 0.0000e+00
    15.5340    0.00966      -0.31  555512736 0.0000e+00
    15.5395    0.00961      -0.31  555512737 0.0000e+00
    15.5204    0.00957      -0.31  555512739 0.0000e+00
    15.4979    0.00954      -0.31  555512740 0.0000e+00
    15.4653    0.00946      -0.31  555512742 0.0000e+00
    15.4365    0.00940      -0.31  555512743 0.0000e+00
    15.4135    0.00938      -0.31  555512745 0.0000e+00
    15.3896    0.00936      -0.31  555512746 0.0000e+00
    15.3668    0.00930      -0.31  555512748 0.0000e+00
    15.3425    0.00928      -0.31  555512749 0.0000e+00
    15.3229    0.00925      -0.31  555512751 0.0000e+00
    15.3027    0.00923      -0.31  555512752 0.0000e+00
    15.2948    0.00923      -0.31  555512754 0.0000e+00
    15.2944    0.00923      -0.31  555512755 0.0000e+00
    15.2925    0.00922      -0.31  555512757 0.0000e+00
    15.2796    0.00921      -0.31  555512758 0.0000e+00
    15.2686    0.00923      -0.31  555512760 0.0000e+00
    15.3150    0.00921      -0.31  555512761 0.0000e+00
    15.3085    0.00919      -0.31  555512763 0.0000e+00
    15.3092    0.00921      -0.31  555512764 0.0000e+00
    15.3089    0.00919      -0.31  555512766 0.0000e+00
    15.3262    0.00919      -0.31  555512767 0.0000e+00
    15.3069    0.00917      -0.31  555512769 0.0000e+00
    15.2886    0.00917      -0.31  555512771 0.0000e+00
    15.3142    0.00915      -0.31  555512772 0.0000e+00
    15.3477    0.00914      -0.31  555512774 0.0000e+00
    15.3398    0.00910      -0.31  555512775 0.0000e+00
    15.3237    0.00909      -0.31  555512777 0.0000e+00
    15.3563    0.00909      -0.31  555512778 0.0000e+00
    15.3849    0.00906      -0.31  555512780 0.0000e+00
    15.3740    0.00905      -0.31  555512781 0.0000e+00
    15.3572    0.00903      -0.31  555512783 0.0000e+00
    15.3675    0.00903      -0.31  555512784 0.0000e+00
    15.3940    0.00900      -0.31  555512786 0.0000e+00
    15.4209    0.00901      -0.31  555512787 0.0000e+00
    15.4105    0.00898      -0.31  555512789 0.0000e+00
    15.3828    0.00896      -0.30  555512790 0.0000e+00
    15.3879    0.00894      -0.31  555512792 0.0000e+00
    15.4677    0.00892      -0.31  555512793 0.0000e+00
    15.4650    0.00889      -0.31  555512795 0.0000e+00
    15.4643    0.00885      -0.31  555512796 0.0000e+00
    15.4607    0.00883      -0.31  555512798 0.0000e+00
    15.4669    0.00881      -0.31  555512799 0.0000e+00
    15.4629    0.00877      -0.31  555512801 0.0000e+00
    15.4594    0.00874      -0.30  555512802 0.0000e+00
    15.4648    0.00872      -0.31  555512804 0.0000e+00
    15.4543    0.00872      -0.31  555512806 0.0000e+00
    15.4438    0.00872      -0.31  555512807 0.0000e+00
    15.4282    0.00868      -0.31  555512809 0.0000e+00
    15.4290    0.00869      -0.31  555512810 0.0000e+00
    15.4364    0.00868      -0.31  555512812 0.0000e+00
    15.4282    0.00868      -0.31  555512813 0.0000e+00
    15.4256    0.00864      -0.31  555512815 0.0000e+00
    15.4249    0.00862      -0.30  555512816 0.0000e+00
    15.4243    0.00864      -0.31  555512818 0.0000e+00
    15.4341    0.00861      -0.31  555512819 0.0000e+00
    15.4452    0.00860      -0.31  555512821 0.0000e+00
    15.4549    0.00857      -0.30  555512822 0.0000e+00
    15.4767    0.00857      -0.31  555512824 0.0000e+00
    15.4899    0.00856      -0.31  555512825 0.0000e+00
    15.5206    0.00855      -0.31  555512827 0.0000e+00
    15.5285    0.00852      -0.30  555512828 0.0000e+00
    15.5372    0.00850      -0.31  555512830 0.0000e+00
    15.5591    0.00849      -0.30  555512831 0.0000e+00
    15.5716    0.00848      -0.31  555512833 0.0000e+00
    15.5503    0.00844      -0.30  555512834 0.0000e+00
    15.5432    0.00845      -0.30  555512836 0.0000e+00
    15.5509    0.00843      -0.30  555512837 0.0000e+00
    15.5426    0.00842      -0.30  555512839 0.0000e+00
    15.5436    0.00839      -0.31  555512840 0.0000e+00
    15.5411    0.00837      -0.30  555512842 0.0000e+00
    15.5504    0.00836      -0.30  555512843 0.0000e+00
    15.5528    0.00834      -0.31  555512845 0.0000e+00
    15.5640    0.00832      -0.30  555512847 0.0000e+00
    15.5622    0.00830      -0.30  555512848 0.0000e+00
    15.5797    0.00827      -0.30  555512850 0.0000e+00
    15.5664    0.00825      -0.30  555512851 0.0000e+00
    15.5388    0.00822      -0.31  555512853 0.0000e+00
    15.5189    0.00820      -0.30  555512854 0.0000e+00
    15.4981    0.00819      -0.31  555512856 0.0000e+00
    15.5471    0.00818      -0.30  555512857 0.0000e+00
    15.5215    0.00816      -0.30  555512859 0.0000e+00
    15.5122    0.00814      -0.30  555512860 0.0000e+00
    15.4912    0.00812      -0.30  555512862 0.0000e+00
    15.5125    0.00811      -0.30  555512863 0.0000e+00
    15.5712    0.00810      -0.30  555512865 0.0000e+00
    15.5539    0.00807      -0.30  555512866 0.0000e+00
    15.5255    0.00806      -0.30  555512868 0.0000e+00
    15.5011    0.00803      -0.31  555512869 0.0000e+00
    15.5482    0.00802      -0.30  555512871 0.0000e+00
    15.5606    0.00801      -0.30  555512872 0.0000e+00
    15.5358    0.00799      -0.30  555512874 0.0000e+00
    15.5147    0.00800      -0.30  555512875 0.0000e+00
    15.5212    0.00799      -0.31  555512877 0.0000e+00
    15.5242    0.00798      -0.30  555512878 0.0000e+00
    15.4957    0.00797      -0.30  555512880 0.0000e+00
    15.4865    0.00797      -0.30  555512881 0.0000e+00
    15.5212    0.00795      -0.30  555512883 0.0000e+00
    15.5349    0.00795      -0.30  555512885 0.0000e+00
    15.5186    0.00795      -0.30  555512886 0.0000e+00
    15.4969    0.00791      -0.30  555512888 0.0000e+00
    15.4691    0.00791      -0.30  555512889 0.0000e+00
    15.4689    0.00789      -0.30  555512891 0.0000e+00
    15.4717    0.00788      -0.30  555512892 0.0000e+00
    15.4655    0.00786      -0.30  555512894 0.0000e+00
    15.4738    0.00785      -0.30  555512895 0.0000e+00
