Code/Hansen Zooplankton Code and Sample Data/data/ctd/gsl_13_SBE37SI-RS232_03706156_2017_08_11_final.cnv
* Sea-Bird SBE37SI-RS232  Data File:
* FileName = C:\Users\General Lab Use\Desktop\SHELAGH CTD 2017\gsl_13_SBE37SI-RS232_03706156_2017_08_11.cnv
* Software version 1.00d
* Temperature SN = 6156
* Conductivity SN = 6156
* System UpLoad Time = Aug 11 2017 10:09:36
* <ApplicationData>
* <Seaterm232>
# nquan = 7                                 
# nvalues = 2684                        
# units = specified
# name 0 = t090C: Temperature [ITS-90, deg C]
# name 1 = c0S/m: Conductivity [S/m]
# name 2 = prM: Pressure [db]
# name 3 = timeK: Time, Seacat Plus [seconds]
# name 4 = sal00: Salinity [PSU]
# name 5 = sigma-t00: Density [sigma-t, Kg/m^3 ]
# name 6 = flag: flag
# span 0 =     0.1630,    17.8244       
# span 1 =   0.000450,   3.535160       
# span 2 =     -0.230,     68.690       
# span 3 =  555746365,  555750454       
# span 4 =     0.0099,    32.4698       
# span 5 =    -1.3474,    26.0314       
# span 6 = 0.0000e+00, 0.0000e+00       
# interval = seconds: 6.000000
# start_time = Aug 11 2017 05:59:25
# bad_flag = -9.990e-29
*END*
[from data line 411]
    14.5591   0.028210     -0.190  555746990     0.1701    -0.7014 0.0000e+00
    14.5391   0.027090     -0.190  555746992     0.1633    -0.7038 0.0000e+00
    14.5539   0.036440     -0.190  555746993     0.2208    -0.6613 0.0000e+00
    14.5774   0.038890     -0.190  555746995     0.2359    -0.6530 0.0000e+00
    14.6312   0.027770     -0.190  555746996     0.1671    -0.7143 0.0000e+00
    14.6713   0.031860     -0.190  555746998     0.1920    -0.7009 0.0000e+00
    14.7043   0.028290     -0.190  555746999     0.1700    -0.7228 0.0000e+00
    14.7566   0.028560     -0.200  555747001     0.1714    -0.7295 0.0000e+00
    14.7598   0.025520     -0.190  555747002     0.1530    -0.7443 0.0000e+00
    14.7716   0.020790     -0.200  555747004     0.1244    -0.7682 0.0000e+00
    14.7758   0.018740     -0.200  555747005     0.1122    -0.7783 0.0000e+00
    14.8125   0.017350     -0.200  555747007     0.1038    -0.7903 0.0000e+00
    14.8149   0.016090     -0.190  555747008     0.0963    -0.7964 0.0000e+00
    14.8391   0.015440     -0.200  555747010     0.0924    -0.8030 0.0000e+00
    14.8276   0.017970     -0.190  555747011     0.1074    -0.7897 0.0000e+00
    14.8416   0.017290     -0.200  555747013     0.1034    -0.7949 0.0000e+00
    14.8287   0.019780     -0.200  555747014     0.1182    -0.7815 0.0000e+00
    14.8524   0.018120     -0.200  555747016     0.1083    -0.7927 0.0000e+00
    14.8283   0.016900     -0.200  555747017     0.1011    -0.7947 0.0000e+00
    14.8641   0.016060     -0.190  555747019     0.0961    -0.8040 0.0000e+00
    14.8949   0.017270     -0.200  555747021     0.1031    -0.8031 0.0000e+00
    14.9375   0.017660     -0.200  555747022     0.1054    -0.8078 0.0000e+00
    14.9256   0.016500     -0.200  555747024     0.0985    -0.8113 0.0000e+00
    14.9212   0.017610     -0.190  555747025     0.1051    -0.8055 0.0000e+00
    14.9118   0.018530     -0.190  555747027     0.1106    -0.7998 0.0000e+00
    14.9201   0.016700     -0.190  555747028     0.0997    -0.8095 0.0000e+00
    15.2133   1.559960      0.180  555747030    11.4468     7.8536 0.0000e+00
    16.9473   3.495730      0.810  555747031    26.5211    19.0306 0.0000e+00
    17.0118   3.502370      1.530  555747033    26.5342    19.0263 0.0000e+00
    17.0181   3.504610      2.200  555747034    26.5487    19.0360 0.0000e+00
    17.0249   3.510070      2.870  555747036    26.5898    19.0659 0.0000e+00
    17.0302   3.509670      3.390  555747037    26.5828    19.0594 0.0000e+00
    17.0327   3.504440      3.290  555747039    26.5373    19.0240 0.0000e+00
    17.0304   3.511870      3.560  555747040    26.6011    19.0733 0.0000e+00
    17.0345   3.524440      2.740  555747042    26.7042    19.1512 0.0000e+00
    17.0339   3.514580      2.370  555747043    26.6219    19.0884 0.0000e+00
    17.0385   3.526230      1.460  555747045    26.7169    19.1600 0.0000e+00
    17.0353   3.520460      1.040  555747046    26.6707    19.1254 0.0000e+00
    17.0343   3.527000      0.220  555747048    26.7266    19.1683 0.0000e+00
    17.0129   1.273790     -0.190  555747049     8.7867     5.4908 0.0000e+00
    16.8959   0.139580     -0.190  555747051     0.8388    -0.5600 0.0000e+00
    16.7811   0.078760     -0.190  555747053     0.4632    -0.8289 0.0000e+00
    16.7288   0.061790     -0.200  555747054     0.3607    -0.8988 0.0000e+00
    16.6695   0.159700     -0.190  555747056     0.9712    -0.4190 0.0000e+00
    16.6083   0.142500     -0.200  555747057     0.8631    -0.4915 0.0000e+00
    16.5240   0.137220     -0.200  555747059     0.8314    -0.5016 0.0000e+00
    16.4845   0.136780     -0.200  555747060     0.8294    -0.4964 0.0000e+00
    16.4484   0.114090     -0.200  555747062     0.6867    -0.6000 0.0000e+00
    16.4087   0.085730     -0.200  555747063     0.5104    -0.7291 0.0000e+00
    16.3737   0.082440     -0.200  555747065     0.4905    -0.7386 0.0000e+00
    16.3174   0.066290     -0.200  555747066     0.3918    -0.8052 0.0000e+00
    16.2770   0.073840     -0.200  555747068     0.4385    -0.7625 0.0000e+00
    16.2422   0.058750     -0.200  555747069     0.3464    -0.8277 0.0000e+00
    16.2066   0.065230     -0.200  555747071     0.3863    -0.7910 0.0000e+00
    16.1741   0.058670     -0.200  555747072     0.3465    -0.8164 0.0000e+00
    16.1338   0.059410     -0.200  555747074     0.3514    -0.8060 0.0000e+00
    16.1055   0.057920     -0.200  555747075     0.3425    -0.8081 0.0000e+00
    16.0572   0.056720     -0.200  555747077     0.3356    -0.8056 0.0000e+00
    16.0092   0.060330     -0.200  555747078     0.3581    -0.7804 0.0000e+00
    15.9913   0.061040     -0.200  555747080     0.3626    -0.7740 0.0000e+00
    15.9736   0.058280     -0.200  555747081     0.3458    -0.7840 0.0000e+00
    15.9630   0.055470     -0.200  555747083     0.3287    -0.7955 0.0000e+00
    15.9450   0.055590     -0.200  555747085     0.3296    -0.7919 0.0000e+00
    15.9317   0.053850     -0.200  555747086     0.3190    -0.7979 0.0000e+00
    15.9153   0.049250     -0.200  555747088     0.2911    -0.8168 0.0000e+00
    15.9126   0.051580     -0.190  555747089     0.3053    -0.8053 0.0000e+00
    15.9193   0.043400     -0.200  555747091     0.2556    -0.8448 0.0000e+00
    15.9297   0.045390     -0.190  555747092     0.2676    -0.8373 0.0000e+00
    15.9335   0.039380     -0.190  555747094     0.2313    -0.8659 0.0000e+00
    15.9397   0.035700     -0.180  555747095     0.2093    -0.8840 0.0000e+00
    15.9617   0.042870     -0.180  555747097     0.2522    -0.8544 0.0000e+00
    15.9749   0.045180     -0.180  555747098     0.2661    -0.8458 0.0000e+00
    15.9816   0.044590     -0.180  555747100     0.2624    -0.8497 0.0000e+00
    15.9819   0.043050     -0.180  555747101     0.2532    -0.8569 0.0000e+00
    15.9984   0.042070     -0.180  555747103     0.2472    -0.8642 0.0000e+00
    16.0121   0.041140     -0.180  555747104     0.2415    -0.8708 0.0000e+00
    16.0167   0.040130     -0.180  555747106     0.2354    -0.8763 0.0000e+00
    16.0117   0.040010     -0.180  555747107     0.2347    -0.8760 0.0000e+00
    16.0061   0.038900     -0.180  555747109     0.2281    -0.8802 0.0000e+00
    16.0040   0.038440     -0.180  555747110     0.2253    -0.8820 0.0000e+00
    16.0096   0.038270     -0.180  555747112     0.2243    -0.8837 0.0000e+00
    16.0031   0.037390     -0.180  555747114     0.2190    -0.8867 0.0000e+00
    15.9947   0.037270     -0.180  555747115     0.2184    -0.8859 0.0000e+00
    15.9853   0.036650     -0.180  555747117     0.2147    -0.8872 0.0000e+00
    15.9773   0.036220     -0.180  555747118     0.2122    -0.8878 0.0000e+00
    15.9676   0.036460     -0.180  555747120     0.2137    -0.8851 0.0000e+00
    15.9637   0.035560     -0.180  555747121     0.2083    -0.8886 0.0000e+00
    15.9523   0.035630     -0.180  555747123     0.2088    -0.8864 0.0000e+00
    15.9454   0.035360     -0.180  555747124     0.2072    -0.8865 0.0000e+00
    15.9317   0.034990     -0.180  555747126     0.2051    -0.8859 0.0000e+00
    15.9204   0.035020     -0.180  555747127     0.2053    -0.8839 0.0000e+00
    15.9094   0.034570     -0.180  555747129     0.2027    -0.8842 0.0000e+00
    15.9039   0.034690     -0.180  555747130     0.2034    -0.8827 0.0000e+00
    15.8973   0.034030     -0.180  555747132     0.1995    -0.8846 0.0000e+00
    15.8983   0.033980     -0.180  555747133     0.1992    -0.8850 0.0000e+00
    15.8958   0.033560     -0.180  555747135     0.1967    -0.8866 0.0000e+00
    15.8878   0.033420     -0.180  555747136     0.1959    -0.8859 0.0000e+00
    15.8996   0.033050     -0.180  555747138     0.1936    -0.8895 0.0000e+00
    15.8896   0.033520     -0.180  555747139     0.1965    -0.8857 0.0000e+00
    15.8846   0.032780     -0.180  555747141     0.1921    -0.8883 0.0000e+00
    15.8854   0.033230     -0.180  555747142     0.1948    -0.8864 0.0000e+00
    15.8733   0.032950     -0.180  555747144     0.1931    -0.8857 0.0000e+00
    15.8737   0.032860     -0.180  555747146     0.1926    -0.8861 0.0000e+00
    15.8638   0.032970     -0.180  555747147     0.1933    -0.8840 0.0000e+00
    15.8750   0.032420     -0.180  555747149     0.1900    -0.8884 0.0000e+00
    15.8711   0.032790     -0.180  555747150     0.1922    -0.8860 0.0000e+00
    15.8807   0.032270     -0.180  555747152     0.1891    -0.8900 0.0000e+00
    15.8745   0.032400     -0.180  555747153     0.1899    -0.8884 0.0000e+00
    15.8770   0.031860     -0.180  555747155     0.1866    -0.8913 0.0000e+00
    15.8786   0.032290     -0.180  555747156     0.1892    -0.8896 0.0000e+00
    15.8740   0.031410     -0.180  555747158     0.1840    -0.8929 0.0000e+00
    15.8704   0.031940     -0.180  555747159     0.1871    -0.8898 0.0000e+00
    15.8622   0.031210     -0.180  555747161     0.1828    -0.8919 0.0000e+00
    15.8591   0.031660     -0.180  555747162     0.1855    -0.8893 0.0000e+00
    15.8546   0.030630     -0.180  555747164     0.1794    -0.8933 0.0000e+00
    15.8537   0.030710     -0.180  555747165     0.1799    -0.8928 0.0000e+00
    15.8423   0.030650     -0.180  555747167     0.1796    -0.8912 0.0000e+00
    15.8437   0.030870     -0.180  555747168     0.1809    -0.8904 0.0000e+00
    15.8356   0.030610     -0.180  555747170     0.1794    -0.8902 0.0000e+00
    15.8324   0.030530     -0.180  555747171     0.1789    -0.8901 0.0000e+00
    15.8282   0.030300     -0.180  555747173     0.1776    -0.8904 0.0000e+00
    15.8265   0.030330     -0.180  555747175     0.1778    -0.8900 0.0000e+00
    15.8188   0.030100     -0.180  555747176     0.1764    -0.8898 0.0000e+00
    15.8152   0.029820     -0.190  555747178     0.1748    -0.8905 0.0000e+00
    15.8118   0.030100     -0.180  555747179     0.1764    -0.8887 0.0000e+00
    15.8133   0.029410     -0.180  555747181     0.1723    -0.8921 0.0000e+00
    15.8158   0.029900     -0.180  555747182     0.1752    -0.8903 0.0000e+00
    15.8178   0.032590     -0.190  555747184     0.1913    -0.8782 0.0000e+00
    15.8219   0.041930     -0.200  555747185     0.2473    -0.8355 0.0000e+00
    15.8178   0.043110     -0.200  555747187     0.2545    -0.8293 0.0000e+00
    15.8098   0.032780     -0.200  555747188     0.1924    -0.8760 0.0000e+00
    15.7764   0.029860     -0.200  555747190     0.1752    -0.8840 0.0000e+00
    15.7250   0.022350     -0.200  555747191     0.1309    -0.9100 0.0000e+00
    15.7161   0.019310     -0.200  555747193     0.1132    -0.9223 0.0000e+00
    15.7120   0.018640     -0.210  555747194     0.1093    -0.9247 0.0000e+00
    15.7008   0.024200     -0.200  555747196     0.1419    -0.8976 0.0000e+00
    15.7001   0.022960     -0.200  555747197     0.1346    -0.9032 0.0000e+00
    15.6954   0.023100     -0.200  555747199     0.1354    -0.9018 0.0000e+00
    15.6947   0.020660     -0.200  555747200     0.1211    -0.9127 0.0000e+00
    15.6942   0.019100     -0.200  555747202     0.1120    -0.9197 0.0000e+00
    15.6926   0.017540     -0.200  555747203     0.1030    -0.9265 0.0000e+00
    15.7067   0.016430     -0.200  555747205     0.0965    -0.9337 0.0000e+00
    15.7077   0.015600     -0.200  555747207     0.0917    -0.9376 0.0000e+00
    15.7066   0.014700     -0.200  555747208     0.0865    -0.9414 0.0000e+00
    15.7085   0.014320     -0.200  555747210     0.0843    -0.9434 0.0000e+00
    15.7072   0.013590     -0.200  555747211     0.0802    -0.9465 0.0000e+00
    15.7061   0.013360     -0.200  555747213     0.0788    -0.9473 0.0000e+00
    15.7027   0.012830     -0.200  555747214     0.0758    -0.9491 0.0000e+00
    15.6975   0.012610     -0.200  555747216     0.0746    -0.9492 0.0000e+00
    15.6949   0.012490     -0.200  555747217     0.0739    -0.9494 0.0000e+00
    15.6916   0.012040     -0.200  555747219     0.0713    -0.9508 0.0000e+00
    15.6935   0.085320     -0.180  555747220     0.5168    -0.6068 0.0000e+00
    16.8223   3.242060      0.300  555747222    24.4764    17.4951 0.0000e+00
    17.0104   3.517880      1.010  555747223    26.6655    19.1270 0.0000e+00
    17.0163   3.516040      1.610  555747225    26.6460    19.1108 0.0000e+00
    17.0211   3.522370      2.480  555747226    26.6957    19.1477 0.0000e+00
    17.0333   3.522950      3.090  555747228    26.6924    19.1424 0.0000e+00
    17.0186   3.524540      3.950  555747229    26.7152    19.1631 0.0000e+00
    16.8819   3.520220      4.530  555747231    26.7692    19.2350 0.0000e+00
    16.8446   3.518350      5.380  555747232    26.7780    19.2500 0.0000e+00
    16.8051   3.515780      5.930  555747234    26.7824    19.2621 0.0000e+00
    16.7435   3.511890      6.810  555747235    26.7902    19.2818 0.0000e+00
    16.4826   3.496800      7.660  555747237    26.8363    19.3744 0.0000e+00
    16.4372   3.491410      8.470  555747239    26.8206    19.3724 0.0000e+00
    16.3882   3.492440      9.090  555747240    26.8620    19.4148 0.0000e+00
    16.2443   3.478120     10.110  555747242    26.8361    19.4262 0.0000e+00
    15.9839   3.464390     11.180  555747243    26.8937    19.5264 0.0000e+00
    15.9418   3.460670     11.550  555747245    26.8900    19.5327 0.0000e+00
    15.6376   3.443090     12.310  555747246    26.9444    19.6390 0.0000e+00
    15.5236   3.442290     12.720  555747248    27.0152    19.7173 0.0000e+00
    15.3694   3.427900     13.470  555747249    26.9952    19.7343 0.0000e+00
    15.1610   3.417520     14.060  555747251    27.0475    19.8177 0.0000e+00
    14.2785   3.390910     14.590  555747252    27.4279    20.2891 0.0000e+00
    13.4740   3.353150     15.150  555747254    27.6619    20.6264 0.0000e+00
    12.9851   3.366150     15.210  555747255    28.1395    21.0877 0.0000e+00
    12.9121   3.344510     15.330  555747257    27.9930    20.9882 0.0000e+00
    12.7396   3.319830     15.930  555747258    27.8910    20.9413 0.0000e+00
    11.8661   3.308360     16.300  555747260    28.4383    21.5225 0.0000e+00
    11.3553   3.290150     16.340  555747261    28.6566    21.7808 0.0000e+00
    11.1654   3.247730     17.350  555747263    28.3932    21.6087 0.0000e+00
    11.0812   3.247650     17.980  555747264    28.4572    21.6726 0.0000e+00
    10.7723   3.229740     19.050  555747266    28.5220    21.7745 0.0000e+00
    10.9569   3.241300     19.530  555747267    28.4911    21.7198 0.0000e+00
    10.6827   3.219050     20.580  555747269    28.4867    21.7618 0.0000e+00
    10.6334   3.232960     21.390  555747270    28.6612    21.9056 0.0000e+00
    10.4999   3.210870     22.460  555747272    28.5484    21.8397 0.0000e+00
     9.6313   3.191670     23.280  555747274    29.0475    22.3661 0.0000e+00
     9.3386   3.159990     24.030  555747275    28.9638    22.3454 0.0000e+00
     8.1439   3.120900     25.030  555747277    29.5466    22.9745 0.0000e+00
     7.7834   3.101030     25.480  555747278    29.6422    23.0989 0.0000e+00
     6.9084   3.077480     26.280  555747280    30.1449    23.6083 0.0000e+00
     6.7181   3.052550     27.160  555747281    30.0407    23.5502 0.0000e+00
     6.2826   3.048980     28.020  555747283    30.3864    23.8756 0.0000e+00
     5.5990   3.013830     28.720  555747284    30.6114    24.1325 0.0000e+00
     5.2745   2.982590     29.320  555747286    30.5548    24.1236 0.0000e+00
     5.0860   2.974540     29.710  555747287    30.6358    24.2080 0.0000e+00
     4.2473   2.942940     30.360  555747289    31.0526    24.6238 0.0000e+00
     4.0050   2.899490     29.700  555747290    30.7736    24.4252 0.0000e+00
     3.6624   2.899150     30.060  555747292    31.0939    24.7113 0.0000e+00
     3.6039   2.895900     29.670  555747293    31.1115    24.7305 0.0000e+00
     3.4691   2.891880     29.910  555747295    31.1928    24.8072 0.0000e+00
     3.3714   2.881040     29.540  555747296    31.1577    24.7878 0.0000e+00
     3.2831   2.874310     29.760  555747298    31.1622    24.7989 0.0000e+00
     3.2555   2.870290     29.570  555747299    31.1407    24.7842 0.0000e+00
