Code/Hansen Zooplankton Code and Sample Data/data/ctd/gsl_15_SBE37SI-RS232_03706156_2017_08_12.cnv
* Sea-Bird SBE37SI-RS232  Data File:
* FileName = C:\Users\General Lab Use\Desktop\SHELAGH CTD 2017\gsl_15_SBE37SI-RS232_03706156_2017_08_12.cnv
* Software version 1.00d
* Temperature SN = 6156
* Conductivity SN = 6156
* System UpLoad Time = Aug 12 2017 05:01:32
* <ApplicationData>
* <Seaterm232>
# nquan = 5
# nvalues = 2498
# units = specified
# name 0 = t090C: Temperature [ITS-90, deg C]
# name 1 = c0S/m: Conductivity [S/m]
# name 2 = prM: Pressure [db]
# name 3 = timeK: Time, Seacat Plus [seconds]
# name 4 = flag: Flag
# span 0 =     -0.8190,    20.1498
# span 1 =    0.000295,   3.673859
# span 2 =      -0.249,     72.135
# span 3 =   555814505,  555818311
# span 4 =  0.0000e+00, 0.0000e+00
# interval = seconds: 6.000000
# start_time = Aug 12 2017 00:55:05
# bad_flag = -9.990e-29
*END*
[from data line 572]
     5.0603    2.86621      19.16  555815376 0.0000e+00
     4.3786    2.86743      19.37  555815377 0.0000e+00
     4.0577    2.79567      20.71  555815379 0.0000e+00
     3.6647    2.79857      20.95  555815381 0.0000e+00
     3.3060    2.76737      22.23  555815382 0.0000e+00
     3.0066    2.77844      22.45  555815384 0.0000e+00
     2.9788    2.76417      23.72  555815385 0.0000e+00
     2.9606    2.77735      24.00  555815387 0.0000e+00
     2.8483    2.77052      25.07  555815388 0.0000e+00
     2.4908    2.75795      25.63  555815390 0.0000e+00
     1.9136    2.71540      26.80  555815391 0.0000e+00
     1.8198    2.71471      27.37  555815393 0.0000e+00
     1.7138    2.70801      28.36  555815394 0.0000e+00
     1.6947    2.69985      28.86  555815396 0.0000e+00
     1.4808    2.69778      29.74  555815397 0.0000e+00
     1.2081    2.66925      30.49  555815399 0.0000e+00
     0.8408    2.65799      31.43  555815400 0.0000e+00
     0.5691    2.64507      32.01  555815402 0.0000e+00
     0.3985    2.63416      32.91  555815403 0.0000e+00
     0.2663    2.62425      33.84  555815405 0.0000e+00
     0.1504    2.63615      34.51  555815406 0.0000e+00
     0.0903    2.60581      35.71  555815408 0.0000e+00
    -0.1874    2.61285      36.10  555815409 0.0000e+00
    -0.2479    2.59197      37.13  555815411 0.0000e+00
    -0.3866    2.60874      37.50  555815412 0.0000e+00
    -0.4435    2.58078      38.60  555815414 0.0000e+00
    -0.5246    2.59885      38.85  555815415 0.0000e+00
    -0.5311    2.58455      39.65  555815417 0.0000e+00
    -0.5363    2.58452      39.19  555815419 0.0000e+00
    -0.5433    2.59364      39.45  555815420 0.0000e+00
    -0.5401    2.58288      39.06  555815422 0.0000e+00
    -0.5440    2.58984      39.05  555815423 0.0000e+00
    -0.5411    2.58708      39.71  555815425 0.0000e+00
    -0.5471    2.58026      40.37  555815426 0.0000e+00
    -0.5531    2.57727      41.18  555815428 0.0000e+00
    -0.5190    2.57677      41.54  555815429 0.0000e+00
    -0.4967    2.57984      42.51  555815431 0.0000e+00
    -0.4676    2.58101      42.76  555815432 0.0000e+00
    -0.4334    2.58448      43.78  555815434 0.0000e+00
    -0.5108    2.58239      44.13  555815435 0.0000e+00
    -0.6416    2.57944      45.03  555815437 0.0000e+00
    -0.7124    2.57524      45.71  555815438 0.0000e+00
    -0.7213    2.57490      46.69  555815440 0.0000e+00
    -0.8139    2.57037      47.37  555815441 0.0000e+00
    -0.8190    2.57116      48.34  555815443 0.0000e+00
    -0.7589    2.57857      49.04  555815444 0.0000e+00
    -0.6060    2.59039      49.82  555815446 0.0000e+00
    -0.4597    2.60607      50.70  555815447 0.0000e+00
    -0.1740    2.62529      51.51  555815449 0.0000e+00
    -0.0369    2.63717      52.14  555815451 0.0000e+00
    -0.1010    2.63607      53.06  555815452 0.0000e+00
    -0.2630    2.63033      53.71  555815454 0.0000e+00
    -0.2975    2.63140      54.57  555815455 0.0000e+00
    -0.0265    2.64747      55.28  555815457 0.0000e+00
     0.0333    2.65229      55.92  555815458 0.0000e+00
     0.0348    2.65436      56.75  555815460 0.0000e+00
     0.0349    2.65593      57.31  555815461 0.0000e+00
     0.0372    2.65724      58.18  555815463 0.0000e+00
     0.0331    2.65755      58.81  555815464 0.0000e+00
     0.0155    2.65684      59.84  555815466 0.0000e+00
    -0.0034    2.65628      60.44  555815467 0.0000e+00
    -0.0291    2.65486      61.43  555815469 0.0000e+00
    -0.0525    2.65393      62.09  555815470 0.0000e+00
    -0.0628    2.65332      63.17  555815472 0.0000e+00
    -0.0558    2.65445      63.67  555815473 0.0000e+00
    -0.0483    2.65431      64.58  555815475 0.0000e+00
    -0.0373    2.65556      65.39  555815476 0.0000e+00
    -0.0262    2.65642      66.27  555815478 0.0000e+00
    -0.0174    2.65751      67.00  555815479 0.0000e+00
    -0.0118    2.65794      67.84  555815481 0.0000e+00
    -0.0058    2.65852      68.72  555815482 0.0000e+00
     0.0015    2.65915      69.62  555815484 0.0000e+00
     0.0054    2.65945      70.44  555815485 0.0000e+00
     0.0066    2.65954      71.09  555815487 0.0000e+00
     0.0073    2.66009      71.57  555815489 0.0000e+00
     0.0082    2.65864      72.11  555815490 0.0000e+00
     0.0086    2.65864      72.06  555815492 0.0000e+00
     0.0116    2.63745      72.12  555815493 0.0000e+00
     0.0118    2.64739      71.32  555815495 0.0000e+00
     0.0083    2.65037      72.14  555815496 0.0000e+00
     0.0084    2.65389      71.66  555815498 0.0000e+00
     0.0088    2.65066      72.12  555815499 0.0000e+00
     0.0096    2.65428      70.82  555815501 0.0000e+00
     0.0074    2.65685      70.95  555815502 0.0000e+00
     0.0074    2.65897      69.69  555815504 0.0000e+00
     0.0042    2.65866      68.95  555815505 0.0000e+00
     0.0007    2.65843      68.13  555815507 0.0000e+00
    -0.0027    2.65794      67.35  555815508 0.0000e+00
    -0.0063    2.65737      66.79  555815510 0.0000e+00
    -0.0110    2.65688      66.07  555815511 0.0000e+00
    -0.0210    2.65637      65.67  555815513 0.0000e+00
    -0.0261    2.65533      64.83  555815514 0.0000e+00
    -0.0381    2.65534      64.58  555815516 0.0000e+00
    -0.0412    2.65366      63.58  555815517 0.0000e+00
    -0.0533    2.65330      63.28  555815519 0.0000e+00
    -0.0583    2.65206      62.28  555815521 0.0000e+00
    -0.0664    2.65207      61.99  555815522 0.0000e+00
    -0.0640    2.65183      61.07  555815524 0.0000e+00
    -0.0444    2.65302      60.74  555815525 0.0000e+00
    -0.0198    2.65443      59.71  555815527 0.0000e+00
     0.0000    2.65499      59.28  555815528 0.0000e+00
     0.0118    2.65588      58.38  555815530 0.0000e+00
     0.0267    2.65630      57.93  555815531 0.0000e+00
     0.0330    2.65644      57.15  555815533 0.0000e+00
     0.0352    2.65586      56.63  555815534 0.0000e+00
     0.0345    2.65584      56.24  555815536 0.0000e+00
     0.0333    2.65528      55.65  555815537 0.0000e+00
     0.0387    2.65520      55.30  555815539 0.0000e+00
     0.0274    2.65214      54.66  555815540 0.0000e+00
     0.0008    2.65205      54.25  555815542 0.0000e+00
    -0.0997    2.63447      53.51  555815543 0.0000e+00
    -0.3029    2.62493      53.12  555815545 0.0000e+00
    -0.3558    2.62354      52.63  555815546 0.0000e+00
    -0.2966    2.62902      52.55  555815548 0.0000e+00
    -0.2237    2.62969      52.26  555815549 0.0000e+00
    -0.2172    2.63194      51.86  555815551 0.0000e+00
    -0.1381    2.63416      51.95  555815553 0.0000e+00
    -0.1138    2.63728      51.20  555815554 0.0000e+00
    -0.0607    2.63837      50.85  555815556 0.0000e+00
    -0.1102    2.63006      49.99  555815557 0.0000e+00
    -0.2784    2.62079      49.74  555815559 0.0000e+00
    -0.4913    2.59671      48.94  555815560 0.0000e+00
    -0.6171    2.58515      48.49  555815562 0.0000e+00
    -0.7525    2.58107      48.10  555815563 0.0000e+00
    -0.8188    2.56507      47.17  555815565 0.0000e+00
    -0.8148    2.56872      46.95  555815566 0.0000e+00
    -0.8155    2.56271      46.04  555815568 0.0000e+00
    -0.7327    2.56616      45.71  555815569 0.0000e+00
    -0.7279    2.56272      45.05  555815571 0.0000e+00
    -0.7270    2.56361      44.50  555815572 0.0000e+00
    -0.6456    2.56652      43.72  555815574 0.0000e+00
    -0.5950    2.56977      43.29  555815575 0.0000e+00
    -0.4419    2.57324      42.39  555815577 0.0000e+00
    -0.4701    2.57174      42.07  555815578 0.0000e+00
    -0.4821    2.56991      41.34  555815580 0.0000e+00
    -0.5043    2.56724      40.74  555815581 0.0000e+00
    -0.5430    2.56153      40.14  555815583 0.0000e+00
    -0.5772    2.55929      39.44  555815584 0.0000e+00
    -0.5564    2.56030      39.09  555815586 0.0000e+00
    -0.5483    2.55907      38.35  555815588 0.0000e+00
    -0.5315    2.55984      38.02  555815589 0.0000e+00
    -0.4813    2.56228      37.30  555815591 0.0000e+00
    -0.4244    2.56306      37.06  555815592 0.0000e+00
    -0.3722    2.56505      36.51  555815594 0.0000e+00
    -0.3267    2.56640      36.03  555815595 0.0000e+00
    -0.2634    2.56545      35.67  555815597 0.0000e+00
    -0.1826    2.56926      35.12  555815598 0.0000e+00
    -0.0389    2.57515      34.71  555815600 0.0000e+00
     0.0647    2.57628      34.36  555815601 0.0000e+00
     0.0580    2.57907      33.67  555815603 0.0000e+00
     0.1777    2.58067      33.58  555815604 0.0000e+00
     0.2018    2.58533      32.77  555815606 0.0000e+00
     0.2359    2.58374      32.75  555815607 0.0000e+00
     0.2742    2.59086      31.93  555815609 0.0000e+00
     0.3667    2.58997      31.90  555815610 0.0000e+00
     0.4224    2.59797      31.13  555815612 0.0000e+00
     0.5273    2.59659      31.12  555815613 0.0000e+00
     0.5709    2.60535      30.43  555815615 0.0000e+00
     0.7210    2.60953      30.37  555815616 0.0000e+00
     0.8699    2.61803      29.86  555815618 0.0000e+00
     0.9637    2.62388      29.36  555815620 0.0000e+00
     1.1721    2.63423      29.04  555815621 0.0000e+00
     1.3934    2.64574      28.69  555815623 0.0000e+00
     1.6100    2.65206      28.38  555815624 0.0000e+00
     1.6966    2.66221      27.64  555815626 0.0000e+00
     1.7167    2.65711      27.39  555815627 0.0000e+00
     1.7082    2.65522      27.06  555815629 0.0000e+00
     1.7018    2.65467      26.77  555815630 0.0000e+00
     1.7251    2.65889      26.09  555815632 0.0000e+00
     1.8107    2.65781      26.01  555815633 0.0000e+00
     1.8875    2.66951      25.38  555815635 0.0000e+00
     1.9906    2.67745      24.96  555815636 0.0000e+00
     2.3600    2.70082      24.72  555815638 0.0000e+00
     2.7410    2.71809      24.36  555815639 0.0000e+00
     2.8425    2.71858      23.67  555815641 0.0000e+00
     2.7771    2.71510      23.47  555815642 0.0000e+00
     2.9330    2.72482      23.09  555815644 0.0000e+00
     2.9498    2.72519      22.64  555815645 0.0000e+00
     2.9441    2.72248      22.09  555815647 0.0000e+00
     2.9062    2.71508      21.82  555815648 0.0000e+00
     3.0200    2.71505      21.56  555815650 0.0000e+00
     3.1209    2.72500      20.80  555815651 0.0000e+00
     3.2126    2.72311      20.57  555815653 0.0000e+00
     3.3604    2.73461      19.95  555815655 0.0000e+00
     3.5642    2.73758      19.72  555815656 0.0000e+00
     3.8939    2.76036      19.19  555815658 0.0000e+00
     4.1788    2.76377      19.05  555815659 0.0000e+00
     4.5206    2.79601      18.37  555815661 0.0000e+00
     4.9274    2.80812      18.17  555815662 0.0000e+00
     5.2453    2.83117      17.42  555815664 0.0000e+00
     5.4439    2.83029      17.31  555815665 0.0000e+00
     5.7327    2.86027      16.50  555815667 0.0000e+00
     6.0104    2.85243      16.55  555815668 0.0000e+00
     6.2273    2.89224      15.69  555815670 0.0000e+00
     6.5763    2.88450      15.86  555815671 0.0000e+00
     6.6555    2.91782      15.01  555815673 0.0000e+00
     7.1214    2.92216      15.16  555815674 0.0000e+00
     7.2525    2.94751      14.32  555815676 0.0000e+00
     7.3614    2.94007      14.36  555815677 0.0000e+00
     7.5427    2.97607      13.77  555815679 0.0000e+00
     7.8313    2.98364      13.58  555815680 0.0000e+00
     7.9734    2.98645      13.33  555815682 0.0000e+00
     8.1061    2.99530      13.05  555815683 0.0000e+00
     8.3610    3.01989      12.49  555815685 0.0000e+00
     8.6356    3.02000      12.39  555815687 0.0000e+00
     8.9258    3.04134      12.09  555815688 0.0000e+00
     9.2698    3.08048      11.50  555815690 0.0000e+00
     9.6152    3.07159      11.48  555815691 0.0000e+00
    10.6090    3.15289      10.94  555815693 0.0000e+00
    11.6778    3.17098      10.79  555815694 0.0000e+00
    12.1534    3.20022      10.56  555815696 0.0000e+00
    12.8558    3.29114       9.96  555815697 0.0000e+00
    14.1290    3.35358       9.68  555815699 0.0000e+00
    15.5100    3.41289       9.51  555815700 0.0000e+00
    16.4448    3.51488       8.78  555815702 0.0000e+00
    17.2402    3.49783       8.74  555815703 0.0000e+00
    17.3586    3.54275       8.20  555815705 0.0000e+00
    17.4276    3.54920       7.73  555815706 0.0000e+00
    17.6765    3.52922       7.55  555815708 0.0000e+00
    17.8938    3.55358       7.29  555815709 0.0000e+00
    18.0975    3.59707       6.68  555815711 0.0000e+00
    18.2708    3.58742       6.49  555815712 0.0000e+00
    18.4232    3.61199       6.17  555815714 0.0000e+00
    18.5335    3.63263       5.65  555815715 0.0000e+00
    18.5885    3.62972       5.38  555815717 0.0000e+00
    18.6133    3.63950       4.72  555815718 0.0000e+00
    18.6266    3.62509       4.71  555815720 0.0000e+00
    18.6261    3.63774       4.04  555815722 0.0000e+00
    18.6242    3.63343       3.78  555815723 0.0000e+00
    18.6320    3.64355       3.09  555815725 0.0000e+00
    18.6303    3.63477       2.86  555815726 0.0000e+00
    18.6339    3.64733       2.11  555815728 0.0000e+00
    18.6375    3.64368       1.79  555815729 0.0000e+00
    18.6358    3.64641       1.25  555815731 0.0000e+00
    18.6337    3.65160       0.40  555815732 0.0000e+00
    18.6303    3.64108       0.34  555815734 0.0000e+00
    18.6298    3.64347       0.58  555815735 0.0000e+00
    18.6270    3.64769       0.22  555815737 0.0000e+00
    18.6291    3.64686       0.71  555815738 0.0000e+00
    18.6259    3.64174       0.34  555815740 0.0000e+00
    18.6297    3.64057       0.43  555815741 0.0000e+00
    18.6281    3.64857       0.13  555815743 0.0000e+00
    18.6253    3.63538       0.22  555815744 0.0000e+00
    18.6184    3.63991       0.09  555815746 0.0000e+00
    18.6271    3.64742       0.19  555815747 0.0000e+00
    18.6265    3.64271       0.09  555815749 0.0000e+00
    18.6329    3.63945       0.26  555815750 0.0000e+00
    18.6301    3.64574       0.04  555815752 0.0000e+00
    18.6292    3.64723       0.32  555815754 0.0000e+00
    18.6312    3.65167       0.24  555815755 0.0000e+00
    18.6361    3.64894       0.21  555815757 0.0000e+00
    18.6351    3.64535       0.24  555815758 0.0000e+00
    18.6348    3.64864       0.22  555815760 0.0000e+00
    18.6371    3.64757       0.33  555815761 0.0000e+00
    18.6350    3.64872       0.20  555815763 0.0000e+00
    18.6245    1.02496      -0.20  555815764 0.0000e+00
    18.5737    0.31395      -0.20  555815766 0.0000e+00
    18.5367    0.23568      -0.20  555815767 0.0000e+00
    18.4975    0.20544      -0.20  555815769 0.0000e+00
    18.4419    0.17311      -0.21  555815770 0.0000e+00
    18.4001    0.10819      -0.20  555815772 0.0000e+00
    18.3421    0.09785      -0.20  555815773 0.0000e+00
    18.2857    0.14765      -0.20  555815775 0.0000e+00
    18.2370    0.14657      -0.20  555815776 0.0000e+00
    18.2141    0.14413      -0.20  555815778 0.0000e+00
    18.1973    0.11319      -0.20  555815779 0.0000e+00
    18.1934    0.09584      -0.20  555815781 0.0000e+00
    18.1915    0.07972      -0.20  555815783 0.0000e+00
    18.1948    0.06757      -0.20  555815784 0.0000e+00
    18.1951    0.06408      -0.20  555815786 0.0000e+00
    18.1991    0.05871      -0.20  555815787 0.0000e+00
    18.2114    0.05216      -0.20  555815789 0.0000e+00
    18.2232    0.04922      -0.20  555815790 0.0000e+00
    18.2214    0.04637      -0.20  555815792 0.0000e+00
    18.2252    0.04560      -0.20  555815793 0.0000e+00
    18.2238    0.04220      -0.20  555815795 0.0000e+00
    18.2295    0.04087      -0.20  555815796 0.0000e+00
    18.2325    0.03606      -0.20  555815798 0.0000e+00
    18.2363    0.03640      -0.20  555815799 0.0000e+00
    18.2272    0.03310      -0.20  555815801 0.0000e+00
    18.2279    0.03355      -0.20  555815802 0.0000e+00
    18.2258    0.03140      -0.20  555815804 0.0000e+00
    18.2152    0.03295      -0.20  555815805 0.0000e+00
    18.2042    0.03152      -0.20  555815807 0.0000e+00
    18.1849    0.03269      -0.20  555815808 0.0000e+00
