Code/Hansen Zooplankton Code and Sample Data/data/ctd/gsl_11_SBE37SI-RS232_03706156_2017_08_10_final.cnv
* Sea-Bird SBE37SI-RS232  Data File:
* FileName = C:\Users\General Lab Use\Desktop\SHELAGH CTD 2017\gsl_11_SBE37SI-RS232_03706156_2017_08_10.cnv
* Software version 1.00d
* Temperature SN = 6156
* Conductivity SN = 6156
* System UpLoad Time = Aug 10 2017 15:50:10
* <ApplicationData>
* <Seaterm232>
# nquan = 7                                 
# nvalues = 2243                        
# units = specified
# name 0 = t090C: Temperature [ITS-90, deg C]
# name 1 = c0S/m: Conductivity [S/m]
# name 2 = prM: Pressure [db]
# name 3 = timeK: Time, Seacat Plus [seconds]
# name 4 = sal00: Salinity [PSU]
# name 5 = sigma-t00: Density [sigma-t, Kg/m^3 ]
# name 6 = flag: flag
# span 0 =     0.3286,    18.3628       
# span 1 =   0.000200,   3.405210       
# span 2 =     -0.230,     89.660       
# span 3 =  555681024,  555684453       
# span 4 =     0.0091,    32.2682       
# span 5 =    -1.4629,    25.8670       
# span 6 = 0.0000e+00, 0.0000e+00       
# interval = seconds: 6.000000
# start_time = Aug 10 2017 11:50:24
# bad_flag = -9.990e-29
*END*
[from data line 616]
     0.3500   2.679420     52.770  555681966    31.6393    25.3779 0.0000e+00
     0.3516   2.679270     52.480  555681967    31.6359    25.3750 0.0000e+00
     0.3507   2.678420     51.920  555681969    31.6261    25.3672 0.0000e+00
     0.3493   2.678110     51.440  555681970    31.6238    25.3654 0.0000e+00
     0.3472   2.677690     51.090  555681972    31.6207    25.3630 0.0000e+00
     0.3406   2.676430     50.590  555681973    31.6114    25.3558 0.0000e+00
     0.3372   2.675530     50.070  555681975    31.6035    25.3496 0.0000e+00
     0.3318   2.674610     49.770  555681976    31.5972    25.3448 0.0000e+00
     0.3286   2.672540     49.260  555681978    31.5739    25.3261 0.0000e+00
     0.3321   2.671080     48.730  555681979    31.5516    25.3080 0.0000e+00
     0.3473   2.671270     48.300  555681981    31.5387    25.2969 0.0000e+00
     0.3787   2.668830     47.920  555681982    31.4751    25.2442 0.0000e+00
     0.3805   2.665560     47.260  555681984    31.4312    25.2087 0.0000e+00
     0.3929   2.666280     47.020  555681985    31.4280    25.2055 0.0000e+00
     0.4118   2.667170     46.320  555681987    31.4206    25.1987 0.0000e+00
     0.4364   2.667640     45.910  555681988    31.4019    25.1824 0.0000e+00
     0.4554   2.667540     45.440  555681990    31.3815    25.1651 0.0000e+00
     0.4638   2.667930     44.890  555681992    31.3783    25.1621 0.0000e+00
     0.4708   2.668000     44.620  555681993    31.3722    25.1568 0.0000e+00
     0.4743   2.668380     44.110  555681995    31.3738    25.1580 0.0000e+00
     0.4758   2.668490     43.610  555681996    31.3740    25.1581 0.0000e+00
     0.4883   2.667970     43.280  555681998    31.3548    25.1419 0.0000e+00
     0.5007   2.667780     42.580  555681999    31.3401    25.1295 0.0000e+00
     0.5232   2.667780     42.440  555682001    31.3173    25.1101 0.0000e+00
     0.5512   2.668560     42.180  555682002    31.2991    25.0940 0.0000e+00
     0.5907   2.671840     41.450  555682004    31.3018    25.0942 0.0000e+00
     0.7138   2.673240     41.310  555682005    31.1955    25.0024 0.0000e+00
     0.7625   2.678100     40.690  555682007    31.2092    25.0108 0.0000e+00
     0.7899   2.679930     40.270  555682008    31.2053    25.0063 0.0000e+00
     0.8966   2.683090     39.940  555682010    31.1387    24.9470 0.0000e+00
     0.9199   2.685400     39.270  555682011    31.1452    24.9510 0.0000e+00
     0.9482   2.684490     39.000  555682013    31.1054    24.9175 0.0000e+00
     0.9647   2.687180     38.350  555682014    31.1235    24.9311 0.0000e+00
     0.9825   2.687220     38.050  555682016    31.1064    24.9164 0.0000e+00
     1.0041   2.687720     37.580  555682017    31.0914    24.9032 0.0000e+00
     1.0445   2.687590     37.260  555682019    31.0496    24.8673 0.0000e+00
     1.0418   2.685110     36.790  555682020    31.0210    24.8445 0.0000e+00
     1.0389   2.684030     36.410  555682022    31.0104    24.8361 0.0000e+00
     1.0940   2.687160     36.170  555682024    30.9954    24.8210 0.0000e+00
     1.1575   2.687900     35.970  555682025    30.9418    24.7744 0.0000e+00
     1.1703   2.691080     35.480  555682027    30.9697    24.7960 0.0000e+00
     1.1740   2.690430     35.380  555682028    30.9578    24.7863 0.0000e+00
     1.1735   2.690350     35.170  555682030    30.9574    24.7860 0.0000e+00
     1.1710   2.690360     34.880  555682031    30.9602    24.7884 0.0000e+00
     1.1697   2.690660     34.580  555682033    30.9654    24.7927 0.0000e+00
     1.1685   2.690040     34.380  555682034    30.9589    24.7875 0.0000e+00
     1.1584   2.688600     34.100  555682036    30.9508    24.7816 0.0000e+00
     1.1483   2.687510     33.720  555682037    30.9472    24.7793 0.0000e+00
     1.1293   2.683700     33.300  555682039    30.9180    24.7569 0.0000e+00
     1.0809   2.680080     33.030  555682040    30.9202    24.7614 0.0000e+00
     1.0807   2.679490     32.670  555682042    30.9131    24.7557 0.0000e+00
     1.1050   2.680380     32.360  555682043    30.9005    24.7442 0.0000e+00
     1.1135   2.678360     31.480  555682045    30.8669    24.7167 0.0000e+00
     1.1091   2.677000     31.330  555682046    30.8541    24.7067 0.0000e+00
     1.1119   2.676290     30.580  555682048    30.8427    24.6974 0.0000e+00
     1.1603   2.677420     30.410  555682049    30.8093    24.6678 0.0000e+00
     1.2192   2.680160     29.950  555682051    30.7861    24.6458 0.0000e+00
     1.2505   2.681440     29.650  555682052    30.7716    24.6324 0.0000e+00
     1.3062   2.682650     29.500  555682054    30.7321    24.5975 0.0000e+00
     1.3782   2.684650     29.260  555682055    30.6868    24.5569 0.0000e+00
     1.4104   2.688130     28.870  555682057    30.6992    24.5650 0.0000e+00
     1.5051   2.689070     28.610  555682059    30.6186    24.4946 0.0000e+00
     1.5660   2.693370     28.180  555682060    30.6133    24.4866 0.0000e+00
     1.6265   2.694270     27.950  555682062    30.5657    24.4448 0.0000e+00
     1.6920   2.695760     27.700  555682063    30.5209    24.4047 0.0000e+00
     1.7598   2.700340     27.030  555682065    30.5126    24.3938 0.0000e+00
     1.8333   2.699890     26.980  555682066    30.4360    24.3278 0.0000e+00
     1.8963   2.703030     26.330  555682068    30.4146    24.3065 0.0000e+00
     1.8749   2.696410     25.980  555682069    30.3533    24.2589 0.0000e+00
     1.7981   2.686900     25.530  555682071    30.3094    24.2286 0.0000e+00
     1.7490   2.678930     25.090  555682072    30.2578    24.1904 0.0000e+00
     1.7644   2.678080     24.890  555682074    30.2326    24.1692 0.0000e+00
     1.9655   2.699240     24.240  555682075    30.3023    24.2121 0.0000e+00
     2.7307   2.724540     23.780  555682077    29.8885    23.8276 0.0000e+00
     3.2181   2.761800     23.210  555682078    29.8834    23.7856 0.0000e+00
     3.9083   2.769610     22.860  555682080    29.3471    23.3006 0.0000e+00
     4.1814   2.791700     22.390  555682081    29.3597    23.2860 0.0000e+00
     4.6381   2.829140     21.970  555682083    29.3845    23.2625 0.0000e+00
     5.5193   2.853240     21.460  555682084    28.8878    22.7794 0.0000e+00
     5.8646   2.890770     20.680  555682086    29.0088    22.8373 0.0000e+00
     6.1365   2.888220     20.440  555682087    28.7491    22.6018 0.0000e+00
     6.2708   2.941000     19.500  555682089    29.2140    22.9528 0.0000e+00
     7.7973   2.959310     19.370  555682090    28.1408    21.9195 0.0000e+00
     8.5390   3.056120     18.370  555682092    28.5502    22.1389 0.0000e+00
     9.2593   3.022040     18.280  555682094    27.6332    21.3186 0.0000e+00
     9.5253   3.091440     17.440  555682095    28.1258    21.6633 0.0000e+00
    10.0305   3.102180     17.040  555682097    27.8411    21.3639 0.0000e+00
    10.6754   3.110380     16.650  555682098    27.4323    20.9434 0.0000e+00
    10.9468   3.179050     15.770  555682100    27.8956    21.2588 0.0000e+00
    11.6654   3.168530     15.560  555682101    27.2585    20.6431 0.0000e+00
    12.0705   3.226050     14.750  555682103    27.5060    20.7643 0.0000e+00
    12.2863   3.232400     14.220  555682104    27.4078    20.6499 0.0000e+00
    12.5667   3.234990     13.860  555682106    27.2286    20.4608 0.0000e+00
    12.6465   3.265500     13.000  555682107    27.4549    20.6213 0.0000e+00
    13.0310   3.269810     12.600  555682109    27.2174    20.3669 0.0000e+00
    13.1367   3.291270     11.920  555682110    27.3392    20.4412 0.0000e+00
    13.3241   3.306790     11.470  555682112    27.3472    20.4121 0.0000e+00
    13.5828   3.297700     11.150  555682113    27.0803    20.1571 0.0000e+00
    13.7060   3.338200     10.280  555682115    27.3609    20.3497 0.0000e+00
    13.7712   3.323150      9.940  555682116    27.1783    20.1964 0.0000e+00
    13.7610   3.323390      9.200  555682118    27.1880    20.2058 0.0000e+00
    13.6467   3.303630      8.640  555682119    27.0899    20.1522 0.0000e+00
    13.4752   3.276480      8.110  555682121    26.9643    20.0881 0.0000e+00
    13.3928   3.268190      7.490  555682123    26.9471    20.0904 0.0000e+00
    13.4589   3.271830      6.660  555682124    26.9340    20.0678 0.0000e+00
    13.5833   3.273480      6.140  555682126    26.8617    19.9884 0.0000e+00
    13.8500   3.297130      5.250  555682127    26.8894    19.9585 0.0000e+00
    14.3253   3.309650      4.850  555682129    26.6722    19.6982 0.0000e+00
    14.6914   3.341870      3.990  555682130    26.7073    19.6521 0.0000e+00
    14.8843   3.343860      3.480  555682132    26.5933    19.5255 0.0000e+00
    14.9419   3.346050      2.910  555682133    26.5736    19.4986 0.0000e+00
    14.9857   3.340070      2.550  555682135    26.4915    19.4267 0.0000e+00
    15.0211   3.361230      1.720  555682136    26.6535    19.5438 0.0000e+00
    15.0744   3.348480      1.490  555682138    26.5057    19.4194 0.0000e+00
    15.1357   3.360930      0.830  555682139    26.5734    19.4588 0.0000e+00
    15.1915   3.347700      0.930  555682141    26.4201    19.3296 0.0000e+00
    15.2148   3.367610      0.470  555682142    26.5784    19.4464 0.0000e+00
    15.2370   3.364240      0.590  555682144    26.5339    19.4076 0.0000e+00
    15.2601   3.372410      0.130  555682145    26.5898    19.4457 0.0000e+00
    15.2804   3.360410      0.220  555682147    26.4714    19.3507 0.0000e+00
    15.2865   3.357040      0.130  555682148    26.4380    19.3237 0.0000e+00
    15.2816   3.379270     -0.060  555682150    26.6352    19.4761 0.0000e+00
    15.2879   3.369000     -0.030  555682151    26.5413    19.4028 0.0000e+00
    15.2819   0.944880     -0.120  555682153     6.6468     4.1673 0.0000e+00
    15.2846   2.897380     -0.190  555682154    22.4732    16.2828 0.0000e+00
    15.2841   2.808240      0.160  555682156    21.7136    15.7007 0.0000e+00
    15.2811   0.662970     -0.160  555682158     4.5439     2.5556 0.0000e+00
    15.2562   3.161140     -0.070  555682159    24.7570    18.0399 0.0000e+00
    15.2832   0.592090     -0.140  555682161     4.0260     2.1579 0.0000e+00
    15.2676   3.021050     -0.170  555682162    23.5425    17.1060 0.0000e+00
    15.2875   1.444240      0.130  555682164    10.5090     7.1229 0.0000e+00
    15.2612   2.146240     -0.180  555682165    16.1815    11.4684 0.0000e+00
    15.2692   1.795700      0.060  555682167    13.3197     9.2768 0.0000e+00
    15.2699   1.165880     -0.180  555682168     8.3398     5.4658 0.0000e+00
    15.2799   0.198730     -0.190  555682170     1.2648     0.0356 0.0000e+00
    15.2618   0.106280     -0.180  555682171     0.6566    -0.4307 0.0000e+00
    15.2332   0.114350     -0.180  555682173     0.7092    -0.3857 0.0000e+00
    15.1881   0.095200     -0.180  555682174     0.5865    -0.4735 0.0000e+00
    15.1582   0.114070     -0.190  555682176     0.7087    -0.3744 0.0000e+00
    15.1493   0.137770     -0.190  555682177     0.8637    -0.2534 0.0000e+00
    15.2326   0.135830     -0.190  555682179     0.8492    -0.2775 0.0000e+00
    15.2254   0.129380     -0.190  555682180     0.8071    -0.3088 0.0000e+00
    15.2073   0.113070     -0.190  555682182     0.7014    -0.3877 0.0000e+00
    15.1672   0.101010     -0.190  555682183     0.6241    -0.4412 0.0000e+00
    15.1514   0.094970     -0.190  555682185     0.5855    -0.4686 0.0000e+00
    15.1111   0.081200     -0.190  555682187     0.4979    -0.5301 0.0000e+00
    15.0859   0.086180     -0.190  555682188     0.5301    -0.5014 0.0000e+00
    15.0655   0.075630     -0.190  555682190     0.4630    -0.5501 0.0000e+00
    15.0425   0.090250     -0.190  555682191     0.5567    -0.4741 0.0000e+00
    15.0281   0.073480     -0.190  555682193     0.4498    -0.5547 0.0000e+00
    15.0091   0.087640     -0.190  555682194     0.5404    -0.4817 0.0000e+00
    15.0005   0.061020     -0.190  555682196     0.3713    -0.6112 0.0000e+00
    15.0092   0.074180     -0.190  555682197     0.4544    -0.5482 0.0000e+00
    14.9992   0.055220     -0.190  555682199     0.3349    -0.6392 0.0000e+00
    14.9893   0.074690     -0.190  555682200     0.4579    -0.5425 0.0000e+00
    15.0015   0.052640     -0.190  555682202     0.3187    -0.6520 0.0000e+00
    15.0107   0.066620     -0.190  555682203     0.4065    -0.5855 0.0000e+00
    15.0297   0.036590     -0.190  555682205     0.2192    -0.7334 0.0000e+00
    15.0504   0.049110     -0.200  555682206     0.2964    -0.6768 0.0000e+00
    15.0532   0.039100     -0.200  555682208     0.2345    -0.7251 0.0000e+00
    15.0544   0.039430     -0.200  555682209     0.2365    -0.7237 0.0000e+00
    15.0470   0.036500     -0.200  555682211     0.2186    -0.7365 0.0000e+00
    15.0570   0.033910     -0.200  555682212     0.2027    -0.7503 0.0000e+00
    15.0498   0.030720     -0.190  555682214     0.1834    -0.7642 0.0000e+00
    15.0366   0.031680     -0.190  555682216     0.1893    -0.7577 0.0000e+00
    15.0201   0.029710     -0.180  555682217     0.1774    -0.7644 0.0000e+00
    15.0175   0.025400     -0.180  555682219     0.1513    -0.7842 0.0000e+00
    15.0237   0.021310     -0.180  555682220     0.1268    -0.8041 0.0000e+00
    15.0199   0.019520     -0.180  555682222     0.1162    -0.8118 0.0000e+00
    15.0125   0.018380     -0.180  555682223     0.1094    -0.8159 0.0000e+00
    15.0008   0.016930     -0.180  555682225     0.1009    -0.8208 0.0000e+00
    14.9884   0.016440     -0.170  555682226     0.0980    -0.8211 0.0000e+00
    14.9755   0.015690     -0.170  555682228     0.0936    -0.8226 0.0000e+00
    14.9687   0.015480     -0.170  555682229     0.0924    -0.8225 0.0000e+00
    14.9616   0.014830     -0.170  555682231     0.0886    -0.8244 0.0000e+00
    14.9521   0.014550     -0.170  555682232     0.0870    -0.8242 0.0000e+00
    14.9538   0.014000     -0.170  555682234     0.0838    -0.8269 0.0000e+00
    14.9511   0.013760     -0.170  555682235     0.0824    -0.8276 0.0000e+00
    14.9612   0.013490     -0.170  555682237     0.0808    -0.8304 0.0000e+00
    14.9672   0.013280     -0.170  555682238     0.0796    -0.8322 0.0000e+00
    14.9572   0.013050     -0.170  555682240     0.0782    -0.8318 0.0000e+00
    14.9457   0.012880     -0.170  555682242     0.0773    -0.8308 0.0000e+00
    14.9372   0.012710     -0.170  555682243     0.0763    -0.8303 0.0000e+00
    14.9258   0.012600     -0.170  555682245     0.0757    -0.8290 0.0000e+00
    14.9126   0.012390     -0.180  555682246     0.0745    -0.8280 0.0000e+00
    14.9025   0.012100     -0.170  555682248     0.0728    -0.8278 0.0000e+00
    14.9003   0.011930     -0.170  555682249     0.0718    -0.8282 0.0000e+00
    14.9035   0.011930     -0.170  555682251     0.0718    -0.8287 0.0000e+00
    14.9042   0.011770     -0.170  555682252     0.0709    -0.8295 0.0000e+00
    14.8941   0.011800     -0.170  555682254     0.0711    -0.8279 0.0000e+00
    14.8879   0.011650     -0.170  555682255     0.0702    -0.8276 0.0000e+00
    14.8756   0.011670     -0.170  555682257     0.0703    -0.8257 0.0000e+00
    14.8726   0.011560     -0.170  555682258     0.0697    -0.8257 0.0000e+00
    14.8700   0.011520     -0.170  555682260     0.0695    -0.8255 0.0000e+00
    14.8623   0.011460     -0.170  555682261     0.0691    -0.8246 0.0000e+00
    14.8464   0.011430     -0.180  555682263     0.0690    -0.8223 0.0000e+00
    14.8420   0.011370     -0.170  555682264     0.0686    -0.8220 0.0000e+00
    14.8414   0.011380     -0.180  555682266     0.0687    -0.8218 0.0000e+00
    14.8407   0.011350     -0.170  555682268     0.0685    -0.8219 0.0000e+00
    14.8379   0.011340     -0.180  555682269     0.0685    -0.8215 0.0000e+00
    14.8295   0.011380     -0.180  555682271     0.0687    -0.8200 0.0000e+00
    14.8135   0.011320     -0.180  555682272     0.0684    -0.8179 0.0000e+00
    14.8044   0.011390     -0.180  555682274     0.0688    -0.8162 0.0000e+00
    14.8189   0.011360     -0.180  555682275     0.0686    -0.8185 0.0000e+00
