Code/Hansen Zooplankton Code and Sample Data/data/ctd/gsl_13_SBE37SI-RS232_03706156_2017_08_11.cnv
* Sea-Bird SBE37SI-RS232  Data File:
* FileName = C:\Users\General Lab Use\Desktop\SHELAGH CTD 2017\gsl_13_SBE37SI-RS232_03706156_2017_08_11.cnv
* Software version 1.00d
* Temperature SN = 6156
* Conductivity SN = 6156
* System UpLoad Time = Aug 11 2017 10:09:36
* <ApplicationData>
* <Seaterm232>
# nquan = 5
# nvalues = 2684
# units = specified
# name 0 = t090C: Temperature [ITS-90, deg C]
# name 1 = c0S/m: Conductivity [S/m]
# name 2 = prM: Pressure [db]
# name 3 = timeK: Time, Seacat Plus [seconds]
# name 4 = flag: Flag
# span 0 =      0.1630,    17.8244
# span 1 =    0.000454,   3.535161
# span 2 =      -0.227,     68.693
# span 3 =   555746365,  555750454
# span 4 =  0.0000e+00, 0.0000e+00
# interval = seconds: 6.000000
# start_time = Aug 11 2017 05:59:25
# bad_flag = -9.990e-29
*END*
[from data line 286]
    16.9925    3.45466       0.30  555746800 0.0000e+00
    16.9811    3.45789       0.20  555746802 0.0000e+00
    16.9860    1.71908      -0.23  555746803 0.0000e+00
    16.9032    0.33490      -0.22  555746805 0.0000e+00
    16.8223    0.19472      -0.22  555746806 0.0000e+00
    16.7426    0.19396      -0.22  555746808 0.0000e+00
    16.6130    0.18814      -0.22  555746809 0.0000e+00
    16.4403    0.15998      -0.23  555746811 0.0000e+00
    16.3056    0.15746      -0.22  555746812 0.0000e+00
    16.2032    0.12032      -0.22  555746814 0.0000e+00
    16.0861    0.11041      -0.22  555746815 0.0000e+00
    15.9895    0.08305      -0.21  555746817 0.0000e+00
    15.9163    0.05636      -0.20  555746818 0.0000e+00
    15.8634    0.05121      -0.20  555746820 0.0000e+00
    15.8144    0.04738      -0.20  555746821 0.0000e+00
    15.7293    0.04576      -0.20  555746823 0.0000e+00
    15.6727    0.04148      -0.20  555746824 0.0000e+00
    15.5949    0.04045      -0.20  555746826 0.0000e+00
    15.5490    0.03682      -0.19  555746827 0.0000e+00
    15.4932    0.03672      -0.20  555746829 0.0000e+00
    15.4615    0.03378      -0.20  555746830 0.0000e+00
    15.3828    0.03378      -0.19  555746832 0.0000e+00
    15.3535    0.03118      -0.19  555746834 0.0000e+00
    15.2902    0.03036      -0.19  555746835 0.0000e+00
    15.2436    0.02844      -0.19  555746837 0.0000e+00
    15.2001    0.02808      -0.19  555746838 0.0000e+00
    15.1382    0.02680      -0.19  555746840 0.0000e+00
    15.1024    0.02623      -0.19  555746841 0.0000e+00
    15.0551    0.02529      -0.19  555746843 0.0000e+00
    15.0016    0.02483      -0.19  555746844 0.0000e+00
    14.9646    0.02334      -0.19  555746846 0.0000e+00
    14.9261    0.02113      -0.19  555746847 0.0000e+00
    14.9273    0.02021      -0.19  555746849 0.0000e+00
    14.9018    0.01996      -0.19  555746850 0.0000e+00
    14.8566    0.01982      -0.19  555746852 0.0000e+00
    14.8405    0.01973      -0.19  555746853 0.0000e+00
    14.8101    0.02007      -0.19  555746855 0.0000e+00
    14.8114    0.01979      -0.19  555746856 0.0000e+00
    14.7750    0.01972      -0.19  555746858 0.0000e+00
    14.7859    0.01948      -0.19  555746859 0.0000e+00
    14.7461    0.01926      -0.19  555746861 0.0000e+00
    14.6982    0.01904      -0.19  555746862 0.0000e+00
    14.6604    0.01908      -0.19  555746864 0.0000e+00
    14.6738    0.01893      -0.19  555746865 0.0000e+00
    14.6568    0.01883      -0.19  555746867 0.0000e+00
    14.6373    0.01855      -0.19  555746868 0.0000e+00
    14.6659    0.01846      -0.19  555746870 0.0000e+00
    14.6589    0.01817      -0.19  555746872 0.0000e+00
    14.6962    0.01819      -0.19  555746873 0.0000e+00
    14.7099    0.01797      -0.18  555746875 0.0000e+00
    14.7737    0.01788      -0.19  555746876 0.0000e+00
    14.7887    0.01764      -0.19  555746878 0.0000e+00
    14.7854    0.01726      -0.19  555746879 0.0000e+00
    14.7595    0.01697      -0.19  555746881 0.0000e+00
    14.7411    0.01662      -0.19  555746882 0.0000e+00
    14.7204    0.01625      -0.18  555746884 0.0000e+00
    14.7032    0.01566      -0.19  555746885 0.0000e+00
    14.7134    0.01500      -0.19  555746887 0.0000e+00
    14.6698    0.01343      -0.18  555746888 0.0000e+00
    14.6513    0.01321      -0.19  555746890 0.0000e+00
    14.6347    0.01292      -0.18  555746891 0.0000e+00
    14.6258    0.01290      -0.18  555746893 0.0000e+00
    14.6182    0.01286      -0.18  555746894 0.0000e+00
    14.5920    0.01282      -0.18  555746896 0.0000e+00
    14.5747    0.01280      -0.18  555746897 0.0000e+00
    14.5381    0.01278      -0.18  555746899 0.0000e+00
    14.5228    0.01279      -0.18  555746900 0.0000e+00
    14.5054    0.01269      -0.18  555746902 0.0000e+00
    14.4999    0.01268      -0.18  555746903 0.0000e+00
    14.5176    0.01252      -0.18  555746905 0.0000e+00
    14.5121    0.01247      -0.18  555746906 0.0000e+00
    14.5169    0.01236      -0.18  555746908 0.0000e+00
    14.4865    0.01234      -0.18  555746909 0.0000e+00
    14.4703    0.01226      -0.18  555746911 0.0000e+00
    14.4572    0.01218      -0.18  555746913 0.0000e+00
    14.4712    0.01220      -0.18  555746914 0.0000e+00
    14.4588    0.01208      -0.18  555746916 0.0000e+00
    14.4790    0.01216      -0.18  555746917 0.0000e+00
    14.4592    0.01206      -0.18  555746919 0.0000e+00
    14.4787    0.01216      -0.18  555746920 0.0000e+00
    14.4681    0.01204      -0.17  555746922 0.0000e+00
    14.4959    0.01209      -0.18  555746923 0.0000e+00
    14.5058    0.01203      -0.18  555746925 0.0000e+00
    14.5207    0.01212      -0.18  555746926 0.0000e+00
    14.5710    0.01204      -0.18  555746928 0.0000e+00
    14.5482    0.01193      -0.18  555746929 0.0000e+00
    14.5632    0.01192      -0.18  555746931 0.0000e+00
    14.5478    0.01178      -0.18  555746932 0.0000e+00
    14.5860    0.01183      -0.18  555746934 0.0000e+00
    14.5635    0.01171      -0.18  555746935 0.0000e+00
    14.5458    0.01175      -0.18  555746937 0.0000e+00
    14.5125    0.01164      -0.17  555746938 0.0000e+00
    14.5089    0.01164      -0.18  555746940 0.0000e+00
    14.4951    0.01158      -0.18  555746941 0.0000e+00
    14.4544    0.01150      -0.18  555746943 0.0000e+00
    14.4496    0.01149      -0.18  555746944 0.0000e+00
    14.4145    0.01143      -0.18  555746946 0.0000e+00
    14.4402    0.01147      -0.18  555746947 0.0000e+00
    14.4172    0.01136      -0.17  555746949 0.0000e+00
    14.4285    0.01144      -0.18  555746951 0.0000e+00
    14.4213    0.01145      -0.17  555746952 0.0000e+00
    14.4447    0.01142      -0.18  555746954 0.0000e+00
    14.4735    0.01138      -0.17  555746955 0.0000e+00
    14.4678    0.01129      -0.18  555746957 0.0000e+00
    14.5100    0.01130      -0.18  555746958 0.0000e+00
    14.4946    0.01115      -0.17  555746960 0.0000e+00
    14.5160    0.01113      -0.18  555746961 0.0000e+00
    14.4905    0.01103      -0.17  555746963 0.0000e+00
    14.4989    0.01103      -0.18  555746964 0.0000e+00
    14.5216    0.01101      -0.17  555746966 0.0000e+00
    14.4831    0.01095      -0.18  555746967 0.0000e+00
    14.4789    0.01098      -0.18  555746969 0.0000e+00
    14.4631    0.01087      -0.17  555746970 0.0000e+00
    14.4571    0.01092      -0.18  555746972 0.0000e+00
    14.4368    0.01077      -0.17  555746973 0.0000e+00
    14.4316    0.01083      -0.18  555746975 0.0000e+00
    14.4221    0.01071      -0.17  555746976 0.0000e+00
    14.4191    0.01093      -0.18  555746978 0.0000e+00
    14.4331    0.02301      -0.19  555746979 0.0000e+00
    14.4913    0.02594      -0.19  555746981 0.0000e+00
    14.5021    0.02447      -0.19  555746982 0.0000e+00
    14.5258    0.02460      -0.19  555746984 0.0000e+00
    14.5882    0.02670      -0.19  555746985 0.0000e+00
    14.5789    0.03189      -0.19  555746987 0.0000e+00
    14.5972    0.03010      -0.19  555746989 0.0000e+00
    14.5591    0.02821      -0.19  555746990 0.0000e+00
    14.5391    0.02709      -0.19  555746992 0.0000e+00
    14.5539    0.03644      -0.19  555746993 0.0000e+00
    14.5774    0.03889      -0.19  555746995 0.0000e+00
    14.6312    0.02777      -0.19  555746996 0.0000e+00
    14.6713    0.03186      -0.19  555746998 0.0000e+00
    14.7043    0.02829      -0.19  555746999 0.0000e+00
    14.7566    0.02856      -0.20  555747001 0.0000e+00
    14.7598    0.02552      -0.19  555747002 0.0000e+00
    14.7716    0.02079      -0.20  555747004 0.0000e+00
    14.7758    0.01874      -0.20  555747005 0.0000e+00
    14.8125    0.01735      -0.20  555747007 0.0000e+00
    14.8149    0.01609      -0.19  555747008 0.0000e+00
    14.8391    0.01544      -0.20  555747010 0.0000e+00
    14.8276    0.01797      -0.19  555747011 0.0000e+00
    14.8416    0.01729      -0.20  555747013 0.0000e+00
    14.8287    0.01978      -0.20  555747014 0.0000e+00
    14.8524    0.01812      -0.20  555747016 0.0000e+00
    14.8283    0.01690      -0.20  555747017 0.0000e+00
    14.8641    0.01606      -0.19  555747019 0.0000e+00
    14.8949    0.01727      -0.20  555747021 0.0000e+00
    14.9375    0.01766      -0.20  555747022 0.0000e+00
    14.9256    0.01650      -0.20  555747024 0.0000e+00
    14.9212    0.01761      -0.19  555747025 0.0000e+00
    14.9118    0.01853      -0.19  555747027 0.0000e+00
    14.9201    0.01670      -0.19  555747028 0.0000e+00
    15.2133    1.55996       0.18  555747030 0.0000e+00
    16.9473    3.49573       0.81  555747031 0.0000e+00
    17.0118    3.50237       1.53  555747033 0.0000e+00
    17.0181    3.50461       2.20  555747034 0.0000e+00
    17.0249    3.51007       2.87  555747036 0.0000e+00
    17.0302    3.50967       3.39  555747037 0.0000e+00
    17.0327    3.50444       3.29  555747039 0.0000e+00
    17.0304    3.51187       3.56  555747040 0.0000e+00
    17.0345    3.52444       2.74  555747042 0.0000e+00
    17.0339    3.51458       2.37  555747043 0.0000e+00
    17.0385    3.52623       1.46  555747045 0.0000e+00
    17.0353    3.52046       1.04  555747046 0.0000e+00
    17.0343    3.52700       0.22  555747048 0.0000e+00
    17.0129    1.27379      -0.19  555747049 0.0000e+00
    16.8959    0.13958      -0.19  555747051 0.0000e+00
    16.7811    0.07876      -0.19  555747053 0.0000e+00
    16.7288    0.06179      -0.20  555747054 0.0000e+00
    16.6695    0.15970      -0.19  555747056 0.0000e+00
    16.6083    0.14250      -0.20  555747057 0.0000e+00
    16.5240    0.13722      -0.20  555747059 0.0000e+00
    16.4845    0.13678      -0.20  555747060 0.0000e+00
    16.4484    0.11409      -0.20  555747062 0.0000e+00
    16.4087    0.08573      -0.20  555747063 0.0000e+00
    16.3737    0.08244      -0.20  555747065 0.0000e+00
    16.3174    0.06629      -0.20  555747066 0.0000e+00
    16.2770    0.07384      -0.20  555747068 0.0000e+00
    16.2422    0.05875      -0.20  555747069 0.0000e+00
    16.2066    0.06523      -0.20  555747071 0.0000e+00
    16.1741    0.05867      -0.20  555747072 0.0000e+00
    16.1338    0.05941      -0.20  555747074 0.0000e+00
    16.1055    0.05792      -0.20  555747075 0.0000e+00
    16.0572    0.05672      -0.20  555747077 0.0000e+00
    16.0092    0.06033      -0.20  555747078 0.0000e+00
    15.9913    0.06104      -0.20  555747080 0.0000e+00
    15.9736    0.05828      -0.20  555747081 0.0000e+00
    15.9630    0.05547      -0.20  555747083 0.0000e+00
    15.9450    0.05559      -0.20  555747085 0.0000e+00
    15.9317    0.05385      -0.20  555747086 0.0000e+00
    15.9153    0.04925      -0.20  555747088 0.0000e+00
    15.9126    0.05158      -0.19  555747089 0.0000e+00
    15.9193    0.04340      -0.20  555747091 0.0000e+00
    15.9297    0.04539      -0.19  555747092 0.0000e+00
    15.9335    0.03938      -0.19  555747094 0.0000e+00
    15.9397    0.03570      -0.18  555747095 0.0000e+00
    15.9617    0.04287      -0.18  555747097 0.0000e+00
    15.9749    0.04518      -0.18  555747098 0.0000e+00
    15.9816    0.04459      -0.18  555747100 0.0000e+00
    15.9819    0.04305      -0.18  555747101 0.0000e+00
    15.9984    0.04207      -0.18  555747103 0.0000e+00
    16.0121    0.04114      -0.18  555747104 0.0000e+00
    16.0167    0.04013      -0.18  555747106 0.0000e+00
    16.0117    0.04001      -0.18  555747107 0.0000e+00
    16.0061    0.03890      -0.18  555747109 0.0000e+00
    16.0040    0.03844      -0.18  555747110 0.0000e+00
    16.0096    0.03827      -0.18  555747112 0.0000e+00
    16.0031    0.03739      -0.18  555747114 0.0000e+00
    15.9947    0.03727      -0.18  555747115 0.0000e+00
    15.9853    0.03665      -0.18  555747117 0.0000e+00
    15.9773    0.03622      -0.18  555747118 0.0000e+00
    15.9676    0.03646      -0.18  555747120 0.0000e+00
    15.9637    0.03556      -0.18  555747121 0.0000e+00
    15.9523    0.03563      -0.18  555747123 0.0000e+00
    15.9454    0.03536      -0.18  555747124 0.0000e+00
    15.9317    0.03499      -0.18  555747126 0.0000e+00
    15.9204    0.03502      -0.18  555747127 0.0000e+00
    15.9094    0.03457      -0.18  555747129 0.0000e+00
    15.9039    0.03469      -0.18  555747130 0.0000e+00
    15.8973    0.03403      -0.18  555747132 0.0000e+00
    15.8983    0.03398      -0.18  555747133 0.0000e+00
    15.8958    0.03356      -0.18  555747135 0.0000e+00
    15.8878    0.03342      -0.18  555747136 0.0000e+00
    15.8996    0.03305      -0.18  555747138 0.0000e+00
    15.8896    0.03352      -0.18  555747139 0.0000e+00
    15.8846    0.03278      -0.18  555747141 0.0000e+00
    15.8854    0.03323      -0.18  555747142 0.0000e+00
    15.8733    0.03295      -0.18  555747144 0.0000e+00
    15.8737    0.03286      -0.18  555747146 0.0000e+00
    15.8638    0.03297      -0.18  555747147 0.0000e+00
    15.8750    0.03242      -0.18  555747149 0.0000e+00
    15.8711    0.03279      -0.18  555747150 0.0000e+00
    15.8807    0.03227      -0.18  555747152 0.0000e+00
    15.8745    0.03240      -0.18  555747153 0.0000e+00
    15.8770    0.03186      -0.18  555747155 0.0000e+00
    15.8786    0.03229      -0.18  555747156 0.0000e+00
    15.8740    0.03141      -0.18  555747158 0.0000e+00
    15.8704    0.03194      -0.18  555747159 0.0000e+00
    15.8622    0.03121      -0.18  555747161 0.0000e+00
    15.8591    0.03166      -0.18  555747162 0.0000e+00
    15.8546    0.03063      -0.18  555747164 0.0000e+00
    15.8537    0.03071      -0.18  555747165 0.0000e+00
    15.8423    0.03065      -0.18  555747167 0.0000e+00
    15.8437    0.03087      -0.18  555747168 0.0000e+00
    15.8356    0.03061      -0.18  555747170 0.0000e+00
    15.8324    0.03053      -0.18  555747171 0.0000e+00
    15.8282    0.03030      -0.18  555747173 0.0000e+00
    15.8265    0.03033      -0.18  555747175 0.0000e+00
    15.8188    0.03010      -0.18  555747176 0.0000e+00
    15.8152    0.02982      -0.19  555747178 0.0000e+00
    15.8118    0.03010      -0.18  555747179 0.0000e+00
    15.8133    0.02941      -0.18  555747181 0.0000e+00
    15.8158    0.02990      -0.18  555747182 0.0000e+00
    15.8178    0.03259      -0.19  555747184 0.0000e+00
    15.8219    0.04193      -0.20  555747185 0.0000e+00
    15.8178    0.04311      -0.20  555747187 0.0000e+00
    15.8098    0.03278      -0.20  555747188 0.0000e+00
    15.7764    0.02986      -0.20  555747190 0.0000e+00
    15.7250    0.02235      -0.20  555747191 0.0000e+00
    15.7161    0.01931      -0.20  555747193 0.0000e+00
    15.7120    0.01864      -0.21  555747194 0.0000e+00
    15.7008    0.02420      -0.20  555747196 0.0000e+00
    15.7001    0.02296      -0.20  555747197 0.0000e+00
    15.6954    0.02310      -0.20  555747199 0.0000e+00
    15.6947    0.02066      -0.20  555747200 0.0000e+00
    15.6942    0.01910      -0.20  555747202 0.0000e+00
    15.6926    0.01754      -0.20  555747203 0.0000e+00
    15.7067    0.01643      -0.20  555747205 0.0000e+00
    15.7077    0.01560      -0.20  555747207 0.0000e+00
    15.7066    0.01470      -0.20  555747208 0.0000e+00
    15.7085    0.01432      -0.20  555747210 0.0000e+00
    15.7072    0.01359      -0.20  555747211 0.0000e+00
    15.7061    0.01336      -0.20  555747213 0.0000e+00
    15.7027    0.01283      -0.20  555747214 0.0000e+00
    15.6975    0.01261      -0.20  555747216 0.0000e+00
    15.6949    0.01249      -0.20  555747217 0.0000e+00
    15.6916    0.01204      -0.20  555747219 0.0000e+00
    15.6935    0.08532      -0.18  555747220 0.0000e+00
    16.8223    3.24206       0.30  555747222 0.0000e+00
    17.0104    3.51788       1.01  555747223 0.0000e+00
    17.0163    3.51604       1.61  555747225 0.0000e+00
    17.0211    3.52237       2.48  555747226 0.0000e+00
    17.0333    3.52295       3.09  555747228 0.0000e+00
    17.0186    3.52454       3.95  555747229 0.0000e+00
    16.8819    3.52022       4.53  555747231 0.0000e+00
    16.8446    3.51835       5.38  555747232 0.0000e+00
