Code/Hansen Zooplankton Code and Sample Data/data/ctd/gsl_07_SBE37SI-RS232_03706156_2017_08_02.cnv
* Sea-Bird SBE37SI-RS232  Data File:
* FileName = C:\Users\General Lab Use\Desktop\SHELAGH CTD 2017\gsl_07_SBE37SI-RS232_03706156_2017_08_02.cnv
* Software version 1.00d
* Temperature SN = 6156
* Conductivity SN = 6156
* System UpLoad Time = Aug 02 2017 18:17:22
* <ApplicationData>
* <Seaterm232>
# nquan = 5
# nvalues = 1319
# units = specified
# name 0 = t090C: Temperature [ITS-90, deg C]
# name 1 = c0S/m: Conductivity [S/m]
# name 2 = prM: Pressure [db]
# name 3 = timeK: Time, Seacat Plus [seconds]
# name 4 = flag: Flag
# span 0 =      0.0424,    20.8527
# span 1 =   -0.013528,   3.627842
# span 2 =      -0.227,    107.692
# span 3 =   554998957,  555000967
# span 4 =  0.0000e+00, 0.0000e+00
# interval = seconds: 6.000000
# start_time = Aug 02 2017 14:22:37
# bad_flag = -9.990e-29
*END*
[from data line 1143]
    18.1961    0.01729      -0.20  555000699 0.0000e+00
    18.1445    0.01746      -0.20  555000701 0.0000e+00
    18.0822    0.01743      -0.20  555000702 0.0000e+00
    18.0104    0.01728      -0.20  555000704 0.0000e+00
    18.0104    0.01707      -0.20  555000705 0.0000e+00
    18.0010    0.01706      -0.20  555000707 0.0000e+00
    17.9816    0.01694      -0.20  555000708 0.0000e+00
    17.9843    0.01694      -0.20  555000710 0.0000e+00
    17.9698    0.01688      -0.20  555000711 0.0000e+00
    18.0438    0.01694      -0.20  555000713 0.0000e+00
    18.1635    0.01677      -0.20  555000714 0.0000e+00
    18.2934    0.01658      -0.20  555000716 0.0000e+00
    18.4002    0.01654      -0.20  555000717 0.0000e+00
    18.4936    0.01643      -0.20  555000719 0.0000e+00
    18.5804    0.01640      -0.20  555000721 0.0000e+00
    18.6920    0.01638      -0.20  555000722 0.0000e+00
    18.7612    0.01634      -0.20  555000724 0.0000e+00
    18.8401    0.01619      -0.20  555000725 0.0000e+00
    18.9111    0.01599      -0.20  555000727 0.0000e+00
    18.9362    0.01599      -0.20  555000728 0.0000e+00
    18.9834    0.01595      -0.20  555000730 0.0000e+00
    19.0181    0.01597      -0.21  555000731 0.0000e+00
    19.0690    0.01608      -0.20  555000733 0.0000e+00
    19.1405    0.01618      -0.20  555000734 0.0000e+00
    19.1962    0.01621      -0.21  555000736 0.0000e+00
    19.2605    0.01619      -0.20  555000737 0.0000e+00
    19.3110    0.01612      -0.21  555000739 0.0000e+00
    19.3437    0.01599      -0.21  555000740 0.0000e+00
    19.3692    0.01598      -0.21  555000742 0.0000e+00
    19.3726    0.01597      -0.21  555000743 0.0000e+00
    19.3872    0.01597      -0.21  555000745 0.0000e+00
    19.3880    0.01584      -0.21  555000746 0.0000e+00
    19.4272    0.01575      -0.21  555000748 0.0000e+00
    19.4469    0.01574      -0.21  555000749 0.0000e+00
    19.4134    0.01589      -0.21  555000751 0.0000e+00
    19.4228    0.01576      -0.21  555000753 0.0000e+00
    19.4765    0.01589      -0.21  555000754 0.0000e+00
    19.5085    0.01569      -0.21  555000756 0.0000e+00
    19.5852    0.01579      -0.21  555000757 0.0000e+00
    19.5965    0.01564      -0.21  555000759 0.0000e+00
    19.6263    0.01558      -0.21  555000760 0.0000e+00
    19.6635    0.01538      -0.21  555000762 0.0000e+00
    19.6644    0.01541      -0.21  555000763 0.0000e+00
    19.7056    0.01541      -0.21  555000765 0.0000e+00
    19.7127    0.01549      -0.21  555000766 0.0000e+00
    19.7081    0.01541      -0.21  555000768 0.0000e+00
    19.7300    0.01536      -0.21  555000769 0.0000e+00
    19.7419    0.01534      -0.21  555000771 0.0000e+00
    19.7431    0.01541      -0.22  555000772 0.0000e+00
    19.7303    0.01532      -0.21  555000774 0.0000e+00
    19.6438    0.01525      -0.22  555000775 0.0000e+00
    19.5414    0.01529      -0.22  555000777 0.0000e+00
    19.3897    0.01542      -0.22  555000778 0.0000e+00
    19.2792    0.01518      -0.22  555000780 0.0000e+00
    19.1972    0.01512      -0.22  555000781 0.0000e+00
    19.0651    0.01523      -0.22  555000783 0.0000e+00
    18.9765    0.01510      -0.22  555000785 0.0000e+00
    18.9120    0.01508      -0.22  555000786 0.0000e+00
    18.8722    0.01504      -0.22  555000788 0.0000e+00
    18.8129    0.01506      -0.22  555000789 0.0000e+00
    18.7343    0.01509      -0.22  555000791 0.0000e+00
    18.6182    0.01516      -0.22  555000792 0.0000e+00
    18.5327    0.01521      -0.22  555000794 0.0000e+00
    18.5029    0.01528      -0.22  555000795 0.0000e+00
    18.4525    0.01524      -0.22  555000797 0.0000e+00
    18.3939    0.01523      -0.22  555000798 0.0000e+00
    18.3511    0.01518      -0.22  555000800 0.0000e+00
    18.2939    0.01512      -0.22  555000801 0.0000e+00
    18.2639    0.01510      -0.22  555000803 0.0000e+00
    18.2124    0.01505      -0.22  555000804 0.0000e+00
    18.1828    0.01501      -0.22  555000806 0.0000e+00
    18.1771    0.01499      -0.22  555000807 0.0000e+00
    18.1710    0.01495      -0.22  555000809 0.0000e+00
    18.1433    0.01496      -0.22  555000810 0.0000e+00
    18.1071    0.01492      -0.22  555000812 0.0000e+00
    18.0953    0.01490      -0.22  555000813 0.0000e+00
    18.0972    0.01481      -0.22  555000815 0.0000e+00
    18.2251    0.01476      -0.22  555000817 0.0000e+00
    18.3565    0.01479      -0.22  555000818 0.0000e+00
    18.4718    0.01472      -0.22  555000820 0.0000e+00
    18.5934    0.01464      -0.22  555000821 0.0000e+00
    18.6988    0.01470      -0.22  555000823 0.0000e+00
    18.8124    0.01475      -0.22  555000824 0.0000e+00
    18.8757    0.01474      -0.22  555000826 0.0000e+00
    18.9411    0.01470      -0.22  555000827 0.0000e+00
    18.9602    0.01477      -0.22  555000829 0.0000e+00
    19.0271    0.01482      -0.22  555000830 0.0000e+00
    19.0376    0.01479      -0.22  555000832 0.0000e+00
    18.9699    0.01499      -0.22  555000833 0.0000e+00
    18.9558    0.01491      -0.22  555000835 0.0000e+00
    18.9218    0.01528      -0.22  555000836 0.0000e+00
    18.8853    0.01589      -0.22  555000838 0.0000e+00
    18.7995    0.02327      -0.21  555000839 0.0000e+00
    18.6940    0.02667      -0.23  555000841 0.0000e+00
    18.5959    0.07062      -0.23  555000842 0.0000e+00
    18.5646    0.05382      -0.22  555000844 0.0000e+00
    18.5531    0.04023      -0.22  555000845 0.0000e+00
    18.5914    0.03623      -0.22  555000847 0.0000e+00
    18.6183    0.03398      -0.22  555000849 0.0000e+00
    18.6158    0.03232      -0.22  555000850 0.0000e+00
    18.6215    0.03121      -0.22  555000852 0.0000e+00
    18.5970    0.03029      -0.22  555000853 0.0000e+00
    18.5569    0.02954      -0.22  555000855 0.0000e+00
    18.5252    0.02900      -0.22  555000856 0.0000e+00
    18.5277    0.02827      -0.22  555000858 0.0000e+00
    18.5500    0.03140      -0.22  555000859 0.0000e+00
    18.4939    0.04112      -0.21  555000861 0.0000e+00
    18.4944    0.07758      -0.22  555000862 0.0000e+00
    18.5211    0.04742      -0.22  555000864 0.0000e+00
    18.5403    0.03823      -0.23  555000865 0.0000e+00
    18.5737    0.03292      -0.23  555000867 0.0000e+00
    18.6051    0.02896      -0.22  555000868 0.0000e+00
    18.6605    0.02685      -0.22  555000870 0.0000e+00
    18.6783    0.02628      -0.22  555000871 0.0000e+00
    18.6770    0.02486      -0.22  555000873 0.0000e+00
    18.6694    0.02408      -0.22  555000874 0.0000e+00
    18.6615    0.02357      -0.22  555000876 0.0000e+00
    18.6358    0.02320      -0.22  555000878 0.0000e+00
    18.6238    0.02298      -0.22  555000879 0.0000e+00
    18.6134    0.02260      -0.22  555000881 0.0000e+00
    18.5986    0.02234      -0.22  555000882 0.0000e+00
    18.5979    0.02209      -0.22  555000884 0.0000e+00
    18.5829    0.02202      -0.22  555000885 0.0000e+00
    18.5938    0.02192      -0.22  555000887 0.0000e+00
    18.5794    0.02240      -0.22  555000888 0.0000e+00
    18.5686    0.02194      -0.22  555000890 0.0000e+00
    18.5510    0.02153      -0.22  555000891 0.0000e+00
    18.5305    0.02128      -0.22  555000893 0.0000e+00
    18.5441    0.02173      -0.22  555000894 0.0000e+00
    18.5275    0.02187      -0.22  555000896 0.0000e+00
    18.5237    0.02153      -0.22  555000897 0.0000e+00
    18.5009    0.02128      -0.22  555000899 0.0000e+00
    18.4888    0.02106      -0.22  555000900 0.0000e+00
    18.4803    0.02091      -0.22  555000902 0.0000e+00
    18.4683    0.02130      -0.22  555000903 0.0000e+00
    18.4724    0.02091      -0.22  555000905 0.0000e+00
    18.4628    0.02067      -0.22  555000906 0.0000e+00
    18.4566    0.02046      -0.22  555000908 0.0000e+00
    18.4430    0.02028      -0.22  555000910 0.0000e+00
    18.4586    0.02128      -0.22  555000911 0.0000e+00
    18.4646    0.02186      -0.22  555000913 0.0000e+00
    18.4512    0.02121      -0.22  555000914 0.0000e+00
    18.4482    0.02092      -0.22  555000916 0.0000e+00
    18.4317    0.02051      -0.22  555000917 0.0000e+00
    18.4450    0.01995      -0.22  555000919 0.0000e+00
    18.4548    0.01946      -0.22  555000920 0.0000e+00
    18.4548    0.01903      -0.22  555000922 0.0000e+00
    18.4593    0.01900      -0.22  555000923 0.0000e+00
    18.4430    0.01868      -0.22  555000925 0.0000e+00
    18.4174    0.01831      -0.22  555000926 0.0000e+00
    18.4143    0.01793      -0.22  555000928 0.0000e+00
    18.3931    0.01765      -0.22  555000929 0.0000e+00
    18.3963    0.01736      -0.22  555000931 0.0000e+00
    18.3662    0.01713      -0.22  555000932 0.0000e+00
    18.3658    0.01690      -0.22  555000934 0.0000e+00
    18.3425    0.01672      -0.22  555000935 0.0000e+00
    18.3311    0.01654      -0.22  555000937 0.0000e+00
    18.3038    0.01637      -0.22  555000939 0.0000e+00
    18.2981    0.01624      -0.22  555000940 0.0000e+00
    18.2899    0.01610      -0.22  555000942 0.0000e+00
    18.2916    0.01598      -0.22  555000943 0.0000e+00
    18.2981    0.01587      -0.22  555000945 0.0000e+00
    18.3142    0.01575      -0.22  555000946 0.0000e+00
    18.3148    0.01566      -0.22  555000948 0.0000e+00
    18.3054    0.01554      -0.22  555000949 0.0000e+00
    18.2950    0.01543      -0.22  555000951 0.0000e+00
    18.2805    0.01532      -0.22  555000952 0.0000e+00
    18.2699    0.01524      -0.22  555000954 0.0000e+00
    18.2595    0.01514      -0.22  555000955 0.0000e+00
    18.2387    0.01505      -0.22  555000957 0.0000e+00
    18.2281    0.01498      -0.22  555000958 0.0000e+00
    18.2281    0.01490      -0.22  555000960 0.0000e+00
    18.2242    0.01474      -0.22  555000963 0.0000e+00
    18.2290    0.01467      -0.22  555000964 0.0000e+00
    18.2364    0.01459      -0.22  555000966 0.0000e+00
    18.2213    0.01453      -0.22  555000967 0.0000e+00
