Code/Hansen Zooplankton Code and Sample Data/data/ctd/gsl_03_SBE37SI-RS232_03706156_2017_07_05.cnv
* Sea-Bird SBE37SI-RS232  Data File:
* FileName = C:\Users\General Lab Use\Desktop\SHELAGH CTD 2017\gsl_03_SBE37SI-RS232_03706156_2017_07_05.cnv
* Software version 1.00d
* Temperature SN = 6156
* Conductivity SN = 6156
* System UpLoad Time = Jul 05 2017 12:41:05
* <ApplicationData>
* <Seaterm232>
# nquan = 5
# nvalues = 1164
# units = specified
# name 0 = t090C: Temperature [ITS-90, deg C]
# name 1 = c0S/m: Conductivity [S/m]
# name 2 = prM: Pressure [db]
# name 3 = timeK: Time, Seacat Plus [seconds]
# name 4 = flag: Flag
# span 0 =     -0.1974,    15.7360
# span 1 =    0.001344,   3.148847
# span 2 =      -0.237,     87.605
# span 3 =   552546502,  552548270
# span 4 =  0.0000e+00, 0.0000e+00
# interval = seconds: 6.000000
# start_time = Jul 05 2017 05:08:22
# bad_flag = -9.990e-29
*END*
    15.6808    0.05852      -0.22  552546502 0.0000e+00
    15.6786    0.05895      -0.22  552546503 0.0000e+00
    15.6804    0.05859      -0.22  552546505 0.0000e+00
    15.6809    0.05857      -0.22  552546506 0.0000e+00
    15.6828    0.05898      -0.22  552546508 0.0000e+00
    15.6857    0.05846      -0.22  552546509 0.0000e+00
    15.6824    0.05848      -0.22  552546511 0.0000e+00
    15.6771    0.05903      -0.22  552546512 0.0000e+00
    15.6727    0.05828      -0.22  552546514 0.0000e+00
    15.6711    0.05869      -0.22  552546515 0.0000e+00
    15.6720    0.05858      -0.22  552546517 0.0000e+00
    15.6699    0.05855      -0.22  552546518 0.0000e+00
    15.6706    0.04970      -0.22  552546520 0.0000e+00
    15.6695    0.04356      -0.22  552546521 0.0000e+00
    15.6958    0.03771      -0.22  552546523 0.0000e+00
    15.7180    0.03232      -0.22  552546524 0.0000e+00
    15.7360    0.02007      -0.22  552546526 0.0000e+00
    15.7199    0.02808      -0.22  552546527 0.0000e+00
    15.7065    0.02257      -0.22  552546530 0.0000e+00
    15.7071    0.02147      -0.22  552546531 0.0000e+00
    15.7047    0.02398      -0.22  552546533 0.0000e+00
    15.6917    0.03008      -0.22  552546534 0.0000e+00
    15.6758    0.05508      -0.22  552546536 0.0000e+00
    15.6675    0.05866      -0.22  552546537 0.0000e+00
    15.6524    0.06015      -0.22  552546539 0.0000e+00
    15.6390    0.04860      -0.22  552546540 0.0000e+00
    15.6189    0.04941      -0.22  552546542 0.0000e+00
    15.6038    0.06105      -0.22  552546543 0.0000e+00
    15.5907    0.03004      -0.22  552546545 0.0000e+00
    15.5876    0.03087      -0.22  552546546 0.0000e+00
    15.5946    0.02247      -0.22  552546548 0.0000e+00
    15.6063    0.00780      -0.22  552546549 0.0000e+00
    15.5910    0.00681      -0.22  552546551 0.0000e+00
    15.5796    0.00586      -0.22  552546552 0.0000e+00
    15.5707    0.00526      -0.22  552546554 0.0000e+00
    15.5534    0.00609      -0.22  552546555 0.0000e+00
    15.5337    0.00736      -0.22  552546557 0.0000e+00
    15.5131    0.00609      -0.22  552546558 0.0000e+00
    15.4941    0.00527      -0.22  552546560 0.0000e+00
    15.4718    0.00498      -0.22  552546562 0.0000e+00
    15.4465    0.00478      -0.22  552546563 0.0000e+00
    15.4255    0.00447      -0.22  552546565 0.0000e+00
    15.4081    0.00435      -0.22  552546566 0.0000e+00
    15.4089    0.00419      -0.22  552546568 0.0000e+00
    15.3933    0.00402      -0.22  552546569 0.0000e+00
    15.3871    0.00390      -0.22  552546571 0.0000e+00
    15.3681    0.00373      -0.22  552546572 0.0000e+00
    15.3521    0.00361      -0.22  552546574 0.0000e+00
    15.3486    0.00361      -0.22  552546575 0.0000e+00
    15.3367    0.00343      -0.22  552546577 0.0000e+00
    15.3200    0.00332      -0.22  552546578 0.0000e+00
    15.3058    0.00313      -0.22  552546580 0.0000e+00
    15.2947    0.00311      -0.22  552546581 0.0000e+00
    15.2796    0.00297      -0.22  552546583 0.0000e+00
    15.2575    0.00289      -0.22  552546584 0.0000e+00
    15.2341    0.00275      -0.22  552546586 0.0000e+00
    15.2157    0.00252      -0.22  552546587 0.0000e+00
    15.1970    0.00236      -0.22  552546589 0.0000e+00
    15.1828    0.00228      -0.22  552546590 0.0000e+00
    15.1817    0.00230      -0.22  552546592 0.0000e+00
    15.1739    0.00227      -0.22  552546593 0.0000e+00
    15.1651    0.00223      -0.22  552546595 0.0000e+00
    15.1614    0.00231      -0.22  552546596 0.0000e+00
    15.1541    0.00229      -0.22  552546598 0.0000e+00
    15.1374    0.00221      -0.22  552546599 0.0000e+00
    15.1287    0.00230      -0.22  552546601 0.0000e+00
    15.1217    0.00226      -0.22  552546602 0.0000e+00
    15.1011    0.00229      -0.23  552546604 0.0000e+00
    15.0952    0.00239      -0.22  552546605 0.0000e+00
    15.0998    0.00209      -0.22  552546607 0.0000e+00
    15.0878    0.00193      -0.22  552546609 0.0000e+00
    15.0834    0.00184      -0.22  552546610 0.0000e+00
    15.0907    0.00177      -0.22  552546612 0.0000e+00
    15.0876    0.00203      -0.22  552546613 0.0000e+00
    15.0887    0.00197      -0.22  552546615 0.0000e+00
    15.0966    0.00184      -0.22  552546616 0.0000e+00
    15.1005    0.00171      -0.22  552546618 0.0000e+00
    15.1081    0.00160      -0.22  552546619 0.0000e+00
    15.1142    0.00161      -0.23  552546621 0.0000e+00
    15.1151    0.00181      -0.22  552546622 0.0000e+00
    15.1032    0.00304      -0.22  552546624 0.0000e+00
    15.0915    0.00308      -0.22  552546625 0.0000e+00
    15.0856    0.00250      -0.22  552546627 0.0000e+00
    15.0851    0.00214      -0.22  552546628 0.0000e+00
    15.0847    0.00183      -0.22  552546630 0.0000e+00
    15.0694    0.00175      -0.22  552546631 0.0000e+00
    15.0593    0.00232      -0.22  552546633 0.0000e+00
    15.0573    0.00197      -0.23  552546634 0.0000e+00
    15.0577    0.00185      -0.22  552546636 0.0000e+00
    15.0461    0.00176      -0.22  552546637 0.0000e+00
    15.0247    0.00171      -0.22  552546639 0.0000e+00
    15.0128    0.00165      -0.22  552546640 0.0000e+00
    15.0111    0.00164      -0.22  552546642 0.0000e+00
    15.0116    0.00160      -0.22  552546643 0.0000e+00
    15.0207    0.00160      -0.22  552546645 0.0000e+00
    15.0287    0.00150      -0.22  552546647 0.0000e+00
    15.0239    0.00136      -0.22  552546648 0.0000e+00
    15.0267    0.00134      -0.23  552546650 0.0000e+00
    15.0344    0.00149      -0.23  552546651 0.0000e+00
    15.0391    0.00159      -0.22  552546653 0.0000e+00
    15.0360    0.00144      -0.22  552546654 0.0000e+00
    15.0287    0.00155      -0.22  552546656 0.0000e+00
    15.0201    0.00210      -0.22  552546657 0.0000e+00
    15.0128    0.00250      -0.22  552546659 0.0000e+00
    15.0092    0.00256      -0.22  552546660 0.0000e+00
    15.0120    0.00235      -0.22  552546662 0.0000e+00
    15.0143    0.00230      -0.22  552546663 0.0000e+00
    15.0143    0.00212      -0.22  552546665 0.0000e+00
    14.9136    1.35573       0.19  552546666 0.0000e+00
    14.3145    3.09258       1.11  552546668 0.0000e+00
    14.3056    3.10889       1.94  552546669 0.0000e+00
    14.3174    3.10712       2.01  552546671 0.0000e+00
    14.3110    3.09704       2.51  552546672 0.0000e+00
    14.3125    3.12368       2.45  552546674 0.0000e+00
    14.3134    3.08856       2.59  552546675 0.0000e+00
    14.3098    3.12203       2.45  552546677 0.0000e+00
    14.3112    3.08777       2.59  552546678 0.0000e+00
    14.3110    3.11159       2.50  552546680 0.0000e+00
    14.3125    3.09974       2.57  552546681 0.0000e+00
    14.3106    3.11331       2.49  552546683 0.0000e+00
    14.3089    3.11365       2.61  552546684 0.0000e+00
    14.3096    3.11697       2.47  552546686 0.0000e+00
    14.3080    3.12401       2.61  552546688 0.0000e+00
    14.3104    3.13572       2.24  552546689 0.0000e+00
    14.3100    3.12024       2.03  552546691 0.0000e+00
    14.3092    3.11691       1.86  552546692 0.0000e+00
    14.3027    3.13465       2.44  552546694 0.0000e+00
    14.3041    3.10862       2.26  552546695 0.0000e+00
    14.3038    3.13987       2.55  552546697 0.0000e+00
    14.3034    3.14215       2.57  552546698 0.0000e+00
    14.3053    3.14311       2.76  552546700 0.0000e+00
    14.3042    3.14381       2.64  552546701 0.0000e+00
    14.3043    3.14489       2.71  552546703 0.0000e+00
    14.3044    3.14648       2.71  552546704 0.0000e+00
    14.3045    3.14609       2.73  552546706 0.0000e+00
    14.3034    3.14664       2.72  552546707 0.0000e+00
    14.3024    3.14769       2.69  552546709 0.0000e+00
    14.2984    3.14632       2.77  552546710 0.0000e+00
    14.2972    3.14834       2.69  552546712 0.0000e+00
    14.2981    3.14806       2.71  552546713 0.0000e+00
    14.3004    3.14700       2.78  552546715 0.0000e+00
    14.3008    3.14885       2.69  552546716 0.0000e+00
    14.3005    3.14739       2.75  552546718 0.0000e+00
    14.2996    3.14816       2.70  552546719 0.0000e+00
    14.3018    3.14703       2.76  552546721 0.0000e+00
    14.3026    3.14837       2.69  552546722 0.0000e+00
    14.3021    3.14734       2.72  552546724 0.0000e+00
    14.2985    3.14634       2.78  552546725 0.0000e+00
    14.2983    3.14761       2.67  552546727 0.0000e+00
    14.2988    3.14612       2.76  552546728 0.0000e+00
    14.2964    3.14618       2.72  552546730 0.0000e+00
    14.2927    3.14526       2.75  552546732 0.0000e+00
    14.2928    3.14401       2.71  552546733 0.0000e+00
    14.2917    3.14336       2.75  552546735 0.0000e+00
    14.2926    3.14331       2.74  552546736 0.0000e+00
    14.2917    3.14388       2.68  552546738 0.0000e+00
    14.2919    3.14282       2.78  552546739 0.0000e+00
    14.2913    3.14333       2.67  552546741 0.0000e+00
    14.2930    3.14235       2.81  552546742 0.0000e+00
    14.2944    3.14242       2.64  552546744 0.0000e+00
    14.2986    3.14227       2.76  552546745 0.0000e+00
    14.2987    3.14275       2.75  552546747 0.0000e+00
    14.2999    3.14261       2.65  552546748 0.0000e+00
    14.3001    3.14187       2.79  552546750 0.0000e+00
    14.2995    3.14161       2.72  552546751 0.0000e+00
    14.3001    3.14117       2.70  552546753 0.0000e+00
    14.2982    3.14158       2.74  552546754 0.0000e+00
    14.2988    3.14200       2.74  552546756 0.0000e+00
    14.2998    3.14223       2.72  552546757 0.0000e+00
    14.3002    3.14236       2.74  552546759 0.0000e+00
    14.3003    3.14238       2.69  552546760 0.0000e+00
    14.3007    3.14210       2.44  552546762 0.0000e+00
    14.3028    3.13863       1.63  552546763 0.0000e+00
    14.2966    3.13950       1.28  552546765 0.0000e+00
    14.2965    3.13973       0.71  552546766 0.0000e+00
    14.2972    3.14053       0.25  552546768 0.0000e+00
    14.2967    3.14066       0.12  552546770 0.0000e+00
    14.2969    3.14095       0.24  552546771 0.0000e+00
    14.3001    3.14146       0.80  552546773 0.0000e+00
    14.3005    3.14149       1.70  552546774 0.0000e+00
    14.2990    3.14156       2.55  552546776 0.0000e+00
    14.3003    3.14181       3.33  552546777 0.0000e+00
    14.3003    3.14201       3.97  552546779 0.0000e+00
    14.3003    3.14186       4.73  552546780 0.0000e+00
    14.1860    3.13848       5.49  552546782 0.0000e+00
    14.0763    3.13180       6.36  552546783 0.0000e+00
    13.9564    3.12865       7.18  552546785 0.0000e+00
    13.9249    3.12704       8.17  552546786 0.0000e+00
    13.8607    3.13002       8.83  552546788 0.0000e+00
    13.7715    3.13706      10.04  552546789 0.0000e+00
    13.5107    3.14431      10.54  552546791 0.0000e+00
    12.0410    3.10352      11.48  552546792 0.0000e+00
     9.8300    3.09034      11.94  552546794 0.0000e+00
     8.0543    2.95294      13.24  552546795 0.0000e+00
     7.5478    2.97786      13.93  552546797 0.0000e+00
     6.9482    2.91515      15.35  552546798 0.0000e+00
     6.6792    2.93603      16.08  552546800 0.0000e+00
     6.2936    2.92385      17.43  552546801 0.0000e+00
     6.8613    2.99037      18.16  552546803 0.0000e+00
     6.7786    2.98863      19.27  552546804 0.0000e+00
     6.2538    2.98176      20.32  552546806 0.0000e+00
     5.2935    2.95406      21.33  552546807 0.0000e+00
     4.8999    2.92497      22.35  552546809 0.0000e+00
     4.2892    2.89948      23.34  552546810 0.0000e+00
     3.9567    2.88024      24.28  552546812 0.0000e+00
     3.3936    2.82839      25.61  552546814 0.0000e+00
     2.8314    2.86003      26.24  552546815 0.0000e+00
     2.3247    2.76576      27.52  552546817 0.0000e+00
     2.0657    2.75464      28.64  552546818 0.0000e+00
     1.6952    2.74173      29.75  552546820 0.0000e+00
     1.4503    2.73341      30.76  552546821 0.0000e+00
     1.1705    2.71383      31.92  552546823 0.0000e+00
     1.1205    2.72404      32.83  552546824 0.0000e+00
     0.9484    2.70222      34.22  552546826 0.0000e+00
     0.8952    2.69634      35.40  552546827 0.0000e+00
     0.8185    2.69513      36.59  552546829 0.0000e+00
     0.6860    2.69178      37.74  552546830 0.0000e+00
     0.6364    2.68867      38.86  552546832 0.0000e+00
     0.4154    2.67416      40.30  552546833 0.0000e+00
     0.2226    2.69027      41.39  552546835 0.0000e+00
     0.1710    2.69102      42.30  552546836 0.0000e+00
     0.0617    2.67297      43.55  552546838 0.0000e+00
     0.0614    2.67370      44.57  552546839 0.0000e+00
     0.1131    2.67872      45.82  552546841 0.0000e+00
     0.0966    2.67893      46.90  552546842 0.0000e+00
     0.0493    2.67326      48.09  552546844 0.0000e+00
     0.0045    2.67343      49.03  552546845 0.0000e+00
    -0.1050    2.65921      50.27  552546847 0.0000e+00
    -0.1810    2.66842      51.10  552546848 0.0000e+00
    -0.1684    2.66893      52.11  552546850 0.0000e+00
    -0.1568    2.65637      53.38  552546851 0.0000e+00
    -0.1586    2.66414      54.48  552546853 0.0000e+00
    -0.1364    2.65877      55.78  552546854 0.0000e+00
    -0.1052    2.66641      56.86  552546856 0.0000e+00
    -0.0942    2.66168      58.08  552546858 0.0000e+00
    -0.0841    2.66784      59.12  552546859 0.0000e+00
    -0.0458    2.66718      60.47  552546861 0.0000e+00
    -0.0181    2.67609      61.56  552546862 0.0000e+00
    -0.0013    2.67289      62.84  552546864 0.0000e+00
     0.0111    2.67413      64.11  552546865 0.0000e+00
     0.0277    2.67580      65.14  552546867 0.0000e+00
     0.0401    2.67650      66.29  552546868 0.0000e+00
     0.0446    2.67773      67.39  552546870 0.0000e+00
     0.0503    2.67725      68.59  552546871 0.0000e+00
     0.0584    2.67864      69.71  552546873 0.0000e+00
     0.0839    2.68252      70.57  552546874 0.0000e+00
     0.1512    2.68884      72.00  552546876 0.0000e+00
     0.2310    2.69562      72.90  552546877 0.0000e+00
     0.2871    2.70313      74.22  552546879 0.0000e+00
     0.3063    2.70481      74.78  552546880 0.0000e+00
     0.3689    2.71512      76.38  552546882 0.0000e+00
     0.4792    2.71948      77.22  552546883 0.0000e+00
     0.5450    2.73202      78.47  552546885 0.0000e+00
     0.5860    2.73615      79.40  552546886 0.0000e+00
     0.9648    2.78377      80.75  552546888 0.0000e+00
     1.1965    2.79678      81.73  552546889 0.0000e+00
     1.3934    2.83041      83.14  552546891 0.0000e+00
     1.4312    2.83198      84.08  552546892 0.0000e+00
     1.4343    2.83870      85.62  552546894 0.0000e+00
     1.4363    2.83293      86.41  552546896 0.0000e+00
     1.4363    2.83572      87.22  552546897 0.0000e+00
     1.4367    2.83193      87.51  552546899 0.0000e+00
     1.4367    2.83084      87.55  552546900 0.0000e+00
     1.4276    2.82819      87.59  552546902 0.0000e+00
     1.4118    2.82631      87.60  552546903 0.0000e+00
     1.4081    2.82502      87.59  552546905 0.0000e+00
     1.4093    2.83177      87.21  552546906 0.0000e+00
     1.4382    2.83783      86.44  552546908 0.0000e+00
     1.4404    2.83818      85.95  552546909 0.0000e+00
     1.4399    2.84121      85.11  552546911 0.0000e+00
     1.4392    2.84213      83.85  552546912 0.0000e+00
     1.4397    2.84189      83.27  552546914 0.0000e+00
     1.4396    2.84321      82.27  552546915 0.0000e+00
     1.4392    2.84283      82.48  552546917 0.0000e+00
     1.4392    2.84306      82.28  552546918 0.0000e+00
     1.4375    2.84296      82.38  552546920 0.0000e+00
     1.4405    2.84390      82.24  552546921 0.0000e+00
     1.4372    2.84368      82.05  552546923 0.0000e+00
     1.4415    2.84423      81.48  552546924 0.0000e+00
     1.3560    2.82610      79.85  552546926 0.0000e+00
     1.0420    2.78900      78.36  552546927 0.0000e+00
     0.6478    2.74700      76.73  552546929 0.0000e+00
     0.5343    2.73597      75.00  552546930 0.0000e+00
     0.3972    2.72064      73.51  552546932 0.0000e+00
     0.3073    2.71138      72.04  552546933 0.0000e+00
