Code/Hansen Zooplankton Code and Sample Data/data/ctd/gsl_02_SBE37SI-RS232_03706156_2017_07_05.cnv
* Sea-Bird SBE37SI-RS232  Data File:
* FileName = C:\Users\General Lab Use\Desktop\SHELAGH CTD 2017\gsl_02_SBE37SI-RS232_03706156_2017_07_05.cnv
* Software version 1.00d
* Temperature SN = 6156
* Conductivity SN = 6156
* System UpLoad Time = Jul 05 2017 03:39:18
* <ApplicationData>
* <Seaterm232>
# nquan = 5
# nvalues = 2305
# units = specified
# name 0 = t090C: Temperature [ITS-90, deg C]
# name 1 = c0S/m: Conductivity [S/m]
# name 2 = prM: Pressure [db]
# name 3 = timeK: Time, Seacat Plus [seconds]
# name 4 = flag: Flag
# span 0 =     -1.0350,    18.0956
# span 1 =    0.001332,   3.291286
# span 2 =      -0.255,     69.245
# span 3 =   552524350,  552527860
# span 4 =  0.0000e+00, 0.0000e+00
# interval = seconds: 6.000000
# start_time = Jul 04 2017 22:59:10
# bad_flag = -9.990e-29
*END*
[from data line 2001]
     2.8457    2.81679      32.50  552527399 0.0000e+00
     2.8153    2.80021      33.13  552527400 0.0000e+00
     2.5185    2.79321      33.62  552527402 0.0000e+00
     2.3418    2.77273      34.18  552527403 0.0000e+00
     2.1509    2.75304      34.75  552527405 0.0000e+00
     1.9889    2.74010      35.37  552527406 0.0000e+00
     1.8255    2.74014      35.94  552527408 0.0000e+00
     1.7515    2.79525      36.18  552527409 0.0000e+00
     1.7540    2.73636      36.78  552527411 0.0000e+00
     1.5683    2.74365      37.18  552527412 0.0000e+00
     1.4672    2.73078      37.65  552527414 0.0000e+00
     1.2981    2.73675      37.86  552527415 0.0000e+00
     1.2776    2.69759      37.79  552527417 0.0000e+00
     1.2418    2.70513      37.85  552527418 0.0000e+00
     1.2389    2.71779      38.21  552527420 0.0000e+00
     1.2097    2.69157      38.00  552527421 0.0000e+00
     1.2088    2.69346      38.06  552527423 0.0000e+00
     1.1922    2.69324      38.17  552527424 0.0000e+00
     1.1963    2.67310      37.90  552527426 0.0000e+00
     1.2063    2.70779      38.10  552527427 0.0000e+00
     1.2090    2.67006      37.86  552527429 0.0000e+00
     1.2115    2.69569      38.06  552527431 0.0000e+00
     1.2132    2.67078      37.90  552527432 0.0000e+00
     1.2109    2.67085      37.91  552527434 0.0000e+00
     1.2161    2.66865      37.88  552527435 0.0000e+00
     1.2160    2.66832      37.92  552527437 0.0000e+00
     1.2138    2.66453      37.87  552527438 0.0000e+00
     1.2140    2.66523      37.86  552527440 0.0000e+00
     1.2195    2.66330      37.80  552527441 0.0000e+00
     1.2327    2.67041      37.89  552527443 0.0000e+00
     1.2332    2.66286      37.82  552527444 0.0000e+00
     1.2392    2.65681      37.46  552527446 0.0000e+00
     1.3054    2.66085      36.85  552527447 0.0000e+00
     1.4953    2.67095      36.64  552527449 0.0000e+00
     1.6686    2.67959      36.06  552527450 0.0000e+00
     1.7353    2.67972      35.48  552527452 0.0000e+00
     1.7743    2.68219      35.06  552527453 0.0000e+00
     1.8357    2.68557      34.76  552527455 0.0000e+00
     1.8933    2.68811      34.67  552527456 0.0000e+00
     1.9199    2.68901      34.62  552527458 0.0000e+00
     1.9340    2.69015      34.08  552527459 0.0000e+00
     2.0734    2.70104      33.58  552527461 0.0000e+00
     2.2973    2.71319      33.09  552527463 0.0000e+00
     2.4302    2.72284      32.65  552527464 0.0000e+00
     2.7368    2.74266      32.07  552527466 0.0000e+00
     2.7793    2.74028      31.58  552527467 0.0000e+00
     2.8354    2.74441      31.05  552527469 0.0000e+00
     2.9778    2.75517      30.57  552527470 0.0000e+00
     3.1662    2.77191      30.24  552527472 0.0000e+00
     3.7345    2.81580      29.63  552527473 0.0000e+00
     4.1170    2.82431      29.29  552527475 0.0000e+00
     4.5620    2.87010      28.66  552527476 0.0000e+00
     5.2344    2.89281      28.21  552527478 0.0000e+00
     5.3961    2.91066      27.80  552527479 0.0000e+00
     5.5364    2.91712      27.55  552527481 0.0000e+00
     6.1163    2.97341      27.05  552527482 0.0000e+00
     6.4082    2.97780      26.82  552527484 0.0000e+00
     6.5105    3.00639      26.20  552527485 0.0000e+00
     6.5819    2.99654      25.94  552527487 0.0000e+00
     6.5766    3.01012      25.49  552527488 0.0000e+00
     6.4757    3.00029      25.05  552527490 0.0000e+00
     6.2360    2.98289      24.55  552527491 0.0000e+00
     6.2138    2.97765      24.29  552527493 0.0000e+00
     6.0500    2.96100      23.68  552527494 0.0000e+00
     5.7895    2.94098      23.36  552527496 0.0000e+00
     5.6294    2.92436      22.73  552527498 0.0000e+00
     5.5242    2.91957      22.40  552527499 0.0000e+00
     5.6204    2.93670      21.74  552527501 0.0000e+00
     5.9302    2.95363      21.30  552527502 0.0000e+00
     6.0871    2.95918      20.80  552527504 0.0000e+00
     6.0709    2.95470      20.52  552527505 0.0000e+00
     6.2852    2.97846      19.86  552527507 0.0000e+00
     6.5357    2.98602      19.54  552527508 0.0000e+00
     6.8721    3.01669      18.98  552527510 0.0000e+00
     6.9778    3.02105      18.38  552527511 0.0000e+00
     7.1749    3.03144      17.86  552527513 0.0000e+00
     7.2752    3.04075      17.22  552527514 0.0000e+00
     7.4316    3.04747      16.76  552527516 0.0000e+00
     7.6296    3.05773      16.26  552527517 0.0000e+00
     7.7803    3.05533      15.71  552527519 0.0000e+00
     7.8163    3.04827      15.20  552527520 0.0000e+00
     7.8648    3.04346      14.64  552527522 0.0000e+00
     7.9323    3.04054      14.11  552527523 0.0000e+00
     8.3262    3.06354      13.50  552527525 0.0000e+00
     8.9565    3.09351      12.82  552527526 0.0000e+00
     9.5176    3.09948      12.40  552527528 0.0000e+00
     9.7627    3.10801      11.81  552527530 0.0000e+00
     9.9004    3.08566      11.37  552527531 0.0000e+00
     9.4481    3.02914      10.92  552527533 0.0000e+00
     9.2390    3.01937      10.36  552527534 0.0000e+00
    10.2004    3.05863       9.94  552527536 0.0000e+00
    12.4106    3.09154       9.49  552527537 0.0000e+00
    13.6443    3.09526       9.04  552527539 0.0000e+00
    14.4436    3.09784       8.59  552527540 0.0000e+00
    14.9847    3.13339       8.05  552527542 0.0000e+00
    15.4015    3.16361       7.50  552527543 0.0000e+00
    15.6716    3.14961       7.14  552527545 0.0000e+00
    15.6908    3.18760       6.58  552527546 0.0000e+00
    15.7668    3.19203       6.10  552527548 0.0000e+00
    15.8805    3.20838       5.55  552527549 0.0000e+00
    15.8865    3.21316       4.98  552527551 0.0000e+00
    15.9284    3.21698       4.42  552527552 0.0000e+00
    15.9899    3.23380       3.80  552527554 0.0000e+00
    16.1262    3.24262       3.19  552527555 0.0000e+00
    16.1914    3.25076       2.54  552527557 0.0000e+00
    16.2196    3.24868       1.97  552527558 0.0000e+00
    16.2388    3.25407       1.40  552527560 0.0000e+00
    16.2575    3.25138       0.92  552527562 0.0000e+00
    16.2568    3.22305       1.07  552527563 0.0000e+00
    16.2509    3.23335       0.93  552527565 0.0000e+00
    16.2490    3.21591       1.04  552527566 0.0000e+00
    16.2491    3.23247       0.92  552527568 0.0000e+00
    16.2499    3.21671       0.97  552527569 0.0000e+00
    16.2560    3.22755       0.89  552527571 0.0000e+00
    16.2489    3.21386       0.91  552527572 0.0000e+00
    16.2577    3.24018       0.82  552527574 0.0000e+00
    16.2499    3.22997       0.86  552527575 0.0000e+00
    16.2595    3.25503       0.70  552527577 0.0000e+00
    16.2594    3.25967       0.52  552527578 0.0000e+00
    16.2602    3.26012       0.10  552527580 0.0000e+00
    16.2586    2.29929      -0.21  552527581 0.0000e+00
    16.1607    0.29920      -0.23  552527583 0.0000e+00
    15.9291    0.21622      -0.23  552527584 0.0000e+00
    15.7363    0.21285      -0.23  552527586 0.0000e+00
    15.5358    0.19999      -0.23  552527587 0.0000e+00
    15.3722    0.18427      -0.23  552527589 0.0000e+00
    15.1988    0.17951      -0.23  552527590 0.0000e+00
    15.0507    0.14915      -0.23  552527592 0.0000e+00
    14.9343    0.13774      -0.23  552527593 0.0000e+00
    14.8336    0.11549      -0.23  552527595 0.0000e+00
    14.7038    0.12852      -0.23  552527597 0.0000e+00
    14.5807    0.11628      -0.23  552527598 0.0000e+00
    14.4817    0.09253      -0.23  552527600 0.0000e+00
    14.4160    0.10612      -0.23  552527601 0.0000e+00
    14.3717    0.10694      -0.23  552527603 0.0000e+00
    14.3378    0.14930      -0.23  552527604 0.0000e+00
    14.3312    0.13058      -0.23  552527606 0.0000e+00
    14.3211    0.11554      -0.22  552527607 0.0000e+00
    14.3221    0.10564      -0.23  552527609 0.0000e+00
    14.3230    0.09790      -0.23  552527610 0.0000e+00
    14.3246    0.08177      -0.22  552527612 0.0000e+00
    14.2895    0.12075      -0.23  552527613 0.0000e+00
    14.2735    0.11995      -0.23  552527615 0.0000e+00
    14.2816    0.12489      -0.22  552527616 0.0000e+00
    14.2970    0.11355      -0.23  552527618 0.0000e+00
    14.2812    0.10224      -0.22  552527619 0.0000e+00
    14.2935    0.07973      -0.22  552527621 0.0000e+00
    14.2981    0.07979      -0.22  552527622 0.0000e+00
    14.3024    0.07280      -0.22  552527624 0.0000e+00
    14.2867    0.08115      -0.22  552527626 0.0000e+00
    14.2829    0.08506      -0.22  552527627 0.0000e+00
    14.2948    0.08920      -0.22  552527629 0.0000e+00
    14.3069    0.07839      -0.21  552527630 0.0000e+00
    14.2981    0.06260      -0.21  552527632 0.0000e+00
    14.2946    0.07851      -0.21  552527633 0.0000e+00
    14.3017    0.08965      -0.21  552527635 0.0000e+00
    14.3088    0.09854      -0.21  552527636 0.0000e+00
    14.3112    0.09369      -0.21  552527638 0.0000e+00
    14.3206    0.09050      -0.21  552527639 0.0000e+00
    14.3290    0.08401      -0.21  552527641 0.0000e+00
    14.3432    0.08088      -0.21  552527642 0.0000e+00
    14.3522    0.07624      -0.21  552527644 0.0000e+00
    14.3518    0.07782      -0.21  552527645 0.0000e+00
    14.3529    0.07201      -0.21  552527647 0.0000e+00
    14.3567    0.07155      -0.21  552527648 0.0000e+00
    14.3635    0.07321      -0.21  552527650 0.0000e+00
    14.3671    0.07342      -0.21  552527651 0.0000e+00
    14.3705    0.06967      -0.21  552527653 0.0000e+00
    14.3778    0.07061      -0.20  552527654 0.0000e+00
    14.3785    0.06646      -0.21  552527656 0.0000e+00
    14.3879    0.06699      -0.21  552527658 0.0000e+00
    14.3956    0.06401      -0.20  552527659 0.0000e+00
    14.3985    0.06497      -0.21  552527661 0.0000e+00
    14.4020    0.06035      -0.21  552527662 0.0000e+00
    14.4079    0.06392      -0.20  552527664 0.0000e+00
    14.4130    0.05680      -0.21  552527665 0.0000e+00
    14.4234    0.06187      -0.21  552527667 0.0000e+00
    14.4304    0.05637      -0.21  552527668 0.0000e+00
    14.4228    0.06009      -0.21  552527670 0.0000e+00
    14.4187    0.05592      -0.21  552527671 0.0000e+00
    14.4060    0.05752      -0.21  552527673 0.0000e+00
    14.3952    0.05476      -0.21  552527674 0.0000e+00
    14.3843    0.05540      -0.20  552527676 0.0000e+00
    14.3776    0.05299      -0.21  552527677 0.0000e+00
    14.3716    0.05402      -0.20  552527679 0.0000e+00
    14.3739    0.05197      -0.20  552527680 0.0000e+00
    14.3853    0.05252      -0.20  552527682 0.0000e+00
    14.3947    0.05092      -0.21  552527683 0.0000e+00
    14.3987    0.05076      -0.20  552527685 0.0000e+00
    14.4035    0.05057      -0.20  552527687 0.0000e+00
    14.4040    0.04962      -0.21  552527688 0.0000e+00
    14.3985    0.04971      -0.21  552527690 0.0000e+00
    14.3967    0.04949      -0.20  552527691 0.0000e+00
    14.3961    0.04919      -0.21  552527693 0.0000e+00
    14.3995    0.04880      -0.21  552527694 0.0000e+00
    14.4074    0.04838      -0.20  552527696 0.0000e+00
    14.4029    0.05529      -0.21  552527697 0.0000e+00
    14.3873    0.05990      -0.21  552527699 0.0000e+00
    14.3659    0.05967      -0.21  552527700 0.0000e+00
    14.3605    0.06184      -0.21  552527702 0.0000e+00
    14.3511    0.06158      -0.21  552527703 0.0000e+00
    14.3475    0.06149      -0.21  552527705 0.0000e+00
    14.3400    0.06531      -0.21  552527706 0.0000e+00
    14.3350    0.06237      -0.21  552527708 0.0000e+00
    14.3327    0.06782      -0.21  552527709 0.0000e+00
    14.3239    0.06433      -0.21  552527711 0.0000e+00
    14.3270    0.06719      -0.21  552527712 0.0000e+00
    14.3183    0.06560      -0.21  552527714 0.0000e+00
    14.3078    0.06566      -0.21  552527715 0.0000e+00
    14.2886    0.06196      -0.21  552527717 0.0000e+00
    14.2773    0.06398      -0.21  552527719 0.0000e+00
    14.2631    0.06051      -0.21  552527720 0.0000e+00
    14.2606    0.06320      -0.21  552527722 0.0000e+00
    14.2588    0.06309      -0.21  552527723 0.0000e+00
    14.2484    0.06183      -0.21  552527725 0.0000e+00
    14.2543    0.06267      -0.21  552527726 0.0000e+00
    14.2526    0.05866      -0.21  552527728 0.0000e+00
    14.2432    0.05966      -0.21  552527729 0.0000e+00
    14.2495    0.05867      -0.21  552527731 0.0000e+00
    14.2702    0.05649      -0.21  552527732 0.0000e+00
    14.2937    0.05528      -0.21  552527734 0.0000e+00
    14.3088    0.05354      -0.21  552527735 0.0000e+00
    14.3151    0.05229      -0.21  552527737 0.0000e+00
    14.3238    0.05130      -0.21  552527738 0.0000e+00
    14.3348    0.05032      -0.21  552527740 0.0000e+00
    14.3473    0.04946      -0.21  552527741 0.0000e+00
    14.3598    0.04905      -0.21  552527743 0.0000e+00
    14.3571    0.04754      -0.21  552527744 0.0000e+00
    14.3575    0.04656      -0.21  552527746 0.0000e+00
    14.3564    0.04557      -0.21  552527747 0.0000e+00
    14.3533    0.04442      -0.21  552527749 0.0000e+00
    14.3447    0.04356      -0.21  552527751 0.0000e+00
    14.3400    0.04266      -0.22  552527752 0.0000e+00
    14.3371    0.04210      -0.21  552527754 0.0000e+00
    14.3349    0.04166      -0.22  552527755 0.0000e+00
    14.3212    0.04142      -0.22  552527757 0.0000e+00
    14.3188    0.04168      -0.21  552527758 0.0000e+00
    14.3297    0.04155      -0.22  552527760 0.0000e+00
    14.3433    0.04126      -0.22  552527761 0.0000e+00
    14.3621    0.03997      -0.22  552527763 0.0000e+00
    14.3707    0.04482      -0.22  552527764 0.0000e+00
    14.3848    0.06308      -0.22  552527766 0.0000e+00
    14.3972    0.10095      -0.22  552527767 0.0000e+00
    14.3997    0.08997      -0.22  552527769 0.0000e+00
    14.4037    0.07426      -0.22  552527770 0.0000e+00
    14.4196    0.08204      -0.22  552527772 0.0000e+00
    14.4237    0.06942      -0.22  552527773 0.0000e+00
    14.4263    0.05516      -0.22  552527775 0.0000e+00
    14.4248    0.04888      -0.22  552527776 0.0000e+00
    14.4069    0.07508      -0.22  552527778 0.0000e+00
    14.3919    0.06405      -0.21  552527779 0.0000e+00
    14.3867    0.07123      -0.21  552527781 0.0000e+00
    14.3843    0.09031      -0.22  552527783 0.0000e+00
    14.4006    0.06175      -0.23  552527784 0.0000e+00
    14.4196    0.06036      -0.23  552527786 0.0000e+00
    14.4558    0.06168      -0.23  552527787 0.0000e+00
    14.4713    0.05743      -0.23  552527789 0.0000e+00
    14.4849    0.05262      -0.23  552527790 0.0000e+00
    14.4806    0.05682      -0.23  552527792 0.0000e+00
    14.4860    0.07482      -0.23  552527793 0.0000e+00
    14.4968    0.07063      -0.23  552527795 0.0000e+00
    14.4983    0.06499      -0.23  552527796 0.0000e+00
    14.5311    0.06172      -0.22  552527798 0.0000e+00
    14.5573    0.06953      -0.23  552527799 0.0000e+00
    14.6159    0.07255      -0.23  552527801 0.0000e+00
    14.6533    0.09071      -0.22  552527802 0.0000e+00
    14.6865    0.10281      -0.22  552527804 0.0000e+00
    14.6980    0.11116      -0.23  552527805 0.0000e+00
    14.7013    0.11831      -0.22  552527807 0.0000e+00
    14.6968    0.12047      -0.22  552527808 0.0000e+00
    14.6805    0.10639      -0.22  552527810 0.0000e+00
    14.6691    0.09274      -0.22  552527812 0.0000e+00
    14.6627    0.09751      -0.23  552527813 0.0000e+00
    14.6440    0.09740      -0.22  552527815 0.0000e+00
    14.6373    0.10344      -0.23  552527816 0.0000e+00
    14.6256    0.08974      -0.23  552527818 0.0000e+00
    14.6202    0.10364      -0.23  552527819 0.0000e+00
    14.6216    0.09971      -0.23  552527821 0.0000e+00
    14.6194    0.10595      -0.23  552527822 0.0000e+00
    14.6153    0.09602      -0.23  552527824 0.0000e+00
    14.6029    0.11008      -0.23  552527825 0.0000e+00
    14.5995    0.09395      -0.23  552527827 0.0000e+00
    14.5919    0.10153      -0.23  552527828 0.0000e+00
    14.5803    0.08136      -0.23  552527830 0.0000e+00
