Code/Hansen Zooplankton Code and Sample Data/data/ctd/gsl_07_SBE37SI-RS232_03706156_2017_08_02_final.cnv
* Sea-Bird SBE37SI-RS232  Data File:
* FileName = C:\Users\General Lab Use\Desktop\SHELAGH CTD 2017\gsl_07_SBE37SI-RS232_03706156_2017_08_02.cnv
* Software version 1.00d
* Temperature SN = 6156
* Conductivity SN = 6156
* System UpLoad Time = Aug 02 2017 18:17:22
* <ApplicationData>
* <Seaterm232>
# nquan = 7                                 
# nvalues = 1319                        
# units = specified
# name 0 = t090C: Temperature [ITS-90, deg C]
# name 1 = c0S/m: Conductivity [S/m]
# name 2 = prM: Pressure [db]
# name 3 = timeK: Time, Seacat Plus [seconds]
# name 4 = sal00: Salinity [PSU]
# name 5 = sigma-t00: Density [sigma-t, Kg/m^3 ]
# name 6 = flag: flag
# span 0 =     0.0424,    20.8527       
# span 1 =  -0.013530,   3.627840       
# span 2 =     -0.230,    107.690       
# span 3 =  554998957,  555000967       
# span 4 =     0.0000,    32.5999       
# span 5 =    -1.8914,    26.1476       
# span 6 = 0.0000e+00, 0.0000e+00       
# interval = seconds: 6.000000
# start_time = Aug 02 2017 14:22:37
# bad_flag = -9.990e-29
*END*
[from data line 411]
    17.4864   0.042690     -0.160  554999584     0.2423    -1.1230 0.0000e+00
    17.4964   0.039790     -0.160  554999585     0.2255    -1.1378 0.0000e+00
    17.5597   0.038840     -0.160  554999587     0.2197    -1.1537 0.0000e+00
    17.5491   0.036480     -0.160  554999588     0.2061    -1.1622 0.0000e+00
    17.6191   0.035350     -0.160  554999590     0.1993    -1.1801 0.0000e+00
    17.6400   0.034010     -0.160  554999591     0.1915    -1.1898 0.0000e+00
    17.6613   0.033480     -0.160  554999593     0.1884    -1.1961 0.0000e+00
    17.6310   0.032220     -0.160  554999594     0.1814    -1.1960 0.0000e+00
    17.6713   0.031990     -0.160  554999596     0.1799    -1.2045 0.0000e+00
    17.6351   0.031100     -0.160  554999598     0.1750    -1.2017 0.0000e+00
    17.7170   0.030500     -0.160  554999599     0.1713    -1.2194 0.0000e+00
    17.7252   0.029560     -0.160  554999601     0.1659    -1.2250 0.0000e+00
    17.7857   0.029090     -0.160  554999602     0.1630    -1.2383 0.0000e+00
    17.7917   0.028090     -0.160  554999604     0.1574    -1.2438 0.0000e+00
    17.9143   0.027800     -0.160  554999605     0.1553    -1.2678 0.0000e+00
    17.9317   0.027030     -0.160  554999607     0.1509    -1.2744 0.0000e+00
    18.0168   0.026740     -0.160  554999608     0.1490    -1.2916 0.0000e+00
    17.9866   0.026210     -0.160  554999610     0.1461    -1.2882 0.0000e+00
    18.0514   0.026070     -0.160  554999611     0.1452    -1.3010 0.0000e+00
    18.0625   0.025340     -0.160  554999613     0.1411    -1.3062 0.0000e+00
    18.1603   0.025620     -0.160  554999614     0.1423    -1.3235 0.0000e+00
    18.1765   0.025170     -0.160  554999616     0.1398    -1.3285 0.0000e+00
    18.2220   0.025370     -0.160  554999617     0.1407    -1.3363 0.0000e+00
    18.1947   0.024530     -0.160  554999619     0.1362    -1.3347 0.0000e+00
    18.1863   0.024210     -0.160  554999620     0.1344    -1.3344 0.0000e+00
    18.1548   0.023570     -0.150  554999622     0.1310    -1.3312 0.0000e+00
    18.1357   0.023680     -0.160  554999623     0.1316    -1.3271 0.0000e+00
    18.0753   0.023520     -0.160  554999625     0.1309    -1.3164 0.0000e+00
    18.0654   0.023830     -0.160  554999627     0.1327    -1.3132 0.0000e+00
    18.0651   0.023370     -0.150  554999628     0.1301    -1.3151 0.0000e+00
    18.1546   0.023500     -0.160  554999630     0.1306    -1.3315 0.0000e+00
    18.1268   0.023060     -0.150  554999631     0.1282    -1.3281 0.0000e+00
    18.1985   0.022540     -0.160  554999633     0.1251    -1.3438 0.0000e+00
    18.1596   0.022190     -0.150  554999634     0.1233    -1.3380 0.0000e+00
    18.1931   0.021520     -0.150  554999636     0.1195    -1.3471 0.0000e+00
    18.1422   0.021180     -0.160  554999637     0.1178    -1.3390 0.0000e+00
    18.0877   0.020830     -0.150  554999639     0.1160    -1.3302 0.0000e+00
    18.0250   0.020620     -0.160  554999640     0.1150    -1.3193 0.0000e+00
    17.9749   0.020490     -0.150  554999642     0.1144    -1.3105 0.0000e+00
    17.9263   0.020190     -0.150  554999643     0.1129    -1.3027 0.0000e+00
    17.8732   0.020420     -0.160  554999645     0.1143    -1.2919 0.0000e+00
    17.8160   0.020040     -0.150  554999646     0.1123    -1.2829 0.0000e+00
    17.7573   0.020030     -0.160  554999648     0.1124    -1.2721 0.0000e+00
    17.7411   0.019490     -0.150  554999649     0.1094    -1.2714 0.0000e+00
    17.7412   0.019530     -0.160  554999651     0.1096    -1.2713 0.0000e+00
    17.7130   0.019170     -0.150  554999652     0.1077    -1.2676 0.0000e+00
    17.6804   0.019120     -0.160  554999654     0.1075    -1.2618 0.0000e+00
    17.6679   0.018780     -0.150  554999655     0.1056    -1.2610 0.0000e+00
    17.6372   0.018870     -0.160  554999657     0.1062    -1.2550 0.0000e+00
    17.6364   0.018170     -0.160  554999659     0.1023    -1.2578 0.0000e+00
    17.6303   0.017560     -0.160  554999660     0.0990    -1.2593 0.0000e+00
    17.6280   0.017130     -0.160  554999662     0.0966    -1.2607 0.0000e+00
    17.6470   0.017100     -0.160  554999663     0.0964    -1.2643 0.0000e+00
    17.6295   0.017100     -0.160  554999665     0.0964    -1.2611 0.0000e+00
    17.6136   0.016940     -0.160  554999666     0.0956    -1.2589 0.0000e+00
    17.6122   0.016830     -0.160  554999668     0.0950    -1.2591 0.0000e+00
    17.6111   0.016560     -0.160  554999669     0.0935    -1.2601 0.0000e+00
    17.6130   0.016530     -0.160  554999671     0.0933    -1.2605 0.0000e+00
    17.5858   0.016500     -0.160  554999672     0.0932    -1.2557 0.0000e+00
    17.5374   0.016360     -0.160  554999674     0.0925    -1.2475 0.0000e+00
    17.5163   0.016420     -0.160  554999675     0.0929    -1.2434 0.0000e+00
    17.4984   0.016400     -0.160  554999677     0.0928    -1.2403 0.0000e+00
    17.4856   0.016280     -0.160  554999678     0.0922    -1.2385 0.0000e+00
    17.4685   0.015970     -0.160  554999680     0.0905    -1.2367 0.0000e+00
    17.4699   0.015810     -0.160  554999681     0.0896    -1.2376 0.0000e+00
    17.4604   0.015640     -0.160  554999683     0.0887    -1.2366 0.0000e+00
    17.4634   0.015660     -0.160  554999684     0.0888    -1.2371 0.0000e+00
    17.4580   0.015540     -0.160  554999686     0.0882    -1.2366 0.0000e+00
    17.4542   0.015470     -0.160  554999688     0.0878    -1.2362 0.0000e+00
    17.4623   0.015370     -0.160  554999689     0.0872    -1.2381 0.0000e+00
    17.4526   0.015310     -0.160  554999691     0.0869    -1.2366 0.0000e+00
    17.4294   0.015240     -0.160  554999692     0.0866    -1.2327 0.0000e+00
    17.4244   0.015200     -0.160  554999694     0.0863    -1.2320 0.0000e+00
    17.4344   0.015030     -0.160  554999695     0.0854    -1.2345 0.0000e+00
    17.4500   0.014930     -0.160  554999697     0.0848    -1.2378 0.0000e+00
    17.4471   0.014850     -0.160  554999698     0.0844    -1.2376 0.0000e+00
    17.4342   0.014760     -0.160  554999700     0.0839    -1.2356 0.0000e+00
    17.4325   0.014760     -0.160  554999701     0.0839    -1.2353 0.0000e+00
    17.4334   0.014750     -0.160  554999703     0.0838    -1.2355 0.0000e+00
    17.4386   0.014660     -0.160  554999704     0.0833    -1.2369 0.0000e+00
    17.4623   0.014500     -0.160  554999706     0.0824    -1.2418 0.0000e+00
    17.4950   0.014390     -0.160  554999707     0.0818    -1.2482 0.0000e+00
    17.5186   0.014250     -0.170  554999709     0.0810    -1.2530 0.0000e+00
    17.5151   0.014170     -0.160  554999710     0.0805    -1.2527 0.0000e+00
    17.5121   0.014180     -0.160  554999712     0.0806    -1.2522 0.0000e+00
    17.5097   0.014070     -0.160  554999713     0.0800    -1.2522 0.0000e+00
    17.4990   0.014040     -0.160  554999715     0.0798    -1.2504 0.0000e+00
    17.4907   0.013970     -0.170  554999716     0.0795    -1.2492 0.0000e+00
    17.5360   0.013790     -0.170  554999718     0.0784    -1.2581 0.0000e+00
    17.6262   0.013670     -0.170  554999720     0.0776    -1.2750 0.0000e+00
    17.7377   0.013670     -0.170  554999721     0.0775    -1.2954 0.0000e+00
    17.7517   0.046800     -0.180  554999723     0.2646    -1.1540 0.0000e+00
    17.7681   0.047930     -0.180  554999724     0.2710    -1.1520 0.0000e+00
    17.7269   0.041590     -0.180  554999726     0.2346    -1.1725 0.0000e+00
    17.6635   0.044890     -0.180  554999727     0.2541    -1.1460 0.0000e+00
    17.6168   0.039200     -0.190  554999729     0.2214    -1.1626 0.0000e+00
    17.5598   0.035090     -0.180  554999730     0.1981    -1.1703 0.0000e+00
    17.4929   0.037670     -0.190  554999732     0.2132    -1.1466 0.0000e+00
    17.4966   0.047800     -0.190  554999733     0.2720    -1.1020 0.0000e+00
    17.4814   0.062330     -0.190  554999735     0.3576    -1.0335 0.0000e+00
    17.4792   0.053390     -0.190  554999736     0.3048    -1.0736 0.0000e+00
    17.4532   0.050970     -0.190  554999738     0.2908    -1.0797 0.0000e+00
    17.4185   0.048610     -0.190  554999739     0.2772    -1.0840 0.0000e+00
    17.4064   0.050550     -0.190  554999741     0.2887    -1.0730 0.0000e+00
    17.3958   0.044420     -0.200  554999742     0.2529    -1.0986 0.0000e+00
    17.4007   0.037560     -0.190  554999744     0.2130    -1.1302 0.0000e+00
    17.3860   0.035150     -0.200  554999745     0.1992    -1.1382 0.0000e+00
    17.3792   0.032630     -0.190  554999747     0.1848    -1.1481 0.0000e+00
    17.3514   0.032620     -0.200  554999748     0.1848    -1.1431 0.0000e+00
    17.3388   0.032030     -0.190  554999750     0.1815    -1.1435 0.0000e+00
    17.3353   0.032220     -0.200  554999752     0.1826    -1.1420 0.0000e+00
    17.3378   0.031490     -0.190  554999753     0.1784    -1.1457 0.0000e+00
    17.3255   0.031220     -0.200  554999755     0.1769    -1.1446 0.0000e+00
    17.3196   0.030360     -0.190  554999756     0.1720    -1.1474 0.0000e+00
    17.3198   0.031760     -0.200  554999758     0.1800    -1.1412 0.0000e+00
    17.3448   0.031560     -0.200  554999759     0.1788    -1.1466 0.0000e+00
    17.3435   0.033830     -0.200  554999761     0.1918    -1.1363 0.0000e+00
    17.3507   0.033630     -0.200  554999762     0.1906    -1.1385 0.0000e+00
    17.3394   0.036130     -0.200  554999764     0.2051    -1.1254 0.0000e+00
    17.3452   0.035160     -0.200  554999765     0.1995    -1.1307 0.0000e+00
    17.3234   0.038010     -0.200  554999767     0.2160    -1.1141 0.0000e+00
    17.3239   0.037150     -0.200  554999768     0.2111    -1.1180 0.0000e+00
    17.3231   0.038450     -0.200  554999770     0.2186    -1.1121 0.0000e+00
    17.3334   0.036830     -0.200  554999771     0.2092    -1.1212 0.0000e+00
    17.3139   0.041780     -0.200  554999773     0.2380    -1.0955 0.0000e+00
    17.3157   0.043790     -0.200  554999774     0.2497    -1.0868 0.0000e+00
    17.3239   0.042220     -0.200  554999776     0.2405    -1.0954 0.0000e+00
    17.3271   0.041760     -0.200  554999777     0.2378    -1.0980 0.0000e+00
    17.3475   0.052670     -0.210  554999779     0.3015    -1.0526 0.0000e+00
    17.3577   0.044530     -0.200  554999780     0.2538    -1.0912 0.0000e+00
    17.3966   0.039740     -0.210  554999782     0.2257    -1.1197 0.0000e+00
    17.4265   0.036490     -0.200  554999784     0.2067    -1.1396 0.0000e+00
    17.8154   3.485660      0.450  554999785    25.8778    18.3429 0.0000e+00
    18.0289   3.600970      0.610  554999787    26.6884    18.9119 0.0000e+00
    18.0512   3.610800      1.410  554999788    26.7544    18.9571 0.0000e+00
    18.0518   3.612010      1.810  554999790    26.7638    18.9641 0.0000e+00
    18.0616   3.613350      2.470  554999791    26.7683    18.9652 0.0000e+00
    18.0483   3.618090      2.410  554999793    26.8159    19.0047 0.0000e+00
    18.0169   3.617440      2.890  554999794    26.8310    19.0235 0.0000e+00
    17.9808   3.614760      2.660  554999796    26.8326    19.0331 0.0000e+00
    17.9045   3.613930      3.190  554999797    26.8756    19.0837 0.0000e+00
    17.8822   3.612890      3.530  554999799    26.8816    19.0934 0.0000e+00
    17.8114   3.612140      3.970  554999800    26.9218    19.1406 0.0000e+00
    17.6559   3.603160      4.600  554999802    26.9498    19.1978 0.0000e+00
    17.4677   3.596450      4.890  554999803    27.0187    19.2936 0.0000e+00
    17.4385   3.589810      5.520  554999805    26.9826    19.2726 0.0000e+00
    17.3867   3.585390      6.150  554999806    26.9799    19.2824 0.0000e+00
    17.3686   3.583860      6.910  554999808    26.9789    19.2858 0.0000e+00
    17.3028   3.581140      7.520  554999809    26.9998    19.3167 0.0000e+00
    17.2220   3.572110      8.280  554999811    26.9778    19.3182 0.0000e+00
    17.0421   3.567700      8.480  554999812    27.0608    19.4222 0.0000e+00
    16.8113   3.532360      9.460  554999814    26.9171    19.3638 0.0000e+00
    16.1654   3.531720      9.570  554999816    27.3490    19.8363 0.0000e+00
    14.3725   3.378210     10.530  554999817    27.2493    20.1330 0.0000e+00
    11.1832   3.341890     10.710  554999819    29.2944    22.3055 0.0000e+00
     9.9213   3.198280     11.500  554999820    28.8855    22.1946 0.0000e+00
     9.1515   3.162660     11.940  554999822    29.1479    22.5173 0.0000e+00
     8.7307   3.121370     12.590  554999823    29.0691    22.5175 0.0000e+00
     8.0855   3.074380     13.300  554999825    29.1134    22.6431 0.0000e+00
     7.0905   3.063520     13.790  554999826    29.8412    23.3463 0.0000e+00
     6.5875   2.985330     14.550  554999828    29.4283    23.0840 0.0000e+00
     6.1116   3.009570     15.040  554999829    30.1097    23.6777 0.0000e+00
     5.7749   2.980460     15.690  554999831    30.0858    23.6975 0.0000e+00
     5.4798   2.995530     16.300  554999832    30.5199    24.0736 0.0000e+00
     5.1401   2.926330     17.040  554999834    30.0453    23.7349 0.0000e+00
     4.7842   2.897430     17.600  554999835    30.0372    23.7652 0.0000e+00
     4.3150   2.881250     18.240  554999837    30.2785    24.0027 0.0000e+00
     4.0479   2.887150     18.720  554999838    30.5944    24.2788 0.0000e+00
     4.0090   2.852570     19.480  554999840    30.2260    23.9897 0.0000e+00
     3.9202   2.857770     20.020  554999841    30.3687    24.1113 0.0000e+00
     3.7798   2.871080     20.520  554999843    30.6560    24.3524 0.0000e+00
     3.6514   2.838630     21.260  554999844    30.3932    24.1548 0.0000e+00
     3.3340   2.843430     21.760  554999846    30.7487    24.4653 0.0000e+00
     3.0521   2.794560     22.710  554999848    30.4305    24.2350 0.0000e+00
     2.5887   2.834520     23.020  554999849    31.3599    25.0131 0.0000e+00
     2.3652   2.757380     24.100  554999851    30.6338    24.4496 0.0000e+00
     1.9253   2.771330     24.510  554999852    31.2344    24.9610 0.0000e+00
     1.7019   2.737870     25.590  554999854    31.0376    24.8182 0.0000e+00
     1.5907   2.748940     26.060  554999855    31.2861    25.0244 0.0000e+00
     1.5179   2.733750     26.910  554999857    31.1674    24.9339 0.0000e+00
     1.4748   2.723640     27.630  554999858    31.0827    24.8687 0.0000e+00
     1.4645   2.719760     28.460  554999860    31.0437    24.8380 0.0000e+00
     1.4668   2.718530     29.250  554999861    31.0256    24.8233 0.0000e+00
     1.4337   2.716320     30.070  554999863    31.0301    24.8290 0.0000e+00
     1.3571   2.720150     30.640  554999864    31.1541    24.9331 0.0000e+00
     1.1684   2.707980     31.490  554999866    31.1879    24.9714 0.0000e+00
     1.0390   2.704270     32.220  554999867    31.2701    25.0448 0.0000e+00
     1.0260   2.700780     33.100  554999869    31.2382    25.0199 0.0000e+00
     0.9820   2.699980     33.830  554999870    31.2718    25.0494 0.0000e+00
     0.9457   2.698440     34.600  554999872    31.2883    25.0646 0.0000e+00
     0.9213   2.690120     35.470  554999873    31.2061    24.9999 0.0000e+00
     0.8311   2.706370     36.030  554999875    31.5048    25.2449 0.0000e+00
     0.7588   2.679120     36.870  554999876    31.2281    25.0262 0.0000e+00
     0.6138   2.682230     37.520  554999878    31.4145    25.1837 0.0000e+00
     0.5422   2.673560     38.570  554999880    31.3748    25.1554 0.0000e+00
     0.4701   2.677230     39.180  554999881    31.4954    25.2561 0.0000e+00
     0.4394   2.671090     40.230  554999883    31.4467    25.2183 0.0000e+00
     0.4065   2.673040     40.900  554999884    31.5052    25.2671 0.0000e+00
     0.3813   2.669420     41.970  554999886    31.4834    25.2507 0.0000e+00
     0.3395   2.674820     42.630  554999887    31.5960    25.3435 0.0000e+00
     0.2483   2.666470     43.700  554999889    31.5805    25.3353 0.0000e+00
     0.2199   2.665260     44.100  554999890    31.5937    25.3472 0.0000e+00
     0.2352   2.667240     45.160  554999892    31.6032    25.3542 0.0000e+00
     0.3085   2.672230     45.700  554999893    31.5925    25.3421 0.0000e+00
