Code/Hansen Zooplankton Code and Sample Data/data/ctd/gsl_03_SBE37SI-RS232_03706156_2017_07_05.cnv
* Sea-Bird SBE37SI-RS232  Data File:
* FileName = C:\Users\General Lab Use\Desktop\SHELAGH CTD 2017\gsl_03_SBE37SI-RS232_03706156_2017_07_05.cnv
* Software version 1.00d
* Temperature SN = 6156
* Conductivity SN = 6156
* System UpLoad Time = Jul 05 2017 12:41:05
* <ApplicationData>
* <Seaterm232>
# nquan = 5
# nvalues = 1164
# units = specified
# name 0 = t090C: Temperature [ITS-90, deg C]
# name 1 = c0S/m: Conductivity [S/m]
# name 2 = prM: Pressure [db]
# name 3 = timeK: Time, Seacat Plus [seconds]
# name 4 = flag: Flag
# span 0 =     -0.1974,    15.7360
# span 1 =    0.001344,   3.148847
# span 2 =      -0.237,     87.605
# span 3 =   552546502,  552548270
# span 4 =  0.0000e+00, 0.0000e+00
# interval = seconds: 6.000000
# start_time = Jul 05 2017 05:08:22
# bad_flag = -9.990e-29
*END*
[from data line 572]
    13.0975    0.02896      -0.23  552547371 0.0000e+00
    13.1391    0.02887      -0.23  552547373 0.0000e+00
    13.1652    0.02963      -0.23  552547374 0.0000e+00
    13.1821    0.03003      -0.23  552547376 0.0000e+00
    13.1874    0.02861      -0.23  552547377 0.0000e+00
    13.1991    0.02777      -0.23  552547379 0.0000e+00
    13.2102    0.02737      -0.23  552547380 0.0000e+00
    13.2335    0.02641      -0.23  552547382 0.0000e+00
    13.2415    0.02590      -0.23  552547383 0.0000e+00
    13.2501    0.02531      -0.23  552547385 0.0000e+00
    13.2493    0.02454      -0.23  552547386 0.0000e+00
    13.2469    0.02407      -0.23  552547388 0.0000e+00
    13.2626    0.02356      -0.23  552547389 0.0000e+00
    13.2559    0.02309      -0.23  552547391 0.0000e+00
    13.2606    0.02267      -0.23  552547392 0.0000e+00
    13.2714    0.02219      -0.23  552547394 0.0000e+00
    13.2847    0.02198      -0.23  552547395 0.0000e+00
    13.3138    0.02195      -0.23  552547397 0.0000e+00
    13.3268    0.02200      -0.23  552547398 0.0000e+00
    13.3454    0.02175      -0.23  552547400 0.0000e+00
    13.3683    0.02177      -0.23  552547401 0.0000e+00
    13.4035    0.02155      -0.23  552547403 0.0000e+00
    13.4155    0.02121      -0.23  552547405 0.0000e+00
    13.4198    0.02099      -0.23  552547406 0.0000e+00
    13.6311    1.75989       0.16  552547408 0.0000e+00
    14.2574    3.11546       0.54  552547409 0.0000e+00
    14.2660    3.11857       0.93  552547411 0.0000e+00
    14.2799    3.11872       0.72  552547412 0.0000e+00
    14.2776    3.11187       0.86  552547414 0.0000e+00
    14.2901    3.11230       0.77  552547415 0.0000e+00
    14.2897    3.11856       0.98  552547417 0.0000e+00
    14.2926    3.12585       1.37  552547418 0.0000e+00
    14.2930    3.13309       2.09  552547420 0.0000e+00
    14.2931    3.13136       2.58  552547421 0.0000e+00
    14.2892    3.13386       3.37  552547423 0.0000e+00
    14.2633    3.13352       4.15  552547424 0.0000e+00
    14.1744    3.13016       4.79  552547426 0.0000e+00
    14.1481    3.12944       5.61  552547427 0.0000e+00
    14.0039    3.12341       6.47  552547429 0.0000e+00
    13.9430    3.12353       7.66  552547430 0.0000e+00
    13.9028    3.12416       8.22  552547432 0.0000e+00
    13.8278    3.13169       9.50  552547433 0.0000e+00
    13.6742    3.13699      10.51  552547435 0.0000e+00
    12.5725    3.11628      11.61  552547436 0.0000e+00
     9.4472    2.99368      12.73  552547438 0.0000e+00
     7.6244    2.95580      13.65  552547439 0.0000e+00
     7.1641    2.94171      14.45  552547441 0.0000e+00
     6.8388    2.92261      15.46  552547443 0.0000e+00
     6.6746    2.93584      16.08  552547444 0.0000e+00
     6.3856    2.92128      17.21  552547446 0.0000e+00
     6.8542    2.97630      18.11  552547447 0.0000e+00
     6.9684    2.99955      19.07  552547449 0.0000e+00
     6.6219    2.99315      20.23  552547450 0.0000e+00
     6.0866    2.98871      21.05  552547452 0.0000e+00
     5.2496    2.93522      22.17  552547453 0.0000e+00
     4.7681    2.92109      22.97  552547455 0.0000e+00
     4.4334    2.90463      23.87  552547456 0.0000e+00
     3.6651    2.84109      24.93  552547458 0.0000e+00
     3.2904    2.81736      26.05  552547459 0.0000e+00
     3.0570    2.80078      26.94  552547461 0.0000e+00
     2.3623    2.77150      27.96  552547462 0.0000e+00
     2.0779    2.76053      28.89  552547464 0.0000e+00
     1.8661    2.74151      29.91  552547465 0.0000e+00
     1.5253    2.73710      30.81  552547467 0.0000e+00
     1.2401    2.71890      31.72  552547468 0.0000e+00
     1.1027    2.71408      32.62  552547470 0.0000e+00
     1.0070    2.70908      33.51  552547471 0.0000e+00
     0.9325    2.70274      34.45  552547473 0.0000e+00
     0.9105    2.70264      35.37  552547474 0.0000e+00
     0.9251    2.70414      36.30  552547476 0.0000e+00
     0.8815    2.69793      37.27  552547477 0.0000e+00
     0.7409    2.69613      38.20  552547479 0.0000e+00
     0.6269    2.68808      39.16  552547480 0.0000e+00
     0.4410    2.68657      40.03  552547482 0.0000e+00
     0.2656    2.67643      40.95  552547483 0.0000e+00
     0.2169    2.67386      41.87  552547485 0.0000e+00
     0.1295    2.67095      42.81  552547487 0.0000e+00
     0.0362    2.66642      43.79  552547488 0.0000e+00
     0.1121    2.67112      44.76  552547490 0.0000e+00
     0.1060    2.67253      45.69  552547491 0.0000e+00
     0.0815    2.67173      46.60  552547493 0.0000e+00
     0.0554    2.66919      47.49  552547494 0.0000e+00
    -0.0304    2.66641      48.32  552547496 0.0000e+00
    -0.0917    2.66062      49.20  552547497 0.0000e+00
    -0.1396    2.65699      50.13  552547499 0.0000e+00
    -0.1545    2.65240      51.07  552547500 0.0000e+00
    -0.1826    2.65460      51.89  552547502 0.0000e+00
    -0.1937    2.65096      52.84  552547503 0.0000e+00
    -0.1721    2.66170      53.55  552547505 0.0000e+00
    -0.1576    2.65491      54.45  552547506 0.0000e+00
    -0.1363    2.66153      55.16  552547508 0.0000e+00
    -0.1245    2.65767      56.17  552547509 0.0000e+00
    -0.1089    2.65998      57.12  552547511 0.0000e+00
    -0.0915    2.66089      58.22  552547512 0.0000e+00
    -0.0489    2.66636      59.16  552547514 0.0000e+00
    -0.0142    2.67020      60.13  552547515 0.0000e+00
    -0.0047    2.67106      61.01  552547517 0.0000e+00
     0.0013    2.67141      62.02  552547518 0.0000e+00
     0.0088    2.67309      62.83  552547520 0.0000e+00
     0.0162    2.67312      63.94  552547521 0.0000e+00
     0.0271    2.67483      64.81  552547523 0.0000e+00
     0.0440    2.67612      65.71  552547524 0.0000e+00
     0.0537    2.67699      66.66  552547526 0.0000e+00
     0.0577    2.67793      67.46  552547527 0.0000e+00
     0.0615    2.67792      68.44  552547529 0.0000e+00
     0.0653    2.68070      69.06  552547531 0.0000e+00
     0.0732    2.67937      70.05  552547532 0.0000e+00
     0.1160    2.68384      70.92  552547534 0.0000e+00
     0.1759    2.68979      71.77  552547535 0.0000e+00
     0.2202    2.69468      72.70  552547537 0.0000e+00
     0.2482    2.69799      73.53  552547538 0.0000e+00
     0.2895    2.70328      74.32  552547540 0.0000e+00
     0.3728    2.71083      75.10  552547541 0.0000e+00
     0.4440    2.71922      76.03  552547543 0.0000e+00
     0.4904    2.72295      76.78  552547544 0.0000e+00
     0.5150    2.72870      77.83  552547546 0.0000e+00
     0.5543    2.73439      78.78  552547547 0.0000e+00
     0.7957    2.75682      79.58  552547549 0.0000e+00
     1.0798    2.78466      80.39  552547550 0.0000e+00
     1.2632    2.81119      81.36  552547552 0.0000e+00
     1.4145    2.82254      82.06  552547553 0.0000e+00
     1.4326    2.83184      82.85  552547555 0.0000e+00
     1.4361    2.83506      83.69  552547556 0.0000e+00
     1.4372    2.83716      84.51  552547558 0.0000e+00
     1.4376    2.83747      85.23  552547559 0.0000e+00
     1.4382    2.83925      86.18  552547561 0.0000e+00
     1.4381    2.83926      86.88  552547562 0.0000e+00
     1.4374    2.83650      87.22  552547564 0.0000e+00
     1.4365    2.83353      87.23  552547565 0.0000e+00
     1.4361    2.83083      87.23  552547567 0.0000e+00
     1.4368    2.83455      86.87  552547568 0.0000e+00
     1.4392    2.83680      86.25  552547570 0.0000e+00
     1.4400    2.83638      85.48  552547572 0.0000e+00
     1.4395    2.83606      84.92  552547573 0.0000e+00
     1.4230    2.83757      84.40  552547575 0.0000e+00
     1.4228    2.83930      83.85  552547576 0.0000e+00
     1.4355    2.83705      83.75  552547578 0.0000e+00
     1.4381    2.84014      83.36  552547579 0.0000e+00
     1.4386    2.84116      82.87  552547581 0.0000e+00
     1.4384    2.84167      82.34  552547582 0.0000e+00
     1.4378    2.84122      81.85  552547584 0.0000e+00
     1.4383    2.83980      81.62  552547585 0.0000e+00
     1.4354    2.83801      81.63  552547587 0.0000e+00
     1.4353    2.83839      81.53  552547588 0.0000e+00
     1.4333    2.83899      81.58  552547590 0.0000e+00
     1.4383    2.84084      81.32  552547591 0.0000e+00
     1.4358    2.84132      81.22  552547593 0.0000e+00
     1.4158    2.83916      80.57  552547594 0.0000e+00
     1.2746    2.82689      79.96  552547596 0.0000e+00
     1.1744    2.81490      79.33  552547597 0.0000e+00
     0.9746    2.79183      78.68  552547599 0.0000e+00
     0.6848    2.75984      77.99  552547600 0.0000e+00
     0.5556    2.74674      77.34  552547602 0.0000e+00
     0.5232    2.74048      76.65  552547603 0.0000e+00
     0.5048    2.73707      76.00  552547605 0.0000e+00
     0.4878    2.73403      75.36  552547606 0.0000e+00
     0.4332    2.72682      74.63  552547608 0.0000e+00
     0.3827    2.72233      74.03  552547609 0.0000e+00
     0.3129    2.71460      73.40  552547611 0.0000e+00
     0.2728    2.70796      72.66  552547613 0.0000e+00
     0.2481    2.70535      72.01  552547614 0.0000e+00
     0.2327    2.70174      71.28  552547616 0.0000e+00
     0.2049    2.69866      70.64  552547617 0.0000e+00
     0.1613    2.69328      70.01  552547619 0.0000e+00
     0.1090    2.68575      69.13  552547620 0.0000e+00
     0.0775    2.68312      68.48  552547622 0.0000e+00
     0.0677    2.68161      67.79  552547623 0.0000e+00
     0.0630    2.67970      67.01  552547625 0.0000e+00
     0.0583    2.67880      66.35  552547626 0.0000e+00
     0.0559    2.67846      65.75  552547628 0.0000e+00
     0.0513    2.67672      64.99  552547629 0.0000e+00
     0.0452    2.67598      64.35  552547631 0.0000e+00
     0.0339    2.67504      63.72  552547632 0.0000e+00
     0.0216    2.67243      63.02  552547634 0.0000e+00
     0.0157    2.67195      62.36  552547635 0.0000e+00
     0.0113    2.67103      61.71  552547637 0.0000e+00
     0.0044    2.66934      60.97  552547638 0.0000e+00
    -0.0008    2.66928      60.43  552547640 0.0000e+00
    -0.0057    2.66808      59.71  552547641 0.0000e+00
    -0.0090    2.66741      59.12  552547643 0.0000e+00
    -0.0160    2.66687      58.65  552547644 0.0000e+00
    -0.0371    2.66332      58.03  552547646 0.0000e+00
    -0.0676    2.65970      57.44  552547647 0.0000e+00
    -0.0908    2.66002      57.02  552547649 0.0000e+00
    -0.1030    2.65446      56.16  552547650 0.0000e+00
    -0.1147    2.65389      55.67  552547652 0.0000e+00
    -0.1226    2.65178      54.88  552547653 0.0000e+00
    -0.1351    2.65020      54.34  552547655 0.0000e+00
    -0.1490    2.64842      53.64  552547657 0.0000e+00
    -0.1628    2.64732      53.18  552547658 0.0000e+00
    -0.1712    2.64453      52.49  552547660 0.0000e+00
    -0.1867    2.64272      52.04  552547661 0.0000e+00
    -0.1974    2.63911      51.15  552547663 0.0000e+00
    -0.1741    2.64349      50.89  552547664 0.0000e+00
    -0.1653    2.63830      49.91  552547666 0.0000e+00
    -0.1620    2.64252      49.56  552547667 0.0000e+00
    -0.1504    2.63938      48.79  552547669 0.0000e+00
    -0.1306    2.64028      48.32  552547670 0.0000e+00
    -0.1064    2.64252      47.56  552547672 0.0000e+00
    -0.0381    2.64436      47.28  552547673 0.0000e+00
     0.0057    2.64835      46.57  552547675 0.0000e+00
     0.0319    2.64910      46.06  552547676 0.0000e+00
     0.0566    2.65078      45.46  552547678 0.0000e+00
     0.0900    2.65183      44.70  552547679 0.0000e+00
     0.1026    2.65149      44.25  552547681 0.0000e+00
     0.1134    2.65118      43.53  552547682 0.0000e+00
     0.0492    2.64724      43.15  552547684 0.0000e+00
     0.0275    2.64255      42.44  552547685 0.0000e+00
     0.0705    2.64327      42.10  552547687 0.0000e+00
     0.1010    2.64461      41.48  552547688 0.0000e+00
     0.1635    2.64681      40.90  552547690 0.0000e+00
     0.2056    2.64743      40.41  552547691 0.0000e+00
     0.2262    2.64765      39.92  552547693 0.0000e+00
     0.2390    2.64832      39.30  552547694 0.0000e+00
     0.3393    2.65005      38.81  552547696 0.0000e+00
     0.5052    2.65586      38.13  552547698 0.0000e+00
     0.6161    2.65656      37.67  552547699 0.0000e+00
     0.6540    2.65851      37.03  552547701 0.0000e+00
     0.7224    2.66186      36.47  552547702 0.0000e+00
     0.8373    2.66436      35.85  552547704 0.0000e+00
     0.8961    2.66492      35.43  552547705 0.0000e+00
     0.9200    2.66468      34.80  552547707 0.0000e+00
     0.9089    2.66327      34.38  552547708 0.0000e+00
     0.9023    2.66031      34.06  552547710 0.0000e+00
     0.9009    2.66337      33.38  552547711 0.0000e+00
     0.9093    2.66106      32.99  552547713 0.0000e+00
     0.9336    2.66549      32.31  552547714 0.0000e+00
     0.9993    2.66597      31.95  552547716 0.0000e+00
     1.0417    2.66704      31.43  552547717 0.0000e+00
     1.0582    2.66738      30.75  552547719 0.0000e+00
     1.1805    2.66828      30.25  552547720 0.0000e+00
     1.3008    2.67632      29.73  552547722 0.0000e+00
     1.4842    2.68040      29.31  552547723 0.0000e+00
     1.7475    2.68803      28.68  552547725 0.0000e+00
     1.8431    2.68641      28.32  552547726 0.0000e+00
     1.9352    2.69613      27.63  552547728 0.0000e+00
     2.0147    2.69796      27.15  552547729 0.0000e+00
     2.1274    2.70350      26.67  552547731 0.0000e+00
     2.2234    2.71318      26.08  552547732 0.0000e+00
     2.4137    2.71716      25.63  552547734 0.0000e+00
     2.7588    2.73963      25.07  552547735 0.0000e+00
     3.0448    2.74849      24.62  552547737 0.0000e+00
     3.1774    2.75838      23.99  552547739 0.0000e+00
     3.3263    2.76347      23.61  552547740 0.0000e+00
     3.5726    2.78916      23.03  552547742 0.0000e+00
     3.9609    2.81408      22.54  552547743 0.0000e+00
     4.4973    2.83486      21.94  552547745 0.0000e+00
     4.7135    2.84207      21.56  552547746 0.0000e+00
     4.8391    2.85046      21.13  552547748 0.0000e+00
     5.0775    2.87742      20.50  552547749 0.0000e+00
     5.7844    2.89640      20.16  552547751 0.0000e+00
     6.0509    2.92269      19.56  552547752 0.0000e+00
     6.4027    2.92494      19.11  552547754 0.0000e+00
     6.6217    2.94776      18.47  552547755 0.0000e+00
     6.8080    2.93827      18.03  552547757 0.0000e+00
     6.9488    2.94983      17.42  552547758 0.0000e+00
     6.9203    2.93898      17.07  552547760 0.0000e+00
     6.9192    2.94507      16.37  552547761 0.0000e+00
     6.7471    2.91376      16.11  552547763 0.0000e+00
     6.3680    2.87698      15.46  552547764 0.0000e+00
     6.3715    2.86892      15.09  552547766 0.0000e+00
     6.5504    2.86755      14.44  552547767 0.0000e+00
     6.6684    2.86589      14.00  552547769 0.0000e+00
     6.8429    2.86831      13.30  552547770 0.0000e+00
     7.1064    2.87046      12.93  552547772 0.0000e+00
     7.3626    2.88470      12.24  552547773 0.0000e+00
     7.8231    2.89889      11.74  552547775 0.0000e+00
     9.2337    2.94520      11.26  552547776 0.0000e+00
    10.8430    3.02221      10.67  552547778 0.0000e+00
    12.3514    3.03297      10.16  552547779 0.0000e+00
    13.3102    3.06770       9.56  552547781 0.0000e+00
    13.6498    3.06327       9.17  552547783 0.0000e+00
    13.7151    3.06784       8.64  552547784 0.0000e+00
    13.7974    3.06568       8.35  552547786 0.0000e+00
    13.8236    3.07859       7.74  552547787 0.0000e+00
    13.8677    3.06929       7.39  552547789 0.0000e+00
    13.8861    3.07698       6.87  552547790 0.0000e+00
    13.9136    3.06888       6.64  552547792 0.0000e+00
    13.9226    3.08712       6.01  552547793 0.0000e+00
    13.9639    3.06843       5.76  552547795 0.0000e+00
    13.9835    3.09650       5.09  552547796 0.0000e+00
    14.0397    3.08529       4.70  552547798 0.0000e+00
    14.0759    3.10769       4.05  552547799 0.0000e+00
    14.1757    3.08005       3.91  552547801 0.0000e+00
    14.2339    3.12154       3.05  552547802 0.0000e+00
