Code/Hansen Zooplankton Code and Sample Data/data/ctd/gsl_16_SBE37SI-RS232_03706156_2017_08_12_final.cnv
* Sea-Bird SBE37SI-RS232  Data File:
* FileName = C:\Users\General Lab Use\Desktop\SHELAGH CTD 2017\gsl_16_SBE37SI-RS232_03706156_2017_08_12.cnv
* Software version 1.00d
* Temperature SN = 6156
* Conductivity SN = 6156
* System UpLoad Time = Aug 12 2017 09:50:57
* <ApplicationData>
* <Seaterm232>
# nquan = 7                                 
# nvalues = 2003                        
# units = specified
# name 0 = t090C: Temperature [ITS-90, deg C]
# name 1 = c0S/m: Conductivity [S/m]
# name 2 = prM: Pressure [db]
# name 3 = timeK: Time, Seacat Plus [seconds]
# name 4 = sal00: Salinity [PSU]
# name 5 = sigma-t00: Density [sigma-t, Kg/m^3 ]
# name 6 = flag: flag
# span 0 =    -0.3058,    20.3803       
# span 1 =   0.000300,   3.662450       
# span 2 =     -0.260,     67.970       
# span 3 =  555832670,  555835722       
# span 4 =     0.0101,    31.9196       
# span 5 =    -1.8058,    25.6245       
# span 6 = 0.0000e+00, 0.0000e+00       
# interval = seconds: 6.000000
# start_time = Aug 12 2017 05:57:50
# bad_flag = -9.990e-29
*END*
    20.2095   0.015970     -0.230  555832670     0.0858    -1.7724 0.0000e+00
    20.2081   0.015960     -0.230  555832672     0.0858    -1.7722 0.0000e+00
    20.2071   0.015960     -0.230  555832673     0.0858    -1.7719 0.0000e+00
    20.2039   0.015960     -0.230  555832675     0.0858    -1.7713 0.0000e+00
    20.1998   0.015960     -0.230  555832676     0.0858    -1.7704 0.0000e+00
    20.1979   0.015960     -0.230  555832678     0.0858    -1.7700 0.0000e+00
    20.1947   0.015970     -0.230  555832679     0.0858    -1.7693 0.0000e+00
    20.2091   0.015960     -0.230  555832681     0.0858    -1.7724 0.0000e+00
    20.2303   0.015550     -0.230  555832682     0.0836    -1.7784 0.0000e+00
    20.2489   0.014960     -0.230  555832684     0.0806    -1.7847 0.0000e+00
    20.2757   0.016540     -0.230  555832686     0.0886    -1.7841 0.0000e+00
    20.3105   0.016680     -0.230  555832687     0.0893    -1.7909 0.0000e+00
    20.3373   0.016660     -0.230  555832689     0.0892    -1.7966 0.0000e+00
    20.3563   0.016630     -0.230  555832690     0.0890    -1.8007 0.0000e+00
    20.3771   0.016610     -0.240  555832692     0.0888    -1.8052 0.0000e+00
    20.3803   0.016650     -0.240  555832693     0.0890    -1.8058 0.0000e+00
    20.3497   0.016700     -0.240  555832695     0.0893    -1.7991 0.0000e+00
    20.2911   0.016590     -0.240  555832696     0.0889    -1.7871 0.0000e+00
    20.1489   0.016580     -0.240  555832698     0.0891    -1.7573 0.0000e+00
    20.0603   0.016600     -0.240  555832700     0.0893    -1.7387 0.0000e+00
    19.9767   0.016630     -0.240  555832702     0.0896    -1.7212 0.0000e+00
    19.8903   0.016630     -0.240  555832703     0.0898    -1.7033 0.0000e+00
    19.8286   0.016590     -0.240  555832705     0.0897    -1.6907 0.0000e+00
    19.7755   0.006410     -0.240  555832706     0.0379    -1.7196 0.0000e+00
    19.7373   0.001700     -0.240  555832708     0.0157    -1.7288 0.0000e+00
    19.6738   0.001050     -0.240  555832709     0.0129    -1.7180 0.0000e+00
    19.6136   0.000890     -0.240  555832711     0.0123    -1.7063 0.0000e+00
    19.5615   0.000750     -0.230  555832712     0.0117    -1.6962 0.0000e+00
    19.5385   0.000600     -0.230  555832714     0.0112    -1.6920 0.0000e+00
    19.5113   0.000560     -0.230  555832715     0.0110    -1.6866 0.0000e+00
    19.5026   0.000530     -0.230  555832717     0.0109    -1.6849 0.0000e+00
    19.4988   0.000510     -0.230  555832718     0.0108    -1.6842 0.0000e+00
    19.4966   0.000490     -0.230  555832720     0.0108    -1.6838 0.0000e+00
    19.4930   0.000480     -0.230  555832721     0.0107    -1.6831 0.0000e+00
    19.4898   0.000470     -0.230  555832723     0.0107    -1.6825 0.0000e+00
    19.4805   0.000460     -0.230  555832724     0.0107    -1.6807 0.0000e+00
    19.4790   0.000450     -0.230  555832726     0.0106    -1.6804 0.0000e+00
    19.4672   0.000440     -0.230  555832727     0.0106    -1.6781 0.0000e+00
    19.4582   0.000440     -0.230  555832729     0.0106    -1.6763 0.0000e+00
    19.4524   0.000430     -0.230  555832731     0.0106    -1.6751 0.0000e+00
    19.4456   0.000420     -0.230  555832732     0.0105    -1.6738 0.0000e+00
    19.4440   0.000400     -0.230  555832734     0.0105    -1.6735 0.0000e+00
    19.4411   0.000390     -0.230  555832735     0.0104    -1.6730 0.0000e+00
    19.4426   0.000390     -0.230  555832737     0.0104    -1.6733 0.0000e+00
    19.4346   0.000390     -0.230  555832738     0.0104    -1.6717 0.0000e+00
    19.4333   0.001360     -0.220  555832740     0.0142    -1.6685 0.0000e+00
    19.4075   0.001070     -0.240  555832741     0.0129    -1.6643 0.0000e+00
    19.3997   0.000830     -0.240  555832743     0.0120    -1.6635 0.0000e+00
    19.4001   0.000580     -0.240  555832744     0.0111    -1.6643 0.0000e+00
    19.4452   0.000580     -0.240  555832746     0.0111    -1.6733 0.0000e+00
    19.4640   0.000630     -0.240  555832747     0.0113    -1.6769 0.0000e+00
    19.4758   0.000590     -0.240  555832749     0.0111    -1.6794 0.0000e+00
    19.5110   0.000580     -0.240  555832750     0.0111    -1.6865 0.0000e+00
    19.5248   0.000550     -0.240  555832752     0.0110    -1.6893 0.0000e+00
    19.5556   0.000560     -0.240  555832753     0.0110    -1.6955 0.0000e+00
    19.5816   0.000560     -0.240  555832755     0.0110    -1.7008 0.0000e+00
    19.5940   0.000630     -0.240  555832756     0.0113    -1.7031 0.0000e+00
    19.6204   0.000690     -0.240  555832758     0.0115    -1.7082 0.0000e+00
    19.6494   0.000730     -0.240  555832759     0.0117    -1.7140 0.0000e+00
    19.6549   0.000780     -0.240  555832761     0.0119    -1.7150 0.0000e+00
    19.6524   0.000750     -0.240  555832763     0.0118    -1.7145 0.0000e+00
    19.6705   0.000790     -0.240  555832764     0.0119    -1.7181 0.0000e+00
    19.6768   0.000730     -0.240  555832766     0.0117    -1.7195 0.0000e+00
    19.6967   0.000740     -0.240  555832767     0.0117    -1.7235 0.0000e+00
    19.7167   0.000590     -0.230  555832769     0.0112    -1.7280 0.0000e+00
    19.6921   0.000520     -0.230  555832770     0.0109    -1.7232 0.0000e+00
    19.6650   0.000470     -0.230  555832772     0.0108    -1.7179 0.0000e+00
    19.6353   0.000440     -0.230  555832773     0.0107    -1.7119 0.0000e+00
    19.6127   0.000430     -0.230  555832775     0.0106    -1.7074 0.0000e+00
    19.5869   0.000400     -0.230  555832776     0.0105    -1.7022 0.0000e+00
    19.5667   0.000390     -0.230  555832778     0.0105    -1.6982 0.0000e+00
    19.5457   0.000380     -0.230  555832779     0.0104    -1.6940 0.0000e+00
    19.5244   0.000370     -0.230  555832781     0.0104    -1.6897 0.0000e+00
    19.4968   0.000360     -0.230  555832782     0.0104    -1.6842 0.0000e+00
    19.4720   0.000350     -0.230  555832784     0.0103    -1.6792 0.0000e+00
    19.4540   0.000350     -0.230  555832785     0.0103    -1.6756 0.0000e+00
    19.4360   0.000340     -0.230  555832787     0.0103    -1.6721 0.0000e+00
    19.4113   0.000330     -0.230  555832788     0.0102    -1.6671 0.0000e+00
    19.3858   0.000330     -0.230  555832790     0.0102    -1.6620 0.0000e+00
    19.3607   0.000320     -0.230  555832792     0.0102    -1.6571 0.0000e+00
    19.3329   0.000320     -0.230  555832793     0.0102    -1.6515 0.0000e+00
    19.3089   0.000310     -0.230  555832795     0.0101    -1.6468 0.0000e+00
    19.2895   0.000310     -0.230  555832796     0.0101    -1.6429 0.0000e+00
    19.2834   0.000300     -0.230  555832798     0.0101    -1.6417 0.0000e+00
    19.2773   0.000310     -0.230  555832799     0.0101    -1.6405 0.0000e+00
    19.2737   0.000310     -0.230  555832801     0.0101    -1.6398 0.0000e+00
    19.2553   0.000300     -0.230  555832802     0.0101    -1.6362 0.0000e+00
    19.2464   0.000300     -0.230  555832804     0.0101    -1.6344 0.0000e+00
    19.2311   0.000310     -0.240  555832805     0.0101    -1.6313 0.0000e+00
    19.2271   0.000440     -0.240  555832807     0.0105    -1.6302 0.0000e+00
    19.2379   0.000400     -0.240  555832808     0.0104    -1.6325 0.0000e+00
    19.2348   0.000390     -0.240  555832810     0.0104    -1.6319 0.0000e+00
    19.2125   0.000400     -0.250  555832811     0.0104    -1.6274 0.0000e+00
    19.1971   0.000430     -0.250  555832813     0.0105    -1.6243 0.0000e+00
    19.1692   0.000480     -0.250  555832814     0.0106    -1.6187 0.0000e+00
    19.1508   0.000470     -0.250  555832816     0.0106    -1.6151 0.0000e+00
    19.1363   0.000430     -0.240  555832817     0.0104    -1.6123 0.0000e+00
    19.1215   0.000440     -0.240  555832819     0.0105    -1.6094 0.0000e+00
    18.8231   1.225540     -0.110  555832820     8.0656     4.5804 0.0000e+00
    18.5013   3.615520      0.950  555832822    26.5020    18.6588 0.0000e+00
    18.4868   3.646610      2.040  555832823    26.7639    18.8618 0.0000e+00
    18.4930   3.646130      2.230  555832825    26.7559    18.8543 0.0000e+00
    18.4942   3.656420      2.320  555832826    26.8389    18.9172 0.0000e+00
    18.4981   3.658030      2.220  555832828    26.8495    18.9243 0.0000e+00
    18.4956   3.661540      2.320  555832830    26.8797    18.9479 0.0000e+00
    18.4954   3.650240      2.230  555832831    26.7878    18.8780 0.0000e+00
    18.4922   3.655960      2.250  555832833    26.8365    18.9158 0.0000e+00
    18.4942   3.661690      2.290  555832834    26.8818    18.9499 0.0000e+00
    18.4910   3.660880      2.210  555832836    26.8773    18.9472 0.0000e+00
    18.4924   3.662450      2.310  555832837    26.8892    18.9559 0.0000e+00
    18.4897   3.661440      2.290  555832839    26.8827    18.9517 0.0000e+00
    18.4913   3.661320      2.160  555832840    26.8807    18.9498 0.0000e+00
    18.4880   3.659830      2.490  555832842    26.8706    18.9429 0.0000e+00
    18.4897   3.659550      2.060  555832843    26.8674    18.9400 0.0000e+00
    18.4869   3.660540      2.580  555832845    26.8771    18.9481 0.0000e+00
    18.4880   3.659400      1.940  555832846    26.8673    18.9403 0.0000e+00
    18.4880   3.659710      2.550  555832848    26.8696    18.9421 0.0000e+00
    18.4887   3.658200      2.000  555832849    26.8570    18.9323 0.0000e+00
    18.4888   3.660120      2.480  555832851    26.8725    18.9441 0.0000e+00
    18.4895   3.659280      2.030  555832852    26.8653    18.9385 0.0000e+00
    18.4881   3.660110      2.410  555832854    26.8729    18.9445 0.0000e+00
    18.4895   3.660440      2.200  555832855    26.8747    18.9456 0.0000e+00
    18.4895   3.660100      2.280  555832857    26.8719    18.9435 0.0000e+00
    18.4905   3.660940      2.330  555832858    26.8781    18.9480 0.0000e+00
    18.4894   3.661320      2.220  555832860    26.8819    18.9511 0.0000e+00
    18.4896   3.660860      2.360  555832861    26.8780    18.9481 0.0000e+00
    18.4871   3.661330      2.230  555832863    26.8835    18.9529 0.0000e+00
    18.4873   3.660870      2.380  555832864    26.8796    18.9499 0.0000e+00
    18.4867   3.660770      2.190  555832866    26.8792    18.9497 0.0000e+00
    18.4874   3.660480      2.440  555832867    26.8763    18.9473 0.0000e+00
    18.4877   3.659890      2.140  555832869    26.8714    18.9435 0.0000e+00
    18.4858   3.659450      2.510  555832870    26.8690    18.9421 0.0000e+00
    18.4849   3.659320      2.110  555832872    26.8686    18.9421 0.0000e+00
    18.4867   3.659540      2.440  555832874    26.8691    18.9420 0.0000e+00
    18.4867   3.659830      2.230  555832875    26.8716    18.9439 0.0000e+00
    18.4867   3.660060      2.330  555832877    26.8734    18.9453 0.0000e+00
    18.4866   3.660320      2.310  555832878    26.8756    18.9470 0.0000e+00
    18.4888   3.660320      2.240  555832880    26.8742    18.9454 0.0000e+00
    18.4884   3.659930      2.510  555832881    26.8712    18.9432 0.0000e+00
    18.4858   3.659530      2.110  555832883    26.8697    18.9427 0.0000e+00
    18.4888   3.659530      2.510  555832884    26.8677    18.9404 0.0000e+00
    18.4883   3.659410      2.180  555832886    26.8671    18.9401 0.0000e+00
    18.4893   3.659710      2.240  555832887    26.8689    18.9412 0.0000e+00
    18.4879   3.659040      1.360  555832889    26.8646    18.9383 0.0000e+00
    18.4873   3.651260      0.560  555832890    26.8019    18.8906 0.0000e+00
    18.4850   3.658550      0.110  555832892    26.8629    18.9376 0.0000e+00
    18.4830   3.658880      1.140  555832893    26.8665    18.9409 0.0000e+00
    18.4848   3.659250      2.070  555832895    26.8681    18.9417 0.0000e+00
    18.4857   3.659420      3.150  555832896    26.8686    18.9419 0.0000e+00
    18.4878   3.659820      3.570  555832898    26.8704    18.9427 0.0000e+00
    18.4883   3.659700      5.110  555832899    26.8686    18.9412 0.0000e+00
    18.4643   3.660190      6.030  555832901    26.8879    18.9617 0.0000e+00
    18.2691   3.644140      7.430  555832902    26.8838    19.0047 0.0000e+00
    17.4134   3.605420      8.580  555832904    27.1285    19.3899 0.0000e+00
    14.9910   3.471250      9.690  555832905    27.6399    20.3080 0.0000e+00
    11.3595   3.281260     11.150  555832907    28.5696    21.7125 0.0000e+00
     9.9159   3.264500     11.960  555832908    29.5523    22.7152 0.0000e+00
     8.7058   3.132920     13.420  555832910    29.2082    22.6299 0.0000e+00
     8.2382   3.171380     14.070  555832912    29.9997    23.3163 0.0000e+00
     7.3665   3.032650     15.370  555832913    29.2738    22.8649 0.0000e+00
     6.8044   2.991360     16.470  555832915    29.3071    22.9621 0.0000e+00
     5.3166   2.930120     17.580  555832916    29.9296    23.6246 0.0000e+00
     4.9150   2.897050     18.610  555832918    29.9144    23.6546 0.0000e+00
     4.2496   2.880190     19.630  555832919    30.3258    24.0465 0.0000e+00
     4.0317   2.855780     20.510  555832921    30.2420    24.0004 0.0000e+00
     3.0242   2.801930     21.750  555832922    30.5459    24.3292 0.0000e+00
     2.9282   2.784750     22.750  555832924    30.4297    24.2442 0.0000e+00
     2.4032   2.768810     23.990  555832925    30.7371    24.5294 0.0000e+00
     2.2919   2.738330     25.280  555832927    30.4702    24.3241 0.0000e+00
     1.6542   2.702280     26.980  555832928    30.6393    24.5020 0.0000e+00
     1.4558   2.722100     27.960  555832930    31.0820    24.8693 0.0000e+00
     0.9975   2.686710     29.200  555832931    31.0897    24.9022 0.0000e+00
     0.7410   2.663480     30.230  555832933    31.0490    24.8831 0.0000e+00
     0.4766   2.652700     31.570  555832934    31.1757    24.9983 0.0000e+00
     0.4388   2.663060     32.360  555832936    31.3477    25.1386 0.0000e+00
     0.3433   2.640410     33.860  555832937    31.1501    24.9840 0.0000e+00
     0.1715   2.639330     34.990  555832939    31.3102    25.1208 0.0000e+00
    -0.0293   2.622220     36.120  555832940    31.2910    25.1140 0.0000e+00
    -0.0478   2.628020     37.160  555832942    31.3855    25.1911 0.0000e+00
     0.7133   2.665510     38.360  555832943    31.0984    24.9243 0.0000e+00
     0.8062   2.661250     39.350  555832945    30.9502    24.8003 0.0000e+00
     0.0149   2.637250     40.620  555832946    31.4402    25.2326 0.0000e+00
    -0.0447   2.631380     41.580  555832948    31.4240    25.2220 0.0000e+00
     0.3204   2.648070     43.110  555832949    31.2677    25.0798 0.0000e+00
     0.3620   2.660970     43.830  555832951    31.3924    25.1783 0.0000e+00
     0.2851   2.648270     45.170  555832952    31.3050    25.1116 0.0000e+00
     0.2443   2.663110     46.070  555832954    31.5395    25.3024 0.0000e+00
     0.3031   2.658440     47.610  555832956    31.4176    25.2014 0.0000e+00
     0.3340   2.671920     48.480  555832957    31.5607    25.3153 0.0000e+00
     0.3246   2.674590     49.440  555832959    31.6045    25.3510 0.0000e+00
     0.1539   2.656350     51.010  555832960    31.5414    25.3081 0.0000e+00
    -0.0383   2.664750     51.770  555832962    31.8502    25.5656 0.0000e+00
    -0.1335   2.640510     53.320  555832963    31.6291    25.3912 0.0000e+00
    -0.2452   2.648400     53.910  555832965    31.8493    25.5736 0.0000e+00
    -0.3058   2.634210     55.630  555832966    31.7237    25.4746 0.0000e+00
    -0.1606   2.649390     56.200  555832968    31.7727    25.5083 0.0000e+00
    -0.0941   2.654150     57.790  555832969    31.7653    25.4995 0.0000e+00
    -0.0997   2.659820     58.730  555832971    31.8453    25.5643 0.0000e+00
    -0.1017   2.653810     60.360  555832972    31.7673    25.5014 0.0000e+00
    -0.0993   2.662570     61.060  555832974    31.8798    25.5921 0.0000e+00
    -0.1025   2.653090     62.700  555832975    31.7573    25.4934 0.0000e+00
    -0.1030   2.660690     63.560  555832977    31.8574    25.5743 0.0000e+00
    -0.1076   2.653090     64.970  555832978    31.7613    25.4969 0.0000e+00
    -0.1105   2.654650     66.140  555832980    31.7842    25.5155 0.0000e+00
    -0.1077   2.658070     66.940  555832981    31.8259    25.5490 0.0000e+00
