Code/Hansen Zooplankton Code and Sample Data/data/ctd/gsl_10_SBE37SI-RS232_03706156_2017_08_08.cnv
* Sea-Bird SBE37SI-RS232  Data File:
* FileName = C:\Users\General Lab Use\Desktop\SHELAGH CTD 2017\gsl_10_SBE37SI-RS232_03706156_2017_08_08.cnv
* Software version 1.00d
* Temperature SN = 6156
* Conductivity SN = 6156
* System UpLoad Time = Aug 08 2017 16:32:06
* <ApplicationData>
* <Seaterm232>
# nquan = 5
# nvalues = 1991
# units = specified
# name 0 = t090C: Temperature [ITS-90, deg C]
# name 1 = c0S/m: Conductivity [S/m]
# name 2 = prM: Pressure [db]
# name 3 = timeK: Time, Seacat Plus [seconds]
# name 4 = flag: Flag
# span 0 =      0.0970,    17.0813
# span 1 =    0.000294,   3.488435
# span 2 =      -0.311,    104.586
# span 3 =   555511157,  555514191
# span 4 =  0.0000e+00, 0.0000e+00
# interval = seconds: 6.000000
# start_time = Aug 08 2017 12:39:17
# bad_flag = -9.990e-29
*END*
[from data line 572]
     0.8367    2.77440      88.72  555512030 0.0000e+00
     0.8523    2.77482      88.97  555512031 0.0000e+00
     0.8622    2.77828      90.08  555512033 0.0000e+00
     0.8678    2.77892      90.41  555512034 0.0000e+00
     0.8685    2.77957      91.17  555512036 0.0000e+00
     0.8688    2.77991      91.66  555512037 0.0000e+00
     0.8697    2.77912      92.39  555512039 0.0000e+00
     0.8715    2.78011      93.05  555512040 0.0000e+00
     0.8737    2.78048      94.16  555512042 0.0000e+00
     0.8756    2.78080      95.34  555512043 0.0000e+00
     0.8876    2.78206      96.36  555512045 0.0000e+00
     0.8908    2.78263      96.08  555512046 0.0000e+00
     0.8864    2.78251      96.38  555512048 0.0000e+00
     0.8850    2.78215      96.05  555512049 0.0000e+00
     0.8848    2.78210      96.11  555512051 0.0000e+00
     0.8823    2.78188      95.70  555512052 0.0000e+00
     0.8820    2.78192      95.82  555512054 0.0000e+00
     0.8844    2.78229      95.28  555512055 0.0000e+00
     0.8881    2.78248      94.88  555512057 0.0000e+00
     0.8855    2.78219      94.37  555512058 0.0000e+00
     0.8850    2.78218      93.86  555512060 0.0000e+00
     0.8866    2.78219      93.61  555512062 0.0000e+00
     0.8865    2.78210      93.02  555512063 0.0000e+00
     0.8838    2.78259      92.85  555512065 0.0000e+00
     0.8850    2.78228      92.74  555512066 0.0000e+00
     0.8824    2.78196      92.26  555512068 0.0000e+00
     0.8743    2.78099      91.72  555512069 0.0000e+00
     0.8710    2.78124      91.38  555512071 0.0000e+00
     0.8695    2.78033      90.73  555512072 0.0000e+00
     0.8684    2.78065      90.21  555512074 0.0000e+00
     0.8685    2.78070      90.00  555512075 0.0000e+00
     0.8678    2.78017      89.48  555512077 0.0000e+00
     0.8666    2.77996      89.05  555512078 0.0000e+00
     0.8636    2.77949      88.62  555512080 0.0000e+00
     0.8594    2.77777      88.02  555512081 0.0000e+00
     0.8429    2.77690      87.27  555512083 0.0000e+00
     0.8364    2.77613      87.05  555512084 0.0000e+00
     0.8309    2.77528      86.36  555512086 0.0000e+00
     0.8268    2.77488      86.26  555512087 0.0000e+00
     0.8209    2.77294      85.38  555512089 0.0000e+00
     0.8145    2.77308      85.05  555512090 0.0000e+00
     0.8050    2.77119      84.16  555512092 0.0000e+00
     0.7978    2.77036      83.73  555512094 0.0000e+00
     0.7691    2.76617      82.79  555512095 0.0000e+00
     0.7430    2.76450      82.21  555512097 0.0000e+00
     0.7285    2.76344      81.60  555512098 0.0000e+00
     0.7150    2.76271      80.86  555512100 0.0000e+00
     0.7092    2.76132      80.22  555512101 0.0000e+00
     0.7002    2.76158      79.63  555512103 0.0000e+00
     0.6732    2.75519      78.73  555512104 0.0000e+00
     0.6481    2.75601      78.23  555512106 0.0000e+00
     0.6336    2.75149      77.53  555512107 0.0000e+00
     0.6138    2.74792      76.82  555512109 0.0000e+00
     0.6064    2.74994      76.16  555512110 0.0000e+00
     0.6205    2.74741      75.32  555512112 0.0000e+00
     0.6301    2.74848      74.84  555512113 0.0000e+00
     0.6186    2.74390      73.80  555512115 0.0000e+00
     0.6049    2.74361      73.38  555512116 0.0000e+00
     0.5832    2.73904      72.47  555512118 0.0000e+00
     0.5681    2.73673      71.65  555512119 0.0000e+00
     0.5491    2.73726      71.27  555512121 0.0000e+00
     0.5353    2.73352      70.37  555512122 0.0000e+00
     0.5088    2.72928      69.71  555512124 0.0000e+00
     0.4857    2.72883      69.22  555512126 0.0000e+00
     0.4741    2.72403      68.46  555512127 0.0000e+00
     0.4575    2.72223      67.86  555512129 0.0000e+00
     0.4487    2.72436      67.61  555512130 0.0000e+00
     0.4432    2.71957      66.53  555512132 0.0000e+00
     0.4336    2.72108      66.23  555512133 0.0000e+00
     0.4309    2.71785      65.23  555512135 0.0000e+00
     0.4273    2.71872      64.95  555512136 0.0000e+00
     0.4213    2.71604      63.99  555512138 0.0000e+00
     0.4123    2.71572      63.72  555512139 0.0000e+00
     0.4034    2.71244      62.99  555512141 0.0000e+00
     0.3772    2.71011      62.47  555512142 0.0000e+00
     0.3548    2.71143      62.24  555512144 0.0000e+00
     0.3569    2.70692      61.26  555512145 0.0000e+00
     0.3390    2.70582      60.86  555512147 0.0000e+00
     0.2749    2.69748      59.94  555512148 0.0000e+00
     0.2794    2.69876      59.60  555512150 0.0000e+00
     0.2945    2.69765      58.49  555512151 0.0000e+00
     0.3054    2.69866      58.08  555512153 0.0000e+00
     0.3077    2.69631      57.13  555512154 0.0000e+00
     0.2374    2.68889      56.33  555512156 0.0000e+00
     0.2157    2.68686      55.80  555512158 0.0000e+00
     0.1974    2.68447      54.97  555512159 0.0000e+00
     0.1955    2.68402      54.54  555512161 0.0000e+00
     0.1821    2.67802      53.68  555512162 0.0000e+00
     0.1568    2.67513      53.26  555512164 0.0000e+00
     0.1329    2.67150      52.21  555512165 0.0000e+00
     0.1198    2.67052      51.89  555512167 0.0000e+00
     0.1023    2.66524      50.78  555512168 0.0000e+00
     0.0983    2.66645      50.49  555512170 0.0000e+00
     0.1394    2.66806      49.55  555512171 0.0000e+00
     0.1787    2.66942      49.34  555512173 0.0000e+00
     0.1811    2.66770      48.47  555512174 0.0000e+00
     0.1973    2.66735      47.98  555512176 0.0000e+00
     0.2131    2.66627      47.27  555512177 0.0000e+00
     0.2614    2.66779      46.60  555512179 0.0000e+00
     0.3174    2.66938      45.99  555512180 0.0000e+00
     0.3537    2.67039      45.49  555512182 0.0000e+00
     0.3854    2.67265      44.82  555512183 0.0000e+00
     0.4274    2.67413      44.18  555512185 0.0000e+00
     0.4663    2.67788      43.50  555512186 0.0000e+00
     0.5572    2.67949      43.15  555512188 0.0000e+00
     0.6239    2.68532      42.56  555512189 0.0000e+00
     0.6826    2.68722      41.94  555512191 0.0000e+00
     0.7746    2.68923      41.34  555512193 0.0000e+00
     0.8014    2.69136      40.69  555512194 0.0000e+00
     0.8275    2.69209      39.72  555512196 0.0000e+00
     0.8324    2.69122      39.46  555512197 0.0000e+00
     0.8474    2.69284      38.43  555512199 0.0000e+00
     0.8796    2.69236      38.08  555512200 0.0000e+00
     0.8570    2.68690      37.60  555512202 0.0000e+00
     0.7598    2.67950      36.67  555512203 0.0000e+00
     0.7669    2.67823      36.20  555512205 0.0000e+00
     0.8038    2.67246      35.36  555512206 0.0000e+00
     0.7983    2.67102      34.77  555512208 0.0000e+00
     0.8150    2.67062      34.04  555512209 0.0000e+00
     0.9205    2.67375      33.32  555512211 0.0000e+00
     0.9804    2.67341      32.85  555512212 0.0000e+00
     1.0069    2.67512      32.13  555512214 0.0000e+00
     1.0861    2.67813      31.58  555512215 0.0000e+00
     1.2428    2.69285      30.83  555512217 0.0000e+00
     1.4604    2.69518      30.66  555512218 0.0000e+00
     1.5614    2.70586      29.64  555512220 0.0000e+00
     1.6044    2.70011      29.40  555512221 0.0000e+00
     1.6066    2.69741      29.13  555512223 0.0000e+00
     1.6497    2.70094      28.25  555512225 0.0000e+00
     1.7430    2.69231      27.98  555512226 0.0000e+00
     1.7445    2.69364      27.42  555512228 0.0000e+00
     1.8217    2.69748      26.98  555512229 0.0000e+00
     1.9545    2.70411      26.45  555512231 0.0000e+00
     2.0394    2.70503      26.13  555512232 0.0000e+00
     2.3412    2.73261      24.79  555512234 0.0000e+00
     2.5254    2.72648      24.75  555512235 0.0000e+00
     2.5542    2.73042      23.97  555512237 0.0000e+00
     2.6470    2.73298      23.02  555512238 0.0000e+00
     2.7163    2.73078      22.88  555512240 0.0000e+00
     2.7706    2.73783      22.05  555512241 0.0000e+00
     2.8529    2.73997      21.51  555512243 0.0000e+00
     2.8967    2.74321      21.00  555512244 0.0000e+00
     3.0317    2.74864      20.64  555512246 0.0000e+00
     3.1781    2.75875      19.92  555512247 0.0000e+00
     3.3010    2.75080      19.97  555512249 0.0000e+00
     3.3309    2.76323      19.34  555512250 0.0000e+00
     3.4489    2.76053      19.14  555512252 0.0000e+00
     3.8446    2.79644      18.36  555512253 0.0000e+00
     4.3702    2.79591      18.34  555512255 0.0000e+00
     4.5760    2.82918      17.51  555512257 0.0000e+00
     4.7458    2.83056      17.11  555512258 0.0000e+00
     4.9460    2.84559      16.65  555512260 0.0000e+00
     5.1238    2.85531      16.25  555512261 0.0000e+00
     5.3205    2.87041      15.64  555512263 0.0000e+00
     5.5964    2.87264      15.49  555512264 0.0000e+00
     5.9142    2.91826      14.84  555512266 0.0000e+00
     6.6349    2.94333      14.54  555512267 0.0000e+00
     7.2563    3.01063      13.88  555512269 0.0000e+00
     7.9376    3.01655      13.83  555512270 0.0000e+00
     8.3579    3.05548      12.94  555512272 0.0000e+00
     9.3109    3.07749      12.79  555512273 0.0000e+00
    10.3677    3.25862      11.99  555512275 0.0000e+00
    14.2137    3.36204      11.76  555512276 0.0000e+00
    15.2545    3.43793      11.09  555512278 0.0000e+00
    16.1346    3.41961      10.90  555512279 0.0000e+00
    16.2252    3.44903      10.33  555512281 0.0000e+00
    16.2910    3.44150       9.96  555512282 0.0000e+00
    16.3210    3.44458       9.65  555512284 0.0000e+00
    16.3330    3.45896       9.08  555512285 0.0000e+00
    16.3335    3.44061       8.97  555512287 0.0000e+00
    16.3305    3.46019       8.43  555512288 0.0000e+00
    16.3615    3.46612       7.69  555512290 0.0000e+00
    16.3488    3.44780       7.68  555512292 0.0000e+00
    16.3574    3.47473       6.58  555512293 0.0000e+00
    16.3606    3.46010       6.44  555512295 0.0000e+00
    16.3676    3.47251       5.86  555512296 0.0000e+00
    16.3771    3.46444       5.69  555512298 0.0000e+00
    16.3794    3.47537       4.68  555512299 0.0000e+00
    16.3879    3.46015       4.82  555512301 0.0000e+00
    16.3890    3.48010       3.77  555512302 0.0000e+00
    16.3897    3.47271       3.45  555512304 0.0000e+00
    16.3748    3.47541       3.20  555512305 0.0000e+00
    16.3694    3.47520       2.88  555512307 0.0000e+00
    16.3748    3.47791       2.24  555512308 0.0000e+00
    16.3767    3.47556       2.14  555512310 0.0000e+00
    16.3814    3.47833       1.61  555512311 0.0000e+00
    16.3888    3.47765       1.50  555512313 0.0000e+00
    16.3990    3.47980       1.10  555512314 0.0000e+00
    16.3979    3.48034       0.77  555512316 0.0000e+00
    16.4004    3.48034       0.50  555512317 0.0000e+00
    16.3999    3.47948       0.58  555512319 0.0000e+00
    16.3962    3.48301      -0.24  555512320 0.0000e+00
    16.3501    2.07052       0.03  555512322 0.0000e+00
    16.3906    3.39201      -0.23  555512324 0.0000e+00
    16.2594    0.64677      -0.25  555512325 0.0000e+00
    16.2909    3.12245      -0.19  555512327 0.0000e+00
    16.2648    1.06836      -0.20  555512328 0.0000e+00
    16.3796    3.30647       0.06  555512330 0.0000e+00
    16.3574    0.97335      -0.25  555512331 0.0000e+00
    16.3136    1.50740      -0.26  555512333 0.0000e+00
    16.0632    0.16683      -0.26  555512334 0.0000e+00
    15.8394    0.86477      -0.25  555512336 0.0000e+00
    16.2235    0.30871      -0.25  555512337 0.0000e+00
    16.3317    1.63427      -0.26  555512339 0.0000e+00
    16.0210    0.39985      -0.26  555512340 0.0000e+00
    15.8297    0.12984      -0.26  555512342 0.0000e+00
    15.5398    0.09523      -0.26  555512343 0.0000e+00
    15.3549    0.07495      -0.26  555512345 0.0000e+00
    15.2254    0.06050      -0.26  555512346 0.0000e+00
    15.1086    0.04674      -0.25  555512348 0.0000e+00
    14.9777    0.03707      -0.25  555512349 0.0000e+00
    14.8698    0.03200      -0.25  555512351 0.0000e+00
    14.7894    0.02963      -0.25  555512352 0.0000e+00
    14.6016    0.02721      -0.26  555512354 0.0000e+00
    14.4366    0.02658      -0.25  555512356 0.0000e+00
    14.1904    0.02662      -0.26  555512357 0.0000e+00
    14.0751    0.02618      -0.26  555512359 0.0000e+00
    14.0970    0.03342      -0.27  555512360 0.0000e+00
    13.9717    0.03835      -0.28  555512362 0.0000e+00
    13.8690    0.03091      -0.28  555512363 0.0000e+00
    13.8682    0.02549      -0.28  555512365 0.0000e+00
    13.8338    0.02341      -0.28  555512366 0.0000e+00
    13.8577    0.02148      -0.28  555512368 0.0000e+00
    13.6989    0.02062      -0.28  555512369 0.0000e+00
    13.5426    0.01971      -0.28  555512371 0.0000e+00
    13.5364    0.01847      -0.29  555512372 0.0000e+00
    13.5238    0.01784      -0.28  555512374 0.0000e+00
    13.5282    0.01687      -0.28  555512375 0.0000e+00
    13.5681    0.01662      -0.28  555512377 0.0000e+00
    13.6099    0.01607      -0.28  555512378 0.0000e+00
    13.6730    0.01581      -0.28  555512380 0.0000e+00
    13.7319    0.01527      -0.28  555512381 0.0000e+00
    13.7753    0.01496      -0.28  555512383 0.0000e+00
    13.8156    0.01475      -0.28  555512385 0.0000e+00
    13.8478    0.01411      -0.28  555512386 0.0000e+00
    13.8839    0.01383      -0.28  555512388 0.0000e+00
    13.8817    0.01332      -0.28  555512389 0.0000e+00
    13.8957    0.01347      -0.28  555512391 0.0000e+00
    13.9281    0.01484      -0.28  555512392 0.0000e+00
    13.9813    0.01559      -0.27  555512394 0.0000e+00
    14.0329    0.01547      -0.26  555512395 0.0000e+00
    14.0814    0.01526      -0.26  555512397 0.0000e+00
    14.1360    0.01484      -0.26  555512398 0.0000e+00
    14.2002    0.01463      -0.26  555512400 0.0000e+00
    14.2583    0.01435      -0.26  555512401 0.0000e+00
    14.2996    0.01429      -0.26  555512403 0.0000e+00
    14.3345    0.01411      -0.26  555512404 0.0000e+00
    14.3728    0.01411      -0.26  555512406 0.0000e+00
    14.4037    0.01397      -0.26  555512407 0.0000e+00
    14.4078    0.01396      -0.26  555512409 0.0000e+00
    14.4263    0.01394      -0.26  555512410 0.0000e+00
    14.4612    0.01388      -0.26  555512412 0.0000e+00
    14.4699    0.01379      -0.26  555512413 0.0000e+00
    14.4874    0.01379      -0.26  555512415 0.0000e+00
    14.4933    0.01369      -0.26  555512416 0.0000e+00
    14.5112    0.01364      -0.26  555512418 0.0000e+00
    14.5291    0.01358      -0.26  555512420 0.0000e+00
    14.5178    0.01355      -0.26  555512421 0.0000e+00
    14.5347    0.01350      -0.26  555512423 0.0000e+00
    14.5420    0.01344      -0.26  555512424 0.0000e+00
    14.5527    0.01338      -0.26  555512426 0.0000e+00
    14.5629    0.01329      -0.26  555512427 0.0000e+00
    14.5459    0.01329      -0.26  555512429 0.0000e+00
    14.5580    0.01320      -0.26  555512430 0.0000e+00
    14.5405    0.01320      -0.26  555512432 0.0000e+00
    14.5186    0.01315      -0.26  555512433 0.0000e+00
    14.4991    0.01310      -0.26  555512435 0.0000e+00
    14.5128    0.01305      -0.26  555512436 0.0000e+00
    14.5295    0.01300      -0.26  555512438 0.0000e+00
    14.5284    0.01296      -0.26  555512439 0.0000e+00
    14.5084    0.01293      -0.26  555512441 0.0000e+00
    14.5156    0.01289      -0.26  555512442 0.0000e+00
    14.4918    0.01286      -0.26  555512444 0.0000e+00
    14.5072    0.01281      -0.26  555512445 0.0000e+00
    14.5350    0.01279      -0.26  555512447 0.0000e+00
    14.5601    0.01273      -0.26  555512448 0.0000e+00
    14.5838    0.01272      -0.26  555512450 0.0000e+00
    14.6134    0.01269      -0.26  555512451 0.0000e+00
    14.6189    0.01266      -0.26  555512453 0.0000e+00
    14.6373    0.01261      -0.26  555512454 0.0000e+00
    14.6131    0.01261      -0.26  555512456 0.0000e+00
    14.5988    0.01255      -0.26  555512458 0.0000e+00
    14.5912    0.01253      -0.27  555512459 0.0000e+00
    14.5722    0.01248      -0.26  555512461 0.0000e+00
    14.5535    0.01253      -0.27  555512462 0.0000e+00
