Code/Hansen Zooplankton Code and Sample Data/data/ctd/gsl_12_SBE37SI-RS232_03706156_2017_08_11.cnv
* Sea-Bird SBE37SI-RS232  Data File:
* FileName = C:\Users\General Lab Use\Desktop\SHELAGH CTD 2017\gsl_12_SBE37SI-RS232_03706156_2017_08_11.cnv
* Software version 1.00d
* Temperature SN = 6156
* Conductivity SN = 6156
* System UpLoad Time = Aug 11 2017 00:43:36
* <ApplicationData>
* <Seaterm232>
# nquan = 5
# nvalues = 2318
# units = specified
# name 0 = t090C: Temperature [ITS-90, deg C]
# name 1 = c0S/m: Conductivity [S/m]
# name 2 = prM: Pressure [db]
# name 3 = timeK: Time, Seacat Plus [seconds]
# name 4 = flag: Flag
# span 0 =     -0.2584,    20.6000
# span 1 =    0.000002,   3.665880
# span 2 =      -0.248,    121.875
# span 3 =   555711688,  555715230
# span 4 =  0.0000e+00, 0.0000e+00
# interval = seconds: 6.000000
# start_time = Aug 10 2017 20:21:28
# bad_flag = -9.990e-29
*END*
    20.5260    0.00000      -0.22  555711688 0.0000e+00
    20.5246    0.00007      -0.21  555711689 0.0000e+00
    20.5240    0.00007      -0.22  555711691 0.0000e+00
    20.5233    0.00007      -0.21  555711692 0.0000e+00
    20.5213    0.00007      -0.21  555711694 0.0000e+00
    20.5193    0.00007      -0.22  555711695 0.0000e+00
    20.5190    0.00007      -0.22  555711697 0.0000e+00
    20.5185    0.00007      -0.22  555711698 0.0000e+00
    20.5192    0.00008      -0.22  555711700 0.0000e+00
    20.5274    0.00009      -0.22  555711701 0.0000e+00
    20.5398    0.00011      -0.22  555711703 0.0000e+00
    20.5603    0.00014      -0.22  555711705 0.0000e+00
    20.5789    0.00121      -0.22  555711706 0.0000e+00
    20.5844    0.00100      -0.22  555711708 0.0000e+00
    20.5890    0.00079      -0.22  555711709 0.0000e+00
    20.5968    0.00072      -0.22  555711711 0.0000e+00
    20.5945    0.00066      -0.22  555711712 0.0000e+00
    20.5897    0.00069      -0.22  555711714 0.0000e+00
    20.6000    0.00110      -0.22  555711716 0.0000e+00
    20.5801    0.00117      -0.22  555711718 0.0000e+00
    20.5733    0.00131      -0.22  555711719 0.0000e+00
    20.5693    0.00140      -0.22  555711721 0.0000e+00
    20.5546    0.00150      -0.22  555711722 0.0000e+00
    20.5460    0.00156      -0.22  555711724 0.0000e+00
    20.5341    0.00140      -0.22  555711725 0.0000e+00
    20.5408    0.00117      -0.22  555711727 0.0000e+00
    20.5458    0.00127      -0.22  555711728 0.0000e+00
    20.5257    0.00125      -0.22  555711730 0.0000e+00
    20.4872    0.00098      -0.22  555711731 0.0000e+00
    20.4795    0.00095      -0.22  555711733 0.0000e+00
    20.4300    0.00078      -0.23  555711734 0.0000e+00
    20.3618    0.00052      -0.23  555711736 0.0000e+00
    20.2841    0.00049      -0.22  555711737 0.0000e+00
    20.2466    0.00215      -0.22  555711739 0.0000e+00
    20.2024    0.00262      -0.23  555711740 0.0000e+00
    20.1381    0.00138      -0.22  555711742 0.0000e+00
    20.0402    0.00105      -0.22  555711744 0.0000e+00
    19.9404    0.00072      -0.22  555711745 0.0000e+00
    19.9235    0.00055      -0.22  555711747 0.0000e+00
    19.9064    0.00047      -0.22  555711748 0.0000e+00
    19.8746    0.00041      -0.22  555711750 0.0000e+00
    19.8509    0.00038      -0.22  555711751 0.0000e+00
    19.8246    0.00035      -0.22  555711753 0.0000e+00
    19.7906    0.00035      -0.22  555711754 0.0000e+00
    19.7228    0.00073      -0.23  555711756 0.0000e+00
    19.6942    0.00060      -0.22  555711757 0.0000e+00
    19.7148    0.00046      -0.23  555711759 0.0000e+00
    19.7273    0.00041      -0.23  555711760 0.0000e+00
    19.7371    0.00037      -0.23  555711762 0.0000e+00
    19.7584    0.00035      -0.23  555711763 0.0000e+00
    19.7847    0.00036      -0.23  555711765 0.0000e+00
    19.7966    0.00036      -0.23  555711766 0.0000e+00
    19.8051    0.00038      -0.23  555711768 0.0000e+00
    19.8124    0.00038      -0.23  555711770 0.0000e+00
    19.7708    0.00033      -0.22  555711771 0.0000e+00
    19.6980    0.00030      -0.22  555711773 0.0000e+00
    19.6452    0.00029      -0.22  555711774 0.0000e+00
    19.6038    0.00029      -0.22  555711776 0.0000e+00
    19.5675    0.00028      -0.22  555711777 0.0000e+00
    19.5476    0.00027      -0.22  555711779 0.0000e+00
    19.5346    0.00026      -0.22  555711780 0.0000e+00
    19.5192    0.00025      -0.22  555711782 0.0000e+00
    19.5031    0.00024      -0.21  555711783 0.0000e+00
    19.4672    0.00023      -0.22  555711785 0.0000e+00
    19.4383    0.00022      -0.22  555711786 0.0000e+00
    19.4211    0.00022      -0.22  555711788 0.0000e+00
    19.4057    0.00021      -0.22  555711789 0.0000e+00
    19.3792    0.00020      -0.22  555711791 0.0000e+00
    19.3574    0.00020      -0.22  555711792 0.0000e+00
    19.3322    0.00020      -0.22  555711794 0.0000e+00
    19.3242    0.00019      -0.21  555711796 0.0000e+00
    19.2994    0.00019      -0.22  555711797 0.0000e+00
    19.2664    0.00018      -0.22  555711799 0.0000e+00
    19.2418    0.00018      -0.21  555711800 0.0000e+00
    19.2120    0.00018      -0.22  555711802 0.0000e+00
    19.1831    0.00017      -0.22  555711803 0.0000e+00
    19.1613    0.00017      -0.22  555711805 0.0000e+00
    19.1546    0.00017      -0.22  555711806 0.0000e+00
    19.1534    0.00017      -0.22  555711808 0.0000e+00
    19.1527    0.00017      -0.22  555711809 0.0000e+00
    19.1535    0.00017      -0.22  555711811 0.0000e+00
    19.1577    0.00017      -0.22  555711812 0.0000e+00
    19.1584    0.00017      -0.22  555711814 0.0000e+00
    19.1570    0.00016      -0.22  555711815 0.0000e+00
    19.1574    0.00016      -0.21  555711817 0.0000e+00
    19.1469    0.00016      -0.22  555711818 0.0000e+00
    19.1347    0.00016      -0.22  555711820 0.0000e+00
    19.1176    0.00016      -0.22  555711822 0.0000e+00
    19.1042    0.00016      -0.22  555711823 0.0000e+00
    19.0831    0.00016      -0.22  555711825 0.0000e+00
    19.0675    0.00016      -0.22  555711826 0.0000e+00
    19.0445    0.00016      -0.22  555711828 0.0000e+00
    19.0253    0.00016      -0.22  555711829 0.0000e+00
    19.0035    0.00015      -0.22  555711831 0.0000e+00
    18.9847    0.00015      -0.22  555711832 0.0000e+00
    18.9651    0.00015      -0.22  555711834 0.0000e+00
    18.9540    0.00015      -0.22  555711835 0.0000e+00
    18.9393    0.00015      -0.22  555711837 0.0000e+00
    18.9272    0.00015      -0.22  555711838 0.0000e+00
    18.9120    0.00015      -0.22  555711840 0.0000e+00
    18.9034    0.00015      -0.22  555711841 0.0000e+00
    18.8906    0.00015      -0.22  555711843 0.0000e+00
    18.8839    0.00015      -0.22  555711844 0.0000e+00
    18.8727    0.00015      -0.22  555711846 0.0000e+00
    18.8622    0.00015      -0.22  555711848 0.0000e+00
    18.8538    0.00015      -0.22  555711849 0.0000e+00
    18.8467    0.00014      -0.22  555711851 0.0000e+00
    18.8388    0.00014      -0.21  555711852 0.0000e+00
    18.8320    0.00014      -0.22  555711854 0.0000e+00
    18.8271    0.00014      -0.22  555711855 0.0000e+00
    18.8224    0.00014      -0.22  555711857 0.0000e+00
    18.8170    0.00014      -0.22  555711858 0.0000e+00
    18.8100    0.00014      -0.22  555711860 0.0000e+00
    18.8011    0.00014      -0.22  555711861 0.0000e+00
    18.7971    0.00014      -0.22  555711863 0.0000e+00
    18.7943    0.00014      -0.22  555711864 0.0000e+00
    18.7907    0.00014      -0.22  555711866 0.0000e+00
    18.7899    0.00014      -0.22  555711867 0.0000e+00
    18.7862    0.00014      -0.22  555711869 0.0000e+00
    18.7853    0.00014      -0.22  555711870 0.0000e+00
    18.7811    0.00014      -0.21  555711872 0.0000e+00
    18.7776    0.00014      -0.22  555711874 0.0000e+00
    18.7731    0.00014      -0.21  555711875 0.0000e+00
    18.7740    0.00014      -0.22  555711877 0.0000e+00
    18.7703    0.00014      -0.22  555711878 0.0000e+00
    18.7650    0.00014      -0.22  555711880 0.0000e+00
    18.7637    0.00014      -0.22  555711881 0.0000e+00
    18.7667    0.00014      -0.22  555711883 0.0000e+00
    18.7667    0.00014      -0.22  555711884 0.0000e+00
    18.7653    0.00014      -0.22  555711886 0.0000e+00
    18.7646    0.00018      -0.22  555711887 0.0000e+00
    18.7735    0.00023      -0.23  555711889 0.0000e+00
    18.7812    0.00022      -0.22  555711890 0.0000e+00
    18.7832    0.00021      -0.22  555711892 0.0000e+00
    18.7896    0.00021      -0.23  555711893 0.0000e+00
    18.7898    0.00021      -0.23  555711895 0.0000e+00
    18.7923    0.00020      -0.22  555711896 0.0000e+00
    18.7920    0.00020      -0.23  555711898 0.0000e+00
    18.7907    0.00027      -0.22  555711900 0.0000e+00
    18.7973    0.00036      -0.24  555711901 0.0000e+00
    18.8028    0.00032      -0.24  555711903 0.0000e+00
    18.3339    3.61272       1.14  555711904 0.0000e+00
    18.1707    3.60343       1.32  555711906 0.0000e+00
    18.1561    3.65984       2.28  555711907 0.0000e+00
    18.1572    3.66179       1.54  555711909 0.0000e+00
    18.1573    3.66588       2.21  555711910 0.0000e+00
    18.1543    3.65985       1.61  555711912 0.0000e+00
    18.1558    3.66267       2.13  555711913 0.0000e+00
    18.1543    3.66176       1.56  555711915 0.0000e+00
    18.1551    3.66192       2.27  555711916 0.0000e+00
    18.1547    3.65881       1.49  555711918 0.0000e+00
    18.1534    3.66251       2.18  555711919 0.0000e+00
    18.1524    3.66187       1.69  555711921 0.0000e+00
    18.1531    3.66258       2.17  555711922 0.0000e+00
    18.1534    3.65849       1.50  555711924 0.0000e+00
    18.1533    3.66093       2.25  555711926 0.0000e+00
    18.1574    3.66033       1.40  555711927 0.0000e+00
    18.1551    3.66047       2.30  555711929 0.0000e+00
    18.1571    3.66084       1.35  555711930 0.0000e+00
    18.1553    3.66034       2.59  555711932 0.0000e+00
    18.1561    3.66052       1.25  555711933 0.0000e+00
    18.1555    3.66073       2.36  555711935 0.0000e+00
    18.1571    3.66137       1.49  555711936 0.0000e+00
    18.1553    3.66108       2.14  555711938 0.0000e+00
    18.1541    3.66148       1.51  555711939 0.0000e+00
    18.1527    3.66066       2.16  555711941 0.0000e+00
    18.1539    3.66107       1.55  555711942 0.0000e+00
    18.1540    3.66096       2.15  555711944 0.0000e+00
    18.1545    3.66098       1.46  555711945 0.0000e+00
    18.1543    3.66056       2.32  555711947 0.0000e+00
    18.1522    3.66045       1.20  555711948 0.0000e+00
    18.1547    3.66031       2.47  555711950 0.0000e+00
    18.1533    3.66046       1.16  555711952 0.0000e+00
    18.1531    3.66020       2.27  555711953 0.0000e+00
    18.1521    3.66024       1.13  555711955 0.0000e+00
    18.1550    3.66051       1.52  555711956 0.0000e+00
    18.1566    3.66085       0.24  555711958 0.0000e+00
    18.1588    3.66128       0.67  555711959 0.0000e+00
    18.1597    3.66163       0.56  555711961 0.0000e+00
    18.1589    3.66144       1.15  555711962 0.0000e+00
    18.1572    3.66098       1.83  555711964 0.0000e+00
    18.1547    3.66049       3.28  555711965 0.0000e+00
    18.1565    3.66098       3.58  555711967 0.0000e+00
    18.1319    3.65815       5.60  555711968 0.0000e+00
    17.6903    3.65577       6.16  555711970 0.0000e+00
    17.1146    3.57403       7.51  555711971 0.0000e+00
    16.9999    3.57323       8.35  555711973 0.0000e+00
    16.9223    3.56273       9.57  555711974 0.0000e+00
    16.9030    3.56411      10.47  555711976 0.0000e+00
    16.9020    3.56257      11.55  555711977 0.0000e+00
    16.9051    3.56621      12.67  555711979 0.0000e+00
    16.7768    3.55451      13.73  555711981 0.0000e+00
    16.4027    3.54106      14.51  555711982 0.0000e+00
    15.2891    3.43291      15.70  555711984 0.0000e+00
    14.2322    3.38678      16.49  555711985 0.0000e+00
    13.4639    3.34348      17.83  555711987 0.0000e+00
    13.2707    3.36000      18.61  555711988 0.0000e+00
    12.6005    3.31419      20.11  555711990 0.0000e+00
    12.3199    3.33209      20.95  555711991 0.0000e+00
    11.6638    3.28872      22.17  555711993 0.0000e+00
    11.2344    3.26721      23.80  555711994 0.0000e+00
    11.0840    3.27768      24.66  555711996 0.0000e+00
    10.7152    3.23489      26.28  555711997 0.0000e+00
    10.4322    3.22250      27.53  555711999 0.0000e+00
    10.0017    3.19332      29.37  555712000 0.0000e+00
     9.7510    3.19421      29.64  555712002 0.0000e+00
     9.1903    3.16133      31.68  555712003 0.0000e+00
     9.0761    3.16668      31.82  555712005 0.0000e+00
     8.6606    3.14083      33.61  555712007 0.0000e+00
     7.9809    3.11061      34.31  555712008 0.0000e+00
     6.3269    3.00807      36.31  555712010 0.0000e+00
     5.7550    2.99673      36.19  555712011 0.0000e+00
     5.1143    2.93656      38.63  555712013 0.0000e+00
     4.4585    2.92237      38.69  555712014 0.0000e+00
     3.5831    2.86241      40.57  555712016 0.0000e+00
     2.6908    2.82255      42.14  555712017 0.0000e+00
     2.3068    2.81658      43.22  555712019 0.0000e+00
     2.0612    2.78259      44.76  555712020 0.0000e+00
     1.3187    2.76936      45.89  555712022 0.0000e+00
     1.0863    2.73265      47.25  555712023 0.0000e+00
     0.8087    2.71577      48.79  555712025 0.0000e+00
     0.7179    2.71313      50.20  555712026 0.0000e+00
     0.6185    2.72204      51.44  555712028 0.0000e+00
     0.3954    2.69505      52.76  555712029 0.0000e+00
     0.2808    2.68168      54.44  555712031 0.0000e+00
     0.1225    2.69712      55.34  555712032 0.0000e+00
     0.0933    2.66953      56.93  555712034 0.0000e+00
     0.0869    2.68009      58.18  555712036 0.0000e+00
     0.1803    2.68587      59.49  555712037 0.0000e+00
     0.1502    2.68421      60.99  555712039 0.0000e+00
     0.0992    2.68036      62.44  555712040 0.0000e+00
    -0.0448    2.68970      63.43  555712042 0.0000e+00
    -0.1019    2.66455      65.12  555712043 0.0000e+00
    -0.1310    2.67185      65.66  555712045 0.0000e+00
    -0.1472    2.65688      67.66  555712046 0.0000e+00
    -0.1966    2.66271      68.47  555712048 0.0000e+00
    -0.2065    2.65682      69.63  555712049 0.0000e+00
    -0.2584    2.65698      70.88  555712051 0.0000e+00
    -0.2495    2.65722      72.02  555712052 0.0000e+00
    -0.1572    2.67017      72.95  555712054 0.0000e+00
    -0.1052    2.67150      74.69  555712055 0.0000e+00
     0.0261    2.68122      75.30  555712057 0.0000e+00
    -0.0107    2.68057      77.32  555712058 0.0000e+00
    -0.0187    2.68477      77.15  555712060 0.0000e+00
    -0.0266    2.68072      79.50  555712062 0.0000e+00
     0.0089    2.68395      79.26  555712063 0.0000e+00
     0.0592    2.69620      81.11  555712065 0.0000e+00
     0.1733    2.70646      81.56  555712066 0.0000e+00
     0.3455    2.72233      82.79  555712068 0.0000e+00
     0.4302    2.73479      84.32  555712069 0.0000e+00
     0.4540    2.73849      85.26  555712071 0.0000e+00
     0.4873    2.74329      87.13  555712072 0.0000e+00
     0.5220    2.74676      87.40  555712074 0.0000e+00
     0.5301    2.74783      89.29  555712075 0.0000e+00
     0.5718    2.75110      89.68  555712077 0.0000e+00
     0.5872    2.75328      91.68  555712078 0.0000e+00
     0.6006    2.75499      91.65  555712080 0.0000e+00
     0.6585    2.76319      93.94  555712081 0.0000e+00
     0.7034    2.76562      93.25  555712083 0.0000e+00
     0.7044    2.76630      95.44  555712084 0.0000e+00
     0.7185    2.76722      94.59  555712086 0.0000e+00
     0.7378    2.77139      96.86  555712087 0.0000e+00
     0.7715    2.77377      97.01  555712089 0.0000e+00
     0.7731    2.77421      98.61  555712091 0.0000e+00
     0.7732    2.77468      99.81  555712092 0.0000e+00
     0.7742    2.77473     101.11  555712094 0.0000e+00
     0.7771    2.77568     102.31  555712095 0.0000e+00
     0.7843    2.77651     103.25  555712097 0.0000e+00
     0.8081    2.78014     105.00  555712098 0.0000e+00
     0.8505    2.78357     104.56  555712100 0.0000e+00
     0.8840    2.78983     106.81  555712101 0.0000e+00
     0.9261    2.79239     106.30  555712103 0.0000e+00
     0.9347    2.79407     108.27  555712104 0.0000e+00
     0.9434    2.79482     108.34  555712106 0.0000e+00
     0.9564    2.79668     110.33  555712107 0.0000e+00
     0.9636    2.79703     109.94  555712109 0.0000e+00
     0.9654    2.79766     112.26  555712110 0.0000e+00
     0.9684    2.79791     111.62  555712112 0.0000e+00
     0.9686    2.79809     113.79  555712113 0.0000e+00
     0.9702    2.79824     113.58  555712115 0.0000e+00
     0.9736    2.79894     115.66  555712117 0.0000e+00
     0.9814    2.79943     116.23  555712118 0.0000e+00
     0.9860    2.80029     117.87  555712120 0.0000e+00
     0.9926    2.80058     118.39  555712121 0.0000e+00
     0.9986    2.80186     119.91  555712123 0.0000e+00
