Code/Hansen Zooplankton Code and Sample Data/data/ctd/gsl_02_SBE37SI-RS232_03706156_2017_07_05_final.cnv
* Sea-Bird SBE37SI-RS232  Data File:
* FileName = C:\Users\General Lab Use\Desktop\SHELAGH CTD 2017\gsl_02_SBE37SI-RS232_03706156_2017_07_05.cnv
* Software version 1.00d
* Temperature SN = 6156
* Conductivity SN = 6156
* System UpLoad Time = Jul 05 2017 03:39:18
* <ApplicationData>
* <Seaterm232>
# nquan = 7                                 
# nvalues = 2305                        
# units = specified
# name 0 = t090C: Temperature [ITS-90, deg C]
# name 1 = c0S/m: Conductivity [S/m]
# name 2 = prM: Pressure [db]
# name 3 = timeK: Time, Seacat Plus [seconds]
# name 4 = sal00: Salinity [PSU]
# name 5 = sigma-t00: Density [sigma-t, Kg/m^3 ]
# name 6 = flag: flag
# span 0 =    -1.0350,    18.0956       
# span 1 =   0.001330,   3.291290       
# span 2 =     -0.250,     69.240       
# span 3 =  552524350,  552527860       
# span 4 =     0.0134,    32.8304       
# span 5 =    -1.3336,    26.3516       
# span 6 = 0.0000e+00, 0.0000e+00       
# interval = seconds: 6.000000
# start_time = Jul 04 2017 22:59:10
# bad_flag = -9.990e-29
*END*
[from data line 1642]
     8.1121   3.022670     13.710  552526851    28.5511    22.1989 0.0000e+00
     8.4409   3.029600     13.240  552526853    28.3574    22.0018 0.0000e+00
     8.8213   3.068020     12.570  552526855    28.4477    22.0186 0.0000e+00
     9.4742   3.067640     11.950  552526856    27.9285    21.5171 0.0000e+00
     9.7339   3.057400     11.450  552526858    27.6255    21.2416 0.0000e+00
     9.7344   3.039220     11.220  552526859    27.4439    21.1000 0.0000e+00
     9.4176   3.035680     11.290  552526861    27.6512    21.3092 0.0000e+00
     9.3706   3.027120     11.770  552526862    27.6011    21.2771 0.0000e+00
     9.8472   3.021190     11.730  552526864    27.1789    20.8764 0.0000e+00
     9.8935   3.036370     11.880  552526865    27.2946    20.9594 0.0000e+00
     9.9030   3.034170     11.660  552526867    27.2657    20.9355 0.0000e+00
     9.9036   3.058180     11.760  552526868    27.5036    21.1206 0.0000e+00
     9.9171   3.042830     11.770  552526870    27.3409    20.9919 0.0000e+00
     9.9054   3.036070     11.580  552526871    27.2828    20.9484 0.0000e+00
     9.9047   3.067630     11.710  552526873    27.5966    21.1930 0.0000e+00
     9.9086   3.047880     11.570  552526874    27.3976    21.0373 0.0000e+00
     9.8261   3.067200     11.600  552526876    27.6525    21.2486 0.0000e+00
     9.7690   3.062210     11.580  552526877    27.6465    21.2527 0.0000e+00
     9.7608   3.063680     11.520  552526879    27.6675    21.2703 0.0000e+00
     9.7710   3.068020     11.630  552526880    27.7029    21.2963 0.0000e+00
     9.7212   3.071870     11.380  552526882    27.7798    21.3638 0.0000e+00
     9.6550   3.072740     11.630  552526883    27.8395    21.4204 0.0000e+00
     9.6862   3.070750     11.380  552526885    27.7956    21.3814 0.0000e+00
     9.6227   3.064610     11.630  552526886    27.7831    21.3813 0.0000e+00
     9.6269   3.068010     11.200  552526888    27.8141    21.4048 0.0000e+00
     9.4141   3.046760     11.680  552526890    27.7652    21.3987 0.0000e+00
     9.5884   3.057650     11.300  552526891    27.7400    21.3529 0.0000e+00
     9.4694   3.061190     11.540  552526893    27.8675    21.4703 0.0000e+00
     9.5744   3.048940     11.380  552526894    27.6635    21.2953 0.0000e+00
     9.5679   3.060660     11.440  552526896    27.7859    21.3918 0.0000e+00
     9.5546   3.055930     11.410  552526897    27.7488    21.3649 0.0000e+00
     9.5537   3.051930     11.290  552526899    27.7094    21.3343 0.0000e+00
     9.4164   3.058000     11.320  552526900    27.8767    21.4854 0.0000e+00
     9.3193   3.045290     11.050  552526902    27.8242    21.4588 0.0000e+00
     9.2104   3.039120     10.710  552526903    27.8467    21.4925 0.0000e+00
     9.1513   3.024490     10.230  552526905    27.7448    21.4216 0.0000e+00
     9.8253   3.072700      9.440  552526906    27.7087    21.2925 0.0000e+00
    12.1957   3.092010      8.760  552526908    26.1603    19.7007 0.0000e+00
    14.3709   3.151720      7.730  552526909    25.2384    18.5863 0.0000e+00
    15.3666   3.139230      7.000  552526911    24.4968    17.8179 0.0000e+00
    15.6360   3.200320      5.930  552526912    24.8540    18.0364 0.0000e+00
    15.8346   3.192170      5.080  552526914    24.6606    17.8468 0.0000e+00
    15.8732   3.108380      4.440  552526915    23.9239    17.2745 0.0000e+00
    15.8786   3.212360      3.840  552526917    24.8058    17.9488 0.0000e+00
    15.9705   3.184470      3.470  552526918    24.5114    17.7041 0.0000e+00
    16.0247   3.227240      2.710  552526920    24.8417    17.9456 0.0000e+00
    16.1041   3.210520      2.520  552526922    24.6504    17.7824 0.0000e+00
    16.1410   3.244010      1.620  552526923    24.9119    17.9748 0.0000e+00
    16.2505   3.236090      1.390  552526925    24.7767    17.8480 0.0000e+00
    16.2729   3.255340      0.540  552526926    24.9259    17.9574 0.0000e+00
    16.2837   3.240780      0.500  552526928    24.7960    17.8557 0.0000e+00
    16.2923   3.235150      0.200  552526929    24.7432    17.8135 0.0000e+00
    16.2945   3.209310     -0.120  552526931    24.5237    17.6450 0.0000e+00
    16.2805   0.706990     -0.230  552526932     4.7477     2.5420 0.0000e+00
    16.0273   0.365530     -0.230  552526934     2.3642     0.7597 0.0000e+00
    15.6433   0.312160     -0.230  552526935     2.0191     0.5581 0.0000e+00
    15.3237   0.257570     -0.230  552526937     1.6608     0.3338 0.0000e+00
    15.1728   0.168550     -0.230  552526938     1.0665    -0.1006 0.0000e+00
    15.1025   0.134940     -0.230  552526940     0.8461    -0.2598 0.0000e+00
    15.0196   0.160380     -0.230  552526941     1.0162    -0.1158 0.0000e+00
    14.9434   0.206630     -0.230  552526943     1.3289     0.1373 0.0000e+00
    14.8710   0.174310     -0.230  552526944     1.1132    -0.0182 0.0000e+00
    14.8305   0.157220     -0.230  552526946     0.9999    -0.0995 0.0000e+00
    14.7625   0.152260     -0.230  552526947     0.9685    -0.1136 0.0000e+00
    14.6760   0.121970     -0.230  552526949     0.7693    -0.2545 0.0000e+00
    14.6016   0.110280     -0.230  552526950     0.6937    -0.3020 0.0000e+00
    14.5497   0.108740     -0.230  552526952     0.6845    -0.3015 0.0000e+00
    14.4972   0.123290     -0.220  552526954     0.7816    -0.2187 0.0000e+00
    14.4565   0.109570     -0.230  552526955     0.6916    -0.2823 0.0000e+00
    14.4237   0.093900     -0.220  552526957     0.5892    -0.3568 0.0000e+00
    14.3970   0.099000     -0.230  552526958     0.6231    -0.3267 0.0000e+00
    14.3533   0.091490     -0.230  552526960     0.5745    -0.3580 0.0000e+00
    14.3127   0.087900     -0.230  552526961     0.5516    -0.3699 0.0000e+00
    14.2614   0.068260     -0.230  552526963     0.4247    -0.4609 0.0000e+00
    14.2334   0.065430     -0.230  552526964     0.4067    -0.4708 0.0000e+00
    14.2093   0.064360     -0.220  552526966     0.4001    -0.4725 0.0000e+00
    14.1913   0.065880     -0.230  552526967     0.4101    -0.4622 0.0000e+00
    14.1801   0.062260     -0.220  552526969     0.3869    -0.4787 0.0000e+00
    14.1909   0.062820     -0.230  552526970     0.3904    -0.4775 0.0000e+00
    14.1887   0.056900     -0.230  552526972     0.3524    -0.5066 0.0000e+00
    14.1938   0.057010     -0.230  552526973     0.3530    -0.5068 0.0000e+00
    14.1884   0.055220     -0.220  552526975     0.3416    -0.5149 0.0000e+00
    14.1925   0.056050     -0.220  552526976     0.3469    -0.5114 0.0000e+00
    14.1991   0.053490     -0.220  552526978     0.3305    -0.5251 0.0000e+00
    14.2046   0.053830     -0.220  552526979     0.3326    -0.5242 0.0000e+00
    14.2093   0.058560     -0.220  552526981     0.3628    -0.5014 0.0000e+00
    14.2226   0.061140     -0.220  552526983     0.3793    -0.4906 0.0000e+00
    14.2342   0.058230     -0.220  552526984     0.3605    -0.5068 0.0000e+00
    14.2407   0.061370     -0.230  552526986     0.3806    -0.4922 0.0000e+00
    14.2424   0.058890     -0.220  552526987     0.3647    -0.5048 0.0000e+00
    14.2517   0.062740     -0.220  552526989     0.3893    -0.4870 0.0000e+00
    14.2599   0.062110     -0.220  552526990     0.3851    -0.4914 0.0000e+00
    14.2688   0.055410     -0.220  552526992     0.3422    -0.5260 0.0000e+00
    14.2744   0.058380     -0.220  552526993     0.3611    -0.5121 0.0000e+00
    14.2731   0.054600     -0.220  552526995     0.3370    -0.5306 0.0000e+00
    14.2731   0.056910     -0.220  552526996     0.3517    -0.5192 0.0000e+00
    14.2809   0.053620     -0.220  552526998     0.3307    -0.5366 0.0000e+00
    14.3017   0.054290     -0.220  552526999     0.3348    -0.5364 0.0000e+00
    14.3118   0.052800     -0.220  552527001     0.3252    -0.5453 0.0000e+00
    14.3266   0.051790     -0.220  552527002     0.3187    -0.5525 0.0000e+00
    14.3180   0.052790     -0.220  552527004     0.3251    -0.5463 0.0000e+00
    14.3037   0.055480     -0.220  552527005     0.3423    -0.5308 0.0000e+00
    14.2678   0.054880     -0.220  552527007     0.3388    -0.5284 0.0000e+00
    14.2347   0.053780     -0.220  552527008     0.3321    -0.5289 0.0000e+00
    14.2214   0.053340     -0.220  552527010     0.3294    -0.5291 0.0000e+00
    14.2177   0.051160     -0.220  552527011     0.3155    -0.5394 0.0000e+00
    14.1998   0.050360     -0.220  552527013     0.3106    -0.5407 0.0000e+00
    14.1882   0.050650     -0.220  552527014     0.3125    -0.5375 0.0000e+00
    14.1825   0.049640     -0.220  552527016     0.3061    -0.5417 0.0000e+00
    14.1908   0.050610     -0.220  552527018     0.3122    -0.5381 0.0000e+00
    14.1922   0.051010     -0.220  552527019     0.3148    -0.5363 0.0000e+00
    14.1943   0.052670     -0.220  552527021     0.3253    -0.5284 0.0000e+00
    14.2057   0.056420     -0.220  552527022     0.3492    -0.5115 0.0000e+00
    14.2367   0.053400     -0.220  552527024     0.3296    -0.5311 0.0000e+00
    14.2585   0.053690     -0.220  552527025     0.3313    -0.5329 0.0000e+00
    14.2794   0.049480     -0.220  552527027     0.3044    -0.5568 0.0000e+00
    14.3035   0.047830     -0.220  552527028     0.2937    -0.5685 0.0000e+00
    14.3205   0.045970     -0.220  552527030     0.2819    -0.5802 0.0000e+00
    14.3232   0.044260     -0.220  552527031     0.2711    -0.5889 0.0000e+00
    14.3297   0.044100     -0.220  552527033     0.2700    -0.5907 0.0000e+00
    14.3520   0.043590     -0.220  552527034     0.2667    -0.5965 0.0000e+00
    14.3630   0.045640     -0.220  552527036     0.2795    -0.5881 0.0000e+00
    14.3816   0.046180     -0.220  552527037     0.2828    -0.5882 0.0000e+00
    14.3976   0.047790     -0.220  552527039     0.2928    -0.5828 0.0000e+00
    14.4239   0.046950     -0.220  552527040     0.2873    -0.5908 0.0000e+00
    14.4293   0.047700     -0.220  552527042     0.2920    -0.5880 0.0000e+00
    14.4529   0.046600     -0.220  552527043     0.2849    -0.5969 0.0000e+00
    14.4643   0.050130     -0.220  552527045     0.3071    -0.5813 0.0000e+00
    14.4167   0.051580     -0.220  552527046     0.3166    -0.5670 0.0000e+00
    14.3582   0.057910     -0.220  552527048     0.3573    -0.5270 0.0000e+00
    14.3354   0.063600     -0.220  552527050     0.3940    -0.4953 0.0000e+00
    14.3318   0.074580     -0.220  552527051     0.4648    -0.4400 0.0000e+00
    14.3328   0.067290     -0.220  552527053     0.4177    -0.4766 0.0000e+00
    14.3377   0.075900     -0.220  552527054     0.4732    -0.4342 0.0000e+00
    14.3428   0.065690     -0.220  552527056     0.4073    -0.4861 0.0000e+00
    14.3485   0.064580     -0.220  552527057     0.4001    -0.4925 0.0000e+00
    14.3498   0.060920     -0.220  552527059     0.3767    -0.5108 0.0000e+00
    14.3548   0.060980     -0.220  552527060     0.3770    -0.5113 0.0000e+00
    14.3557   0.053410     -0.220  552527062     0.3287    -0.5489 0.0000e+00
    14.3697   0.060460     -0.230  552527063     0.3735    -0.5161 0.0000e+00
    14.3687   0.056510     -0.220  552527065     0.3483    -0.5355 0.0000e+00
    14.3564   0.061800     -0.220  552527066     0.3822    -0.5075 0.0000e+00
    14.3582   0.053720     -0.220  552527068     0.3307    -0.5477 0.0000e+00
    14.3591   0.056770     -0.220  552527069     0.3501    -0.5328 0.0000e+00
    14.3535   0.053620     -0.230  552527071     0.3301    -0.5475 0.0000e+00
    14.3512   0.051690     -0.230  552527072     0.3178    -0.5567 0.0000e+00
    14.3504   0.046940     -0.220  552527074     0.2878    -0.5799 0.0000e+00
    14.3507   0.048070     -0.230  552527075     0.2949    -0.5744 0.0000e+00
    14.3378   0.043920     -0.220  552527077     0.2688    -0.5928 0.0000e+00
    14.3162   0.045130     -0.230  552527079     0.2766    -0.5836 0.0000e+00
    14.2991   0.041630     -0.220  552527080     0.2547    -0.5982 0.0000e+00
    14.2931   0.040060     -0.230  552527082     0.2449    -0.6049 0.0000e+00
    14.2755   0.038780     -0.220  552527083     0.2370    -0.6086 0.0000e+00
    14.2600   0.037760     -0.230  552527085     0.2307    -0.6113 0.0000e+00
    14.2546   0.039260     -0.230  552527086     0.2401    -0.6032 0.0000e+00
    14.2576   0.037260     -0.230  552527088     0.2275    -0.6133 0.0000e+00
    14.2608   0.037930     -0.220  552527089     0.2317    -0.6105 0.0000e+00
    14.2694   0.035990     -0.230  552527091     0.2195    -0.6212 0.0000e+00
    14.2832   0.034900     -0.230  552527092     0.2127    -0.6285 0.0000e+00
    14.2985   0.033550     -0.230  552527094     0.2042    -0.6373 0.0000e+00
    14.3013   0.034690     -0.230  552527095     0.2113    -0.6322 0.0000e+00
    14.3058   0.036970     -0.230  552527097     0.2255    -0.6218 0.0000e+00
    14.3127   0.041390     -0.230  552527098     0.2531    -0.6014 0.0000e+00
    14.3241   0.040110     -0.230  552527100     0.2450    -0.6093 0.0000e+00
    14.3371   0.039320     -0.230  552527101     0.2400    -0.6151 0.0000e+00
    14.3383   0.036720     -0.230  552527103     0.2237    -0.6278 0.0000e+00
    14.3351   0.035000     -0.230  552527104     0.2130    -0.6357 0.0000e+00
    14.3296   0.033520     -0.230  552527106     0.2039    -0.6420 0.0000e+00
    14.3226   0.032800     -0.230  552527107     0.1994    -0.6445 0.0000e+00
    14.3245   0.032660     -0.230  552527109     0.1986    -0.6454 0.0000e+00
    14.3251   0.032940     -0.230  552527111     0.2003    -0.6441 0.0000e+00
    14.3310   0.033200     -0.230  552527112     0.2019    -0.6438 0.0000e+00
    14.3244   0.032260     -0.230  552527114     0.1961    -0.6473 0.0000e+00
    14.3178   0.032090     -0.230  552527115     0.1950    -0.6472 0.0000e+00
    14.3149   0.032130     -0.230  552527117     0.1953    -0.6465 0.0000e+00
    14.3212   0.033950     -0.230  552527118     0.2066    -0.6387 0.0000e+00
    14.3227   0.038940     -0.230  552527120     0.2377    -0.6148 0.0000e+00
    14.3227   0.040300     -0.230  552527121     0.2462    -0.6082 0.0000e+00
    14.3251   0.039310     -0.230  552527123     0.2400    -0.6133 0.0000e+00
    14.3265   0.037240     -0.230  552527124     0.2270    -0.6236 0.0000e+00
    14.3184   0.035570     -0.230  552527126     0.2167    -0.6305 0.0000e+00
    14.3172   0.034440     -0.230  552527127     0.2096    -0.6357 0.0000e+00
    14.3103   0.033030     -0.230  552527129     0.2009    -0.6415 0.0000e+00
    14.3047   0.031470     -0.230  552527130     0.1913    -0.6482 0.0000e+00
    14.2904   0.031180     -0.230  552527132     0.1895    -0.6475 0.0000e+00
    14.2850   0.030060     -0.230  552527133     0.1826    -0.6521 0.0000e+00
    14.2728   0.030130     -0.230  552527135     0.1831    -0.6500 0.0000e+00
    14.2740   0.030870     -0.230  552527136     0.1877    -0.6466 0.0000e+00
    14.2651   0.030200     -0.230  552527138     0.1836    -0.6485 0.0000e+00
    14.2673   0.031500     -0.230  552527140     0.1916    -0.6426 0.0000e+00
    14.2800   0.030800     -0.230  552527141     0.1872    -0.6478 0.0000e+00
    14.2864   0.031460     -0.230  552527143     0.1913    -0.6456 0.0000e+00
    14.2631   0.030470     -0.240  552527144     0.1853    -0.6470 0.0000e+00
    14.2600   0.032140     -0.230  552527146     0.1956    -0.6385 0.0000e+00
    14.2534   0.031270     -0.240  552527147     0.1903    -0.6417 0.0000e+00
    14.2588   0.032590     -0.230  552527149     0.1984    -0.6361 0.0000e+00
    14.2645   0.031860     -0.240  552527150     0.1939    -0.6405 0.0000e+00
    14.2692   0.031530     -0.230  552527152     0.1918    -0.6427 0.0000e+00
    14.2684   0.030490     -0.230  552527153     0.1854    -0.6476 0.0000e+00
    14.2654   0.029330     -0.230  552527155     0.1782    -0.6528 0.0000e+00
    14.2739   0.028780     -0.230  552527156     0.1748    -0.6566 0.0000e+00
    14.2800   0.027820     -0.240  552527158     0.1688    -0.6621 0.0000e+00
    14.2959   0.027470     -0.240  552527159     0.1666    -0.6661 0.0000e+00
    14.3058   0.026800     -0.230  552527161     0.1624    -0.6708 0.0000e+00
