Code/Hansen Zooplankton Code and Sample Data/data/ctd/gsl_15_SBE37SI-RS232_03706156_2017_08_12_final.cnv
* Sea-Bird SBE37SI-RS232  Data File:
* FileName = C:\Users\General Lab Use\Desktop\SHELAGH CTD 2017\gsl_15_SBE37SI-RS232_03706156_2017_08_12.cnv
* Software version 1.00d
* Temperature SN = 6156
* Conductivity SN = 6156
* System UpLoad Time = Aug 12 2017 05:01:32
* <ApplicationData>
* <Seaterm232>
# nquan = 7                                 
# nvalues = 2498                        
# units = specified
# name 0 = t090C: Temperature [ITS-90, deg C]
# name 1 = c0S/m: Conductivity [S/m]
# name 2 = prM: Pressure [db]
# name 3 = timeK: Time, Seacat Plus [seconds]
# name 4 = sal00: Salinity [PSU]
# name 5 = sigma-t00: Density [sigma-t, Kg/m^3 ]
# name 6 = flag: flag
# span 0 =    -0.8190,    20.1498       
# span 1 =   0.000290,   3.673860       
# span 2 =     -0.250,     72.140       
# span 3 =  555814505,  555818311       
# span 4 =     0.0101,    31.8351       
# span 5 =    -1.7889,    25.5512       
# span 6 = 0.0000e+00, 0.0000e+00       
# interval = seconds: 6.000000
# start_time = Aug 12 2017 00:55:05
# bad_flag = -9.990e-29
*END*
[from data line 1847]
    18.1202   0.022180     -0.180  555817319     0.1234    -1.3306 0.0000e+00
    18.1185   0.021800     -0.180  555817320     0.1213    -1.3319 0.0000e+00
    18.1138   0.021270     -0.180  555817322     0.1184    -1.3332 0.0000e+00
    18.1117   0.020910     -0.180  555817324     0.1164    -1.3344 0.0000e+00
    18.1085   0.020450     -0.180  555817325     0.1139    -1.3357 0.0000e+00
    18.1039   0.020190     -0.180  555817327     0.1124    -1.3359 0.0000e+00
    18.1029   0.019770     -0.180  555817328     0.1101    -1.3375 0.0000e+00
    18.1034   0.019430     -0.180  555817330     0.1083    -1.3391 0.0000e+00
    18.1043   0.019120     -0.180  555817331     0.1066    -1.3405 0.0000e+00
    18.1108   0.018820     -0.180  555817333     0.1049    -1.3430 0.0000e+00
    18.1145   0.018750     -0.180  555817334     0.1045    -1.3440 0.0000e+00
    18.1163   0.018440     -0.180  555817336     0.1028    -1.3457 0.0000e+00
    18.1221   0.018460     -0.180  555817337     0.1029    -1.3467 0.0000e+00
    18.1292   0.018220     -0.180  555817339     0.1016    -1.3490 0.0000e+00
    18.1359   0.018140     -0.180  555817340     0.1011    -1.3506 0.0000e+00
    18.1447   0.017870     -0.180  555817342     0.0996    -1.3534 0.0000e+00
    18.1410   0.017750     -0.180  555817343     0.0990    -1.3532 0.0000e+00
    18.1471   0.017530     -0.180  555817345     0.0978    -1.3553 0.0000e+00
    18.1493   0.017390     -0.180  555817346     0.0970    -1.3563 0.0000e+00
    18.1546   0.017220     -0.180  555817348     0.0961    -1.3580 0.0000e+00
    18.1528   0.017080     -0.180  555817349     0.0953    -1.3582 0.0000e+00
    18.1476   0.016910     -0.180  555817351     0.0944    -1.3580 0.0000e+00
    18.1450   0.016770     -0.180  555817352     0.0936    -1.3581 0.0000e+00
    18.1435   0.016560     -0.180  555817354     0.0925    -1.3587 0.0000e+00
    18.1486   0.016520     -0.180  555817356     0.0923    -1.3598 0.0000e+00
    18.1508   0.016300     -0.180  555817357     0.0911    -1.3611 0.0000e+00
    18.1489   0.016310     -0.180  555817359     0.0911    -1.3607 0.0000e+00
    18.1461   0.016090     -0.180  555817360     0.0899    -1.3611 0.0000e+00
    18.1435   0.016030     -0.180  555817362     0.0896    -1.3609 0.0000e+00
    18.1446   0.015850     -0.180  555817363     0.0886    -1.3618 0.0000e+00
    18.1457   0.015730     -0.180  555817365     0.0880    -1.3625 0.0000e+00
    18.1433   0.015650     -0.190  555817366     0.0876    -1.3624 0.0000e+00
    18.1425   0.015460     -0.190  555817368     0.0865    -1.3631 0.0000e+00
    18.1413   0.015480     -0.190  555817369     0.0866    -1.3627 0.0000e+00
    18.1372   0.015280     -0.190  555817371     0.0856    -1.3628 0.0000e+00
    18.1352   0.015380     -0.190  555817372     0.0861    -1.3620 0.0000e+00
    18.1322   0.015170     -0.190  555817374     0.0850    -1.3623 0.0000e+00
    18.1309   0.015200     -0.190  555817375     0.0852    -1.3620 0.0000e+00
    18.1271   0.014980     -0.190  555817377     0.0840    -1.3622 0.0000e+00
    18.1223   0.015010     -0.190  555817378     0.0841    -1.3611 0.0000e+00
    18.1223   0.014840     -0.190  555817380     0.0832    -1.3618 0.0000e+00
    18.1186   0.014840     -0.190  555817381     0.0832    -1.3611 0.0000e+00
    18.1246   0.014720     -0.190  555817383     0.0826    -1.3628 0.0000e+00
    18.1276   0.014690     -0.190  555817384     0.0824    -1.3635 0.0000e+00
    18.1251   0.014590     -0.190  555817386     0.0819    -1.3634 0.0000e+00
    18.1267   0.014510     -0.190  555817388     0.0814    -1.3640 0.0000e+00
    18.1253   0.014450     -0.190  555817389     0.0811    -1.3640 0.0000e+00
    18.1257   0.014350     -0.190  555817391     0.0806    -1.3645 0.0000e+00
    18.1231   0.014350     -0.190  555817392     0.0806    -1.3640 0.0000e+00
    18.1193   0.014250     -0.190  555817394     0.0800    -1.3637 0.0000e+00
    18.1214   0.014300     -0.190  555817395     0.0803    -1.3639 0.0000e+00
    18.1225   0.014180     -0.190  555817397     0.0797    -1.3646 0.0000e+00
    18.1192   0.014220     -0.190  555817398     0.0799    -1.3638 0.0000e+00
    18.1165   0.014090     -0.190  555817400     0.0792    -1.3639 0.0000e+00
    18.1192   0.014100     -0.190  555817401     0.0792    -1.3643 0.0000e+00
    18.1214   0.014000     -0.190  555817403     0.0787    -1.3652 0.0000e+00
    18.1176   0.013990     -0.200  555817404     0.0786    -1.3645 0.0000e+00
    18.1099   0.013920     -0.190  555817406     0.0783    -1.3633 0.0000e+00
    18.1112   0.013900     -0.200  555817407     0.0782    -1.3637 0.0000e+00
    18.1115   0.013840     -0.190  555817409     0.0778    -1.3640 0.0000e+00
    18.1149   0.013780     -0.200  555817410     0.0775    -1.3649 0.0000e+00
    18.1172   0.013750     -0.200  555817412     0.0773    -1.3654 0.0000e+00
    18.1144   0.013710     -0.200  555817413     0.0771    -1.3651 0.0000e+00
    18.1130   0.013660     -0.190  555817415     0.0769    -1.3650 0.0000e+00
    18.1087   0.013680     -0.200  555817416     0.0770    -1.3641 0.0000e+00
    18.1083   0.013600     -0.200  555817418     0.0766    -1.3644 0.0000e+00
    18.1040   0.013640     -0.200  555817420     0.0768    -1.3634 0.0000e+00
    18.1069   0.013560     -0.200  555817421     0.0763    -1.3643 0.0000e+00
    18.1057   0.013600     -0.200  555817423     0.0766    -1.3639 0.0000e+00
    18.1010   0.013520     -0.200  555817424     0.0761    -1.3633 0.0000e+00
    18.1048   0.013540     -0.200  555817426     0.0762    -1.3640 0.0000e+00
    18.1136   0.013470     -0.200  555817427     0.0758    -1.3659 0.0000e+00
    18.1192   0.013480     -0.200  555817429     0.0759    -1.3669 0.0000e+00
    18.1191   0.013430     -0.200  555817430     0.0756    -1.3671 0.0000e+00
    18.1197   0.013460     -0.200  555817432     0.0758    -1.3671 0.0000e+00
    18.1095   0.013380     -0.200  555817433     0.0754    -1.3655 0.0000e+00
    18.1105   0.013460     -0.200  555817435     0.0758    -1.3654 0.0000e+00
    18.1078   0.013370     -0.200  555817436     0.0753    -1.3652 0.0000e+00
    18.1115   0.013430     -0.200  555817438     0.0756    -1.3657 0.0000e+00
    18.1153   0.013390     -0.200  555817439     0.0754    -1.3665 0.0000e+00
    18.1152   0.013380     -0.200  555817441     0.0754    -1.3666 0.0000e+00
    18.1137   0.013320     -0.200  555817442     0.0750    -1.3665 0.0000e+00
    18.1129   0.013300     -0.200  555817444     0.0749    -1.3665 0.0000e+00
    18.1117   0.013280     -0.200  555817445     0.0748    -1.3663 0.0000e+00
    18.1116   0.013190     -0.210  555817447     0.0743    -1.3667 0.0000e+00
    18.1172   0.013250     -0.200  555817448     0.0747    -1.3675 0.0000e+00
    18.1254   0.013110     -0.210  555817450     0.0739    -1.3696 0.0000e+00
    18.1323   0.013230     -0.200  555817452     0.0745    -1.3704 0.0000e+00
    18.1341   0.013110     -0.210  555817453     0.0739    -1.3712 0.0000e+00
    18.1371   0.013180     -0.200  555817455     0.0743    -1.3715 0.0000e+00
    18.1394   0.013110     -0.210  555817456     0.0739    -1.3722 0.0000e+00
    18.1357   0.013120     -0.210  555817458     0.0739    -1.3715 0.0000e+00
    18.1373   0.013140     -0.210  555817459     0.0740    -1.3717 0.0000e+00
    18.1413   0.013120     -0.210  555817461     0.0739    -1.3725 0.0000e+00
    18.1458   0.013070     -0.210  555817462     0.0737    -1.3736 0.0000e+00
    18.1501   0.013060     -0.210  555817464     0.0736    -1.3744 0.0000e+00
    18.1475   0.013000     -0.210  555817465     0.0733    -1.3742 0.0000e+00
    18.1446   0.013020     -0.210  555817467     0.0734    -1.3736 0.0000e+00
    18.1512   0.012980     -0.210  555817468     0.0732    -1.3750 0.0000e+00
    18.1489   0.012990     -0.210  555817470     0.0732    -1.3745 0.0000e+00
    18.1442   0.012940     -0.210  555817471     0.0730    -1.3738 0.0000e+00
    18.1373   0.012990     -0.210  555817473     0.0732    -1.3723 0.0000e+00
    18.1281   0.012920     -0.210  555817474     0.0729    -1.3709 0.0000e+00
    18.1221   0.013000     -0.210  555817476     0.0733    -1.3694 0.0000e+00
    18.1284   0.012910     -0.210  555817477     0.0728    -1.3710 0.0000e+00
    18.1321   0.012980     -0.210  555817479     0.0732    -1.3714 0.0000e+00
    18.1364   0.012890     -0.210  555817481     0.0727    -1.3726 0.0000e+00
    18.1385   0.012920     -0.210  555817482     0.0729    -1.3728 0.0000e+00
    18.1311   0.012910     -0.210  555817484     0.0728    -1.3715 0.0000e+00
    18.1293   0.012830     -0.210  555817485     0.0724    -1.3715 0.0000e+00
    18.1292   0.012930     -0.210  555817487     0.0729    -1.3710 0.0000e+00
    18.1270   0.012810     -0.210  555817488     0.0723    -1.3711 0.0000e+00
    18.1262   0.012950     -0.210  555817490     0.0730    -1.3704 0.0000e+00
    18.1219   0.012830     -0.210  555817491     0.0724    -1.3701 0.0000e+00
    18.1247   0.012940     -0.220  555817493     0.0730    -1.3702 0.0000e+00
    18.1246   0.012840     -0.210  555817494     0.0724    -1.3706 0.0000e+00
    18.1274   0.012910     -0.220  555817496     0.0728    -1.3708 0.0000e+00
    18.1254   0.012850     -0.210  555817497     0.0725    -1.3707 0.0000e+00
    18.1273   0.012870     -0.210  555817499     0.0726    -1.3709 0.0000e+00
    18.1207   0.012830     -0.210  555817500     0.0724    -1.3699 0.0000e+00
    18.1172   0.012840     -0.220  555817502     0.0725    -1.3692 0.0000e+00
    18.1167   0.012810     -0.220  555817503     0.0723    -1.3692 0.0000e+00
    18.1177   0.012800     -0.210  555817505     0.0722    -1.3694 0.0000e+00
    18.1149   0.012780     -0.220  555817506     0.0721    -1.3690 0.0000e+00
    18.1127   0.012750     -0.220  555817508     0.0720    -1.3687 0.0000e+00
    18.1141   0.012720     -0.220  555817509     0.0718    -1.3691 0.0000e+00
    18.1156   0.012720     -0.220  555817511     0.0718    -1.3694 0.0000e+00
    18.1190   0.012680     -0.220  555817513     0.0716    -1.3702 0.0000e+00
    18.1239   0.012720     -0.220  555817514     0.0718    -1.3709 0.0000e+00
    18.1299   0.012640     -0.220  555817516     0.0714    -1.3724 0.0000e+00
    18.1373   0.012730     -0.220  555817517     0.0718    -1.3734 0.0000e+00
    18.1372   0.012600     -0.220  555817519     0.0711    -1.3739 0.0000e+00
    18.1322   0.012720     -0.220  555817520     0.0718    -1.3725 0.0000e+00
    18.1316   0.012590     -0.220  555817522     0.0711    -1.3729 0.0000e+00
    18.1312   0.012670     -0.220  555817523     0.0715    -1.3725 0.0000e+00
    18.1297   0.012560     -0.220  555817525     0.0709    -1.3727 0.0000e+00
    18.1274   0.012610     -0.220  555817526     0.0712    -1.3720 0.0000e+00
    18.1244   0.012530     -0.220  555817528     0.0708    -1.3718 0.0000e+00
    18.1305   0.012560     -0.220  555817529     0.0709    -1.3728 0.0000e+00
    18.1292   0.012490     -0.220  555817531     0.0706    -1.3729 0.0000e+00
    18.1274   0.012550     -0.220  555817532     0.0709    -1.3723 0.0000e+00
    18.1258   0.012460     -0.220  555817534     0.0704    -1.3724 0.0000e+00
    18.1255   0.012540     -0.220  555817535     0.0708    -1.3720 0.0000e+00
    18.1238   0.012470     -0.220  555817537     0.0705    -1.3719 0.0000e+00
    18.1228   0.012520     -0.220  555817538     0.0707    -1.3715 0.0000e+00
    18.1213   0.012450     -0.220  555817540     0.0704    -1.3715 0.0000e+00
    18.1233   0.012500     -0.220  555817541     0.0706    -1.3717 0.0000e+00
    18.1215   0.012430     -0.220  555817543     0.0703    -1.3717 0.0000e+00
    18.1223   0.012480     -0.220  555817545     0.0705    -1.3716 0.0000e+00
    18.1218   0.012400     -0.220  555817546     0.0701    -1.3718 0.0000e+00
    18.1205   0.012430     -0.220  555817548     0.0703    -1.3715 0.0000e+00
    18.1273   0.012380     -0.220  555817549     0.0700    -1.3730 0.0000e+00
    18.1275   0.012400     -0.220  555817551     0.0701    -1.3729 0.0000e+00
    18.1258   0.012320     -0.220  555817552     0.0697    -1.3729 0.0000e+00
    18.1242   0.012380     -0.220  555817554     0.0700    -1.3724 0.0000e+00
    18.1249   0.012270     -0.220  555817555     0.0694    -1.3730 0.0000e+00
    18.1246   0.012370     -0.220  555817557     0.0699    -1.3725 0.0000e+00
    18.1237   0.012250     -0.220  555817558     0.0693    -1.3728 0.0000e+00
    18.1234   0.012330     -0.220  555817560     0.0697    -1.3724 0.0000e+00
    18.1179   0.012240     -0.220  555817561     0.0692    -1.3718 0.0000e+00
    18.1199   0.012260     -0.220  555817563     0.0693    -1.3721 0.0000e+00
    18.1140   0.012190     -0.220  555817564     0.0690    -1.3713 0.0000e+00
    18.1145   0.012220     -0.220  555817566     0.0691    -1.3712 0.0000e+00
    18.1130   0.012170     -0.220  555817567     0.0689    -1.3711 0.0000e+00
    18.1118   0.012190     -0.220  555817569     0.0690    -1.3708 0.0000e+00
    18.1061   0.012150     -0.220  555817570     0.0688    -1.3699 0.0000e+00
    18.1076   0.012120     -0.220  555817572     0.0686    -1.3703 0.0000e+00
    18.1032   0.012110     -0.220  555817574     0.0686    -1.3696 0.0000e+00
    18.1037   0.012070     -0.220  555817575     0.0684    -1.3698 0.0000e+00
    18.0986   0.012090     -0.220  555817577     0.0685    -1.3688 0.0000e+00
    18.0963   0.012020     -0.220  555817578     0.0681    -1.3686 0.0000e+00
    18.0944   0.012080     -0.220  555817580     0.0684    -1.3680 0.0000e+00
    18.0949   0.012000     -0.220  555817581     0.0680    -1.3685 0.0000e+00
    18.1012   0.012060     -0.220  555817583     0.0683    -1.3694 0.0000e+00
    18.1076   0.011970     -0.220  555817584     0.0678    -1.3710 0.0000e+00
    18.1159   0.012040     -0.220  555817586     0.0682    -1.3722 0.0000e+00
    18.1165   0.011930     -0.220  555817587     0.0676    -1.3728 0.0000e+00
    18.1195   0.012020     -0.220  555817589     0.0681    -1.3730 0.0000e+00
    18.1196   0.011910     -0.220  555817590     0.0675    -1.3735 0.0000e+00
    18.1199   0.012000     -0.220  555817592     0.0680    -1.3731 0.0000e+00
    18.1161   0.011880     -0.220  555817593     0.0673    -1.3729 0.0000e+00
    18.1149   0.012010     -0.220  555817595     0.0680    -1.3722 0.0000e+00
    18.1124   0.011860     -0.220  555817596     0.0672    -1.3723 0.0000e+00
    18.1114   0.012000     -0.220  555817598     0.0680    -1.3715 0.0000e+00
    18.1064   0.011850     -0.220  555817599     0.0672    -1.3712 0.0000e+00
    18.1131   0.011990     -0.220  555817601     0.0679    -1.3719 0.0000e+00
    18.1115   0.011870     -0.220  555817603     0.0673    -1.3721 0.0000e+00
    18.1092   0.011960     -0.220  555817604     0.0678    -1.3713 0.0000e+00
    18.1065   0.011850     -0.220  555817606     0.0672    -1.3712 0.0000e+00
    18.1087   0.011920     -0.220  555817607     0.0675    -1.3714 0.0000e+00
    18.1096   0.011810     -0.220  555817609     0.0670    -1.3720 0.0000e+00
    18.1156   0.011880     -0.220  555817610     0.0673    -1.3728 0.0000e+00
    18.1171   0.011770     -0.220  555817612     0.0667    -1.3736 0.0000e+00
    18.1182   0.011800     -0.220  555817613     0.0669    -1.3736 0.0000e+00
    18.1274   0.011740     -0.220  555817615     0.0666    -1.3756 0.0000e+00
    18.1295   0.011740     -0.220  555817616     0.0666    -1.3760 0.0000e+00
    18.1308   0.011700     -0.220  555817618     0.0663    -1.3764 0.0000e+00
    18.1310   0.011690     -0.220  555817619     0.0663    -1.3765 0.0000e+00
    18.1271   0.011690     -0.220  555817621     0.0663    -1.3758 0.0000e+00
    18.1245   0.011660     -0.220  555817622     0.0661    -1.3754 0.0000e+00
    18.1227   0.011680     -0.220  555817624     0.0662    -1.3750 0.0000e+00
    18.1218   0.011620     -0.220  555817625     0.0659    -1.3751 0.0000e+00
    18.1217   0.011640     -0.220  555817627     0.0660    -1.3750 0.0000e+00
    18.1233   0.011590     -0.220  555817628     0.0658    -1.3755 0.0000e+00
