Code/Hansen Zooplankton Code and Sample Data/data/ctd/gsl_08_SBE37SI-RS232_03706156_2017_08_02.cnv
* Sea-Bird SBE37SI-RS232  Data File:
* FileName = C:\Users\General Lab Use\Desktop\SHELAGH CTD 2017\gsl_08_SBE37SI-RS232_03706156_2017_08_02.cnv
* Software version 1.00d
* Temperature SN = 6156
* Conductivity SN = 6156
* System UpLoad Time = Aug 02 2017 21:22:44
* <ApplicationData>
* <Seaterm232>
# nquan = 5
# nvalues = 1382
# units = specified
# name 0 = t090C: Temperature [ITS-90, deg C]
# name 1 = c0S/m: Conductivity [S/m]
# name 2 = prM: Pressure [db]
# name 3 = timeK: Time, Seacat Plus [seconds]
# name 4 = flag: Flag
# span 0 =      0.0964,    19.7346
# span 1 =    0.000895,   3.456102
# span 2 =      -0.230,     90.368
# span 3 =   555010939,  555013044
# span 4 =  0.0000e+00, 0.0000e+00
# interval = seconds: 6.000000
# start_time = Aug 02 2017 17:42:19
# bad_flag = -9.990e-29
*END*
    19.6954    0.19256      -0.20  555010939 0.0000e+00
    19.6959    0.19265      -0.20  555010940 0.0000e+00
    19.6931    0.19256      -0.21  555010942 0.0000e+00
    19.6955    0.19263      -0.21  555010943 0.0000e+00
    19.6942    0.19258      -0.21  555010945 0.0000e+00
    19.6932    0.19257      -0.20  555010946 0.0000e+00
    19.6910    0.19253      -0.20  555010948 0.0000e+00
    19.6915    0.19201      -0.21  555010949 0.0000e+00
    19.6931    0.19148      -0.21  555010951 0.0000e+00
    19.6973    0.19147      -0.20  555010952 0.0000e+00
    19.6997    0.19142      -0.21  555010954 0.0000e+00
    19.7051    0.19110      -0.21  555010955 0.0000e+00
    19.7059    0.19081      -0.21  555010957 0.0000e+00
    19.7060    0.19059      -0.21  555010958 0.0000e+00
    19.7054    0.19051      -0.21  555010960 0.0000e+00
    19.7146    0.19048      -0.21  555010961 0.0000e+00
    19.7194    0.18974      -0.21  555010963 0.0000e+00
    19.7346    0.19071      -0.21  555010964 0.0000e+00
    19.6879    0.19143      -0.21  555010967 0.0000e+00
    19.6638    0.19994      -0.21  555010968 0.0000e+00
    19.6285    0.10593      -0.22  555010970 0.0000e+00
    19.5913    0.01939      -0.22  555010971 0.0000e+00
    19.5321    0.01723      -0.21  555010973 0.0000e+00
    19.4956    0.01054      -0.22  555010974 0.0000e+00
    19.4911    0.00803      -0.21  555010976 0.0000e+00
    19.4770    0.00805      -0.21  555010977 0.0000e+00
    19.4155    0.00603      -0.21  555010979 0.0000e+00
    19.3202    0.00801      -0.21  555010981 0.0000e+00
    19.2837    0.00995      -0.21  555010982 0.0000e+00
    19.2150    0.00615      -0.22  555010984 0.0000e+00
    19.1714    0.00467      -0.21  555010985 0.0000e+00
    19.1588    0.00396      -0.21  555010987 0.0000e+00
    19.1355    0.00347      -0.22  555010988 0.0000e+00
    19.0950    0.00339      -0.21  555010990 0.0000e+00
    19.0470    0.00313      -0.21  555010991 0.0000e+00
    19.0198    0.00302      -0.21  555010993 0.0000e+00
    18.9838    0.00306      -0.21  555010994 0.0000e+00
    18.9788    0.00292      -0.21  555010996 0.0000e+00
    18.9900    0.00253      -0.22  555010997 0.0000e+00
    19.0158    0.00227      -0.21  555010999 0.0000e+00
    19.0577    0.00226      -0.21  555011000 0.0000e+00
    19.0976    0.00236      -0.21  555011002 0.0000e+00
    19.1342    0.00239      -0.22  555011003 0.0000e+00
    19.1848    0.00228      -0.22  555011005 0.0000e+00
    19.1856    0.00209      -0.22  555011006 0.0000e+00
    19.1816    0.00197      -0.22  555011008 0.0000e+00
    19.2263    0.00185      -0.22  555011009 0.0000e+00
    19.2541    0.00174      -0.21  555011011 0.0000e+00
    19.2253    0.00170      -0.22  555011013 0.0000e+00
    19.1900    0.00162      -0.21  555011014 0.0000e+00
    19.1375    0.00158      -0.21  555011016 0.0000e+00
    19.1061    0.00149      -0.21  555011017 0.0000e+00
    19.0604    0.00145      -0.22  555011019 0.0000e+00
    19.0553    0.00140      -0.21  555011020 0.0000e+00
    19.0287    0.00135      -0.21  555011022 0.0000e+00
    19.0370    0.00135      -0.21  555011023 0.0000e+00
    19.0456    0.00127      -0.22  555011025 0.0000e+00
    18.9642    0.00124      -0.21  555011026 0.0000e+00
    18.9470    0.00124      -0.22  555011028 0.0000e+00
    18.9865    0.00127      -0.22  555011029 0.0000e+00
    19.0119    0.00131      -0.22  555011031 0.0000e+00
    18.9810    0.00132      -0.22  555011032 0.0000e+00
    18.9802    0.00127      -0.22  555011034 0.0000e+00
    19.0087    0.00126      -0.22  555011035 0.0000e+00
    19.0333    0.00122      -0.22  555011037 0.0000e+00
    19.0411    0.00121      -0.22  555011038 0.0000e+00
    19.0374    0.00116      -0.22  555011040 0.0000e+00
    19.0392    0.00112      -0.22  555011041 0.0000e+00
    19.0422    0.00110      -0.22  555011043 0.0000e+00
    19.0287    0.00106      -0.22  555011045 0.0000e+00
    19.0039    0.00105      -0.22  555011046 0.0000e+00
    19.0087    0.00103      -0.22  555011048 0.0000e+00
    18.9889    0.00103      -0.22  555011049 0.0000e+00
    18.9754    0.00102      -0.22  555011051 0.0000e+00
    18.9590    0.00106      -0.22  555011052 0.0000e+00
    18.9681    0.00106      -0.22  555011054 0.0000e+00
    18.9829    0.00107      -0.22  555011055 0.0000e+00
    19.0029    0.00108      -0.22  555011057 0.0000e+00
    19.0234    0.00105      -0.22  555011058 0.0000e+00
    19.0384    0.00103      -0.22  555011060 0.0000e+00
    19.0543    0.00102      -0.22  555011061 0.0000e+00
    19.0633    0.00099      -0.22  555011063 0.0000e+00
    19.0797    0.00099      -0.22  555011064 0.0000e+00
    19.0958    0.00097      -0.22  555011066 0.0000e+00
    19.1102    0.00097      -0.22  555011067 0.0000e+00
    19.1180    0.00095      -0.22  555011069 0.0000e+00
    19.0330    0.00094      -0.22  555011070 0.0000e+00
    18.9572    0.00094      -0.22  555011072 0.0000e+00
    18.9454    0.00094      -0.22  555011073 0.0000e+00
    18.9279    0.00093      -0.22  555011075 0.0000e+00
    18.9372    0.00091      -0.22  555011077 0.0000e+00
    18.9298    0.00089      -0.22  555011078 0.0000e+00
    18.8008    0.00091      -0.22  555011080 0.0000e+00
    18.6449    0.00090      -0.22  555011081 0.0000e+00
    18.5698    0.00091      -0.22  555011083 0.0000e+00
    18.5549    0.00092      -0.22  555011084 0.0000e+00
    18.5357    0.00093      -0.22  555011086 0.0000e+00
    18.5086    0.00094      -0.22  555011087 0.0000e+00
    18.4944    0.00094      -0.22  555011089 0.0000e+00
    18.4278    0.00095      -0.22  555011090 0.0000e+00
    18.3644    0.00102      -0.22  555011092 0.0000e+00
    18.4195    0.00107      -0.22  555011093 0.0000e+00
    18.0302    1.73704       0.21  555011095 0.0000e+00
    15.9155    3.42697       1.41  555011096 0.0000e+00
    15.2709    3.41317       1.86  555011098 0.0000e+00
    15.1537    3.43164       1.98  555011099 0.0000e+00
    15.1032    3.41420       1.54  555011101 0.0000e+00
    15.0929    3.39785       2.17  555011102 0.0000e+00
    15.0955    3.39263       1.47  555011104 0.0000e+00
    15.4121    3.41411       2.15  555011105 0.0000e+00
    15.2953    3.41014       1.48  555011107 0.0000e+00
    15.1682    3.39467       2.13  555011109 0.0000e+00
    15.1216    3.39304       1.55  555011110 0.0000e+00
    15.3263    3.40634       1.97  555011112 0.0000e+00
    15.2952    3.40886       1.64  555011113 0.0000e+00
    15.6439    3.42104       1.96  555011115 0.0000e+00
    15.3809    3.41489       1.74  555011116 0.0000e+00
    15.1933    3.40243       1.78  555011118 0.0000e+00
    15.3081    3.40688       2.03  555011119 0.0000e+00
    15.2711    3.40799       1.59  555011121 0.0000e+00
    15.3163    3.40588       2.11  555011122 0.0000e+00
    15.3171    3.40855       1.60  555011124 0.0000e+00
    15.2465    3.40141       2.08  555011125 0.0000e+00
    15.2213    3.39477       1.70  555011127 0.0000e+00
    15.1839    3.39295       2.05  555011128 0.0000e+00
    15.1693    3.39497       1.74  555011130 0.0000e+00
    15.2567    3.39652       1.84  555011131 0.0000e+00
    15.3446    3.39743       1.82  555011133 0.0000e+00
    15.3085    3.40363       1.63  555011134 0.0000e+00
    15.5558    3.40937       1.88  555011136 0.0000e+00
    15.4177    3.40983       1.82  555011137 0.0000e+00
    15.6038    3.41426       1.74  555011139 0.0000e+00
    15.6711    3.41417       1.80  555011141 0.0000e+00
    15.7780    3.41895       1.91  555011142 0.0000e+00
    15.8183    3.43366       1.80  555011144 0.0000e+00
    15.8003    3.43998       2.11  555011145 0.0000e+00
    15.5617    3.41465       2.28  555011147 0.0000e+00
    15.2517    3.40132       2.34  555011148 0.0000e+00
    15.4106    3.41634       2.37  555011150 0.0000e+00
    15.3598    3.41066       2.32  555011151 0.0000e+00
    15.4136    3.39766       2.74  555011153 0.0000e+00
    15.1002    3.38911       3.02  555011154 0.0000e+00
    15.0485    3.38211       3.81  555011156 0.0000e+00
    14.9434    3.38459       4.36  555011157 0.0000e+00
    14.9404    3.39032       4.13  555011159 0.0000e+00
    14.9254    3.39184       4.73  555011160 0.0000e+00
    14.9154    3.39383       4.41  555011162 0.0000e+00
    14.9078    3.39442       4.64  555011163 0.0000e+00
    14.9234    3.38789       4.25  555011165 0.0000e+00
    14.9212    3.38996       4.61  555011166 0.0000e+00
    14.9228    3.38958       4.40  555011168 0.0000e+00
    14.9042    3.39134       4.99  555011169 0.0000e+00
    14.9040    3.39144       4.31  555011171 0.0000e+00
    14.9122    3.39031       4.91  555011172 0.0000e+00
    14.9184    3.38612       4.06  555011174 0.0000e+00
    14.9270    3.38496       4.64  555011176 0.0000e+00
    14.9364    3.38005       3.42  555011177 0.0000e+00
    14.9543    3.37851       4.46  555011179 0.0000e+00
    14.9435    3.37924       3.42  555011180 0.0000e+00
    14.9605    3.37821       4.36  555011182 0.0000e+00
    14.9451    3.37879       3.55  555011183 0.0000e+00
    14.9576    3.37858       4.09  555011185 0.0000e+00
    14.9778    3.37702       2.30  555011186 0.0000e+00
    15.2158    3.38135       1.89  555011188 0.0000e+00
    16.0768    3.45182       0.24  555011189 0.0000e+00
    16.2540    3.45571       1.03  555011191 0.0000e+00
    16.2487    3.45269       1.28  555011192 0.0000e+00
    16.2579    3.45518       2.75  555011194 0.0000e+00
    15.4158    3.43107       3.23  555011195 0.0000e+00
    15.0894    3.38380       4.55  555011197 0.0000e+00
    14.9206    3.39227       5.55  555011198 0.0000e+00
    14.8662    3.39693       6.60  555011200 0.0000e+00
    14.8491    3.39796       7.92  555011201 0.0000e+00
    14.6445    3.38556       9.09  555011203 0.0000e+00
    14.3817    3.36761      10.44  555011204 0.0000e+00
    14.2620    3.35992      11.21  555011206 0.0000e+00
    13.1080    3.28229      12.88  555011208 0.0000e+00
    12.5189    3.29003      13.51  555011209 0.0000e+00
    12.3760    3.26736      15.27  555011211 0.0000e+00
    12.3031    3.27917      16.08  555011212 0.0000e+00
    12.1666    3.26321      17.78  555011214 0.0000e+00
    11.5901    3.25489      18.15  555011215 0.0000e+00
    11.2015    3.22397      19.91  555011217 0.0000e+00
    10.7471    3.21507      20.59  555011218 0.0000e+00
    10.7295    3.20830      21.68  555011220 0.0000e+00
    10.3004    3.19406      22.72  555011221 0.0000e+00
    10.2406    3.18742      23.56  555011223 0.0000e+00
     9.0183    3.12933      25.03  555011224 0.0000e+00
     8.6576    3.11656      25.73  555011226 0.0000e+00
     8.1293    3.10961      27.11  555011227 0.0000e+00
     8.1706    3.12416      28.04  555011229 0.0000e+00
     6.9087    3.07773      29.58  555011230 0.0000e+00
     6.0114    3.03842      30.56  555011232 0.0000e+00
     3.7661    2.88781      32.17  555011233 0.0000e+00
     3.0223    2.86031      33.39  555011235 0.0000e+00
     2.7872    2.85311      34.84  555011236 0.0000e+00
     3.3361    2.88944      36.00  555011238 0.0000e+00
     2.6598    2.89395      36.95  555011239 0.0000e+00
     2.5390    2.85872      38.14  555011241 0.0000e+00
     2.6390    2.86016      39.36  555011243 0.0000e+00
     2.3445    2.83810      40.64  555011244 0.0000e+00
     2.3240    2.86246      41.53  555011246 0.0000e+00
     2.2270    2.82291      43.01  555011247 0.0000e+00
     1.9026    2.81474      44.63  555011249 0.0000e+00
     1.4398    2.78882      45.94  555011250 0.0000e+00
     1.0700    2.74429      47.83  555011252 0.0000e+00
     0.9499    2.73893      49.31  555011253 0.0000e+00
     0.5781    2.71592      50.90  555011255 0.0000e+00
     0.4778    2.71132      52.27  555011256 0.0000e+00
     0.3484    2.69426      53.99  555011258 0.0000e+00
     0.2757    2.68903      55.37  555011259 0.0000e+00
     0.1637    2.68489      57.03  555011261 0.0000e+00
     0.1904    2.68759      58.12  555011262 0.0000e+00
     0.2055    2.69096      59.62  555011264 0.0000e+00
     0.1765    2.68387      61.06  555011265 0.0000e+00
     0.1376    2.69099      62.24  555011267 0.0000e+00
     0.1075    2.68538      63.62  555011268 0.0000e+00
     0.1091    2.69210      64.78  555011270 0.0000e+00
     0.1491    2.68982      66.65  555011271 0.0000e+00
     0.1923    2.69765      67.67  555011273 0.0000e+00
     0.2213    2.69810      69.77  555011275 0.0000e+00
     0.2358    2.70265      70.70  555011276 0.0000e+00
     0.2491    2.70468      72.37  555011278 0.0000e+00
     0.2579    2.70540      73.72  555011279 0.0000e+00
     0.3566    2.72045      75.64  555011281 0.0000e+00
     0.4230    2.72906      76.72  555011282 0.0000e+00
     0.5279    2.74872      78.82  555011284 0.0000e+00
     0.7330    2.76477      79.94  555011285 0.0000e+00
     0.8496    2.78016      82.03  555011287 0.0000e+00
     0.8656    2.78244      83.14  555011288 0.0000e+00
     0.8667    2.78261      84.89  555011290 0.0000e+00
     0.8724    2.78419      86.41  555011291 0.0000e+00
     0.8746    2.78419      87.94  555011293 0.0000e+00
     0.8751    2.78527      89.11  555011294 0.0000e+00
     0.8776    2.78477      90.20  555011296 0.0000e+00
     0.8783    2.78718      90.37  555011297 0.0000e+00
     0.8802    2.78578      89.71  555011299 0.0000e+00
     0.8812    2.78547      88.71  555011300 0.0000e+00
     0.8777    2.78502      87.10  555011302 0.0000e+00
     0.8773    2.78417      86.04  555011303 0.0000e+00
     0.8761    2.78432      84.64  555011305 0.0000e+00
     0.8759    2.78371      83.31  555011307 0.0000e+00
     0.8689    2.78210      81.39  555011308 0.0000e+00
     0.8687    2.78174      80.03  555011310 0.0000e+00
     0.8070    2.77039      77.88  555011311 0.0000e+00
     0.6838    2.75397      76.47  555011313 0.0000e+00
     0.4502    2.73086      74.59  555011314 0.0000e+00
     0.3855    2.71444      72.80  555011316 0.0000e+00
     0.2704    2.70707      71.45  555011317 0.0000e+00
     0.2546    2.69946      70.01  555011319 0.0000e+00
     0.2405    2.69509      68.06  555011320 0.0000e+00
     0.2207    2.69471      66.60  555011322 0.0000e+00
     0.1974    2.68665      64.77  555011323 0.0000e+00
     0.1468    2.68567      63.81  555011325 0.0000e+00
     0.1115    2.67410      61.63  555011326 0.0000e+00
     0.1219    2.67432      60.34  555011328 0.0000e+00
     0.1405    2.67233      60.56  555011329 0.0000e+00
     0.1493    2.67095      59.19  555011331 0.0000e+00
     0.1811    2.67152      58.83  555011332 0.0000e+00
     0.2056    2.66997      55.95  555011334 0.0000e+00
     0.1601    2.66554      54.39  555011335 0.0000e+00
     0.2514    2.66999      51.67  555011337 0.0000e+00
     0.4000    2.67441      50.03  555011339 0.0000e+00
     0.6494    2.69192      47.68  555011340 0.0000e+00
     0.9211    2.70782      45.78  555011342 0.0000e+00
     1.1283    2.72367      43.95  555011343 0.0000e+00
     1.7346    2.76788      42.40  555011345 0.0000e+00
     1.8832    2.77676      41.86  555011346 0.0000e+00
     2.2507    2.80005      39.86  555011348 0.0000e+00
     2.2993    2.80191      38.16  555011349 0.0000e+00
     2.6700    2.81526      36.32  555011351 0.0000e+00
     2.7083    2.83962      34.49  555011352 0.0000e+00
     3.1304    2.81144      32.56  555011354 0.0000e+00
     2.8829    2.80459      30.96  555011355 0.0000e+00
     3.8498    2.88378      29.00  555011357 0.0000e+00
     6.1020    2.99991      27.36  555011358 0.0000e+00
     7.8464    3.06793      25.38  555011360 0.0000e+00
     8.0986    3.03807      23.89  555011361 0.0000e+00
     9.4638    3.13046      21.80  555011363 0.0000e+00
    10.2002    3.10442      21.39  555011364 0.0000e+00
    10.6340    3.18049      19.00  555011366 0.0000e+00
    10.8602    3.17073      19.00  555011367 0.0000e+00
    10.9285    3.17405      18.16  555011369 0.0000e+00
    11.0447    3.18328      18.19  555011370 0.0000e+00
    11.2890    3.22175      16.02  555011372 0.0000e+00
