Code/Hansen Zooplankton Code and Sample Data/data/ctd/gsl_01_SBE37SI-RS232_03706156_2017_07_03_final.cnv
* Sea-Bird SBE37SI-RS232  Data File:
* FileName = C:\Users\General Lab Use\Desktop\SHELAGH CTD 2017\gsl_01_SBE37SI-RS232_03706156_2017_07_03.cnv
* Software version 1.00d
* Temperature SN = 6156
* Conductivity SN = 6156
* System UpLoad Time = Jul 03 2017 22:38:41
* <ApplicationData>
* <Seaterm232>
# nquan = 7                                 
# nvalues = 1298                        
# units = specified
# name 0 = t090C: Temperature [ITS-90, deg C]
# name 1 = c0S/m: Conductivity [S/m]
# name 2 = prM: Pressure [db]
# name 3 = timeK: Time, Seacat Plus [seconds]
# name 4 = sal00: Salinity [PSU]
# name 5 = sigma-t00: Density [sigma-t, Kg/m^3 ]
# name 6 = flag: flag
# span 0 =    -0.7642,    21.7318       
# span 1 =   0.000050,   3.358380       
# span 2 =     -0.390,     66.020       
# span 3 =  552405754,  552407731       
# span 4 =     0.0096,    31.5411       
# span 5 =    -2.1595,    25.3414       
# span 6 = 0.0000e+00, 0.0000e+00       
# interval = seconds: 6.000000
# start_time = Jul 03 2017 14:02:34
# bad_flag = -9.990e-29
*END*
[from data line 821]
    15.7342   3.346490      7.260  552407005    26.0468    18.9303 0.0000e+00
    15.7490   3.264440      8.330  552407007    25.3318    18.3790 0.0000e+00
    10.3694   3.104910      8.940  552407008    27.6124    21.1325 0.0000e+00
     9.2909   3.016980     10.090  552407010    27.5610    21.2576 0.0000e+00
     8.7321   3.006640     11.160  552407011    27.8904    21.5957 0.0000e+00
     8.6275   3.034700     12.410  552407013    28.2608    21.9001 0.0000e+00
     8.9304   3.081690     13.680  552407014    28.4997    22.0434 0.0000e+00
     8.5711   3.062680     14.980  552407016    28.5933    22.1681 0.0000e+00
     7.6388   3.013140     16.060  552407017    28.8386    22.4877 0.0000e+00
     6.7413   2.977410     17.290  552407019    29.2095    22.8931 0.0000e+00
     6.6624   2.980640     18.370  552407020    29.3114    22.9829 0.0000e+00
     5.9394   2.925410     19.450  552407022    29.3281    23.0809 0.0000e+00
     4.6330   2.851180     20.420  552407023    29.6423    23.4673 0.0000e+00
     4.3565   2.839640     21.270  552407025    29.7577    23.5855 0.0000e+00
     4.3156   2.841180     22.190  552407027    29.8120    23.6325 0.0000e+00
     5.1999   2.911880     23.060  552407028    29.8254    23.5546 0.0000e+00
     4.8705   2.894400     23.820  552407030    29.9217    23.6650 0.0000e+00
     4.5609   2.888590     24.490  552407031    30.1352    23.8652 0.0000e+00
     4.5628   2.869210     25.390  552407033    29.9101    23.6865 0.0000e+00
     4.4570   2.884670     26.050  552407034    30.1841    23.9141 0.0000e+00
     4.4383   2.870510     26.570  552407036    30.0375    23.7996 0.0000e+00
     4.0571   2.830550     27.890  552407037    29.9208    23.7429 0.0000e+00
     3.8383   2.847840     28.240  552407039    30.3242    24.0834 0.0000e+00
     3.6139   2.802080     29.630  552407040    29.9925    23.8394 0.0000e+00
     3.4026   2.818420     30.170  552407042    30.3821    24.1675 0.0000e+00
     3.2246   2.771750     31.550  552407043    29.9918    23.8715 0.0000e+00
     2.9656   2.792380     31.770  552407045    30.4815    24.2826 0.0000e+00
     2.8612   2.744730     33.150  552407046    30.0055    23.9111 0.0000e+00
     2.8078   2.753760     33.280  552407048    30.1643    24.0419 0.0000e+00
     2.7960   2.737160     34.290  552407049    29.9746    23.8914 0.0000e+00
     2.6534   2.748690     34.930  552407051    30.2477    24.1201 0.0000e+00
     2.5866   2.739670     35.320  552407052    30.2011    24.0879 0.0000e+00
     2.5241   2.729600     36.300  552407054    30.1373    24.0415 0.0000e+00
     2.4593   2.724640     37.270  552407055    30.1376    24.0464 0.0000e+00
     2.2636   2.717060     38.130  552407057    30.2300    24.1341 0.0000e+00
     2.4969   2.737870     39.080  552407059    30.2622    24.1432 0.0000e+00
     2.4206   2.727210     39.630  552407060    30.2043    24.1025 0.0000e+00
     1.7623   2.686640     40.790  552407062    30.3327    24.2495 0.0000e+00
     1.6391   2.701300     41.320  552407063    30.6342    24.4989 0.0000e+00
     1.4698   2.669990     42.420  552407065    30.4065    24.3266 0.0000e+00
     1.3477   2.678380     42.980  552407066    30.6305    24.5135 0.0000e+00
     1.2850   2.662720     43.820  552407068    30.4940    24.4077 0.0000e+00
     1.3222   2.665420     44.750  552407069    30.4913    24.4033 0.0000e+00
     1.1887   2.660940     45.490  552407071    30.5648    24.4699 0.0000e+00
     0.6318   2.616490     46.690  552407072    30.5457    24.4837 0.0000e+00
     0.3080   2.633240     47.290  552407074    31.0853    24.9335 0.0000e+00
    -0.0324   2.583020     48.410  552407075    30.7733    24.6966 0.0000e+00
    -0.1739   2.581340     49.250  552407077    30.8938    24.7993 0.0000e+00
    -0.2863   2.575390     50.130  552407078    30.9290    24.8319 0.0000e+00
    -0.3108   2.563350     50.910  552407080    30.7945    24.7242 0.0000e+00
    -0.5118   2.557830     52.010  552407081    30.9251    24.8368 0.0000e+00
    -0.6044   2.560170     52.860  552407083    31.0505    24.9413 0.0000e+00
    -0.5646   2.565120     53.960  552407084    31.0750    24.9597 0.0000e+00
    -0.5634   2.565530     54.980  552407086    31.0786    24.9626 0.0000e+00
    -0.6765   2.566090     55.880  552407087    31.2020    25.0661 0.0000e+00
    -0.7050   2.564080     56.640  552407089    31.2042    25.0688 0.0000e+00
    -0.7176   2.561950     57.760  552407090    31.1880    25.0561 0.0000e+00
    -0.7355   2.571330     58.430  552407092    31.3317    25.1730 0.0000e+00
    -0.7526   2.563680     59.390  552407094    31.2465    25.1045 0.0000e+00
    -0.7526   2.567940     60.340  552407095    31.3030    25.1503 0.0000e+00
    -0.7420   2.571870     61.110  552407097    31.3442    25.1833 0.0000e+00
    -0.7338   2.573360     62.160  552407098    31.3550    25.1918 0.0000e+00
    -0.7329   2.577260     63.150  552407100    31.4057    25.2328 0.0000e+00
    -0.7258   2.584430     63.820  552407101    31.4940    25.3040 0.0000e+00
    -0.7097   2.581730     64.980  552407103    31.4404    25.2601 0.0000e+00
    -0.7037   2.585200     64.530  552407104    31.4808    25.2926 0.0000e+00
    -0.7049   2.580850     65.500  552407106    31.4233    25.2461 0.0000e+00
    -0.7028   2.583130     64.700  552407107    31.4521    25.2693 0.0000e+00
    -0.7047   2.583980     64.640  552407109    31.4655    25.2802 0.0000e+00
    -0.7038   2.584400     64.270  552407110    31.4704    25.2841 0.0000e+00
    -0.7022   2.586510     64.350  552407112    31.4969    25.3056 0.0000e+00
    -0.7032   2.586600     64.120  552407113    31.4993    25.3075 0.0000e+00
    -0.7015   2.587940     64.030  552407115    31.5155    25.3206 0.0000e+00
    -0.7071   2.584010     64.500  552407116    31.4685    25.2827 0.0000e+00
    -0.7030   2.586060     64.180  552407118    31.4918    25.3015 0.0000e+00
    -0.7072   2.586630     64.230  552407119    31.5038    25.3113 0.0000e+00
    -0.7077   2.584250     63.830  552407121    31.4727    25.2861 0.0000e+00
    -0.7126   2.586250     63.780  552407122    31.5046    25.3121 0.0000e+00
    -0.7125   2.584760     63.450  552407124    31.4848    25.2960 0.0000e+00
    -0.7193   2.584980     63.380  552407125    31.4948    25.3044 0.0000e+00
    -0.7203   2.587460     63.380  552407127    31.5291    25.3322 0.0000e+00
    -0.7203   2.584050     63.180  552407129    31.4835    25.2953 0.0000e+00
    -0.7268   2.583490     63.440  552407130    31.4827    25.2948 0.0000e+00
    -0.7207   2.586560     63.330  552407132    31.5175    25.3228 0.0000e+00
    -0.7231   2.582920     63.530  552407133    31.4711    25.2854 0.0000e+00
    -0.7223   2.582940     63.170  552407135    31.4708    25.2850 0.0000e+00
    -0.7275   2.583550     63.020  552407136    31.4844    25.2963 0.0000e+00
    -0.7316   2.574160     62.110  552407138    31.3635    25.1985 0.0000e+00
    -0.7341   2.580640     61.970  552407139    31.4529    25.2710 0.0000e+00
    -0.7295   2.573910     61.580  552407141    31.3582    25.1942 0.0000e+00
    -0.7316   2.574630     61.520  552407142    31.3701    25.2039 0.0000e+00
    -0.7353   2.567040     60.930  552407144    31.2726    25.1252 0.0000e+00
    -0.7374   2.566840     60.590  552407145    31.2723    25.1250 0.0000e+00
    -0.7474   2.560850     59.570  552407147    31.2031    25.0693 0.0000e+00
    -0.7592   2.557270     58.900  552407148    31.1677    25.0410 0.0000e+00
    -0.7642   2.554070     57.940  552407150    31.1306    25.0111 0.0000e+00
    -0.7498   2.552620     57.070  552407151    31.0968    24.9833 0.0000e+00
    -0.7290   2.550760     56.310  552407153    31.0509    24.9456 0.0000e+00
    -0.7185   2.549180     55.650  552407154    31.0194    24.9197 0.0000e+00
    -0.7071   2.549080     54.530  552407156    31.0070    24.9094 0.0000e+00
    -0.6244   2.551110     54.120  552407157    30.9495    24.8603 0.0000e+00
    -0.5601   2.551630     53.000  552407159    30.8914    24.8112 0.0000e+00
    -0.5820   2.543790     52.410  552407161    30.8097    24.7459 0.0000e+00
    -0.6144   2.537240     51.380  552407162    30.7561    24.7035 0.0000e+00
    -0.5513   2.538020     51.050  552407164    30.7026    24.6582 0.0000e+00
    -0.4390   2.542420     49.760  552407165    30.6480    24.6104 0.0000e+00
    -0.3125   2.541900     49.680  552407167    30.5138    24.4976 0.0000e+00
    -0.3038   2.542180     48.720  552407168    30.5093    24.4937 0.0000e+00
    -0.2128   2.544100     48.110  552407170    30.4438    24.4376 0.0000e+00
    -0.1657   2.547780     47.480  552407171    30.4455    24.4371 0.0000e+00
     0.0358   2.554360     47.000  552407173    30.3313    24.3374 0.0000e+00
     0.1765   2.570130     46.260  552407174    30.3976    24.3851 0.0000e+00
     0.4600   2.582950     45.490  552407176    30.2842    24.2814 0.0000e+00
     0.6401   2.605910     44.890  552407177    30.4027    24.3683 0.0000e+00
     1.2014   2.633210     43.890  552407179    30.2031    24.1789 0.0000e+00
     1.2534   2.623300     43.770  552407180    30.0282    24.0356 0.0000e+00
     1.2409   2.632080     42.660  552407182    30.1514    24.1352 0.0000e+00
     1.3159   2.631750     42.140  552407183    30.0752    24.0699 0.0000e+00
     1.3817   2.640350     41.160  552407185    30.1205    24.1024 0.0000e+00
     1.5308   2.637740     40.850  552407186    29.9452    23.9532 0.0000e+00
     1.6138   2.650950     39.790  552407188    30.0314    24.0173 0.0000e+00
     1.7845   2.645390     39.640  552407189    29.8002    23.8217 0.0000e+00
     2.0918   2.698530     38.550  552407191    30.1656    24.0943 0.0000e+00
     2.5119   2.694620     38.540  552407193    29.7226    23.7111 0.0000e+00
     2.4599   2.695110     37.620  552407194    29.7774    23.7587 0.0000e+00
     2.2345   2.678100     37.420  552407196    29.7808    23.7769 0.0000e+00
     2.2511   2.687140     36.740  552407197    29.8762    23.8521 0.0000e+00
     2.3874   2.689860     36.490  552407199    29.7818    23.7672 0.0000e+00
     2.4715   2.699460     35.940  552407200    29.8204    23.7921 0.0000e+00
     2.5035   2.697060     35.500  552407202    29.7616    23.7429 0.0000e+00
     2.5105   2.697330     35.180  552407203    29.7585    23.7399 0.0000e+00
     2.5410   2.700470     34.640  552407205    29.7684    23.7457 0.0000e+00
     2.5966   2.703450     34.360  552407206    29.7530    23.7293 0.0000e+00
     2.6626   2.697000     34.520  552407208    29.6136    23.6133 0.0000e+00
     2.6871   2.710580     34.000  552407209    29.7553    23.7246 0.0000e+00
     2.7187   2.704860     34.030  552407211    29.6569    23.6437 0.0000e+00
     2.7406   2.715450     33.390  552407212    29.7647    23.7281 0.0000e+00
     2.7909   2.717770     32.470  552407214    29.7465    23.7098 0.0000e+00
     2.7665   2.716020     31.920  552407215    29.7483    23.7131 0.0000e+00
     2.8039   2.724170     30.960  552407217    29.8123    23.7614 0.0000e+00
     3.0855   2.743330     30.290  552407218    29.7819    23.7153 0.0000e+00
     3.2450   2.755330     29.680  552407220    29.7783    23.6997 0.0000e+00
     3.4498   2.765440     28.800  552407221    29.7107    23.6291 0.0000e+00
     3.5080   2.771830     28.350  552407223    29.7332    23.6421 0.0000e+00
     3.7768   2.787610     27.670  552407224    29.6741    23.5720 0.0000e+00
     3.8662   2.792750     26.950  552407226    29.6535    23.5478 0.0000e+00
     4.0543   2.804400     26.540  552407228    29.6194    23.5038 0.0000e+00
     4.3368   2.821700     25.760  552407229    29.5660    23.4353 0.0000e+00
     4.4528   2.818620     25.290  552407231    29.4270    23.3141 0.0000e+00
     4.5234   2.825430     24.440  552407232    29.4428    23.3198 0.0000e+00
     4.5427   2.822080     24.010  552407234    29.3874    23.2740 0.0000e+00
     4.5592   2.838440     23.150  552407235    29.5609    23.4100 0.0000e+00
     5.0488   2.865780     22.750  552407237    29.4380    23.2638 0.0000e+00
     5.1829   2.851510     22.060  552407238    29.1593    23.0295 0.0000e+00
     4.4701   2.783250     21.560  552407240    29.0069    22.9793 0.0000e+00
     4.3111   2.775550     21.040  552407241    29.0585    23.0350 0.0000e+00
     4.3015   2.771220     20.490  552407243    29.0172    23.0032 0.0000e+00
     4.3749   2.776600     19.910  552407244    29.0149    22.9945 0.0000e+00
     4.6193   2.800070     19.400  552407246    29.0696    23.0148 0.0000e+00
     5.1692   2.839350     18.910  552407247    29.0356    22.9330 0.0000e+00
     5.7698   2.878930     18.330  552407249    28.9599    22.8093 0.0000e+00
     6.0786   2.881420     18.040  552407250    28.7244    22.5890 0.0000e+00
     6.2539   2.893940     17.710  552407252    28.7137    22.5605 0.0000e+00
     6.4748   2.908560     17.390  552407253    28.6874    22.5141 0.0000e+00
     6.5293   2.917670     17.040  552407255    28.7409    22.5497 0.0000e+00
     6.6713   2.934450     16.520  552407256    28.8038    22.5823 0.0000e+00
     6.6685   2.899330     16.120  552407258    28.4262    22.2855 0.0000e+00
     6.5710   2.898830     15.870  552407260    28.5019    22.3567 0.0000e+00
     7.0783   2.946040     15.320  552407261    28.5894    22.3638 0.0000e+00
     7.7034   2.976280     14.920  552407263    28.3971    22.1329 0.0000e+00
     7.9806   2.997870     14.490  552407264    28.3986    22.0972 0.0000e+00
     8.3965   3.023110     13.950  552407266    28.3257    21.9832 0.0000e+00
     8.6107   3.035230     13.570  552407267    28.2792    21.9168 0.0000e+00
     8.7726   3.033980     13.080  552407269    28.1377    21.7832 0.0000e+00
     8.8192   3.037770     12.640  552407270    28.1397    21.7781 0.0000e+00
     8.9286   3.017780     12.090  552407272    27.8497    21.5357 0.0000e+00
     8.7661   2.988800     11.680  552407273    27.6811    21.4272 0.0000e+00
     8.4937   2.951140     11.040  552407275    27.5076    21.3296 0.0000e+00
     8.4938   2.941580     10.570  552407276    27.4094    21.2528 0.0000e+00
     8.6673   2.949110     10.120  552407278    27.3525    21.1842 0.0000e+00
     8.9065   2.951790      9.440  552407279    27.1962    21.0284 0.0000e+00
     9.1123   2.945730      9.030  552407281    26.9785    20.8290 0.0000e+00
     9.4431   2.969550      8.710  552407282    26.9689    20.7733 0.0000e+00
    11.0515   3.052010      8.070  552407284    26.5935    20.2306 0.0000e+00
    12.2237   3.099170      7.850  552407285    26.2079    19.7327 0.0000e+00
    14.0640   3.227600      7.370  552407287    26.1169    19.3221 0.0000e+00
    15.9804   3.293640      6.850  552407288    25.4342    18.4088 0.0000e+00
    16.7545   3.262160      6.930  552407290    24.6837    17.6683 0.0000e+00
    16.8102   3.319420      6.460  552407292    25.1284    17.9961 0.0000e+00
    16.8928   3.316570      6.210  552407293    25.0533    17.9206 0.0000e+00
    16.9281   3.327890      5.780  552407295    25.1260    17.9684 0.0000e+00
    16.9021   3.322720      5.250  552407296    25.0992    17.9536 0.0000e+00
    16.9077   3.307090      4.870  552407298    24.9653    17.8501 0.0000e+00
    16.9130   3.301690      4.450  552407299    24.9171    17.8120 0.0000e+00
    16.9533   3.304490      3.860  552407301    24.9157    17.8022 0.0000e+00
    17.0351   3.302620      3.500  552407302    24.8499    17.7338 0.0000e+00
    17.0778   3.311580      2.910  552407304    24.8983    17.7614 0.0000e+00
    17.1263   3.309760      2.490  552407305    24.8535    17.7164 0.0000e+00
    17.1554   3.317850      2.000  552407307    24.9029    17.7477 0.0000e+00
    17.2379   3.325590      1.400  552407308    24.9166    17.7398 0.0000e+00
    17.2906   3.322630      1.150  552407310    24.8598    17.6847 0.0000e+00
    17.3189   3.330640      0.480  552407311    24.9089    17.7159 0.0000e+00
    17.3222   3.323890      0.410  552407313    24.8511    17.6710 0.0000e+00
    17.3390   2.726840     -0.210  552407314    19.9716    13.9451 0.0000e+00
