Code/Hansen Zooplankton Code and Sample Data/data/ctd/gsl_14_SBE37SI-RS232_03706156_2017_08_12_final.cnv
* Sea-Bird SBE37SI-RS232  Data File:
* FileName = C:\Users\General Lab Use\Desktop\SHELAGH CTD 2017\gsl_14_SBE37SI-RS232_03706156_2017_08_12.cnv
* Software version 1.00d
* Temperature SN = 6156
* Conductivity SN = 6156
* System UpLoad Time = Aug 12 2017 00:06:42
* <ApplicationData>
* <Seaterm232>
# nquan = 7                                 
# nvalues = 1912                        
# units = specified
# name 0 = t090C: Temperature [ITS-90, deg C]
# name 1 = c0S/m: Conductivity [S/m]
# name 2 = prM: Pressure [db]
# name 3 = timeK: Time, Seacat Plus [seconds]
# name 4 = sal00: Salinity [PSU]
# name 5 = sigma-t00: Density [sigma-t, Kg/m^3 ]
# name 6 = flag: flag
# span 0 =     0.4996,    19.9572       
# span 1 =  -0.005600,   3.661720       
# span 2 =     -0.230,     88.160       
# span 3 =  555797777,  555800700       
# span 4 =     0.0000,    32.2655       
# span 5 =    -1.7019,    25.8671       
# span 6 = 0.0000e+00, 0.0000e+00       
# interval = seconds: 6.000000
# start_time = Aug 11 2017 20:16:17
# bad_flag = -9.990e-29
*END*
[from data line 1847]
    17.4261   0.007660     -0.220  555800601     0.0455    -1.2638 0.0000e+00
    17.4398   0.007640     -0.220  555800603     0.0454    -1.2663 0.0000e+00
    17.4476   0.007610     -0.220  555800604     0.0452    -1.2679 0.0000e+00
    17.4513   0.007610     -0.220  555800606     0.0452    -1.2685 0.0000e+00
    17.4425   0.007600     -0.220  555800607     0.0452    -1.2670 0.0000e+00
    17.4413   0.007590     -0.220  555800609     0.0451    -1.2668 0.0000e+00
    17.4461   0.007590     -0.220  555800610     0.0451    -1.2677 0.0000e+00
    17.4501   0.007580     -0.220  555800612     0.0451    -1.2684 0.0000e+00
    17.4595   0.007570     -0.220  555800613     0.0450    -1.2701 0.0000e+00
    17.4598   0.007550     -0.220  555800615     0.0449    -1.2703 0.0000e+00
    17.4680   0.007550     -0.220  555800616     0.0449    -1.2718 0.0000e+00
    17.4744   0.007540     -0.220  555800618     0.0448    -1.2729 0.0000e+00
    17.4791   0.007540     -0.220  555800619     0.0448    -1.2738 0.0000e+00
    17.4775   0.007530     -0.220  555800621     0.0448    -1.2735 0.0000e+00
    17.4844   0.007530     -0.220  555800622     0.0448    -1.2748 0.0000e+00
    17.4901   0.007520     -0.220  555800624     0.0447    -1.2759 0.0000e+00
    17.4988   0.007520     -0.220  555800625     0.0447    -1.2774 0.0000e+00
    17.5053   0.007770     -0.230  555800627     0.0460    -1.2776 0.0000e+00
    17.5173   0.009140     -0.230  555800628     0.0533    -1.2741 0.0000e+00
    17.5143   0.009200     -0.230  555800630     0.0536    -1.2733 0.0000e+00
    17.5126   0.008910     -0.230  555800632     0.0521    -1.2742 0.0000e+00
    17.5082   0.008640     -0.220  555800633     0.0506    -1.2745 0.0000e+00
    17.5128   0.009050     -0.220  555800635     0.0528    -1.2737 0.0000e+00
    17.5090   0.009030     -0.230  555800636     0.0527    -1.2731 0.0000e+00
    17.5378   0.009080     -0.210  555800638     0.0530    -1.2781 0.0000e+00
    17.5526   0.009090     -0.210  555800639     0.0530    -1.2807 0.0000e+00
    17.5674   0.009320     -0.210  555800641     0.0542    -1.2824 0.0000e+00
    17.5807   0.009430     -0.210  555800642     0.0548    -1.2844 0.0000e+00
    17.6028   0.009570     -0.210  555800644     0.0555    -1.2878 0.0000e+00
    17.6089   0.009810     -0.210  555800645     0.0568    -1.2879 0.0000e+00
    17.6197   0.009800     -0.210  555800647     0.0567    -1.2899 0.0000e+00
    17.6317   0.009800     -0.210  555800648     0.0567    -1.2921 0.0000e+00
    17.6363   0.009960     -0.210  555800650     0.0576    -1.2923 0.0000e+00
    17.6613   0.013240     -0.220  555800651     0.0752    -1.2832 0.0000e+00
    17.6769   0.020190     -0.230  555800653     0.1134    -1.2566 0.0000e+00
    17.6886   0.025650     -0.220  555800654     0.1440    -1.2353 0.0000e+00
    17.6888   0.027050     -0.230  555800656     0.1518    -1.2292 0.0000e+00
    17.7007   0.025350     -0.230  555800657     0.1422    -1.2388 0.0000e+00
    17.7164   0.023330     -0.220  555800659     0.1309    -1.2504 0.0000e+00
    17.7260   0.021630     -0.230  555800660     0.1213    -1.2595 0.0000e+00
    17.7428   0.018530     -0.220  555800662     0.1041    -1.2758 0.0000e+00
    17.7409   0.016910     -0.220  555800664     0.0952    -1.2823 0.0000e+00
    17.7364   0.016390     -0.230  555800665     0.0923    -1.2837 0.0000e+00
    17.7563   0.016000     -0.220  555800667     0.0902    -1.2890 0.0000e+00
    17.7480   0.015300     -0.220  555800668     0.0863    -1.2904 0.0000e+00
    17.7280   0.014640     -0.220  555800670     0.0828    -1.2895 0.0000e+00
    17.7046   0.014610     -0.220  555800671     0.0826    -1.2854 0.0000e+00
    17.7018   0.016910     -0.210  555800673     0.0953    -1.2752 0.0000e+00
    17.6958   0.016900     -0.210  555800674     0.0952    -1.2741 0.0000e+00
    17.7010   0.016940     -0.210  555800676     0.0954    -1.2749 0.0000e+00
    17.6878   0.017030     -0.210  555800677     0.0959    -1.2721 0.0000e+00
    17.6844   0.017100     -0.210  555800679     0.0963    -1.2712 0.0000e+00
    17.6875   0.017170     -0.210  555800680     0.0967    -1.2714 0.0000e+00
    17.6908   0.017220     -0.210  555800682     0.0970    -1.2718 0.0000e+00
    17.6927   0.017230     -0.210  555800683     0.0970    -1.2721 0.0000e+00
    17.6880   0.017240     -0.210  555800685     0.0971    -1.2712 0.0000e+00
    17.6829   0.017240     -0.210  555800686     0.0971    -1.2703 0.0000e+00
    17.6783   0.017240     -0.210  555800688     0.0971    -1.2694 0.0000e+00
    17.6718   0.017200     -0.210  555800689     0.0969    -1.2684 0.0000e+00
    17.6675   0.017170     -0.210  555800691     0.0967    -1.2678 0.0000e+00
    17.6695   0.017110     -0.210  555800692     0.0964    -1.2684 0.0000e+00
    17.6642   0.017030     -0.210  555800694     0.0960    -1.2678 0.0000e+00
    17.6625   0.016980     -0.210  555800696     0.0957    -1.2677 0.0000e+00
    17.6621   0.016910     -0.210  555800697     0.0953    -1.2679 0.0000e+00
    17.6593   0.016800     -0.210  555800700     0.0947    -1.2678 0.0000e+00
