Code/Hansen Zooplankton Code and Sample Data/data/ctd/gsl_04_SBE37SI-RS232_03706156_2017_07_05.cnv
* Sea-Bird SBE37SI-RS232  Data File:
* FileName = C:\Users\General Lab Use\Desktop\SHELAGH CTD 2017\gsl_04_SBE37SI-RS232_03706156_2017_07_05.cnv
* Software version 1.00d
* Temperature SN = 6156
* Conductivity SN = 6156
* System UpLoad Time = Jul 05 2017 23:04:23
* <ApplicationData>
* <Seaterm232>
# nquan = 5
# nvalues = 949
# units = specified
# name 0 = t090C: Temperature [ITS-90, deg C]
# name 1 = c0S/m: Conductivity [S/m]
# name 2 = prM: Pressure [db]
# name 3 = timeK: Time, Seacat Plus [seconds]
# name 4 = flag: Flag
# span 0 =     -1.1264,    20.2321
# span 1 =    0.000637,   3.376331
# span 2 =      -0.237,     67.463
# span 3 =   552596726,  552598172
# span 4 =  0.0000e+00, 0.0000e+00
# interval = seconds: 6.000000
# start_time = Jul 05 2017 19:05:26
# bad_flag = -9.990e-29
*END*
[from data line 858]
    16.8355    0.02258      -0.21  552598033 0.0000e+00
    16.8218    0.02292      -0.21  552598035 0.0000e+00
    16.8155    0.02213      -0.21  552598036 0.0000e+00
    16.8069    0.02273      -0.21  552598038 0.0000e+00
    16.8008    0.02171      -0.21  552598039 0.0000e+00
    16.7958    0.02229      -0.21  552598041 0.0000e+00
    16.7988    0.02146      -0.21  552598042 0.0000e+00
    16.8046    0.02194      -0.22  552598044 0.0000e+00
    16.8029    0.02137      -0.21  552598046 0.0000e+00
    16.8010    0.02139      -0.21  552598047 0.0000e+00
    16.8104    0.02045      -0.21  552598049 0.0000e+00
    16.8250    0.02001      -0.21  552598050 0.0000e+00
    16.8477    0.01936      -0.21  552598052 0.0000e+00
    16.8713    0.01906      -0.22  552598053 0.0000e+00
    16.8922    0.01873      -0.21  552598055 0.0000e+00
    16.9044    0.01894      -0.22  552598056 0.0000e+00
    16.9104    0.01905      -0.22  552598058 0.0000e+00
    16.9138    0.01946      -0.22  552598059 0.0000e+00
    16.9177    0.01915      -0.22  552598061 0.0000e+00
    16.9254    0.01936      -0.22  552598062 0.0000e+00
    16.9270    0.01902      -0.22  552598064 0.0000e+00
    16.9203    0.01899      -0.22  552598065 0.0000e+00
    16.9168    0.01873      -0.22  552598067 0.0000e+00
    16.9040    0.01845      -0.22  552598068 0.0000e+00
    16.8978    0.01845      -0.22  552598070 0.0000e+00
    16.8903    0.01856      -0.22  552598071 0.0000e+00
    16.8903    0.01853      -0.22  552598073 0.0000e+00
    16.8894    0.01857      -0.22  552598074 0.0000e+00
    16.8878    0.01860      -0.22  552598076 0.0000e+00
    16.8833    0.01844      -0.22  552598078 0.0000e+00
    16.8768    0.01858      -0.22  552598079 0.0000e+00
    16.8673    0.01844      -0.22  552598081 0.0000e+00
    16.8625    0.01839      -0.22  552598082 0.0000e+00
    16.8673    0.01809      -0.22  552598084 0.0000e+00
    16.8680    0.01819      -0.22  552598085 0.0000e+00
    16.8652    0.01821      -0.22  552598087 0.0000e+00
    16.8701    0.01809      -0.22  552598088 0.0000e+00
    16.8669    0.01801      -0.22  552598090 0.0000e+00
    16.8604    0.01791      -0.22  552598091 0.0000e+00
    16.8524    0.01790      -0.22  552598093 0.0000e+00
    16.8604    0.01792      -0.22  552598094 0.0000e+00
    16.8709    0.01845      -0.23  552598096 0.0000e+00
    16.9098    0.01949      -0.23  552598097 0.0000e+00
    16.9547    0.01880      -0.23  552598099 0.0000e+00
    16.9815    0.01736      -0.23  552598100 0.0000e+00
    16.9809    0.01658      -0.23  552598102 0.0000e+00
    17.0075    0.01684      -0.23  552598103 0.0000e+00
    17.0426    0.02712      -0.23  552598105 0.0000e+00
    17.0750    0.02957      -0.23  552598107 0.0000e+00
    17.0935    0.02712      -0.23  552598108 0.0000e+00
    17.0855    0.02422      -0.24  552598110 0.0000e+00
    17.0842    0.02345      -0.23  552598111 0.0000e+00
    17.0998    0.02107      -0.23  552598113 0.0000e+00
    17.1192    0.01921      -0.23  552598114 0.0000e+00
    17.1166    0.01818      -0.23  552598116 0.0000e+00
    17.0930    0.01770      -0.23  552598117 0.0000e+00
    17.0736    0.01727      -0.23  552598119 0.0000e+00
    17.0541    0.01694      -0.23  552598120 0.0000e+00
    17.0345    0.01666      -0.23  552598122 0.0000e+00
    17.0252    0.01644      -0.23  552598123 0.0000e+00
    17.0195    0.01644      -0.23  552598125 0.0000e+00
    16.9948    0.01670      -0.23  552598126 0.0000e+00
    17.0057    0.01845      -0.23  552598128 0.0000e+00
    17.0252    0.01850      -0.23  552598129 0.0000e+00
    17.0333    0.01827      -0.23  552598131 0.0000e+00
    17.0451    0.01820      -0.23  552598132 0.0000e+00
    17.0635    0.01810      -0.23  552598134 0.0000e+00
    17.0620    0.01811      -0.23  552598136 0.0000e+00
    17.0611    0.01816      -0.23  552598137 0.0000e+00
    17.0734    0.01822      -0.23  552598139 0.0000e+00
    17.0913    0.01828      -0.23  552598140 0.0000e+00
    17.1108    0.01829      -0.23  552598142 0.0000e+00
    17.1232    0.01830      -0.23  552598143 0.0000e+00
    17.1391    0.01828      -0.23  552598145 0.0000e+00
    17.1248    0.01829      -0.23  552598146 0.0000e+00
    17.1165    0.01832      -0.23  552598148 0.0000e+00
    17.1131    0.01830      -0.23  552598149 0.0000e+00
    17.1238    0.01822      -0.23  552598151 0.0000e+00
    17.1308    0.01812      -0.23  552598152 0.0000e+00
    17.1495    0.01808      -0.23  552598154 0.0000e+00
    17.1575    0.01799      -0.23  552598155 0.0000e+00
    17.1714    0.01795      -0.23  552598157 0.0000e+00
    17.1951    0.01787      -0.23  552598158 0.0000e+00
    17.2086    0.01778      -0.23  552598160 0.0000e+00
    17.2132    0.01771      -0.23  552598161 0.0000e+00
    17.2154    0.01764      -0.23  552598163 0.0000e+00
    17.2014    0.01757      -0.23  552598166 0.0000e+00
    17.1875    0.01754      -0.23  552598167 0.0000e+00
    17.1916    0.01742      -0.23  552598169 0.0000e+00
    17.1861    0.01733      -0.23  552598170 0.0000e+00
    17.1715    0.01725      -0.23  552598172 0.0000e+00
