Code/Hansen Zooplankton Code and Sample Data/data/ctd/gsl_09_SBE37SI-RS232_03706156_2017_08_08.cnv
* Sea-Bird SBE37SI-RS232  Data File:
* FileName = C:\Users\General Lab Use\Desktop\SHELAGH CTD 2017\gsl_09_SBE37SI-RS232_03706156_2017_08_08.cnv
* Software version 1.00d
* Temperature SN = 6156
* Conductivity SN = 6156
* System UpLoad Time = Aug 08 2017 10:00:07
* <ApplicationData>
* <Seaterm232>
# nquan = 5
# nvalues = 2463
# units = specified
# name 0 = t090C: Temperature [ITS-90, deg C]
# name 1 = c0S/m: Conductivity [S/m]
# name 2 = prM: Pressure [db]
# name 3 = timeK: Time, Seacat Plus [seconds]
# name 4 = flag: Flag
# span 0 =     -0.7449,    17.6751
# span 1 =    0.000196,   3.563643
# span 2 =      -0.307,     77.385
# span 3 =   555485108,  555488848
# span 4 =  0.0000e+00, 0.0000e+00
# interval = seconds: 6.000000
# start_time = Aug 08 2017 05:25:08
# bad_flag = -9.990e-29
*END*
[from data line 858]
    15.9006    0.16213      -0.25  555486412 0.0000e+00
    15.5104    0.14980      -0.25  555486413 0.0000e+00
    15.1412    0.09676      -0.25  555486415 0.0000e+00
    15.0354    0.09908      -0.25  555486416 0.0000e+00
    14.8561    0.09310      -0.25  555486418 0.0000e+00
    14.6992    0.09488      -0.26  555486419 0.0000e+00
    14.6292    0.07312      -0.25  555486421 0.0000e+00
    14.5689    0.09387      -0.26  555486422 0.0000e+00
    14.5511    0.12040      -0.26  555486424 0.0000e+00
    14.4557    0.11754      -0.26  555486425 0.0000e+00
    14.3306    0.10606      -0.26  555486427 0.0000e+00
    14.2258    0.11812      -0.26  555486428 0.0000e+00
    14.1815    0.10393      -0.26  555486430 0.0000e+00
    14.1388    0.09630      -0.26  555486431 0.0000e+00
    14.1245    0.09081      -0.26  555486433 0.0000e+00
    14.1042    0.09493      -0.26  555486434 0.0000e+00
    13.9691    0.06421      -0.26  555486436 0.0000e+00
    13.8836    0.07696      -0.26  555486438 0.0000e+00
    13.8489    0.07391      -0.26  555486439 0.0000e+00
    13.8318    0.07083      -0.27  555486441 0.0000e+00
    13.8286    0.06816      -0.26  555486442 0.0000e+00
    13.8629    0.05832      -0.26  555486444 0.0000e+00
    13.8412    0.06287      -0.26  555486445 0.0000e+00
    13.8328    0.06208      -0.26  555486447 0.0000e+00
    13.8464    0.05919      -0.26  555486448 0.0000e+00
    13.9003    0.05561      -0.26  555486450 0.0000e+00
    13.9521    0.05999      -0.26  555486451 0.0000e+00
    13.9173    0.05529      -0.26  555486453 0.0000e+00
    13.8630    0.05104      -0.26  555486454 0.0000e+00
    13.8444    0.05537      -0.26  555486456 0.0000e+00
    13.8975    0.05303      -0.26  555486457 0.0000e+00
    13.9130    0.05189      -0.26  555486459 0.0000e+00
    13.8983    0.05230      -0.26  555486460 0.0000e+00
    13.8975    0.05200      -0.27  555486462 0.0000e+00
    13.9230    0.04967      -0.26  555486463 0.0000e+00
    13.9625    0.04585      -0.26  555486465 0.0000e+00
    13.9944    0.04598      -0.26  555486466 0.0000e+00
    14.0494    0.05806      -0.26  555486468 0.0000e+00
    14.0521    0.04192      -0.26  555486469 0.0000e+00
    14.0405    0.04697      -0.26  555486471 0.0000e+00
    14.0804    0.04443      -0.26  555486472 0.0000e+00
    14.1144    0.04440      -0.25  555486474 0.0000e+00
    14.1573    0.03845      -0.25  555486476 0.0000e+00
    14.1932    0.03746      -0.25  555486477 0.0000e+00
    14.2245    0.03452      -0.25  555486479 0.0000e+00
    14.2485    0.03483      -0.25  555486480 0.0000e+00
    14.2682    0.03249      -0.25  555486482 0.0000e+00
    14.2879    0.03240      -0.25  555486483 0.0000e+00
    14.3230    0.03064      -0.25  555486485 0.0000e+00
    14.3472    0.03032      -0.25  555486486 0.0000e+00
    14.3644    0.02854      -0.25  555486488 0.0000e+00
    14.3813    0.02711      -0.25  555486489 0.0000e+00
    14.3870    0.02587      -0.26  555486491 0.0000e+00
    14.4113    0.02617      -0.26  555486492 0.0000e+00
    14.4360    0.02432      -0.26  555486494 0.0000e+00
    14.4453    0.02391      -0.26  555486495 0.0000e+00
    14.4520    0.02266      -0.26  555486497 0.0000e+00
    14.4454    0.02355      -0.26  555486498 0.0000e+00
    14.4466    0.02299      -0.26  555486500 0.0000e+00
    14.4519    0.02393      -0.26  555486501 0.0000e+00
    14.4455    0.02332      -0.26  555486503 0.0000e+00
    14.4273    0.02285      -0.26  555486504 0.0000e+00
    14.3899    0.02246      -0.26  555486506 0.0000e+00
    14.3839    0.02232      -0.26  555486507 0.0000e+00
    14.3735    0.02263      -0.26  555486509 0.0000e+00
    14.3727    0.02203      -0.26  555486510 0.0000e+00
    14.3688    0.02176      -0.26  555486512 0.0000e+00
    14.3525    0.02114      -0.26  555486514 0.0000e+00
    14.3412    0.02120      -0.26  555486515 0.0000e+00
    14.3351    0.02122      -0.26  555486517 0.0000e+00
    14.3337    0.02045      -0.26  555486518 0.0000e+00
    14.3374    0.02014      -0.26  555486520 0.0000e+00
    14.3421    0.02007      -0.26  555486521 0.0000e+00
    14.3535    0.01951      -0.26  555486523 0.0000e+00
    14.3637    0.01934      -0.26  555486524 0.0000e+00
    14.3659    0.01916      -0.26  555486526 0.0000e+00
    14.3859    0.01916      -0.26  555486527 0.0000e+00
    14.4220    0.01923      -0.27  555486529 0.0000e+00
    14.4575    0.01899      -0.27  555486530 0.0000e+00
    14.4817    0.01902      -0.27  555486532 0.0000e+00
    14.4977    0.01874      -0.27  555486533 0.0000e+00
    14.4907    0.01893      -0.27  555486535 0.0000e+00
    14.4975    0.01903      -0.27  555486536 0.0000e+00
    14.5036    0.01919      -0.27  555486538 0.0000e+00
    14.5108    0.01919      -0.27  555486539 0.0000e+00
    14.5260    0.01993      -0.27  555486541 0.0000e+00
    14.5333    0.01973      -0.27  555486542 0.0000e+00
    14.5333    0.01952      -0.27  555486544 0.0000e+00
    14.5217    0.01889      -0.27  555486545 0.0000e+00
    14.5127    0.01967      -0.27  555486547 0.0000e+00
    14.5079    0.01924      -0.27  555486548 0.0000e+00
    14.4987    0.01930      -0.27  555486550 0.0000e+00
    14.4896    0.01908      -0.27  555486551 0.0000e+00
    14.4852    0.01895      -0.27  555486553 0.0000e+00
    14.4891    0.01886      -0.27  555486555 0.0000e+00
    14.4856    0.01823      -0.28  555486556 0.0000e+00
    14.4767    0.01771      -0.27  555486558 0.0000e+00
    14.4562    0.01741      -0.27  555486559 0.0000e+00
    14.4407    0.01727      -0.28  555486561 0.0000e+00
    14.4309    0.01710      -0.27  555486562 0.0000e+00
    14.4168    0.01675      -0.28  555486564 0.0000e+00
    14.3982    0.01621      -0.28  555486565 0.0000e+00
    14.3876    0.01609      -0.28  555486567 0.0000e+00
    14.3826    0.01568      -0.28  555486568 0.0000e+00
    14.3782    0.01576      -0.28  555486570 0.0000e+00
    14.3674    0.01591      -0.28  555486571 0.0000e+00
    14.3649    0.01596      -0.28  555486573 0.0000e+00
    14.3620    0.01610      -0.28  555486574 0.0000e+00
    14.3658    0.01592      -0.28  555486576 0.0000e+00
    14.3642    0.01595      -0.28  555486577 0.0000e+00
    14.3616    0.01574      -0.28  555486579 0.0000e+00
    14.3754    0.01577      -0.28  555486580 0.0000e+00
    14.3979    0.01553      -0.28  555486582 0.0000e+00
    14.4151    0.01535      -0.28  555486583 0.0000e+00
    14.4220    0.01539      -0.28  555486585 0.0000e+00
    14.4318    0.01538      -0.28  555486586 0.0000e+00
    14.4276    0.01537      -0.28  555486588 0.0000e+00
    14.4235    0.01536      -0.28  555486590 0.0000e+00
    14.4220    0.01547      -0.28  555486591 0.0000e+00
    14.4142    0.01556      -0.28  555486593 0.0000e+00
    14.4183    0.01552      -0.28  555486594 0.0000e+00
    14.4196    0.01547      -0.28  555486596 0.0000e+00
    14.4140    0.01544      -0.28  555486597 0.0000e+00
    14.4096    0.01543      -0.28  555486599 0.0000e+00
    14.4040    0.01544      -0.28  555486600 0.0000e+00
    14.3980    0.01544      -0.28  555486602 0.0000e+00
    14.3904    0.01546      -0.28  555486603 0.0000e+00
    14.3878    0.01556      -0.28  555486605 0.0000e+00
    14.3845    0.01557      -0.28  555486606 0.0000e+00
    14.3833    0.01559      -0.28  555486608 0.0000e+00
    14.3873    0.01561      -0.28  555486609 0.0000e+00
    14.3940    0.01561      -0.28  555486611 0.0000e+00
    14.4058    0.01552      -0.28  555486612 0.0000e+00
    14.4064    0.01535      -0.28  555486614 0.0000e+00
    14.4082    0.01580      -0.28  555486615 0.0000e+00
    14.4112    0.01610      -0.29  555486617 0.0000e+00
    14.4207    0.01581      -0.29  555486618 0.0000e+00
    14.4279    0.01574      -0.29  555486620 0.0000e+00
    14.4166    0.01567      -0.29  555486621 0.0000e+00
    14.4072    0.01563      -0.29  555486623 0.0000e+00
    14.3942    0.01555      -0.29  555486624 0.0000e+00
    14.3817    0.01554      -0.29  555486626 0.0000e+00
    14.3760    0.01551      -0.29  555486627 0.0000e+00
    14.3725    0.01542      -0.29  555486629 0.0000e+00
    14.3544    0.01540      -0.29  555486630 0.0000e+00
    14.3394    0.01534      -0.29  555486632 0.0000e+00
    14.3320    0.01524      -0.29  555486634 0.0000e+00
    14.3124    0.01518      -0.29  555486635 0.0000e+00
    14.2985    0.01508      -0.29  555486637 0.0000e+00
    14.2843    0.01506      -0.29  555486638 0.0000e+00
    14.2730    0.01503      -0.29  555486640 0.0000e+00
    14.2620    0.01496      -0.29  555486641 0.0000e+00
    14.2417    0.01488      -0.29  555486643 0.0000e+00
    14.2242    0.01480      -0.29  555486644 0.0000e+00
    14.2155    0.01467      -0.29  555486646 0.0000e+00
    14.2005    0.01460      -0.29  555486647 0.0000e+00
    14.1604    0.01561      -0.29  555486649 0.0000e+00
    14.1353    0.01871      -0.29  555486650 0.0000e+00
    14.1322    0.01883      -0.29  555486652 0.0000e+00
    14.1215    0.01929      -0.29  555486653 0.0000e+00
    14.1154    0.02022      -0.30  555486655 0.0000e+00
    14.1152    0.02987      -0.30  555486656 0.0000e+00
    14.1083    0.03035      -0.30  555486658 0.0000e+00
    14.1110    0.02784      -0.29  555486659 0.0000e+00
    14.1119    0.02550      -0.29  555486661 0.0000e+00
    14.1009    0.02418      -0.29  555486662 0.0000e+00
    14.0977    0.02326      -0.29  555486664 0.0000e+00
    14.0943    0.02220      -0.30  555486665 0.0000e+00
    14.0966    0.02128      -0.29  555486667 0.0000e+00
    14.0930    0.02083      -0.29  555486668 0.0000e+00
    14.0906    0.02042      -0.29  555486670 0.0000e+00
    14.0645    0.01992      -0.29  555486672 0.0000e+00
    14.0637    0.01973      -0.29  555486673 0.0000e+00
    14.0749    0.01967      -0.30  555486675 0.0000e+00
    14.0710    0.01945      -0.29  555486676 0.0000e+00
    14.0836    0.01954      -0.29  555486678 0.0000e+00
    14.0953    0.01953      -0.30  555486679 0.0000e+00
    14.0923    0.01962      -0.29  555486681 0.0000e+00
    14.0766    0.01967      -0.30  555486682 0.0000e+00
    14.0681    0.01991      -0.29  555486684 0.0000e+00
    14.0437    0.02035      -0.30  555486685 0.0000e+00
    14.0123    0.02072      -0.30  555486687 0.0000e+00
    13.9976    0.02052      -0.29  555486688 0.0000e+00
    13.9986    0.02049      -0.30  555486690 0.0000e+00
    14.0148    0.02041      -0.29  555486691 0.0000e+00
    14.0352    0.02024      -0.30  555486693 0.0000e+00
    14.0414    0.02007      -0.30  555486694 0.0000e+00
    14.0467    0.01990      -0.29  555486696 0.0000e+00
    14.0554    0.01987      -0.29  555486697 0.0000e+00
    14.0565    0.01992      -0.30  555486699 0.0000e+00
    14.0553    0.01955      -0.30  555486700 0.0000e+00
    14.0745    0.01920      -0.29  555486702 0.0000e+00
    14.0770    0.01920      -0.30  555486703 0.0000e+00
    14.0815    0.01909      -0.30  555486705 0.0000e+00
    14.0947    0.01896      -0.30  555486706 0.0000e+00
    14.1016    0.01859      -0.29  555486708 0.0000e+00
    14.1123    0.01835      -0.30  555486710 0.0000e+00
    14.1244    0.01837      -0.30  555486711 0.0000e+00
    14.1291    0.01818      -0.30  555486713 0.0000e+00
    14.1364    0.01791      -0.30  555486714 0.0000e+00
    14.1420    0.01771      -0.30  555486716 0.0000e+00
    14.1422    0.01774      -0.30  555486717 0.0000e+00
    14.1538    0.01752      -0.30  555486719 0.0000e+00
    14.1629    0.01733      -0.30  555486720 0.0000e+00
    14.1648    0.01714      -0.30  555486722 0.0000e+00
    14.1663    0.01715      -0.30  555486723 0.0000e+00
    14.1598    0.01678      -0.30  555486725 0.0000e+00
    14.1642    0.01667      -0.30  555486726 0.0000e+00
    14.1666    0.01654      -0.30  555486728 0.0000e+00
    14.1685    0.01653      -0.30  555486729 0.0000e+00
    14.1671    0.01639      -0.30  555486731 0.0000e+00
    14.1586    0.01625      -0.30  555486732 0.0000e+00
    14.1399    0.01629      -0.30  555486734 0.0000e+00
    14.1303    0.01603      -0.30  555486735 0.0000e+00
    14.1302    0.01599      -0.30  555486737 0.0000e+00
    14.1286    0.01599      -0.30  555486738 0.0000e+00
    14.1328    0.01585      -0.30  555486740 0.0000e+00
    14.1337    0.01584      -0.30  555486741 0.0000e+00
    14.1344    0.01586      -0.30  555486743 0.0000e+00
    14.1396    0.01576      -0.30  555486744 0.0000e+00
    14.1400    0.01572      -0.30  555486746 0.0000e+00
    14.1445    0.01561      -0.30  555486748 0.0000e+00
    14.1402    0.01547      -0.30  555486749 0.0000e+00
    14.1310    0.01543      -0.30  555486751 0.0000e+00
    14.1260    0.01542      -0.30  555486752 0.0000e+00
    14.1239    0.01547      -0.30  555486754 0.0000e+00
    14.1221    0.01545      -0.29  555486755 0.0000e+00
    14.1136    0.01551      -0.30  555486757 0.0000e+00
    14.1140    0.01547      -0.30  555486758 0.0000e+00
    14.1196    0.01538      -0.30  555486760 0.0000e+00
    14.1306    0.01537      -0.30  555486761 0.0000e+00
    14.1417    0.01534      -0.30  555486763 0.0000e+00
    14.1518    0.01535      -0.30  555486764 0.0000e+00
    14.1538    0.01528      -0.30  555486766 0.0000e+00
    14.1551    0.01526      -0.30  555486767 0.0000e+00
    14.1613    0.01516      -0.30  555486769 0.0000e+00
    14.1720    0.01520      -0.30  555486770 0.0000e+00
    14.1800    0.01519      -0.30  555486772 0.0000e+00
    14.1849    0.01521      -0.30  555486773 0.0000e+00
    14.1795    0.01510      -0.29  555486775 0.0000e+00
    14.1800    0.01508      -0.30  555486776 0.0000e+00
    14.1797    0.01514      -0.30  555486778 0.0000e+00
    14.1701    0.01507      -0.30  555486779 0.0000e+00
    14.1753    0.01504      -0.30  555486781 0.0000e+00
    14.1793    0.01502      -0.30  555486782 0.0000e+00
    14.1710    0.01500      -0.30  555486784 0.0000e+00
    14.1562    0.01498      -0.30  555486785 0.0000e+00
    14.1464    0.01491      -0.30  555486787 0.0000e+00
    14.1461    0.01486      -0.30  555486789 0.0000e+00
    14.1450    0.01488      -0.30  555486790 0.0000e+00
    14.1409    0.01485      -0.30  555486792 0.0000e+00
    14.1246    0.01479      -0.30  555486793 0.0000e+00
    14.1098    0.01470      -0.30  555486795 0.0000e+00
    14.1250    0.01470      -0.30  555486796 0.0000e+00
    14.1213    0.01475      -0.30  555486798 0.0000e+00
    14.0950    0.01474      -0.30  555486799 0.0000e+00
    14.0685    0.01465      -0.29  555486801 0.0000e+00
    14.0559    0.01462      -0.30  555486802 0.0000e+00
    14.0483    0.01465      -0.30  555486804 0.0000e+00
    14.0434    0.01459      -0.30  555486805 0.0000e+00
    14.0305    0.01452      -0.30  555486807 0.0000e+00
    14.0298    0.01450      -0.30  555486808 0.0000e+00
    14.0307    0.01458      -0.30  555486810 0.0000e+00
    14.0307    0.01453      -0.30  555486811 0.0000e+00
    14.0355    0.01449      -0.30  555486813 0.0000e+00
    14.0476    0.01441      -0.30  555486814 0.0000e+00
    14.0707    0.01443      -0.30  555486816 0.0000e+00
    14.0931    0.01439      -0.30  555486817 0.0000e+00
    14.1132    0.01445      -0.30  555486819 0.0000e+00
    14.1203    0.01441      -0.30  555486820 0.0000e+00
    14.1179    0.01448      -0.30  555486822 0.0000e+00
    14.1211    0.01446      -0.30  555486823 0.0000e+00
    14.1265    0.01440      -0.30  555486825 0.0000e+00
    14.1329    0.01438      -0.30  555486827 0.0000e+00
    14.1340    0.01432      -0.30  555486828 0.0000e+00
    14.1435    0.01427      -0.30  555486830 0.0000e+00
    14.1559    0.01424      -0.30  555486831 0.0000e+00
    14.1801    0.01421      -0.29  555486833 0.0000e+00
    14.2164    0.01420      -0.30  555486834 0.0000e+00
    14.2500    0.01417      -0.30  555486836 0.0000e+00
    14.2751    0.01418      -0.29  555486837 0.0000e+00
    14.3054    0.01414      -0.29  555486839 0.0000e+00
    14.3263    0.01413      -0.30  555486840 0.0000e+00
    14.3426    0.01412      -0.30  555486842 0.0000e+00
