Code/Hansen Zooplankton Code and Sample Data/data/ctd/gsl_15_SBE37SI-RS232_03706156_2017_08_12.cnv
* Sea-Bird SBE37SI-RS232  Data File:
* FileName = C:\Users\General Lab Use\Desktop\SHELAGH CTD 2017\gsl_15_SBE37SI-RS232_03706156_2017_08_12.cnv
* Software version 1.00d
* Temperature SN = 6156
* Conductivity SN = 6156
* System UpLoad Time = Aug 12 2017 05:01:32
* <ApplicationData>
* <Seaterm232>
# nquan = 5
# nvalues = 2498
# units = specified
# name 0 = t090C: Temperature [ITS-90, deg C]
# name 1 = c0S/m: Conductivity [S/m]
# name 2 = prM: Pressure [db]
# name 3 = timeK: Time, Seacat Plus [seconds]
# name 4 = flag: Flag
# span 0 =     -0.8190,    20.1498
# span 1 =    0.000295,   3.673859
# span 2 =      -0.249,     72.135
# span 3 =   555814505,  555818311
# span 4 =  0.0000e+00, 0.0000e+00
# interval = seconds: 6.000000
# start_time = Aug 12 2017 00:55:05
# bad_flag = -9.990e-29
*END*
[from data line 1429]
    18.0039    0.01316      -0.22  555816682 0.0000e+00
    18.0034    0.01320      -0.22  555816683 0.0000e+00
    18.0034    0.01315      -0.22  555816685 0.0000e+00
    18.0031    0.01318      -0.22  555816686 0.0000e+00
    18.0039    0.01313      -0.22  555816688 0.0000e+00
    18.0039    0.01317      -0.22  555816690 0.0000e+00
    18.0052    0.01312      -0.22  555816691 0.0000e+00
    18.0070    0.01316      -0.22  555816693 0.0000e+00
    18.0062    0.01312      -0.22  555816694 0.0000e+00
    18.0102    0.01316      -0.22  555816696 0.0000e+00
    18.0123    0.01312      -0.22  555816697 0.0000e+00
    18.0091    0.01315      -0.22  555816699 0.0000e+00
    18.0079    0.01312      -0.22  555816700 0.0000e+00
    18.0085    0.01313      -0.22  555816702 0.0000e+00
    18.0079    0.01311      -0.22  555816703 0.0000e+00
    18.0072    0.01311      -0.22  555816705 0.0000e+00
    18.0083    0.01309      -0.22  555816706 0.0000e+00
    18.0068    0.01311      -0.22  555816708 0.0000e+00
    18.0075    0.01306      -0.22  555816709 0.0000e+00
    18.0093    0.01309      -0.22  555816711 0.0000e+00
    18.0141    0.01305      -0.22  555816712 0.0000e+00
    18.0155    0.01308      -0.22  555816714 0.0000e+00
    18.0163    0.01304      -0.22  555816715 0.0000e+00
    18.0170    0.01307      -0.22  555816717 0.0000e+00
    18.0186    0.01304      -0.22  555816719 0.0000e+00
    18.0187    0.01304      -0.22  555816720 0.0000e+00
    18.0210    0.01304      -0.22  555816722 0.0000e+00
    18.0205    0.01302      -0.22  555816723 0.0000e+00
    18.0220    0.01304      -0.22  555816725 0.0000e+00
    18.0226    0.01301      -0.22  555816726 0.0000e+00
    18.0239    0.01302      -0.22  555816728 0.0000e+00
    18.0234    0.01300      -0.22  555816729 0.0000e+00
    18.0251    0.01300      -0.22  555816731 0.0000e+00
    18.0259    0.01299      -0.22  555816732 0.0000e+00
    18.0247    0.01298      -0.22  555816734 0.0000e+00
    18.0243    0.01299      -0.22  555816735 0.0000e+00
    18.0222    0.01298      -0.22  555816737 0.0000e+00
    18.0230    0.01298      -0.22  555816738 0.0000e+00
    18.0220    0.01297      -0.22  555816740 0.0000e+00
    18.0216    0.01298      -0.22  555816741 0.0000e+00
    18.0218    0.01297      -0.22  555816743 0.0000e+00
    18.0210    0.01296      -0.22  555816744 0.0000e+00
    18.0191    0.01296      -0.22  555816746 0.0000e+00
    18.0211    0.01293      -0.22  555816747 0.0000e+00
    18.0227    0.01294      -0.22  555816749 0.0000e+00
    18.0280    0.01290      -0.22  555816751 0.0000e+00
    18.0306    0.01293      -0.22  555816752 0.0000e+00
    18.0329    0.01290      -0.22  555816754 0.0000e+00
    18.0332    0.01292      -0.22  555816755 0.0000e+00
    18.0334    0.01288      -0.22  555816757 0.0000e+00
    18.0371    0.01292      -0.22  555816758 0.0000e+00
    18.0386    0.01288      -0.22  555816760 0.0000e+00
    18.0382    0.01292      -0.22  555816761 0.0000e+00
    18.0400    0.01287      -0.22  555816763 0.0000e+00
    18.0409    0.01291      -0.22  555816764 0.0000e+00
    18.0406    0.01288      -0.22  555816766 0.0000e+00
    18.0402    0.01289      -0.22  555816767 0.0000e+00
    18.0449    0.01287      -0.22  555816769 0.0000e+00
    18.0462    0.01287      -0.22  555816770 0.0000e+00
    18.0475    0.01285      -0.22  555816772 0.0000e+00
    18.0461    0.01285      -0.22  555816773 0.0000e+00
    18.0446    0.01285      -0.22  555816775 0.0000e+00
    18.0437    0.01283      -0.22  555816776 0.0000e+00
    18.0456    0.01283      -0.22  555816778 0.0000e+00
    18.0510    0.01281      -0.22  555816779 0.0000e+00
    18.0509    0.01282      -0.22  555816781 0.0000e+00
    18.0517    0.01279      -0.22  555816783 0.0000e+00
    18.0503    0.01280      -0.22  555816784 0.0000e+00
    18.0503    0.01278      -0.22  555816786 0.0000e+00
    18.0498    0.01278      -0.22  555816787 0.0000e+00
    18.0488    0.01276      -0.22  555816789 0.0000e+00
    18.0486    0.01277      -0.22  555816790 0.0000e+00
    18.0485    0.01276      -0.22  555816792 0.0000e+00
    18.0487    0.01276      -0.22  555816793 0.0000e+00
    18.0475    0.01276      -0.22  555816795 0.0000e+00
    18.0489    0.01275      -0.22  555816796 0.0000e+00
    18.0520    0.01276      -0.22  555816798 0.0000e+00
    18.0520    0.01275      -0.22  555816799 0.0000e+00
    18.0512    0.01274      -0.22  555816801 0.0000e+00
    18.0519    0.01273      -0.22  555816802 0.0000e+00
    18.0504    0.01273      -0.22  555816804 0.0000e+00
    18.0519    0.01271      -0.22  555816805 0.0000e+00
    18.0512    0.01272      -0.22  555816807 0.0000e+00
    18.0548    0.01271      -0.22  555816808 0.0000e+00
    18.0548    0.01270      -0.22  555816810 0.0000e+00
    18.0577    0.01270      -0.22  555816811 0.0000e+00
    18.0609    0.01269      -0.22  555816813 0.0000e+00
    18.0747    0.01268      -0.22  555816815 0.0000e+00
    18.0799    0.01267      -0.22  555816816 0.0000e+00
    18.0870    0.01267      -0.22  555816818 0.0000e+00
    18.0889    0.01266      -0.22  555816819 0.0000e+00
    18.0984    0.01266      -0.22  555816821 0.0000e+00
    18.1043    0.01264      -0.22  555816822 0.0000e+00
    18.1201    0.01264      -0.22  555816824 0.0000e+00
    18.1257    0.01262      -0.22  555816825 0.0000e+00
    18.1263    0.01262      -0.22  555816827 0.0000e+00
    18.1227    0.01261      -0.22  555816828 0.0000e+00
    18.1295    0.01259      -0.22  555816830 0.0000e+00
    18.1311    0.01277      -0.22  555816831 0.0000e+00
    18.1313    0.01278      -0.22  555816833 0.0000e+00
    18.1313    0.01303      -0.21  555816834 0.0000e+00
    18.1383    0.01363      -0.22  555816836 0.0000e+00
    18.1449    0.01378      -0.21  555816837 0.0000e+00
    18.1498    0.01449      -0.22  555816839 0.0000e+00
    18.1503    0.01455      -0.22  555816840 0.0000e+00
    18.1508    0.01537      -0.22  555816842 0.0000e+00
    18.1533    0.01537      -0.22  555816843 0.0000e+00
    18.1582    0.01613      -0.22  555816845 0.0000e+00
    18.1536    0.01599      -0.22  555816847 0.0000e+00
    18.1492    0.01673      -0.22  555816848 0.0000e+00
    18.1450    0.01658      -0.22  555816850 0.0000e+00
    18.1423    0.01715      -0.22  555816851 0.0000e+00
    18.1410    0.01701      -0.22  555816853 0.0000e+00
    18.1402    0.01733      -0.22  555816854 0.0000e+00
    18.1376    0.01722      -0.22  555816856 0.0000e+00
    18.1392    0.01756      -0.22  555816857 0.0000e+00
    18.1406    0.01748      -0.22  555816859 0.0000e+00
    18.1437    0.01780      -0.22  555816860 0.0000e+00
    18.1477    0.01778      -0.22  555816862 0.0000e+00
    18.1503    0.01835      -0.22  555816863 0.0000e+00
    18.1540    0.01834      -0.22  555816865 0.0000e+00
    18.1545    0.01901      -0.22  555816866 0.0000e+00
    18.1598    0.01881      -0.22  555816868 0.0000e+00
    18.1647    0.01930      -0.22  555816869 0.0000e+00
    18.1696    0.01922      -0.22  555816871 0.0000e+00
    18.1768    0.01957      -0.22  555816872 0.0000e+00
    18.1833    0.01955      -0.22  555816874 0.0000e+00
    18.1852    0.01973      -0.22  555816876 0.0000e+00
    18.1858    0.01997      -0.22  555816877 0.0000e+00
    18.1863    0.01998      -0.22  555816879 0.0000e+00
    18.1876    0.02033      -0.22  555816880 0.0000e+00
    18.1869    0.02010      -0.22  555816882 0.0000e+00
    18.1843    0.02055      -0.22  555816883 0.0000e+00
    18.1829    0.02030      -0.22  555816885 0.0000e+00
    18.1822    0.02053      -0.22  555816886 0.0000e+00
    18.1835    0.02028      -0.22  555816888 0.0000e+00
    18.1869    0.02059      -0.22  555816889 0.0000e+00
    18.1869    0.02040      -0.22  555816891 0.0000e+00
    18.1879    0.02053      -0.22  555816892 0.0000e+00
    18.1922    0.02040      -0.22  555816894 0.0000e+00
    18.1942    0.02041      -0.22  555816895 0.0000e+00
    18.1974    0.02050      -0.22  555816897 0.0000e+00
    18.2010    0.02035      -0.22  555816898 0.0000e+00
    18.1973    0.02085      -0.22  555816900 0.0000e+00
    18.1956    0.02064      -0.22  555816901 0.0000e+00
    18.2017    0.02099      -0.22  555816903 0.0000e+00
    18.2088    0.02074      -0.22  555816904 0.0000e+00
    18.2123    0.02113      -0.22  555816906 0.0000e+00
    18.2163    0.02098      -0.21  555816908 0.0000e+00
    18.2228    0.02121      -0.22  555816909 0.0000e+00
    18.2229    0.02110      -0.22  555816911 0.0000e+00
    18.2211    0.02110      -0.22  555816912 0.0000e+00
    18.2223    0.02107      -0.22  555816914 0.0000e+00
    18.2225    0.02092      -0.22  555816915 0.0000e+00
    18.2228    0.02098      -0.22  555816917 0.0000e+00
    18.2267    0.02083      -0.22  555816918 0.0000e+00
    18.2253    0.02106      -0.22  555816920 0.0000e+00
    18.2227    0.02100      -0.22  555816921 0.0000e+00
    18.2206    0.02120      -0.22  555816923 0.0000e+00
    18.2276    0.02119      -0.22  555816924 0.0000e+00
    18.2354    0.02136      -0.21  555816926 0.0000e+00
    18.2452    0.02142      -0.22  555816927 0.0000e+00
    18.2533    0.02159      -0.22  555816929 0.0000e+00
    18.2571    0.02151      -0.22  555816930 0.0000e+00
    18.2609    0.02153      -0.22  555816932 0.0000e+00
    18.2602    0.02134      -0.22  555816933 0.0000e+00
    18.2565    0.02131      -0.22  555816935 0.0000e+00
    18.2554    0.02115      -0.22  555816937 0.0000e+00
    18.2554    0.02115      -0.22  555816938 0.0000e+00
    18.2481    0.02097      -0.22  555816940 0.0000e+00
    18.2450    0.02093      -0.23  555816941 0.0000e+00
    18.2442    0.02826      -0.24  555816943 0.0000e+00
    18.2491    0.03088      -0.24  555816944 0.0000e+00
    18.2500    0.03168      -0.24  555816946 0.0000e+00
    18.2486    0.02692      -0.25  555816947 0.0000e+00
    18.2325    0.02504      -0.24  555816949 0.0000e+00
    18.2291    0.02268      -0.25  555816950 0.0000e+00
    18.2300    0.02248      -0.24  555816952 0.0000e+00
    18.2297    0.02144      -0.25  555816953 0.0000e+00
    18.2272    0.02087      -0.24  555816955 0.0000e+00
    18.2277    0.01976      -0.25  555816956 0.0000e+00
    18.2310    0.01881      -0.24  555816958 0.0000e+00
    18.2284    0.01793      -0.25  555816959 0.0000e+00
    18.2247    0.01721      -0.24  555816961 0.0000e+00
    18.2223    0.01654      -0.25  555816962 0.0000e+00
    18.2186    0.01605      -0.24  555816964 0.0000e+00
    18.2197    0.01548      -0.25  555816965 0.0000e+00
    18.2264    0.01518      -0.24  555816967 0.0000e+00
    18.2231    0.01466      -0.25  555816969 0.0000e+00
    18.2251    0.01473      -0.24  555816970 0.0000e+00
    18.2300    0.01438      -0.25  555816972 0.0000e+00
    18.2370    0.01457      -0.24  555816973 0.0000e+00
    18.2453    0.01493      -0.24  555816975 0.0000e+00
    18.2546    0.01484      -0.24  555816976 0.0000e+00
    18.2618    0.01446      -0.24  555816978 0.0000e+00
    18.5125    3.23331       0.19  555816979 0.0000e+00
    18.6834    3.66787       0.83  555816981 0.0000e+00
    18.6881    3.66866       1.45  555816982 0.0000e+00
    18.6891    3.66920       2.08  555816984 0.0000e+00
    18.6886    3.67011       2.81  555816985 0.0000e+00
    18.6897    3.66867       3.22  555816987 0.0000e+00
    18.6912    3.67085       4.03  555816988 0.0000e+00
    18.6938    3.67129       4.56  555816990 0.0000e+00
    18.6933    3.67288       5.18  555816991 0.0000e+00
    18.6660    3.67386       5.94  555816993 0.0000e+00
    18.6216    3.67095       6.61  555816994 0.0000e+00
    18.3957    3.65951       7.27  555816996 0.0000e+00
    18.3123    3.65741       7.33  555816997 0.0000e+00
    18.2048    3.64735       7.78  555816999 0.0000e+00
    17.7607    3.61707       8.51  555817001 0.0000e+00
    16.9887    3.59468       9.01  555817002 0.0000e+00
    15.1242    3.48661       9.87  555817004 0.0000e+00
    11.8541    3.38169      10.32  555817005 0.0000e+00
    10.5541    3.27116      11.17  555817007 0.0000e+00
     9.9910    3.24146      11.64  555817008 0.0000e+00
     9.4495    3.15841      12.78  555817010 0.0000e+00
     8.7307    3.14615      13.04  555817011 0.0000e+00
     8.2463    3.06649      14.24  555817013 0.0000e+00
     7.5528    3.06553      14.43  555817014 0.0000e+00
     7.1705    2.99433      15.53  555817016 0.0000e+00
     6.9004    3.01953      15.92  555817017 0.0000e+00
     6.2022    2.94278      17.03  555817019 0.0000e+00
     5.5774    2.97804      17.42  555817020 0.0000e+00
     5.2851    2.88529      18.51  555817022 0.0000e+00
     4.6299    2.90640      18.94  555817023 0.0000e+00
     4.3212    2.82813      20.11  555817025 0.0000e+00
     3.5505    2.85651      20.71  555817026 0.0000e+00
     3.2554    2.78610      21.52  555817028 0.0000e+00
     2.8832    2.78008      22.50  555817029 0.0000e+00
     2.7000    2.76241      23.05  555817031 0.0000e+00
     2.7217    2.76433      24.28  555817032 0.0000e+00
     2.6852    2.76456      24.70  555817034 0.0000e+00
     2.4950    2.76511      25.62  555817036 0.0000e+00
     2.2779    2.73760      26.19  555817037 0.0000e+00
     1.8939    2.74933      26.57  555817039 0.0000e+00
     1.8744    2.73327      26.35  555817040 0.0000e+00
     1.8317    2.73202      26.64  555817042 0.0000e+00
     1.8299    2.72605      26.39  555817043 0.0000e+00
     1.8237    2.71834      26.87  555817045 0.0000e+00
     1.7793    2.71053      27.55  555817046 0.0000e+00
     1.7531    2.70556      28.30  555817048 0.0000e+00
     1.7731    2.70352      29.10  555817049 0.0000e+00
     1.8085    2.70469      29.81  555817051 0.0000e+00
     1.4240    2.70009      30.68  555817052 0.0000e+00
     1.1176    2.67510      31.11  555817054 0.0000e+00
     0.9745    2.67397      31.94  555817055 0.0000e+00
     0.8304    2.65272      32.59  555817057 0.0000e+00
     0.5533    2.64836      33.58  555817058 0.0000e+00
     0.4610    2.64483      34.02  555817060 0.0000e+00
     0.3496    2.63780      34.89  555817061 0.0000e+00
     0.3019    2.63519      35.34  555817063 0.0000e+00
     0.1233    2.61887      36.34  555817064 0.0000e+00
    -0.0431    2.62056      36.67  555817066 0.0000e+00
    -0.1975    2.59778      37.57  555817068 0.0000e+00
    -0.2623    2.59719      38.16  555817069 0.0000e+00
    -0.2835    2.60531      38.67  555817071 0.0000e+00
    -0.3080    2.59111      39.55  555817072 0.0000e+00
    -0.3700    2.61320      39.70  555817074 0.0000e+00
    -0.4241    2.58977      40.59  555817075 0.0000e+00
    -0.4539    2.57877      39.64  555817077 0.0000e+00
    -0.4399    2.58437      40.12  555817078 0.0000e+00
    -0.4365    2.57897      39.23  555817080 0.0000e+00
    -0.3778    2.57811      40.21  555817081 0.0000e+00
    -0.4413    2.57858      39.47  555817083 0.0000e+00
    -0.3978    2.58409      39.82  555817084 0.0000e+00
    -0.4011    2.57580      38.91  555817086 0.0000e+00
    -0.3338    2.58505      38.62  555817087 0.0000e+00
    -0.3018    2.57838      37.92  555817089 0.0000e+00
    -0.2783    2.58670      38.12  555817090 0.0000e+00
    -0.2714    2.58002      37.59  555817092 0.0000e+00
    -0.2662    2.58967      37.70  555817093 0.0000e+00
    -0.2624    2.57958      37.30  555817095 0.0000e+00
    -0.2374    2.57628      36.55  555817096 0.0000e+00
    -0.1545    2.58361      36.70  555817098 0.0000e+00
    -0.0649    2.58454      35.60  555817099 0.0000e+00
     0.1444    2.59042      35.43  555817101 0.0000e+00
     0.2157    2.59311      34.94  555817103 0.0000e+00
     0.3170    2.59697      34.21  555817104 0.0000e+00
     0.3485    2.59817      33.75  555817106 0.0000e+00
     0.4145    2.60076      33.47  555817107 0.0000e+00
     0.4852    2.60442      32.82  555817109 0.0000e+00
     0.5142    2.60810      32.21  555817110 0.0000e+00
     0.7468    2.61295      31.91  555817112 0.0000e+00
     0.8705    2.62445      31.03  555817113 0.0000e+00
     1.0240    2.62203      30.78  555817115 0.0000e+00
