Code/Hansen Zooplankton Code and Sample Data/data/ctd/gsl_05_SBE37SI-RS232_03706156_2017_07_08_final.cnv
* Sea-Bird SBE37SI-RS232  Data File:
* FileName = C:\Users\General Lab Use\Desktop\SHELAGH CTD 2017\gsl_05_SBE37SI-RS232_03706156_2017_07_08.cnv
* Software version 1.00d
* Temperature SN = 6156
* Conductivity SN = 6156
* System UpLoad Time = Jul 09 2017 00:00:20
* <ApplicationData>
* <Seaterm232>
# nquan = 7                                 
# nvalues = 1823                        
# units = specified
# name 0 = t090C: Temperature [ITS-90, deg C]
# name 1 = c0S/m: Conductivity [S/m]
# name 2 = prM: Pressure [db]
# name 3 = timeK: Time, Seacat Plus [seconds]
# name 4 = sal00: Salinity [PSU]
# name 5 = sigma-t00: Density [sigma-t, Kg/m^3 ]
# name 6 = flag: flag
# span 0 =    -0.1402,    21.3840       
# span 1 =   0.000530,   3.349360       
# span 2 =     -0.400,     83.600       
# span 3 =  552856310,  552859088       
# span 4 =     0.0108,    32.1100       
# span 5 =    -2.0299,    25.7553       
# span 6 = 0.0000e+00, 0.0000e+00       
# interval = seconds: 6.000000
# start_time = Jul 08 2017 19:11:50
# bad_flag = -9.990e-29
*END*
[from data line 206]
     0.1076   2.673070     65.510  552856624    31.7997    25.5185 0.0000e+00
     0.0814   2.671240     64.950  552856626    31.8033    25.5225 0.0000e+00
     0.0758   2.669130     63.790  552856627    31.7821    25.5057 0.0000e+00
     0.0714   2.663580     61.730  552856629    31.7151    25.4518 0.0000e+00
     0.0197   2.660530     61.020  552856630    31.7291    25.4654 0.0000e+00
    -0.0252   2.651360     59.190  552856632    31.6563    25.4086 0.0000e+00
    -0.0892   2.645730     57.180  552856633    31.6497    25.4060 0.0000e+00
    -0.1188   2.644430     55.220  552856635    31.6644    25.4191 0.0000e+00
     0.0249   2.649900     53.180  552856636    31.5887    25.3519 0.0000e+00
    -0.0368   2.641330     51.530  552856638    31.5409    25.3160 0.0000e+00
    -0.0438   2.638540     50.900  552856639    31.5118    25.2928 0.0000e+00
    -0.0715   2.636290     50.700  552856641    31.5109    25.2933 0.0000e+00
    -0.1168   2.629300     49.270  552856643    31.4665    25.2593 0.0000e+00
    -0.0803   2.630600     47.140  552856644    31.4472    25.2422 0.0000e+00
     0.0238   2.633630     46.230  552856646    31.3805    25.1840 0.0000e+00
     0.0746   2.635140     44.180  552856647    31.3493    25.1567 0.0000e+00
     0.0957   2.634470     42.980  552856649    31.3196    25.1318 0.0000e+00
     0.1092   2.633230     40.730  552856650    31.2909    25.1081 0.0000e+00
     0.1243   2.631280     39.670  552856652    31.2506    25.0749 0.0000e+00
     0.1157   2.622260     37.650  552856653    31.1427    24.9883 0.0000e+00
     0.0040   2.609730     36.380  552856655    31.0931    24.9530 0.0000e+00
    -0.0384   2.599880     34.570  552856656    31.0081    24.8862 0.0000e+00
    -0.0898   2.597060     32.940  552856658    31.0242    24.9012 0.0000e+00
    -0.0982   2.593930     31.430  552856659    30.9925    24.8760 0.0000e+00
    -0.0451   2.596820     30.050  552856661    30.9773    24.8616 0.0000e+00
     0.1460   2.603670     28.690  552856662    30.8744    24.7707 0.0000e+00
     0.1096   2.590920     27.300  552856664    30.7455    24.6683 0.0000e+00
     0.1226   2.583180     26.060  552856665    30.6323    24.5765 0.0000e+00
     0.1382   2.584450     24.600  552856667    30.6340    24.5772 0.0000e+00
     0.2529   2.591860     23.380  552856668    30.6165    24.5582 0.0000e+00
     0.4952   2.607960     21.870  552856670    30.5847    24.5216 0.0000e+00
     1.1448   2.644690     20.570  552856671    30.4155    24.3525 0.0000e+00
     1.6847   2.670580     19.350  552856673    30.2186    24.1630 0.0000e+00
     2.1872   2.711420     17.940  552856675    30.2439    24.1504 0.0000e+00
     3.2188   2.747430     16.950  552856676    29.7146    23.6511 0.0000e+00
     3.5441   2.775230     15.400  552856678    29.7466    23.6497 0.0000e+00
     4.3567   2.816190     14.490  552856679    29.4899    23.3731 0.0000e+00
     5.0992   2.870050     12.960  552856681    29.4464    23.2652 0.0000e+00
     5.8183   2.882820     12.090  552856682    28.9643    22.8073 0.0000e+00
     6.2806   2.916970     10.570  552856684    28.9463    22.7407 0.0000e+00
     6.6438   2.912700     10.190  552856685    28.5940    22.4204 0.0000e+00
     7.1526   2.968020      8.810  552856687    28.7657    22.4931 0.0000e+00
     8.1933   2.991980      8.120  552856688    28.1683    21.8880 0.0000e+00
    10.1502   3.077180      7.160  552856690    27.5061    21.0844 0.0000e+00
    12.1201   3.086850      6.890  552856691    26.1655    19.7179 0.0000e+00
    14.1280   3.153730      5.990  552856693    25.4156    18.7698 0.0000e+00
    14.9733   3.108430      5.640  552856694    24.4757    17.8811 0.0000e+00
    15.3032   3.136720      4.830  552856696    24.5152    17.8449 0.0000e+00
    15.3898   3.107030      4.360  552856697    24.2061    17.5902 0.0000e+00
    15.4204   3.160480      3.390  552856699    24.6474    17.9223 0.0000e+00
    15.5256   3.154050      2.760  552856700    24.5268    17.8083 0.0000e+00
    15.7646   3.178800      1.880  552856702    24.5908    17.8079 0.0000e+00
    17.0433   3.201360      1.900  552856703    24.0051    17.0867 0.0000e+00
    17.6071   3.259110      2.090  552856705    24.1464    17.0694 0.0000e+00
    17.6178   3.235700      1.890  552856706    23.9487    16.9161 0.0000e+00
    17.5636   3.230510      1.520  552856708    23.9381    16.9203 0.0000e+00
    17.5930   3.268340      1.020  552856710    24.2306    17.1368 0.0000e+00
    17.6250   3.261700      0.750  552856711    24.1574    17.0737 0.0000e+00
    17.6250   3.267930      0.350  552856713    24.2085    17.1127 0.0000e+00
    17.6346   3.265010      0.480  552856714    24.1789    17.0879 0.0000e+00
    17.6400   3.276630      0.360  552856716    24.2708    17.1568 0.0000e+00
    17.6412   3.285070      0.080  552856717    24.3392    17.2088 0.0000e+00
    17.6316   2.598180     -0.360  552856719    18.8041    12.9927 0.0000e+00
    17.6133   0.397250     -0.370  552856720     2.4842     0.5713 0.0000e+00
    17.5396   0.311620     -0.380  552856722     1.9237     0.1564 0.0000e+00
    17.4705   0.253060     -0.370  552856723     1.5463    -0.1198 0.0000e+00
    17.3684   0.194820     -0.370  552856725     1.1767    -0.3845 0.0000e+00
    17.2582   0.151080     -0.370  552856726     0.9033    -0.5743 0.0000e+00
    16.7627   0.094910     -0.370  552856728     0.5625    -0.7493 0.0000e+00
    16.7603   0.107200     -0.370  552856729     0.6387    -0.6903 0.0000e+00
    16.7645   0.132340     -0.370  552856731     0.7958    -0.5702 0.0000e+00
    16.7784   0.120740     -0.370  552856732     0.7228    -0.6287 0.0000e+00
    16.7939   0.086570     -0.370  552856734     0.5108    -0.7944 0.0000e+00
    16.8035   0.098650     -0.360  552856735     0.5850    -0.7390 0.0000e+00
    16.7781   0.084550     -0.360  552856737     0.4986    -0.8011 0.0000e+00
    16.3652   0.082800     -0.360  552856739     0.4928    -0.7354 0.0000e+00
    16.3572   0.164290     -0.360  552856740     1.0082    -0.3373 0.0000e+00
    16.4565   0.174350     -0.360  552856742     1.0705    -0.3062 0.0000e+00
    16.5512   0.186740     -0.350  552856743     1.1480    -0.2629 0.0000e+00
    16.6419   0.208700     -0.350  552856745     1.2876    -0.1712 0.0000e+00
    16.7010   0.191000     -0.350  552856746     1.1712    -0.2708 0.0000e+00
    16.7541   0.229200     -0.350  552856748     1.4173    -0.0911 0.0000e+00
    16.7898   0.218510     -0.350  552856749     1.3465    -0.1516 0.0000e+00
    16.8254   0.194540     -0.350  552856751     1.1904    -0.2776 0.0000e+00
    16.8439   0.196730     -0.350  552856752     1.2040    -0.2704 0.0000e+00
    16.8676   0.202490     -0.350  552856754     1.2404    -0.2466 0.0000e+00
    16.8784   0.190290     -0.350  552856755     1.1616    -0.3090 0.0000e+00
    16.8953   0.203760     -0.350  552856757     1.2478    -0.2458 0.0000e+00
    16.9030   0.208050     -0.350  552856758     1.2752    -0.2261 0.0000e+00
    16.9185   0.270520     -0.350  552856760     1.6815     0.0828 0.0000e+00
    16.9274   0.272740     -0.350  552856761     1.6958     0.0921 0.0000e+00
    16.9427   0.264720     -0.350  552856763     1.6425     0.0486 0.0000e+00
    16.9566   0.255150     -0.350  552856764     1.5793    -0.0023 0.0000e+00
    16.9561   0.246400     -0.350  552856766     1.5222    -0.0460 0.0000e+00
    16.9713   0.241430     -0.350  552856767     1.4893    -0.0739 0.0000e+00
    16.9788   0.230810     -0.350  552856769     1.4200    -0.1284 0.0000e+00
    16.9810   0.224480     -0.350  552856771     1.3789    -0.1603 0.0000e+00
    16.9831   0.213580     -0.350  552856772     1.3084    -0.2147 0.0000e+00
    16.9927   0.205790     -0.350  552856774     1.2579    -0.2552 0.0000e+00
    17.0012   0.197920     -0.350  552856775     1.2070    -0.2957 0.0000e+00
    16.9958   0.190140     -0.350  552856777     1.1573    -0.3329 0.0000e+00
    16.9946   0.183050     -0.350  552856778     1.1120    -0.3674 0.0000e+00
    16.9922   0.177140     -0.340  552856780     1.0744    -0.3959 0.0000e+00
    16.9817   0.171950     -0.340  552856781     1.0416    -0.4192 0.0000e+00
    16.9526   0.166570     -0.340  552856783     1.0082    -0.4398 0.0000e+00
    16.9154   0.161530     -0.350  552856784     0.9770    -0.4571 0.0000e+00
    16.8865   0.156300     -0.340  552856786     0.9445    -0.4771 0.0000e+00
    16.8757   0.151890     -0.340  552856787     0.9169    -0.4964 0.0000e+00
    16.8556   0.147470     -0.340  552856789     0.8894    -0.5141 0.0000e+00
    16.8508   0.143840     -0.340  552856790     0.8665    -0.5308 0.0000e+00
    16.8270   0.140700     -0.340  552856792     0.8472    -0.5415 0.0000e+00
    16.8265   0.137270     -0.340  552856793     0.8256    -0.5580 0.0000e+00
    16.8113   0.134630     -0.340  552856795     0.8093    -0.5679 0.0000e+00
    16.7873   0.131870     -0.340  552856796     0.7924    -0.5767 0.0000e+00
    16.7726   0.129100     -0.340  552856798     0.7753    -0.5873 0.0000e+00
    16.7611   0.127200     -0.340  552856799     0.7636    -0.5944 0.0000e+00
    16.7420   0.124310     -0.340  552856801     0.7458    -0.6047 0.0000e+00
    16.7267   0.122930     -0.340  552856803     0.7374    -0.6085 0.0000e+00
    16.7233   0.120410     -0.340  552856804     0.7217    -0.6201 0.0000e+00
    16.7450   0.119190     -0.340  552856806     0.7137    -0.6300 0.0000e+00
    16.7698   0.116820     -0.340  552856807     0.6984    -0.6459 0.0000e+00
    16.7658   0.115990     -0.340  552856809     0.6933    -0.6492 0.0000e+00
    16.7766   0.113860     -0.340  552856810     0.6798    -0.6614 0.0000e+00
    16.7969   0.112190     -0.340  552856812     0.6691    -0.6732 0.0000e+00
    16.8462   0.110200     -0.340  552856813     0.6560    -0.6918 0.0000e+00
    16.8754   0.109180     -0.340  552856815     0.6492    -0.7021 0.0000e+00
    16.8826   0.109610     -0.340  552856816     0.6517    -0.7014 0.0000e+00
    16.8936   0.107920     -0.340  552856818     0.6411    -0.7115 0.0000e+00
    16.9173   0.106790     -0.340  552856819     0.6337    -0.7213 0.0000e+00
    16.9128   0.104550     -0.340  552856821     0.6199    -0.7311 0.0000e+00
    16.9003   0.101670     -0.340  552856822     0.6023    -0.7425 0.0000e+00
    16.9075   0.100610     -0.340  552856824     0.5957    -0.7488 0.0000e+00
    16.9160   0.098770     -0.340  552856825     0.5842    -0.7591 0.0000e+00
    16.9237   0.097710     -0.340  552856827     0.5776    -0.7656 0.0000e+00
    16.9310   0.096250     -0.340  552856828     0.5685    -0.7738 0.0000e+00
    16.9377   0.095370     -0.340  552856830     0.5630    -0.7792 0.0000e+00
    16.9401   0.094540     -0.340  552856832     0.5579    -0.7836 0.0000e+00
    16.9426   0.093250     -0.340  552856833     0.5499    -0.7902 0.0000e+00
    16.9440   0.133520     -0.350  552856835     0.7997    -0.5983 0.0000e+00
    16.9332   0.087840     -0.350  552856836     0.5169    -0.8139 0.0000e+00
    16.9374   0.058430     -0.350  552856838     0.3388    -0.9517 0.0000e+00
    16.9395   0.054470     -0.350  552856839     0.3152    -0.9703 0.0000e+00
    16.9212   0.050770     -0.350  552856841     0.2933    -0.9839 0.0000e+00
    16.9043   0.047520     -0.350  552856842     0.2741    -0.9958 0.0000e+00
    16.8764   0.040170     -0.350  552856844     0.2309    -1.0242 0.0000e+00
    16.8585   0.040010     -0.350  552856845     0.2301    -1.0218 0.0000e+00
    16.8460   0.042880     -0.350  552856847     0.2471    -1.0065 0.0000e+00
    16.8235   0.056720     -0.350  552856848     0.3295    -0.9391 0.0000e+00
    16.8211   0.054950     -0.340  552856850     0.3189    -0.9469 0.0000e+00
    16.8336   0.062450     -0.340  552856851     0.3638    -0.9145 0.0000e+00
    16.8558   0.074960     -0.350  552856853     0.4392    -0.8602 0.0000e+00
    16.8908   0.074790     -0.350  552856854     0.4378    -0.8674 0.0000e+00
    16.9197   0.067120     -0.340  552856856     0.3912    -0.9083 0.0000e+00
    16.9285   0.054720     -0.350  552856857     0.3167    -0.9671 0.0000e+00
    16.9090   0.046650     -0.340  552856859     0.2689    -1.0006 0.0000e+00
    16.8784   0.043550     -0.340  552856860     0.2508    -1.0092 0.0000e+00
    16.9107   0.040610     -0.350  552856862     0.2333    -1.0283 0.0000e+00
    16.9290   0.043800     -0.350  552856864     0.2520    -1.0171 0.0000e+00
    16.9755   0.047490     -0.350  552856865     0.2735    -1.0086 0.0000e+00
    16.9946   0.052550     -0.350  552856867     0.3033    -0.9890 0.0000e+00
    17.0393   0.055040     -0.350  552856868     0.3178    -0.9856 0.0000e+00
    17.0670   0.057890     -0.350  552856870     0.3346    -0.9776 0.0000e+00
    17.1053   0.061890     -0.350  552856871     0.3581    -0.9662 0.0000e+00
    17.1355   0.061430     -0.350  552856873     0.3551    -0.9738 0.0000e+00
    17.1657   0.054930     -0.350  552856874     0.3162    -1.0091 0.0000e+00
    17.1949   0.052320     -0.350  552856876     0.3006    -1.0263 0.0000e+00
    17.2232   0.049470     -0.350  552856877     0.2836    -1.0444 0.0000e+00
    17.2300   0.045600     -0.350  552856879     0.2608    -1.0631 0.0000e+00
    17.5647   2.102830     -0.350  552856880    14.9429    10.0677 0.0000e+00
    17.6007   1.780750     -0.070  552856882    12.4559     8.1681 0.0000e+00
    17.6173   3.321150      0.180  552856883    24.6492    17.4507 0.0000e+00
    17.6294   3.329560      0.480  552856885    24.7109    17.4949 0.0000e+00
    17.6349   3.332110      0.760  552856886    24.7284    17.5071 0.0000e+00
    17.6199   3.332660      1.260  552856888    24.7418    17.5207 0.0000e+00
    17.6331   3.332010      1.650  552856889    24.7284    17.5075 0.0000e+00
    17.6017   3.332630      2.230  552856891    24.7523    17.5329 0.0000e+00
    17.6272   3.331590      2.660  552856892    24.7282    17.5087 0.0000e+00
    17.4244   3.293810      3.280  552856894    24.5401    17.4107 0.0000e+00
    15.6787   3.253360      3.670  552856896    25.2830    18.3563 0.0000e+00
    15.6155   3.227990      3.990  552856897    25.1051    18.2331 0.0000e+00
    15.5255   3.218430      4.080  552856899    25.0800    18.2324 0.0000e+00
    15.5107   3.209760      4.350  552856900    25.0146    18.1854 0.0000e+00
    15.4679   3.205050      4.720  552856902    25.0010    18.1838 0.0000e+00
    15.4336   3.198850      5.210  552856903    24.9692    18.1664 0.0000e+00
    15.3980   3.195150      5.630  552856905    24.9596    18.1664 0.0000e+00
    15.3693   3.189860      6.280  552856906    24.9319    18.1511 0.0000e+00
    15.1174   3.198870      6.800  552856908    25.1702    18.3852 0.0000e+00
    14.6412   3.190670      7.740  552856909    25.4060    18.6619 0.0000e+00
    11.8886   3.199340      7.850  552856911    27.3898    20.7062 0.0000e+00
    10.8680   3.127420      8.720  552856912    27.4567    20.9309 0.0000e+00
     9.1999   3.167770      8.910  552856914    29.1617    22.5208 0.0000e+00
     8.4904   3.068430      9.760  552856915    28.7203    22.2789 0.0000e+00
     7.4396   3.070820     10.370  552856917    29.6208    23.1279 0.0000e+00
     6.9012   3.016110     11.180  552856918    29.4941    23.0973 0.0000e+00
     6.5136   2.988160     12.050  552856920    29.5240    23.1683 0.0000e+00
     6.2287   2.978160     12.760  552856921    29.6615    23.3105 0.0000e+00
     5.9668   2.964180     13.530  552856923    29.7361    23.3997 0.0000e+00
     5.6087   2.957370     14.180  552856924    29.9767    23.6300 0.0000e+00
     5.3874   2.956510     14.730  552856926    30.1649    23.8030 0.0000e+00
     4.8044   2.906640     15.570  552856927    30.1252    23.8328 0.0000e+00
     4.3441   3.010480     15.850  552856929    31.7546    25.1715 0.0000e+00
     4.0379   2.887330     16.610  552856931    30.6069    24.2897 0.0000e+00
     3.7354   2.951890     17.000  552856932    31.6546    25.1507 0.0000e+00
     3.5365   2.909430     17.680  552856934    31.3429    24.9207 0.0000e+00
