Code/Hansen Zooplankton Code and Sample Data/data/ctd/gsl_05_SBE37SI-RS232_03706156_2017_07_08.cnv
* Sea-Bird SBE37SI-RS232  Data File:
* FileName = C:\Users\General Lab Use\Desktop\SHELAGH CTD 2017\gsl_05_SBE37SI-RS232_03706156_2017_07_08.cnv
* Software version 1.00d
* Temperature SN = 6156
* Conductivity SN = 6156
* System UpLoad Time = Jul 09 2017 00:00:20
* <ApplicationData>
* <Seaterm232>
# nquan = 5
# nvalues = 1823
# units = specified
# name 0 = t090C: Temperature [ITS-90, deg C]
# name 1 = c0S/m: Conductivity [S/m]
# name 2 = prM: Pressure [db]
# name 3 = timeK: Time, Seacat Plus [seconds]
# name 4 = flag: Flag
# span 0 =     -0.1402,    21.3840
# span 1 =    0.000527,   3.349358
# span 2 =      -0.402,     83.604
# span 3 =   552856310,  552859088
# span 4 =  0.0000e+00, 0.0000e+00
# interval = seconds: 6.000000
# start_time = Jul 08 2017 19:11:50
# bad_flag = -9.990e-29
*END*
    21.3723    0.05703      -0.37  552856310 0.0000e+00
    21.3727    0.05673      -0.37  552856311 0.0000e+00
    21.3731    0.05715      -0.37  552856313 0.0000e+00
    21.3731    0.05667      -0.37  552856314 0.0000e+00
    21.3740    0.05731      -0.37  552856316 0.0000e+00
    21.3740    0.04664      -0.37  552856317 0.0000e+00
    21.3749    0.02234      -0.37  552856319 0.0000e+00
    21.3762    0.01487      -0.37  552856320 0.0000e+00
    21.3781    0.03015      -0.37  552856322 0.0000e+00
    21.3805    0.04516      -0.37  552856323 0.0000e+00
    21.3798    0.02216      -0.37  552856325 0.0000e+00
    21.3806    0.01578      -0.38  552856326 0.0000e+00
    21.3840    0.01497      -0.38  552856328 0.0000e+00
    21.3438    0.01616      -0.37  552856329 0.0000e+00
    21.2590    0.02133      -0.37  552856331 0.0000e+00
    21.1987    0.01392      -0.37  552856332 0.0000e+00
    21.1342    0.01079      -0.37  552856334 0.0000e+00
    21.0589    0.00655      -0.38  552856336 0.0000e+00
    20.9509    0.00554      -0.37  552856338 0.0000e+00
    20.8608    0.00602      -0.37  552856339 0.0000e+00
    20.7977    0.00661      -0.37  552856341 0.0000e+00
    20.7396    0.00647      -0.37  552856342 0.0000e+00
    20.6578    0.00669      -0.37  552856344 0.0000e+00
    20.5503    0.00260      -0.38  552856345 0.0000e+00
    20.4735    0.00184      -0.38  552856347 0.0000e+00
    20.3761    0.00149      -0.37  552856349 0.0000e+00
    20.3171    0.00153      -0.38  552856350 0.0000e+00
    20.2303    0.00130      -0.38  552856352 0.0000e+00
    20.0935    0.00129      -0.37  552856353 0.0000e+00
    19.9554    0.00112      -0.38  552856355 0.0000e+00
    19.8590    0.00102      -0.38  552856356 0.0000e+00
    19.7726    0.00094      -0.38  552856358 0.0000e+00
    19.6845    0.00092      -0.37  552856359 0.0000e+00
    19.6112    0.00093      -0.38  552856361 0.0000e+00
    19.5415    0.00096      -0.37  552856362 0.0000e+00
    19.4805    0.00096      -0.38  552856364 0.0000e+00
    19.4178    0.00096      -0.38  552856365 0.0000e+00
    19.3649    0.00099      -0.38  552856367 0.0000e+00
    19.3257    0.00089      -0.37  552856368 0.0000e+00
    19.2840    0.00094      -0.37  552856370 0.0000e+00
    19.2557    0.00084      -0.38  552856371 0.0000e+00
    19.2077    0.00084      -0.38  552856373 0.0000e+00
    19.1813    0.00081      -0.38  552856374 0.0000e+00
    19.1445    0.00081      -0.38  552856376 0.0000e+00
    19.1073    0.00076      -0.38  552856378 0.0000e+00
    19.0712    0.00066      -0.38  552856379 0.0000e+00
    19.0672    0.00070      -0.37  552856381 0.0000e+00
    19.0720    0.00068      -0.38  552856382 0.0000e+00
    19.0885    0.00065      -0.38  552856384 0.0000e+00
    19.0993    0.00065      -0.37  552856385 0.0000e+00
    19.1197    0.00066      -0.37  552856387 0.0000e+00
    19.1226    0.00067      -0.37  552856388 0.0000e+00
    19.1091    0.00067      -0.37  552856390 0.0000e+00
    19.0743    0.00066      -0.37  552856391 0.0000e+00
    19.0435    0.00063      -0.37  552856393 0.0000e+00
    19.0261    0.00063      -0.37  552856394 0.0000e+00
    19.0316    0.00073      -0.38  552856396 0.0000e+00
    19.0663    0.00064      -0.38  552856397 0.0000e+00
    19.0963    0.00061      -0.38  552856399 0.0000e+00
    19.0906    0.00057      -0.38  552856400 0.0000e+00
    19.0846    0.00055      -0.38  552856402 0.0000e+00
    19.0796    0.00055      -0.37  552856403 0.0000e+00
    19.0828    0.00054      -0.38  552856405 0.0000e+00
    19.0829    0.00053      -0.38  552856406 0.0000e+00
    19.0918    0.00053      -0.37  552856408 0.0000e+00
    19.1046    0.00053      -0.37  552856410 0.0000e+00
    18.0902    3.14303       0.24  552856411 0.0000e+00
    17.6216    3.33589       1.33  552856413 0.0000e+00
    17.5951    3.34719       2.05  552856414 0.0000e+00
    17.4897    3.34936       1.86  552856416 0.0000e+00
    17.5437    3.34422       2.26  552856417 0.0000e+00
    17.5587    3.34931       1.82  552856419 0.0000e+00
    17.5708    3.34290       2.19  552856420 0.0000e+00
    17.5774    3.32913       1.87  552856422 0.0000e+00
    17.4588    3.32638       2.15  552856423 0.0000e+00
    17.4432    3.33332       1.90  552856425 0.0000e+00
    17.4495    3.33414       2.05  552856426 0.0000e+00
    17.4633    3.33750       2.07  552856428 0.0000e+00
    17.5122    3.33907       1.89  552856429 0.0000e+00
    17.5131    3.33584       2.11  552856431 0.0000e+00
    17.4692    3.33923       1.88  552856432 0.0000e+00
    17.4937    3.34226       1.98  552856434 0.0000e+00
    17.5390    3.34292       2.04  552856435 0.0000e+00
    17.5500    3.33236       1.95  552856437 0.0000e+00
    17.5347    3.34232       2.01  552856438 0.0000e+00
    17.5367    3.34410       1.94  552856440 0.0000e+00
    17.5341    3.34739       2.08  552856442 0.0000e+00
    17.5474    3.34720       1.90  552856443 0.0000e+00
    17.5209    3.34483       2.01  552856445 0.0000e+00
    17.5198    3.34430       2.09  552856446 0.0000e+00
    17.5307    3.34356       1.87  552856448 0.0000e+00
    17.5411    3.34514       2.04  552856449 0.0000e+00
    17.5439    3.34718       2.03  552856451 0.0000e+00
    17.5387    3.34583       1.94  552856452 0.0000e+00
    17.5675    3.34916       2.03  552856454 0.0000e+00
    17.5669    3.34724       2.04  552856455 0.0000e+00
    17.5231    3.34821       2.04  552856457 0.0000e+00
    17.5009    3.34736       2.08  552856458 0.0000e+00
    17.5354    3.34146       1.67  552856460 0.0000e+00
    17.5196    3.34068       0.94  552856461 0.0000e+00
    17.5156    3.33996       0.52  552856463 0.0000e+00
    17.4975    3.33878       0.15  552856464 0.0000e+00
    17.4902    3.33051       0.77  552856466 0.0000e+00
    17.5168    3.33975       1.19  552856467 0.0000e+00
    17.6142    3.34526       2.43  552856469 0.0000e+00
    17.6379    3.34693       2.84  552856470 0.0000e+00
    17.0206    3.27160       4.11  552856472 0.0000e+00
    15.6918    3.24747       4.52  552856474 0.0000e+00
    15.5298    3.20586       5.62  552856475 0.0000e+00
    15.4042    3.21122       6.07  552856477 0.0000e+00
    15.2366    3.19886       7.18  552856478 0.0000e+00
    13.9837    3.20235       7.72  552856480 0.0000e+00
    10.4736    3.10465       8.95  552856481 0.0000e+00
     8.4431    3.06915       9.88  552856483 0.0000e+00
     7.1445    3.01138      11.06  552856484 0.0000e+00
     6.2955    2.97268      12.31  552856486 0.0000e+00
     5.9307    2.95808      13.21  552856487 0.0000e+00
     5.3620    2.92854      14.17  552856489 0.0000e+00
     4.6702    2.89684      15.22  552856490 0.0000e+00
     4.0054    2.86909      15.90  552856492 0.0000e+00
     3.4917    2.83369      17.03  552856493 0.0000e+00
     3.3530    2.83174      17.76  552856495 0.0000e+00
     2.4576    2.76855      19.12  552856496 0.0000e+00
     2.0466    2.77670      19.71  552856498 0.0000e+00
     1.4955    2.71255      21.01  552856499 0.0000e+00
     1.3201    2.71542      21.54  552856501 0.0000e+00
     0.6360    2.67072      22.72  552856502 0.0000e+00
     0.5329    2.66394      23.48  552856504 0.0000e+00
     0.2561    2.65396      24.61  552856505 0.0000e+00
     0.2366    2.64356      25.32  552856507 0.0000e+00
     0.1508    2.63598      26.30  552856509 0.0000e+00
     0.1512    2.62798      27.14  552856510 0.0000e+00
     0.0961    2.63385      28.22  552856512 0.0000e+00
     0.1434    2.63357      29.14  552856513 0.0000e+00
     0.1211    2.63098      30.32  552856515 0.0000e+00
     0.0199    2.63094      31.19  552856516 0.0000e+00
    -0.0903    2.62275      32.30  552856518 0.0000e+00
    -0.0847    2.62537      33.16  552856519 0.0000e+00
    -0.0798    2.62254      34.03  552856521 0.0000e+00
    -0.0850    2.61892      35.09  552856522 0.0000e+00
    -0.0899    2.62856      35.88  552856524 0.0000e+00
     0.0020    2.62751      36.96  552856525 0.0000e+00
     0.0719    2.63383      37.88  552856527 0.0000e+00
     0.0910    2.63780      38.96  552856528 0.0000e+00
     0.1312    2.64190      40.08  552856530 0.0000e+00
     0.1280    2.65336      40.88  552856531 0.0000e+00
     0.1191    2.64469      42.07  552856533 0.0000e+00
     0.1153    2.65380      42.85  552856534 0.0000e+00
     0.1116    2.64570      43.97  552856536 0.0000e+00
     0.1093    2.65514      44.43  552856537 0.0000e+00
     0.0936    2.64515      45.62  552856539 0.0000e+00
     0.0811    2.65223      46.23  552856540 0.0000e+00
     0.0067    2.64207      47.29  552856542 0.0000e+00
    -0.0632    2.64291      48.33  552856544 0.0000e+00
    -0.0807    2.64406      49.07  552856545 0.0000e+00
    -0.1179    2.63518      50.34  552856547 0.0000e+00
    -0.0645    2.64502      51.27  552856548 0.0000e+00
    -0.0370    2.64527      52.59  552856550 0.0000e+00
    -0.0201    2.65006      53.53  552856551 0.0000e+00
     0.0487    2.65496      55.04  552856553 0.0000e+00
     0.0333    2.65769      55.47  552856554 0.0000e+00
    -0.1016    2.64647      56.84  552856556 0.0000e+00
    -0.1089    2.64834      57.99  552856557 0.0000e+00
    -0.0940    2.65204      58.82  552856559 0.0000e+00
    -0.0785    2.65169      60.31  552856560 0.0000e+00
    -0.0466    2.65715      60.95  552856562 0.0000e+00
    -0.0091    2.65830      62.40  552856563 0.0000e+00
     0.0444    2.66266      62.84  552856565 0.0000e+00
     0.0710    2.66609      64.20  552856566 0.0000e+00
     0.0747    2.66942      64.93  552856568 0.0000e+00
     0.0744    2.67106      65.84  552856569 0.0000e+00
     0.0913    2.67340      67.12  552856571 0.0000e+00
     0.1027    2.67505      67.54  552856572 0.0000e+00
     0.1140    2.67653      68.58  552856574 0.0000e+00
     0.1180    2.67716      69.55  552856576 0.0000e+00
     0.1200    2.67865      70.20  552856577 0.0000e+00
     0.1187    2.67793      71.30  552856579 0.0000e+00
     0.1246    2.67903      72.15  552856580 0.0000e+00
     0.1468    2.68080      72.84  552856582 0.0000e+00
     0.1485    2.68079      74.05  552856583 0.0000e+00
     0.1522    2.68216      74.52  552856585 0.0000e+00
     0.1605    2.68266      75.67  552856586 0.0000e+00
     0.1670    2.68403      76.49  552856588 0.0000e+00
     0.1780    2.68563      77.38  552856589 0.0000e+00
     0.1831    2.68621      78.27  552856591 0.0000e+00
     0.1831    2.68665      79.11  552856592 0.0000e+00
     0.1861    2.68689      80.03  552856594 0.0000e+00
     0.1873    2.68756      80.92  552856595 0.0000e+00
     0.1887    2.68762      82.02  552856597 0.0000e+00
     0.1902    2.68806      82.51  552856598 0.0000e+00
     0.1914    2.68862      82.97  552856600 0.0000e+00
     0.1920    2.68881      83.44  552856601 0.0000e+00
     0.1941    2.68925      83.50  552856603 0.0000e+00
     0.1942    2.68013      83.54  552856604 0.0000e+00
     0.1956    2.67412      83.60  552856606 0.0000e+00
     0.1951    2.67919      83.52  552856608 0.0000e+00
     0.1972    2.69073      83.21  552856609 0.0000e+00
     0.1942    2.68899      82.31  552856611 0.0000e+00
     0.1912    2.68982      81.58  552856612 0.0000e+00
     0.1886    2.68750      79.63  552856614 0.0000e+00
     0.1875    2.68701      78.05  552856615 0.0000e+00
     0.1814    2.68572      76.09  552856617 0.0000e+00
     0.1719    2.68381      74.39  552856618 0.0000e+00
     0.1547    2.68066      71.95  552856620 0.0000e+00
     0.1413    2.67872      70.01  552856621 0.0000e+00
     0.1188    2.67592      67.55  552856623 0.0000e+00
     0.1076    2.67307      65.51  552856624 0.0000e+00
     0.0814    2.67124      64.95  552856626 0.0000e+00
     0.0758    2.66913      63.79  552856627 0.0000e+00
     0.0714    2.66358      61.73  552856629 0.0000e+00
     0.0197    2.66053      61.02  552856630 0.0000e+00
    -0.0252    2.65136      59.19  552856632 0.0000e+00
    -0.0892    2.64573      57.18  552856633 0.0000e+00
    -0.1188    2.64443      55.22  552856635 0.0000e+00
     0.0249    2.64990      53.18  552856636 0.0000e+00
    -0.0368    2.64133      51.53  552856638 0.0000e+00
    -0.0438    2.63854      50.90  552856639 0.0000e+00
    -0.0715    2.63629      50.70  552856641 0.0000e+00
    -0.1168    2.62930      49.27  552856643 0.0000e+00
    -0.0803    2.63060      47.14  552856644 0.0000e+00
     0.0238    2.63363      46.23  552856646 0.0000e+00
     0.0746    2.63514      44.18  552856647 0.0000e+00
     0.0957    2.63447      42.98  552856649 0.0000e+00
     0.1092    2.63323      40.73  552856650 0.0000e+00
     0.1243    2.63128      39.67  552856652 0.0000e+00
     0.1157    2.62226      37.65  552856653 0.0000e+00
     0.0040    2.60973      36.38  552856655 0.0000e+00
    -0.0384    2.59988      34.57  552856656 0.0000e+00
    -0.0898    2.59706      32.94  552856658 0.0000e+00
    -0.0982    2.59393      31.43  552856659 0.0000e+00
    -0.0451    2.59682      30.05  552856661 0.0000e+00
     0.1460    2.60367      28.69  552856662 0.0000e+00
     0.1096    2.59092      27.30  552856664 0.0000e+00
     0.1226    2.58318      26.06  552856665 0.0000e+00
     0.1382    2.58445      24.60  552856667 0.0000e+00
     0.2529    2.59186      23.38  552856668 0.0000e+00
     0.4952    2.60796      21.87  552856670 0.0000e+00
     1.1448    2.64469      20.57  552856671 0.0000e+00
     1.6847    2.67058      19.35  552856673 0.0000e+00
     2.1872    2.71142      17.94  552856675 0.0000e+00
     3.2188    2.74743      16.95  552856676 0.0000e+00
     3.5441    2.77523      15.40  552856678 0.0000e+00
     4.3567    2.81619      14.49  552856679 0.0000e+00
     5.0992    2.87005      12.96  552856681 0.0000e+00
     5.8183    2.88282      12.09  552856682 0.0000e+00
     6.2806    2.91697      10.57  552856684 0.0000e+00
     6.6438    2.91270      10.19  552856685 0.0000e+00
     7.1526    2.96802       8.81  552856687 0.0000e+00
     8.1933    2.99198       8.12  552856688 0.0000e+00
    10.1502    3.07718       7.16  552856690 0.0000e+00
    12.1201    3.08685       6.89  552856691 0.0000e+00
    14.1280    3.15373       5.99  552856693 0.0000e+00
    14.9733    3.10843       5.64  552856694 0.0000e+00
    15.3032    3.13672       4.83  552856696 0.0000e+00
    15.3898    3.10703       4.36  552856697 0.0000e+00
    15.4204    3.16048       3.39  552856699 0.0000e+00
    15.5256    3.15405       2.76  552856700 0.0000e+00
    15.7646    3.17880       1.88  552856702 0.0000e+00
    17.0433    3.20136       1.90  552856703 0.0000e+00
    17.6071    3.25911       2.09  552856705 0.0000e+00
    17.6178    3.23570       1.89  552856706 0.0000e+00
    17.5636    3.23051       1.52  552856708 0.0000e+00
    17.5930    3.26834       1.02  552856710 0.0000e+00
    17.6250    3.26170       0.75  552856711 0.0000e+00
    17.6250    3.26793       0.35  552856713 0.0000e+00
    17.6346    3.26501       0.48  552856714 0.0000e+00
    17.6400    3.27663       0.36  552856716 0.0000e+00
    17.6412    3.28507       0.08  552856717 0.0000e+00
    17.6316    2.59818      -0.36  552856719 0.0000e+00
    17.6133    0.39725      -0.37  552856720 0.0000e+00
    17.5396    0.31162      -0.38  552856722 0.0000e+00
    17.4705    0.25306      -0.37  552856723 0.0000e+00
    17.3684    0.19482      -0.37  552856725 0.0000e+00
    17.2582    0.15108      -0.37  552856726 0.0000e+00
    16.7627    0.09491      -0.37  552856728 0.0000e+00
    16.7603    0.10720      -0.37  552856729 0.0000e+00
    16.7645    0.13234      -0.37  552856731 0.0000e+00
    16.7784    0.12074      -0.37  552856732 0.0000e+00
    16.7939    0.08657      -0.37  552856734 0.0000e+00
    16.8035    0.09865      -0.36  552856735 0.0000e+00
    16.7781    0.08455      -0.36  552856737 0.0000e+00
    16.3652    0.08280      -0.36  552856739 0.0000e+00
    16.3572    0.16429      -0.36  552856740 0.0000e+00
    16.4565    0.17435      -0.36  552856742 0.0000e+00
    16.5512    0.18674      -0.35  552856743 0.0000e+00
