Code/Hansen Zooplankton Code and Sample Data/data/ctd/gsl_07_SBE37SI-RS232_03706156_2017_08_02_final.cnv
* Sea-Bird SBE37SI-RS232  Data File:
* FileName = C:\Users\General Lab Use\Desktop\SHELAGH CTD 2017\gsl_07_SBE37SI-RS232_03706156_2017_08_02.cnv
* Software version 1.00d
* Temperature SN = 6156
* Conductivity SN = 6156
* System UpLoad Time = Aug 02 2017 18:17:22
* <ApplicationData>
* <Seaterm232>
# nquan = 7                                 
# nvalues = 1319                        
# units = specified
# name 0 = t090C: Temperature [ITS-90, deg C]
# name 1 = c0S/m: Conductivity [S/m]
# name 2 = prM: Pressure [db]
# name 3 = timeK: Time, Seacat Plus [seconds]
# name 4 = sal00: Salinity [PSU]
# name 5 = sigma-t00: Density [sigma-t, Kg/m^3 ]
# name 6 = flag: flag
# span 0 =     0.0424,    20.8527       
# span 1 =  -0.013530,   3.627840       
# span 2 =     -0.230,    107.690       
# span 3 =  554998957,  555000967       
# span 4 =     0.0000,    32.5999       
# span 5 =    -1.8914,    26.1476       
# span 6 = 0.0000e+00, 0.0000e+00       
# interval = seconds: 6.000000
# start_time = Aug 02 2017 14:22:37
# bad_flag = -9.990e-29
*END*
[from data line 616]
     0.1494   2.664060     47.050  554999896    31.6491    25.3951 0.0000e+00
     0.1355   2.663130     47.720  554999898    31.6509    25.3972 0.0000e+00
     0.1273   2.662690     48.460  554999899    31.6532    25.3994 0.0000e+00
     0.1219   2.662880     49.180  554999901    31.6608    25.4058 0.0000e+00
     0.1299   2.664040     49.910  554999902    31.6673    25.4107 0.0000e+00
     0.1403   2.664660     50.860  554999904    31.6641    25.4076 0.0000e+00
     0.1761   2.667900     51.770  554999905    31.6690    25.4099 0.0000e+00
     0.2019   2.668860     52.830  554999907    31.6543    25.3969 0.0000e+00
     0.1109   2.666810     53.630  554999908    31.7211    25.4549 0.0000e+00
     0.0764   2.666880     54.520  554999910    31.7573    25.4856 0.0000e+00
     0.0647   2.666700     55.160  554999911    31.7667    25.4937 0.0000e+00
     0.0503   2.670070     56.150  554999913    31.8253    25.5416 0.0000e+00
     0.0478   2.669610     56.830  554999915    31.8215    25.5387 0.0000e+00
     0.0658   2.672950     57.940  554999916    31.8459    25.5576 0.0000e+00
     0.0656   2.674660     58.690  554999918    31.8681    25.5755 0.0000e+00
     0.1094   2.681870     59.650  554999919    31.9165    25.6125 0.0000e+00
     0.1554   2.686380     60.040  554999921    31.9274    25.6192 0.0000e+00
     0.2020   2.691850     60.860  554999922    31.9499    25.6352 0.0000e+00
     0.2836   2.699260     61.670  554999924    31.9613    25.6404 0.0000e+00
     0.3432   2.704890     62.540  554999925    31.9721    25.6463 0.0000e+00
     0.3554   2.706960     63.330  554999927    31.9859    25.6568 0.0000e+00
     0.3649   2.708860     64.230  554999928    32.0003    25.6679 0.0000e+00
     0.4203   2.713180     64.900  554999930    31.9985    25.6637 0.0000e+00
     0.4606   2.716200     65.390  554999931    31.9956    25.6593 0.0000e+00
     0.4758   2.716960     65.770  554999933    31.9894    25.6536 0.0000e+00
     0.4864   2.720990     66.430  554999934    32.0303    25.6860 0.0000e+00
     0.4909   2.721710     66.870  554999936    32.0347    25.6893 0.0000e+00
     0.4689   2.721740     67.490  554999937    32.0576    25.7089 0.0000e+00
     0.4369   2.721150     68.180  554999939    32.0829    25.7308 0.0000e+00
     0.4656   2.723530     68.750  554999940    32.0836    25.7299 0.0000e+00
     0.5026   2.725400     69.190  554999942    32.0691    25.7164 0.0000e+00
     0.5166   2.727080     69.540  554999943    32.0761    25.7213 0.0000e+00
     0.5319   2.729400     69.960  554999945    32.0900    25.7317 0.0000e+00
     0.5563   2.733150     70.610  554999947    32.1128    25.7488 0.0000e+00
     0.5757   2.736730     71.340  554999948    32.1386    25.7685 0.0000e+00
     0.5887   2.739160     72.100  554999950    32.1560    25.7819 0.0000e+00
     0.6155   2.742670     72.820  554999951    32.1731    25.7942 0.0000e+00
     0.6345   2.745820     73.730  554999953    32.1935    25.8096 0.0000e+00
     0.6637   2.748200     74.290  554999954    32.1936    25.8081 0.0000e+00
     0.6787   2.751570     75.190  554999956    32.2209    25.8293 0.0000e+00
     0.6985   2.752590     75.680  554999957    32.2132    25.8220 0.0000e+00
     0.7145   2.757080     76.690  554999959    32.2539    25.8538 0.0000e+00
     0.7322   2.757450     77.200  554999960    32.2399    25.8416 0.0000e+00
     0.7355   2.759850     78.150  554999962    32.2669    25.8631 0.0000e+00
     0.7439   2.759940     78.750  554999963    32.2589    25.8563 0.0000e+00
     0.7483   2.761760     79.680  554999965    32.2773    25.8708 0.0000e+00
     0.7535   2.762480     80.370  554999966    32.2808    25.8733 0.0000e+00
     0.7621   2.763530     81.140  554999968    32.2849    25.8761 0.0000e+00
     0.7694   2.764670     82.030  554999969    32.2914    25.8810 0.0000e+00
     0.7735   2.765170     82.610  554999971    32.2933    25.8823 0.0000e+00
     0.7751   2.765540     83.300  554999972    32.2960    25.8843 0.0000e+00
     0.7810   2.765840     83.740  554999974    32.2935    25.8820 0.0000e+00
     0.7840   2.766590     84.310  554999975    32.2997    25.8868 0.0000e+00
     0.7878   2.767200     84.980  554999977    32.3032    25.8894 0.0000e+00
     0.7940   2.768430     85.880  554999979    32.3120    25.8962 0.0000e+00
     0.8035   2.769590     86.720  554999980    32.3166    25.8993 0.0000e+00
     0.8124   2.771080     87.900  554999982    32.3258    25.9062 0.0000e+00
     0.8241   2.771560     88.530  554999983    32.3194    25.9004 0.0000e+00
     0.8288   2.772860     89.490  554999985    32.3307    25.9092 0.0000e+00
     0.8306   2.772970     90.150  554999986    32.3299    25.9085 0.0000e+00
     0.8317   2.773530     91.130  554999988    32.3354    25.9128 0.0000e+00
     0.8349   2.774010     91.890  554999989    32.3378    25.9146 0.0000e+00
     0.8414   2.774940     93.000  554999991    32.3423    25.9179 0.0000e+00
     0.8472   2.775220     93.660  554999992    32.3395    25.9153 0.0000e+00
     0.8542   2.776130     94.430  554999994    32.3435    25.9181 0.0000e+00
     0.8690   2.778190     95.250  554999995    32.3541    25.9257 0.0000e+00
     0.8815   2.779690     96.170  554999997    32.3598    25.9296 0.0000e+00
     0.8915   2.780910     97.110  554999998    32.3645    25.9328 0.0000e+00
     0.8971   2.781770     98.030  555000000    32.3692    25.9362 0.0000e+00
     0.9042   2.783010     99.110  555000001    32.3771    25.9422 0.0000e+00
     0.9143   2.783830     99.930  555000003    32.3766    25.9412 0.0000e+00
     0.9197   2.784900    100.950  555000004    32.3841    25.9470 0.0000e+00
     0.9248   2.785450    101.770  555000006    32.3854    25.9477 0.0000e+00
     0.9267   2.785870    102.600  555000007    32.3883    25.9499 0.0000e+00
     0.9279   2.785850    103.280  555000009    32.3864    25.9484 0.0000e+00
     0.9292   2.785930    103.470  555000010    32.3860    25.9479 0.0000e+00
     0.9289   2.785860    103.790  555000012    32.3852    25.9473 0.0000e+00
     0.9298   2.786150    103.590  555000014    32.3881    25.9496 0.0000e+00
     0.9294   2.785800    103.760  555000015    32.3840    25.9463 0.0000e+00
     0.9290   2.786050    103.430  555000017    32.3878    25.9494 0.0000e+00
     0.9286   2.785950    103.550  555000018    32.3868    25.9486 0.0000e+00
     0.9297   2.785980    103.070  555000020    32.3864    25.9482 0.0000e+00
     0.9295   2.786010    103.180  555000021    32.3869    25.9486 0.0000e+00
     0.9289   2.786260    102.670  555000023    32.3910    25.9520 0.0000e+00
     0.9285   2.786140    102.590  555000024    32.3899    25.9511 0.0000e+00
     0.9290   2.786220    102.010  555000026    32.3908    25.9518 0.0000e+00
     0.9281   2.786170    101.760  555000027    32.3912    25.9522 0.0000e+00
     0.9265   2.786170    101.280  555000029    32.3931    25.9538 0.0000e+00
     0.9264   2.786060    101.040  555000030    32.3920    25.9529 0.0000e+00
     0.9256   2.786170    100.700  555000032    32.3944    25.9549 0.0000e+00
     0.9258   2.786040    100.490  555000033    32.3926    25.9535 0.0000e+00
     0.9246   2.785980    100.360  555000035    32.3932    25.9540 0.0000e+00
     0.9239   2.785940    100.360  555000036    32.3934    25.9542 0.0000e+00
     0.9233   2.785920    100.600  555000038    32.3936    25.9544 0.0000e+00
     0.9243   2.785890    100.830  555000039    32.3921    25.9531 0.0000e+00
     0.9248   2.786000    101.110  555000041    32.3928    25.9537 0.0000e+00
     0.9245   2.786110    101.540  555000042    32.3943    25.9549 0.0000e+00
     0.9266   2.786430    102.080  555000044    32.3959    25.9560 0.0000e+00
     0.9280   2.786560    102.610  555000046    32.3958    25.9559 0.0000e+00
     0.9286   2.786760    103.080  555000047    32.3975    25.9572 0.0000e+00
     0.9288   2.786790    103.540  555000049    32.3974    25.9571 0.0000e+00
     0.9290   2.786960    104.270  555000050    32.3990    25.9584 0.0000e+00
     0.9287   2.787000    105.250  555000052    32.3992    25.9586 0.0000e+00
     0.9284   2.787080    106.260  555000053    32.4000    25.9592 0.0000e+00
     0.9275   2.787110    106.470  555000055    32.4012    25.9603 0.0000e+00
     0.9246   2.787060    106.470  555000056    32.4036    25.9623 0.0000e+00
     0.9232   2.786990    106.470  555000058    32.4042    25.9629 0.0000e+00
     0.9227   2.786950    106.470  555000059    32.4042    25.9629 0.0000e+00
     0.9223   2.786940    106.470  555000061    32.4045    25.9632 0.0000e+00
     0.9241   2.786930    106.470  555000062    32.4025    25.9614 0.0000e+00
     0.9255   2.786920    106.470  555000064    32.4009    25.9601 0.0000e+00
     0.9284   2.786890    106.470  555000065    32.3975    25.9572 0.0000e+00
     0.9279   2.786830    106.460  555000067    32.3972    25.9570 0.0000e+00
     0.9293   2.786850    106.450  555000068    32.3960    25.9560 0.0000e+00
     0.9298   2.786830    106.460  555000070    32.3952    25.9553 0.0000e+00
     0.9293   2.786820    106.470  555000071    32.3956    25.9557 0.0000e+00
     0.9290   2.786820    106.460  555000073    32.3959    25.9559 0.0000e+00
     0.9307   2.786820    106.460  555000074    32.3942    25.9544 0.0000e+00
     0.9314   2.786860    106.460  555000076    32.3940    25.9542 0.0000e+00
     0.9322   2.786840    106.450  555000078    32.3929    25.9533 0.0000e+00
     0.9325   2.786850    106.450  555000079    32.3927    25.9531 0.0000e+00
     0.9325   2.786860    106.450  555000081    32.3928    25.9532 0.0000e+00
     0.9334   2.786870    106.450  555000082    32.3920    25.9525 0.0000e+00
     0.9338   2.786890    106.450  555000084    32.3918    25.9524 0.0000e+00
     0.9346   2.786900    106.440  555000085    32.3911    25.9517 0.0000e+00
     0.9351   2.786910    106.440  555000087    32.3908    25.9514 0.0000e+00
     0.9372   2.786930    106.440  555000088    32.3888    25.9497 0.0000e+00
     0.9401   2.786940    106.430  555000090    32.3859    25.9472 0.0000e+00
     0.9432   2.786950    106.430  555000091    32.3828    25.9446 0.0000e+00
     0.9587   2.786970    106.430  555000093    32.3670    25.9309 0.0000e+00
     0.9444   2.786990    106.430  555000094    32.3821    25.9439 0.0000e+00
     0.9442   2.787010    106.430  555000096    32.3826    25.9443 0.0000e+00
     0.9448   2.787020    106.430  555000097    32.3821    25.9438 0.0000e+00
     0.9462   2.787030    106.420  555000099    32.3807    25.9427 0.0000e+00
     0.9472   2.787050    106.420  555000100    32.3800    25.9420 0.0000e+00
     0.9457   2.787070    106.410  555000102    32.3818    25.9436 0.0000e+00
     0.9445   2.787080    106.410  555000103    32.3832    25.9447 0.0000e+00
     0.9442   2.787100    106.410  555000105    32.3837    25.9452 0.0000e+00
     0.9442   2.787100    106.410  555000106    32.3837    25.9452 0.0000e+00
     0.9416   2.784680    106.370  555000108    32.3555    25.9226 0.0000e+00
     0.9428   2.783820    106.200  555000110    32.3433    25.9128 0.0000e+00
     0.9471   2.784480    105.930  555000111    32.3474    25.9159 0.0000e+00
     0.9404   2.784910    105.600  555000113    32.3601    25.9264 0.0000e+00
     0.9493   2.784070    105.420  555000114    32.3402    25.9099 0.0000e+00
     0.9389   2.783960    105.400  555000116    32.3496    25.9181 0.0000e+00
     0.9357   2.783310    105.690  555000117    32.3444    25.9141 0.0000e+00
     0.9358   2.784890    105.680  555000119    32.3646    25.9303 0.0000e+00
     0.9325   2.783660    106.080  555000120    32.3520    25.9204 0.0000e+00
     0.9340   2.784160    106.190  555000122    32.3568    25.9242 0.0000e+00
     0.9309   2.773020    106.380  555000123    32.2172    25.8121 0.0000e+00
     0.9306   2.773810    106.370  555000125    32.2276    25.8205 0.0000e+00
     0.9310   2.774150    106.370  555000126    32.2316    25.8237 0.0000e+00
     0.9314   2.774310    106.360  555000128    32.2332    25.8250 0.0000e+00
     0.9323   2.774450    106.360  555000129    32.2341    25.8256 0.0000e+00
     0.9314   2.774490    106.360  555000131    32.2355    25.8268 0.0000e+00
     0.9294   2.774500    106.360  555000132    32.2377    25.8287 0.0000e+00
     0.9299   2.774540    106.360  555000134    32.2377    25.8287 0.0000e+00
     0.9301   2.774560    106.350  555000135    32.2378    25.8287 0.0000e+00
     0.9308   2.774590    106.350  555000137    32.2374    25.8284 0.0000e+00
     0.9311   2.774620    106.350  555000138    32.2375    25.8284 0.0000e+00
     0.9316   2.774630    106.350  555000140    32.2371    25.8281 0.0000e+00
     0.9322   2.774640    106.340  555000141    32.2366    25.8277 0.0000e+00
     0.9330   2.774660    106.340  555000143    32.2361    25.8272 0.0000e+00
     0.9344   2.774680    106.340  555000145    32.2349    25.8261 0.0000e+00
     0.9335   2.774710    106.340  555000146    32.2362    25.8272 0.0000e+00
     0.9326   2.774730    106.330  555000148    32.2374    25.8282 0.0000e+00
     0.9333   2.774750    106.330  555000149    32.2369    25.8278 0.0000e+00
     0.9352   2.774770    106.330  555000151    32.2352    25.8263 0.0000e+00
     0.9365   2.774770    106.320  555000152    32.2339    25.8252 0.0000e+00
     0.9368   2.774790    106.320  555000154    32.2338    25.8251 0.0000e+00
     0.9378   2.774800    106.320  555000155    32.2329    25.8243 0.0000e+00
     0.9366   2.774810    106.320  555000157    32.2343    25.8255 0.0000e+00
     0.9373   2.774810    106.320  555000158    32.2335    25.8249 0.0000e+00
     0.9387   2.774840    106.310  555000160    32.2325    25.8239 0.0000e+00
     0.9375   2.774840    106.310  555000161    32.2337    25.8250 0.0000e+00
     0.9376   2.774860    106.310  555000163    32.2339    25.8251 0.0000e+00
     0.9365   2.774860    106.310  555000164    32.2350    25.8261 0.0000e+00
     0.9372   2.774890    106.310  555000166    32.2347    25.8258 0.0000e+00
     0.9368   2.774890    106.300  555000167    32.2351    25.8262 0.0000e+00
     0.9372   2.774900    106.300  555000169    32.2348    25.8259 0.0000e+00
     0.9386   2.774920    106.300  555000170    32.2336    25.8249 0.0000e+00
     0.9398   2.774920    106.300  555000172    32.2324    25.8238 0.0000e+00
     0.9406   2.774930    106.290  555000173    32.2317    25.8232 0.0000e+00
     0.9409   2.774940    106.290  555000175    32.2315    25.8230 0.0000e+00
     0.9414   2.774950    106.290  555000177    32.2311    25.8227 0.0000e+00
     0.9415   2.774960    106.290  555000178    32.2311    25.8227 0.0000e+00
     0.9416   2.774970    106.290  555000180    32.2311    25.8227 0.0000e+00
     0.9417   2.774980    106.280  555000181    32.2312    25.8227 0.0000e+00
     0.9428   2.774990    106.280  555000183    32.2302    25.8218 0.0000e+00
     0.9425   2.775000    106.280  555000184    32.2306    25.8222 0.0000e+00
     0.9404   2.775050    106.270  555000186    32.2334    25.8246 0.0000e+00
     0.9407   2.775130    106.250  555000187    32.2341    25.8252 0.0000e+00
     0.9505   2.775580    105.420  555000189    32.2302    25.8214 0.0000e+00
     0.9329   2.776230    105.210  555000190    32.2569    25.8439 0.0000e+00
     0.9315   2.777080    104.540  555000192    32.2696    25.8542 0.0000e+00
     0.9311   2.778130    104.110  555000193    32.2837    25.8656 0.0000e+00
     0.9305   2.779250    103.680  555000195    32.2989    25.8779 0.0000e+00
     0.9293   2.780190    103.140  555000196    32.3125    25.8888 0.0000e+00
     0.9287   2.780850    102.580  555000198    32.3219    25.8964 0.0000e+00
     0.9286   2.781480    102.500  555000199    32.3302    25.9031 0.0000e+00
     0.9287   2.782040    102.430  555000201    32.3373    25.9088 0.0000e+00
     0.9288   2.782220    102.300  555000202    32.3395    25.9106 0.0000e+00
     0.9287   2.782390    102.240  555000204    32.3419    25.9125 0.0000e+00
     0.9286   2.782620    102.200  555000205    32.3449    25.9149 0.0000e+00
