Code/Hansen Zooplankton Code and Sample Data/data/ctd/gsl_13_SBE37SI-RS232_03706156_2017_08_11.cnv
* Sea-Bird SBE37SI-RS232  Data File:
* FileName = C:\Users\General Lab Use\Desktop\SHELAGH CTD 2017\gsl_13_SBE37SI-RS232_03706156_2017_08_11.cnv
* Software version 1.00d
* Temperature SN = 6156
* Conductivity SN = 6156
* System UpLoad Time = Aug 11 2017 10:09:36
* <ApplicationData>
* <Seaterm232>
# nquan = 5
# nvalues = 2684
# units = specified
# name 0 = t090C: Temperature [ITS-90, deg C]
# name 1 = c0S/m: Conductivity [S/m]
# name 2 = prM: Pressure [db]
# name 3 = timeK: Time, Seacat Plus [seconds]
# name 4 = flag: Flag
# span 0 =      0.1630,    17.8244
# span 1 =    0.000454,   3.535161
# span 2 =      -0.227,     68.693
# span 3 =   555746365,  555750454
# span 4 =  0.0000e+00, 0.0000e+00
# interval = seconds: 6.000000
# start_time = Aug 11 2017 05:59:25
# bad_flag = -9.990e-29
*END*
[from data line 572]
    16.7435    3.51189       6.81  555747235 0.0000e+00
    16.4826    3.49680       7.66  555747237 0.0000e+00
    16.4372    3.49141       8.47  555747239 0.0000e+00
    16.3882    3.49244       9.09  555747240 0.0000e+00
    16.2443    3.47812      10.11  555747242 0.0000e+00
    15.9839    3.46439      11.18  555747243 0.0000e+00
    15.9418    3.46067      11.55  555747245 0.0000e+00
    15.6376    3.44309      12.31  555747246 0.0000e+00
    15.5236    3.44229      12.72  555747248 0.0000e+00
    15.3694    3.42790      13.47  555747249 0.0000e+00
    15.1610    3.41752      14.06  555747251 0.0000e+00
    14.2785    3.39091      14.59  555747252 0.0000e+00
    13.4740    3.35315      15.15  555747254 0.0000e+00
    12.9851    3.36615      15.21  555747255 0.0000e+00
    12.9121    3.34451      15.33  555747257 0.0000e+00
    12.7396    3.31983      15.93  555747258 0.0000e+00
    11.8661    3.30836      16.30  555747260 0.0000e+00
    11.3553    3.29015      16.34  555747261 0.0000e+00
    11.1654    3.24773      17.35  555747263 0.0000e+00
    11.0812    3.24765      17.98  555747264 0.0000e+00
    10.7723    3.22974      19.05  555747266 0.0000e+00
    10.9569    3.24130      19.53  555747267 0.0000e+00
    10.6827    3.21905      20.58  555747269 0.0000e+00
    10.6334    3.23296      21.39  555747270 0.0000e+00
    10.4999    3.21087      22.46  555747272 0.0000e+00
     9.6313    3.19167      23.28  555747274 0.0000e+00
     9.3386    3.15999      24.03  555747275 0.0000e+00
     8.1439    3.12090      25.03  555747277 0.0000e+00
     7.7834    3.10103      25.48  555747278 0.0000e+00
     6.9084    3.07748      26.28  555747280 0.0000e+00
     6.7181    3.05255      27.16  555747281 0.0000e+00
     6.2826    3.04898      28.02  555747283 0.0000e+00
     5.5990    3.01383      28.72  555747284 0.0000e+00
     5.2745    2.98259      29.32  555747286 0.0000e+00
     5.0860    2.97454      29.71  555747287 0.0000e+00
     4.2473    2.94294      30.36  555747289 0.0000e+00
     4.0050    2.89949      29.70  555747290 0.0000e+00
     3.6624    2.89915      30.06  555747292 0.0000e+00
     3.6039    2.89590      29.67  555747293 0.0000e+00
     3.4691    2.89188      29.91  555747295 0.0000e+00
     3.3714    2.88104      29.54  555747296 0.0000e+00
     3.2831    2.87431      29.76  555747298 0.0000e+00
     3.2555    2.87029      29.57  555747299 0.0000e+00
     3.2165    2.86279      29.59  555747301 0.0000e+00
     3.2236    2.85735      29.61  555747302 0.0000e+00
     3.1686    2.84766      30.45  555747304 0.0000e+00
     3.1667    2.84849      30.78  555747306 0.0000e+00
     3.1667    2.83280      31.92  555747307 0.0000e+00
     3.2672    2.84685      32.46  555747309 0.0000e+00
     3.2035    2.82855      33.52  555747310 0.0000e+00
     2.9963    2.83733      34.23  555747312 0.0000e+00
     2.7972    2.81288      35.49  555747313 0.0000e+00
     2.7284    2.82947      35.89  555747315 0.0000e+00
     2.7149    2.80948      36.69  555747316 0.0000e+00
     2.5031    2.80702      37.29  555747318 0.0000e+00
     2.3257    2.79140      38.25  555747319 0.0000e+00
     2.0056    2.78575      38.89  555747321 0.0000e+00
     1.6685    2.77543      39.47  555747322 0.0000e+00
     1.5423    2.76151      40.35  555747324 0.0000e+00
     1.4114    2.75844      41.10  555747325 0.0000e+00
     1.2210    2.74417      42.02  555747327 0.0000e+00
     1.0565    2.73917      42.66  555747328 0.0000e+00
     0.9036    2.72939      43.56  555747330 0.0000e+00
     0.6614    2.72347      44.15  555747331 0.0000e+00
     0.6023    2.70782      45.25  555747333 0.0000e+00
     0.5709    2.71531      45.76  555747334 0.0000e+00
     0.5052    2.70286      46.63  555747336 0.0000e+00
     0.4453    2.70229      47.40  555747338 0.0000e+00
     0.4069    2.69907      48.18  555747339 0.0000e+00
     0.3722    2.69574      49.04  555747341 0.0000e+00
     0.2752    2.69273      49.84  555747342 0.0000e+00
     0.1870    2.69041      50.74  555747344 0.0000e+00
     0.1691    2.68947      51.43  555747345 0.0000e+00
     0.1644    2.69064      52.25  555747347 0.0000e+00
     0.1658    2.69030      53.12  555747348 0.0000e+00
     0.1919    2.69483      53.90  555747350 0.0000e+00
     0.2025    2.69804      54.75  555747351 0.0000e+00
     0.2041    2.69957      55.45  555747353 0.0000e+00
     0.2017    2.69872      56.31  555747354 0.0000e+00
     0.2023    2.70041      56.95  555747356 0.0000e+00
     0.2022    2.69805      57.87  555747357 0.0000e+00
     0.2021    2.69903      58.54  555747359 0.0000e+00
     0.2028    2.69736      59.44  555747360 0.0000e+00
     0.2026    2.69824      60.13  555747362 0.0000e+00
     0.2027    2.69693      60.96  555747363 0.0000e+00
     0.2039    2.69724      61.74  555747365 0.0000e+00
     0.2034    2.69737      62.46  555747366 0.0000e+00
     0.2088    2.69723      63.24  555747368 0.0000e+00
     0.2087    2.70190      63.66  555747369 0.0000e+00
     0.2095    2.69966      64.12  555747371 0.0000e+00
     0.2059    2.69723      64.75  555747373 0.0000e+00
     0.2174    2.69983      65.24  555747374 0.0000e+00
     0.2248    2.70422      65.47  555747376 0.0000e+00
     0.2336    2.70122      65.81  555747377 0.0000e+00
     0.2493    2.70011      66.41  555747379 0.0000e+00
     0.2687    2.70239      66.75  555747380 0.0000e+00
     0.2827    2.70314      67.33  555747382 0.0000e+00
     0.3139    2.70723      67.94  555747383 0.0000e+00
     0.3276    2.70869      67.85  555747385 0.0000e+00
     0.3298    2.71090      67.57  555747386 0.0000e+00
     0.3201    2.70990      67.05  555747388 0.0000e+00
     0.2967    2.70869      66.82  555747389 0.0000e+00
     0.2750    2.70431      66.42  555747391 0.0000e+00
     0.2594    2.70297      66.16  555747392 0.0000e+00
     0.2551    2.70562      66.23  555747394 0.0000e+00
     0.2587    2.70143      65.81  555747395 0.0000e+00
     0.2457    2.70229      65.62  555747397 0.0000e+00
     0.2406    2.69850      65.32  555747398 0.0000e+00
     0.2314    2.69497      64.76  555747400 0.0000e+00
     0.2297    2.69613      64.44  555747401 0.0000e+00
     0.2254    2.69538      64.24  555747403 0.0000e+00
     0.2233    2.69928      64.21  555747405 0.0000e+00
     0.2217    2.69277      63.60  555747406 0.0000e+00
     0.2188    2.69162      62.76  555747408 0.0000e+00
     0.2127    2.69132      62.05  555747409 0.0000e+00
     0.2093    2.69161      61.46  555747411 0.0000e+00
     0.2089    2.69066      60.66  555747412 0.0000e+00
     0.2089    2.69040      60.03  555747414 0.0000e+00
     0.2056    2.68969      59.22  555747415 0.0000e+00
     0.2033    2.68993      58.69  555747417 0.0000e+00
     0.2016    2.68966      58.11  555747418 0.0000e+00
     0.2023    2.68912      57.30  555747420 0.0000e+00
     0.2047    2.69074      56.82  555747421 0.0000e+00
     0.2057    2.68884      55.99  555747423 0.0000e+00
     0.2045    2.68860      55.39  555747424 0.0000e+00
     0.2036    2.68856      54.82  555747426 0.0000e+00
     0.2028    2.68819      54.22  555747427 0.0000e+00
     0.2014    2.68668      53.76  555747429 0.0000e+00
     0.1883    2.68166      53.01  555747430 0.0000e+00
     0.1725    2.67781      52.50  555747432 0.0000e+00
     0.1630    2.67802      52.19  555747433 0.0000e+00
     0.1638    2.67580      51.96  555747435 0.0000e+00
     0.1635    2.67436      51.52  555747436 0.0000e+00
     0.1674    2.67363      51.20  555747438 0.0000e+00
     0.1727    2.67214      50.65  555747440 0.0000e+00
     0.1800    2.67096      49.88  555747441 0.0000e+00
     0.1997    2.67160      49.21  555747443 0.0000e+00
     0.3279    2.67340      48.49  555747444 0.0000e+00
     0.3630    2.67399      47.89  555747446 0.0000e+00
     0.3922    2.67526      47.12  555747447 0.0000e+00
     0.4149    2.67525      46.78  555747449 0.0000e+00
     0.4345    2.67723      45.85  555747450 0.0000e+00
     0.4759    2.67887      45.37  555747452 0.0000e+00
     0.5539    2.68226      44.41  555747453 0.0000e+00
     0.5802    2.68269      44.01  555747455 0.0000e+00
     0.6484    2.69064      43.26  555747456 0.0000e+00
     0.8169    2.70000      42.53  555747458 0.0000e+00
     1.0223    2.69969      42.14  555747459 0.0000e+00
     1.1298    2.71281      41.28  555747461 0.0000e+00
     1.2902    2.71219      41.05  555747462 0.0000e+00
     1.3612    2.72374      40.13  555747464 0.0000e+00
     1.5008    2.72432      39.53  555747465 0.0000e+00
     1.5925    2.73664      38.80  555747467 0.0000e+00
     1.9488    2.73665      38.53  555747468 0.0000e+00
     2.0894    2.75519      37.70  555747470 0.0000e+00
     2.2504    2.75046      37.23  555747472 0.0000e+00
     2.3868    2.76109      36.76  555747473 0.0000e+00
     2.5579    2.76577      36.18  555747475 0.0000e+00
     2.6234    2.77570      35.47  555747476 0.0000e+00
     2.7897    2.77860      34.76  555747478 0.0000e+00
     2.9384    2.78526      34.36  555747479 0.0000e+00
     2.9754    2.79012      33.53  555747481 0.0000e+00
     2.9977    2.78983      33.13  555747482 0.0000e+00
     3.0174    2.79249      32.33  555747484 0.0000e+00
     3.0414    2.78981      32.15  555747485 0.0000e+00
     3.0619    2.79808      31.20  555747487 0.0000e+00
     3.0789    2.79259      30.98  555747488 0.0000e+00
     3.0954    2.80099      30.06  555747490 0.0000e+00
     3.1308    2.79400      29.93  555747491 0.0000e+00
     3.1377    2.80304      29.04  555747493 0.0000e+00
     3.1736    2.79927      28.69  555747494 0.0000e+00
     3.2477    2.81495      27.98  555747496 0.0000e+00
     3.9509    2.82362      27.83  555747497 0.0000e+00
     4.4781    2.87626      27.14  555747499 0.0000e+00
     5.5217    2.90152      26.70  555747500 0.0000e+00
     5.8777    2.93177      26.11  555747502 0.0000e+00
     6.1310    2.94214      25.75  555747503 0.0000e+00
     6.4127    2.95701      25.35  555747505 0.0000e+00
     6.4680    2.97869      24.67  555747507 0.0000e+00
     7.1055    2.96310      24.57  555747508 0.0000e+00
     7.5264    3.03810      23.45  555747510 0.0000e+00
     8.1450    3.02002      23.34  555747511 0.0000e+00
     8.3255    3.07121      22.37  555747513 0.0000e+00
     9.1544    3.05781      22.13  555747514 0.0000e+00
     9.4065    3.10746      21.33  555747516 0.0000e+00
     9.8290    3.09412      21.00  555747517 0.0000e+00
     9.9499    3.14280      20.18  555747519 0.0000e+00
    10.0870    3.13304      19.77  555747520 0.0000e+00
    10.1235    3.14746      19.14  555747522 0.0000e+00
    10.2888    3.15257      18.59  555747523 0.0000e+00
    10.5355    3.16352      18.00  555747525 0.0000e+00
    10.7191    3.17658      17.25  555747526 0.0000e+00
    10.9101    3.17122      16.84  555747528 0.0000e+00
    11.0335    3.19568      15.97  555747529 0.0000e+00
    11.3387    3.20035      15.59  555747531 0.0000e+00
    12.4690    3.27410      14.61  555747532 0.0000e+00
    13.1310    3.26698      14.44  555747534 0.0000e+00
    13.4894    3.34330      13.45  555747536 0.0000e+00
    15.0274    3.35557      13.16  555747537 0.0000e+00
    15.2985    3.40560      12.11  555747539 0.0000e+00
    15.5632    3.38845      11.86  555747540 0.0000e+00
    15.6639    3.42613      10.70  555747542 0.0000e+00
    15.7715    3.40114      10.53  555747543 0.0000e+00
    15.8557    3.44295       9.30  555747545 0.0000e+00
    15.9964    3.42698       8.98  555747546 0.0000e+00
    16.0838    3.46025       7.90  555747548 0.0000e+00
    16.2779    3.44611       7.49  555747549 0.0000e+00
    16.3358    3.47581       6.55  555747551 0.0000e+00
    16.5887    3.47133       6.22  555747552 0.0000e+00
    16.6888    3.50032       5.28  555747554 0.0000e+00
    16.8248    3.49367       4.91  555747555 0.0000e+00
    16.8656    3.51367       3.92  555747557 0.0000e+00
    16.9743    3.50472       3.64  555747558 0.0000e+00
    17.0055    3.52248       2.65  555747560 0.0000e+00
    17.0225    3.51159       2.34  555747561 0.0000e+00
    17.0286    3.52217       1.47  555747563 0.0000e+00
    17.0263    3.51553       1.15  555747564 0.0000e+00
    17.0324    3.52045       0.43  555747566 0.0000e+00
    17.0320    3.50417       0.38  555747567 0.0000e+00
    17.0341    3.49625       0.42  555747569 0.0000e+00
    17.0270    3.49866       0.29  555747571 0.0000e+00
    17.0367    3.50099       0.18  555747572 0.0000e+00
    17.0254    3.49951       0.00  555747574 0.0000e+00
    17.0360    3.50698       0.33  555747575 0.0000e+00
    17.0265    3.51774      -0.03  555747577 0.0000e+00
    17.0296    3.51136       0.40  555747578 0.0000e+00
    17.0329    3.51888       0.02  555747580 0.0000e+00
    17.0386    3.51931       0.36  555747581 0.0000e+00
    17.0370    3.52308       0.00  555747583 0.0000e+00
    17.0291    3.51989       0.31  555747584 0.0000e+00
    17.0372    3.52564      -0.07  555747586 0.0000e+00
    17.0056    3.51917       0.27  555747587 0.0000e+00
    17.0322    3.48230      -0.13  555747589 0.0000e+00
    16.9829    3.44851       0.12  555747590 0.0000e+00
    16.9933    2.71346      -0.18  555747592 0.0000e+00
    16.9599    2.27601       0.01  555747593 0.0000e+00
    16.9473    2.27187      -0.18  555747595 0.0000e+00
    16.9110    0.15637      -0.18  555747596 0.0000e+00
    16.8856    0.09055      -0.18  555747598 0.0000e+00
    16.8576    0.06670      -0.18  555747599 0.0000e+00
    16.7838    0.05891      -0.18  555747601 0.0000e+00
    16.5195    0.04312      -0.18  555747603 0.0000e+00
    16.5040    0.03250      -0.18  555747604 0.0000e+00
    16.4969    0.08065      -0.18  555747606 0.0000e+00
    16.4602    0.11435      -0.18  555747607 0.0000e+00
    16.4245    0.10852      -0.18  555747609 0.0000e+00
    16.4069    0.09745      -0.18  555747610 0.0000e+00
    16.3924    0.09971      -0.18  555747612 0.0000e+00
    16.3641    0.07561      -0.18  555747613 0.0000e+00
    16.3364    0.08419      -0.18  555747615 0.0000e+00
    16.3151    0.07144      -0.18  555747616 0.0000e+00
    16.2975    0.06250      -0.18  555747618 0.0000e+00
    16.2850    0.06852      -0.18  555747619 0.0000e+00
    16.2731    0.05953      -0.18  555747621 0.0000e+00
    16.2515    0.06316      -0.18  555747622 0.0000e+00
    16.2334    0.05550      -0.18  555747624 0.0000e+00
    16.2042    0.05744      -0.18  555747625 0.0000e+00
    16.1860    0.05232      -0.18  555747627 0.0000e+00
    16.1663    0.05266      -0.18  555747628 0.0000e+00
    16.1429    0.04868      -0.18  555747630 0.0000e+00
    16.1256    0.04884      -0.18  555747631 0.0000e+00
    16.1067    0.04400      -0.18  555747633 0.0000e+00
    16.0880    0.04556      -0.18  555747635 0.0000e+00
    16.0675    0.03988      -0.18  555747636 0.0000e+00
    16.0482    0.03946      -0.18  555747638 0.0000e+00
    16.0342    0.03542      -0.18  555747639 0.0000e+00
    16.0215    0.03655      -0.18  555747641 0.0000e+00
    16.0148    0.03496      -0.18  555747642 0.0000e+00
    16.0211    0.03808      -0.17  555747644 0.0000e+00
    16.0262    0.03553      -0.16  555747645 0.0000e+00
    16.0313    0.04446      -0.15  555747647 0.0000e+00
    16.0575    0.04971      -0.16  555747648 0.0000e+00
    16.0649    0.05149      -0.16  555747650 0.0000e+00
    16.0668    0.05304      -0.16  555747651 0.0000e+00
    16.0758    0.05254      -0.16  555747653 0.0000e+00
    16.0688    0.05333      -0.16  555747654 0.0000e+00
    16.0541    0.05492      -0.16  555747656 0.0000e+00
    16.0422    0.05352      -0.16  555747657 0.0000e+00
    16.0330    0.05645      -0.16  555747659 0.0000e+00
    16.0227    0.05324      -0.16  555747660 0.0000e+00
    16.0187    0.05781      -0.16  555747662 0.0000e+00
    16.0201    0.05406      -0.16  555747663 0.0000e+00
    16.0186    0.05712      -0.16  555747665 0.0000e+00
    16.0159    0.05367      -0.16  555747667 0.0000e+00
    16.0022    0.05710      -0.16  555747668 0.0000e+00
