Code/Hansen Zooplankton Code and Sample Data/data/ctd/gsl_01_SBE37SI-RS232_03706156_2017_07_03.cnv
* Sea-Bird SBE37SI-RS232  Data File:
* FileName = C:\Users\General Lab Use\Desktop\SHELAGH CTD 2017\gsl_01_SBE37SI-RS232_03706156_2017_07_03.cnv
* Software version 1.00d
* Temperature SN = 6156
* Conductivity SN = 6156
* System UpLoad Time = Jul 03 2017 22:38:41
* <ApplicationData>
* <Seaterm232>
# nquan = 5
# nvalues = 1298
# units = specified
# name 0 = t090C: Temperature [ITS-90, deg C]
# name 1 = c0S/m: Conductivity [S/m]
# name 2 = prM: Pressure [db]
# name 3 = timeK: Time, Seacat Plus [seconds]
# name 4 = flag: Flag
# span 0 =     -0.7642,    21.7318
# span 1 =    0.000054,   3.358384
# span 2 =      -0.387,     66.022
# span 3 =   552405754,  552407731
# span 4 =  0.0000e+00, 0.0000e+00
# interval = seconds: 6.000000
# start_time = Jul 03 2017 14:02:34
# bad_flag = -9.990e-29
*END*
[from data line 286]
     1.5394    2.67394      42.93  552406190 0.0000e+00
     1.5515    2.66417      44.22  552406191 0.0000e+00
     1.1791    2.65082      44.93  552406193 0.0000e+00
     1.0296    2.62081      46.57  552406194 0.0000e+00
     0.3451    2.59814      46.68  552406196 0.0000e+00
     0.1615    2.56701      48.99  552406197 0.0000e+00
    -0.2570    2.56958      50.06  552406199 0.0000e+00
    -0.4014    2.55091      52.43  552406200 0.0000e+00
    -0.5691    2.55939      52.35  552406202 0.0000e+00
    -0.5620    2.56663      52.86  552406203 0.0000e+00
    -0.5483    2.57203      52.53  552406205 0.0000e+00
    -0.5395    2.58900      52.52  552406206 0.0000e+00
    -0.5468    2.56048      54.36  552406208 0.0000e+00
    -0.6253    2.56348      56.07  552406209 0.0000e+00
    -0.6789    2.56130      57.90  552406211 0.0000e+00
    -0.7519    2.56250      60.04  552406212 0.0000e+00
    -0.7521    2.56908      61.68  552406214 0.0000e+00
    -0.7305    2.57712      63.75  552406216 0.0000e+00
    -0.7143    2.58277      65.39  552406217 0.0000e+00
    -0.6997    2.58759      65.50  552406219 0.0000e+00
    -0.7057    2.58961      66.02  552406220 0.0000e+00
    -0.7065    2.58391      65.24  552406222 0.0000e+00
    -0.7087    2.58185      66.02  552406223 0.0000e+00
    -0.7014    2.58166      64.71  552406225 0.0000e+00
    -0.7078    2.58183      64.42  552406226 0.0000e+00
    -0.7087    2.58093      63.54  552406228 0.0000e+00
    -0.7150    2.58013      62.41  552406229 0.0000e+00
    -0.7233    2.58180      62.17  552406231 0.0000e+00
    -0.7263    2.57138      60.84  552406232 0.0000e+00
    -0.7424    2.57025      60.83  552406234 0.0000e+00
    -0.7460    2.56325      59.41  552406235 0.0000e+00
    -0.7601    2.55915      58.66  552406237 0.0000e+00
    -0.7593    2.55804      58.06  552406238 0.0000e+00
    -0.7205    2.55458      56.59  552406240 0.0000e+00
    -0.7017    2.55220      56.21  552406241 0.0000e+00
    -0.6940    2.55077      54.88  552406243 0.0000e+00
    -0.6216    2.55310      54.53  552406244 0.0000e+00
    -0.5763    2.55220      53.60  552406246 0.0000e+00
    -0.5452    2.55100      52.41  552406248 0.0000e+00
    -0.5683    2.54774      52.04  552406249 0.0000e+00
    -0.6049    2.53930      50.78  552406251 0.0000e+00
    -0.5822    2.54131      49.91  552406252 0.0000e+00
    -0.3067    2.54276      47.98  552406254 0.0000e+00
    -0.1804    2.54603      47.23  552406255 0.0000e+00
     0.1674    2.56767      45.79  552406257 0.0000e+00
     0.5758    2.57594      45.81  552406258 0.0000e+00
     0.6664    2.57595      45.50  552406260 0.0000e+00
     0.6828    2.58836      46.05  552406261 0.0000e+00
     0.6992    2.59462      45.14  552406263 0.0000e+00
     0.8315    2.59974      46.27  552406264 0.0000e+00
     0.6541    2.60045      45.03  552406266 0.0000e+00
     1.1422    2.63041      44.13  552406267 0.0000e+00
     1.1474    2.62507      45.55  552406269 0.0000e+00
     1.1052    2.62662      44.15  552406270 0.0000e+00
     1.3088    2.63534      45.25  552406272 0.0000e+00
     1.1484    2.63332      44.10  552406273 0.0000e+00
     1.3483    2.63552      42.98  552406275 0.0000e+00
     1.4844    2.64414      42.43  552406276 0.0000e+00
     1.6405    2.65196      42.31  552406278 0.0000e+00
     1.6527    2.65454      42.29  552406279 0.0000e+00
     1.6687    2.65666      42.30  552406281 0.0000e+00
     1.6326    2.65556      43.16  552406283 0.0000e+00
     1.6028    2.65107      42.88  552406284 0.0000e+00
     1.6234    2.65245      43.25  552406286 0.0000e+00
     1.5432    2.64885      43.19  552406287 0.0000e+00
     1.5702    2.65444      41.96  552406289 0.0000e+00
     1.7890    2.68321      39.15  552406290 0.0000e+00
     2.2735    2.68775      37.43  552406292 0.0000e+00
     2.3195    2.69721      35.25  552406293 0.0000e+00
     2.5088    2.70624      33.63  552406295 0.0000e+00
     2.8255    2.72568      31.41  552406296 0.0000e+00
     3.1258    2.73949      31.50  552406298 0.0000e+00
     3.1711    2.74589      30.71  552406299 0.0000e+00
     3.2344    2.75032      30.96  552406301 0.0000e+00
     3.3429    2.76673      28.27  552406302 0.0000e+00
     3.8729    2.80715      26.50  552406304 0.0000e+00
     4.4426    2.82115      23.82  552406305 0.0000e+00
     4.8069    2.82460      22.40  552406307 0.0000e+00
     4.8844    2.81816      21.59  552406308 0.0000e+00
     4.4426    2.78405      19.73  552406310 0.0000e+00
     5.5748    2.91376      18.23  552406311 0.0000e+00
     7.0954    2.93001      15.86  552406313 0.0000e+00
     6.8758    2.94456      13.93  552406315 0.0000e+00
     8.2857    3.01978      12.60  552406316 0.0000e+00
     9.0222    3.02670      11.22  552406318 0.0000e+00
     8.5696    2.96397      11.40  552406319 0.0000e+00
     8.5171    2.95589       9.10  552406321 0.0000e+00
     9.9311    2.96007       8.12  552406322 0.0000e+00
    14.8749    3.29596       6.27  552406324 0.0000e+00
    16.8857    3.26685       5.08  552406325 0.0000e+00
    16.9318    3.29109       3.30  552406327 0.0000e+00
    17.0715    3.29553       1.82  552406328 0.0000e+00
    17.1785    3.30073       0.47  552406330 0.0000e+00
    17.1885    3.27125       0.26  552406331 0.0000e+00
    17.1881    3.25498       0.12  552406333 0.0000e+00
    17.1814    3.27287      -0.22  552406334 0.0000e+00
    17.2085    0.50749      -0.38  552406336 0.0000e+00
    17.2019    0.39549      -0.38  552406337 0.0000e+00
    17.1724    0.33012      -0.38  552406339 0.0000e+00
    17.1477    0.22231      -0.38  552406340 0.0000e+00
    17.0911    0.20798      -0.38  552406342 0.0000e+00
    16.6940    0.14634      -0.38  552406343 0.0000e+00
    16.7670    0.14381      -0.37  552406345 0.0000e+00
    16.8428    0.13221      -0.37  552406347 0.0000e+00
    16.9010    0.13481      -0.37  552406348 0.0000e+00
    16.8832    0.15419      -0.37  552406350 0.0000e+00
    16.8871    0.13831      -0.37  552406351 0.0000e+00
    16.8638    0.13071      -0.37  552406353 0.0000e+00
    16.8895    0.11662      -0.36  552406354 0.0000e+00
    16.8873    0.11794      -0.36  552406356 0.0000e+00
    16.8942    0.11927      -0.36  552406357 0.0000e+00
    16.9238    0.10841      -0.36  552406359 0.0000e+00
    16.9061    0.09458      -0.36  552406360 0.0000e+00
    16.9245    0.09092      -0.36  552406362 0.0000e+00
    16.9380    0.08598      -0.36  552406363 0.0000e+00
    16.9619    0.08938      -0.36  552406365 0.0000e+00
    17.0243    0.08691      -0.36  552406366 0.0000e+00
    17.0412    0.08656      -0.36  552406368 0.0000e+00
    17.0768    0.07680      -0.36  552406369 0.0000e+00
    17.1401    0.07760      -0.36  552406371 0.0000e+00
    17.1971    0.07070      -0.36  552406372 0.0000e+00
    17.2422    0.07154      -0.36  552406374 0.0000e+00
    17.2774    0.06645      -0.35  552406375 0.0000e+00
    17.3221    0.05506      -0.35  552406377 0.0000e+00
    17.2983    0.05161      -0.36  552406379 0.0000e+00
    17.2490    0.04904      -0.35  552406380 0.0000e+00
    17.2644    0.04899      -0.36  552406382 0.0000e+00
    17.2775    0.04533      -0.36  552406383 0.0000e+00
    17.3047    0.04540      -0.36  552406385 0.0000e+00
    17.3187    0.04385      -0.36  552406386 0.0000e+00
    17.3155    0.04377      -0.36  552406388 0.0000e+00
    17.3130    0.05001      -0.36  552406389 0.0000e+00
    17.3431    0.05478      -0.36  552406391 0.0000e+00
    17.3452    0.05120      -0.36  552406392 0.0000e+00
    17.3581    0.04581      -0.35  552406394 0.0000e+00
    17.3861    0.04314      -0.35  552406395 0.0000e+00
    17.3910    0.03799      -0.35  552406397 0.0000e+00
    17.3951    0.03904      -0.35  552406398 0.0000e+00
    17.4024    0.04282      -0.35  552406400 0.0000e+00
    17.3686    0.04129      -0.35  552406401 0.0000e+00
    17.3274    0.04511      -0.35  552406403 0.0000e+00
    17.3049    0.04001      -0.35  552406404 0.0000e+00
    17.2772    0.04409      -0.35  552406406 0.0000e+00
    17.3002    0.03691      -0.35  552406408 0.0000e+00
    17.3071    0.03293      -0.35  552406409 0.0000e+00
    17.3142    0.03164      -0.35  552406411 0.0000e+00
    17.3385    0.03066      -0.35  552406412 0.0000e+00
    17.3452    0.02951      -0.35  552406414 0.0000e+00
    17.3779    0.02852      -0.35  552406415 0.0000e+00
    17.3909    0.02779      -0.34  552406417 0.0000e+00
    17.4026    0.02705      -0.35  552406418 0.0000e+00
    17.3867    0.02650      -0.35  552406420 0.0000e+00
    17.3368    0.02596      -0.35  552406421 0.0000e+00
    17.3298    0.02569      -0.34  552406423 0.0000e+00
    17.3250    0.02541      -0.35  552406424 0.0000e+00
    17.3571    0.02532      -0.34  552406426 0.0000e+00
    17.3621    0.02533      -0.34  552406427 0.0000e+00
    17.3725    0.02528      -0.34  552406429 0.0000e+00
    17.3688    0.02530      -0.34  552406430 0.0000e+00
    17.3698    0.02510      -0.34  552406432 0.0000e+00
    17.3738    0.02514      -0.34  552406433 0.0000e+00
    17.3604    0.02507      -0.34  552406435 0.0000e+00
    17.3629    0.02509      -0.34  552406436 0.0000e+00
    17.3596    0.02523      -0.34  552406438 0.0000e+00
    17.3534    0.02510      -0.34  552406440 0.0000e+00
    17.3594    0.02503      -0.34  552406441 0.0000e+00
    17.3677    0.02523      -0.34  552406443 0.0000e+00
    17.3731    0.02540      -0.34  552406444 0.0000e+00
    17.3614    0.02535      -0.34  552406446 0.0000e+00
    17.3793    0.02518      -0.34  552406447 0.0000e+00
    17.3878    0.02478      -0.34  552406449 0.0000e+00
    17.4040    0.02463      -0.34  552406450 0.0000e+00
    17.4349    0.02445      -0.34  552406452 0.0000e+00
    17.4309    0.02393      -0.34  552406453 0.0000e+00
    17.4234    0.02345      -0.34  552406455 0.0000e+00
    17.3997    0.02330      -0.34  552406456 0.0000e+00
    17.4202    0.02318      -0.34  552406458 0.0000e+00
    17.4190    0.02290      -0.34  552406459 0.0000e+00
    17.4330    0.02267      -0.34  552406461 0.0000e+00
    17.4738    0.02252      -0.34  552406462 0.0000e+00
    17.5915    0.02243      -0.34  552406464 0.0000e+00
    17.6867    0.02221      -0.34  552406465 0.0000e+00
    17.7973    0.02186      -0.34  552406467 0.0000e+00
    17.8716    0.02177      -0.34  552406468 0.0000e+00
    17.9678    0.02174      -0.34  552406470 0.0000e+00
    18.0474    0.02163      -0.34  552406472 0.0000e+00
    18.1217    0.02167      -0.34  552406473 0.0000e+00
    18.2094    0.02148      -0.34  552406475 0.0000e+00
    18.1952    0.02142      -0.34  552406476 0.0000e+00
    18.1446    0.02134      -0.34  552406478 0.0000e+00
    18.0984    0.02129      -0.34  552406479 0.0000e+00
    18.0652    0.02100      -0.34  552406481 0.0000e+00
    18.1199    0.02090      -0.34  552406482 0.0000e+00
    18.2083    0.02081      -0.34  552406484 0.0000e+00
    18.3149    0.02075      -0.34  552406485 0.0000e+00
    18.3607    0.02066      -0.34  552406487 0.0000e+00
    18.3994    0.02066      -0.34  552406488 0.0000e+00
    18.4009    0.02068      -0.34  552406490 0.0000e+00
    18.4453    0.02062      -0.34  552406491 0.0000e+00
    18.5180    0.02038      -0.34  552406493 0.0000e+00
    18.5595    0.02009      -0.34  552406494 0.0000e+00
    18.6388    0.02000      -0.34  552406496 0.0000e+00
    18.7264    0.01985      -0.34  552406497 0.0000e+00
    18.7663    0.01983      -0.34  552406499 0.0000e+00
    18.8268    0.01974      -0.34  552406501 0.0000e+00
    18.8743    0.01953      -0.34  552406502 0.0000e+00
    18.9233    0.01944      -0.34  552406504 0.0000e+00
    18.9697    0.01928      -0.34  552406505 0.0000e+00
    19.0145    0.01914      -0.34  552406507 0.0000e+00
    19.0360    0.01902      -0.34  552406508 0.0000e+00
    19.0439    0.01893      -0.34  552406510 0.0000e+00
    19.1041    0.01903      -0.34  552406511 0.0000e+00
    19.1300    0.01897      -0.34  552406513 0.0000e+00
    19.1445    0.01884      -0.34  552406514 0.0000e+00
    19.1727    0.01865      -0.34  552406516 0.0000e+00
    19.1679    0.01834      -0.34  552406517 0.0000e+00
    19.1686    0.01808      -0.34  552406519 0.0000e+00
    19.2083    0.01800      -0.34  552406520 0.0000e+00
    19.2502    0.01807      -0.34  552406522 0.0000e+00
    19.2946    0.01804      -0.34  552406523 0.0000e+00
    19.3149    0.01784      -0.34  552406525 0.0000e+00
    19.3015    0.01771      -0.34  552406526 0.0000e+00
    19.3058    0.01749      -0.34  552406528 0.0000e+00
    19.3042    0.01741      -0.34  552406529 0.0000e+00
    19.2929    0.01727      -0.34  552406531 0.0000e+00
    19.3167    0.01724      -0.34  552406533 0.0000e+00
    19.2948    0.01723      -0.34  552406534 0.0000e+00
    19.3074    0.01728      -0.34  552406536 0.0000e+00
    19.3451    0.01729      -0.34  552406537 0.0000e+00
    19.3595    0.01734      -0.34  552406539 0.0000e+00
    19.3747    0.01737      -0.34  552406540 0.0000e+00
    19.3935    0.01740      -0.35  552406542 0.0000e+00
    19.4052    0.01746      -0.34  552406543 0.0000e+00
    19.4332    0.01761      -0.35  552406545 0.0000e+00
    19.4428    0.01784      -0.35  552406546 0.0000e+00
    19.3797    0.02150      -0.35  552406548 0.0000e+00
    19.2036    0.02177      -0.35  552406549 0.0000e+00
    18.9969    0.02265      -0.34  552406551 0.0000e+00
    18.9003    0.02267      -0.35  552406552 0.0000e+00
    18.8508    0.02263      -0.35  552406554 0.0000e+00
    18.8220    0.02247      -0.35  552406555 0.0000e+00
    18.7815    0.02180      -0.35  552406557 0.0000e+00
    18.8405    0.02180      -0.35  552406558 0.0000e+00
    18.8234    0.02192      -0.35  552406560 0.0000e+00
    18.8443    0.02209      -0.35  552406562 0.0000e+00
    18.8801    0.02225      -0.35  552406563 0.0000e+00
    18.9368    0.02226      -0.35  552406565 0.0000e+00
    18.9014    0.02177      -0.35  552406566 0.0000e+00
    18.9285    0.02181      -0.35  552406568 0.0000e+00
    18.9675    0.02166      -0.35  552406569 0.0000e+00
    19.0456    0.02164      -0.35  552406571 0.0000e+00
    19.0419    0.02163      -0.35  552406572 0.0000e+00
    19.0337    0.02175      -0.35  552406574 0.0000e+00
    18.9438    0.02166      -0.35  552406575 0.0000e+00
    18.9836    0.02133      -0.35  552406577 0.0000e+00
    18.9479    0.02131      -0.35  552406578 0.0000e+00
    18.9738    0.02149      -0.35  552406580 0.0000e+00
    19.0258    0.02155      -0.35  552406581 0.0000e+00
    18.9786    0.02161      -0.35  552406583 0.0000e+00
    18.9100    0.02341      -0.35  552406584 0.0000e+00
    18.8323    0.02493      -0.35  552406586 0.0000e+00
    18.7630    0.03100      -0.35  552406587 0.0000e+00
    18.7278    0.03226      -0.35  552406589 0.0000e+00
    18.6746    0.03349      -0.35  552406590 0.0000e+00
    18.6362    0.03310      -0.35  552406592 0.0000e+00
    18.5956    0.03342      -0.35  552406594 0.0000e+00
    18.5532    0.03355      -0.35  552406595 0.0000e+00
    18.4988    0.03613      -0.36  552406597 0.0000e+00
    18.4410    0.03856      -0.35  552406598 0.0000e+00
    18.4177    0.03876      -0.36  552406600 0.0000e+00
    18.3704    0.03726      -0.35  552406601 0.0000e+00
    18.3363    0.03826      -0.35  552406603 0.0000e+00
    18.3121    0.03648      -0.36  552406604 0.0000e+00
    18.2851    0.03545      -0.35  552406606 0.0000e+00
    18.2571    0.03434      -0.36  552406607 0.0000e+00
    18.2160    0.03388      -0.35  552406609 0.0000e+00
    18.1791    0.03307      -0.36  552406610 0.0000e+00
    18.1524    0.03254      -0.35  552406612 0.0000e+00
    18.1315    0.03153      -0.35  552406613 0.0000e+00
    18.1373    0.03186      -0.35  552406615 0.0000e+00
    18.1224    0.03045      -0.36  552406616 0.0000e+00
    18.1305    0.03221      -0.35  552406618 0.0000e+00
    18.1191    0.02965      -0.36  552406619 0.0000e+00
    18.1168    0.03000      -0.35  552406621 0.0000e+00
    18.1099    0.02992      -0.36  552406623 0.0000e+00
