Code/Hansen Zooplankton Code and Sample Data/data/ctd/gsl_11_SBE37SI-RS232_03706156_2017_08_10.cnv
* Sea-Bird SBE37SI-RS232  Data File:
* FileName = C:\Users\General Lab Use\Desktop\SHELAGH CTD 2017\gsl_11_SBE37SI-RS232_03706156_2017_08_10.cnv
* Software version 1.00d
* Temperature SN = 6156
* Conductivity SN = 6156
* System UpLoad Time = Aug 10 2017 15:50:10
* <ApplicationData>
* <Seaterm232>
# nquan = 5
# nvalues = 2243
# units = specified
# name 0 = t090C: Temperature [ITS-90, deg C]
# name 1 = c0S/m: Conductivity [S/m]
# name 2 = prM: Pressure [db]
# name 3 = timeK: Time, Seacat Plus [seconds]
# name 4 = flag: Flag
# span 0 =      0.3286,    18.3628
# span 1 =    0.000202,   3.405209
# span 2 =      -0.233,     89.657
# span 3 =   555681024,  555684453
# span 4 =  0.0000e+00, 0.0000e+00
# interval = seconds: 6.000000
# start_time = Aug 10 2017 11:50:24
# bad_flag = -9.990e-29
*END*
    18.2855    0.00022      -0.20  555681024 0.0000e+00
    18.2878    0.00020      -0.20  555681026 0.0000e+00
    18.2886    0.00021      -0.20  555681027 0.0000e+00
    18.2928    0.00020      -0.20  555681029 0.0000e+00
    18.3037    0.00020      -0.20  555681031 0.0000e+00
    18.3089    0.00022      -0.20  555681032 0.0000e+00
    18.3270    0.00028      -0.20  555681034 0.0000e+00
    18.3194    0.00030      -0.20  555681035 0.0000e+00
    18.3628    0.00055      -0.20  555681037 0.0000e+00
    18.3362    0.00053      -0.20  555681038 0.0000e+00
    18.2648    0.00059      -0.20  555681040 0.0000e+00
    18.2153    0.00067      -0.20  555681041 0.0000e+00
    18.2018    0.00053      -0.20  555681043 0.0000e+00
    18.2024    0.00051      -0.20  555681044 0.0000e+00
    18.2027    0.00047      -0.20  555681046 0.0000e+00
    18.1905    0.00048      -0.20  555681047 0.0000e+00
    18.1723    0.00045      -0.20  555681049 0.0000e+00
    18.1423    0.00041      -0.20  555681050 0.0000e+00
    18.1003    0.00045      -0.20  555681053 0.0000e+00
    18.0631    0.00047      -0.20  555681054 0.0000e+00
    18.0127    0.00103      -0.21  555681056 0.0000e+00
    17.9523    0.00046      -0.21  555681057 0.0000e+00
    17.8300    0.00033      -0.21  555681059 0.0000e+00
    17.8096    0.00028      -0.21  555681060 0.0000e+00
    17.8065    0.00027      -0.21  555681062 0.0000e+00
    17.8291    0.00024      -0.21  555681063 0.0000e+00
    17.8417    0.00024      -0.21  555681065 0.0000e+00
    17.8641    0.00024      -0.21  555681066 0.0000e+00
    17.8892    0.00082      -0.21  555681068 0.0000e+00
    17.9011    0.00081      -0.21  555681070 0.0000e+00
    17.9034    0.00087      -0.21  555681071 0.0000e+00
    17.9154    0.00066      -0.21  555681073 0.0000e+00
    17.9253    0.00072      -0.21  555681074 0.0000e+00
    17.9363    0.00058      -0.21  555681076 0.0000e+00
    17.9444    0.00057      -0.21  555681077 0.0000e+00
    17.9403    0.00050      -0.21  555681079 0.0000e+00
    17.9307    0.00051      -0.21  555681080 0.0000e+00
    17.9243    0.00046      -0.21  555681082 0.0000e+00
    17.9051    0.00048      -0.21  555681083 0.0000e+00
    17.9111    0.00045      -0.21  555681085 0.0000e+00
    17.9066    0.00045      -0.21  555681086 0.0000e+00
    17.9023    0.00040      -0.21  555681088 0.0000e+00
    17.8812    0.00040      -0.21  555681089 0.0000e+00
    17.8839    0.00040      -0.21  555681091 0.0000e+00
    17.8888    0.00039      -0.21  555681092 0.0000e+00
    17.8870    0.00036      -0.21  555681094 0.0000e+00
    17.8700    0.00032      -0.21  555681096 0.0000e+00
    17.8610    0.00031      -0.21  555681097 0.0000e+00
    17.8283    0.00029      -0.21  555681099 0.0000e+00
    17.7779    0.00029      -0.21  555681100 0.0000e+00
    17.7553    0.00027      -0.20  555681102 0.0000e+00
    17.7341    0.00026      -0.20  555681103 0.0000e+00
    17.7233    0.00026      -0.20  555681105 0.0000e+00
    17.7045    0.00025      -0.20  555681106 0.0000e+00
    17.6807    0.00024      -0.20  555681108 0.0000e+00
    17.6512    0.00024      -0.20  555681109 0.0000e+00
    17.6252    0.00024      -0.20  555681111 0.0000e+00
    17.5954    0.00023      -0.20  555681112 0.0000e+00
    17.5598    0.00023      -0.20  555681114 0.0000e+00
    17.5332    0.00023      -0.20  555681115 0.0000e+00
    17.5180    0.00023      -0.20  555681117 0.0000e+00
    17.4965    0.00022      -0.20  555681118 0.0000e+00
    17.4906    0.00022      -0.20  555681120 0.0000e+00
    17.4909    0.00022      -0.20  555681122 0.0000e+00
    17.4671    0.00022      -0.20  555681123 0.0000e+00
    17.4596    0.00021      -0.20  555681125 0.0000e+00
    17.4484    0.00021      -0.20  555681126 0.0000e+00
    17.4371    0.00021      -0.20  555681128 0.0000e+00
    17.4200    0.00021      -0.20  555681129 0.0000e+00
    17.4107    0.00020      -0.20  555681131 0.0000e+00
    17.3970    0.00022      -0.21  555681132 0.0000e+00
    17.3983    0.00029      -0.21  555681134 0.0000e+00
    17.3803    0.00033      -0.21  555681135 0.0000e+00
    17.3709    0.00031      -0.21  555681137 0.0000e+00
    17.3638    0.00031      -0.21  555681138 0.0000e+00
    17.3316    0.00032      -0.21  555681140 0.0000e+00
    17.2987    0.00037      -0.21  555681141 0.0000e+00
    17.2803    0.00040      -0.21  555681143 0.0000e+00
    17.2849    0.00038      -0.21  555681144 0.0000e+00
    17.2854    0.00034      -0.21  555681146 0.0000e+00
    17.2843    0.23639      -0.08  555681148 0.0000e+00
    15.3832    3.36171       1.20  555681149 0.0000e+00
    15.2414    3.36723       1.97  555681151 0.0000e+00
    15.1381    3.38180       2.08  555681152 0.0000e+00
    15.1662    3.39411       1.94  555681154 0.0000e+00
    15.1482    3.39618       2.25  555681155 0.0000e+00
    15.1601    3.39497       1.97  555681157 0.0000e+00
    15.2206    3.39900       2.13  555681158 0.0000e+00
    15.2321    3.40037       2.07  555681160 0.0000e+00
    15.2274    3.40377       2.13  555681161 0.0000e+00
    15.2317    3.40250       2.07  555681163 0.0000e+00
    15.2275    3.40055       2.06  555681164 0.0000e+00
    15.2312    3.39800       2.22  555681166 0.0000e+00
    15.2280    3.39795       1.93  555681167 0.0000e+00
    15.2246    3.39636       2.23  555681169 0.0000e+00
    15.2194    3.40037       2.10  555681170 0.0000e+00
    15.2204    3.40112       1.95  555681172 0.0000e+00
    15.2119    3.39529       2.34  555681174 0.0000e+00
    15.1831    3.39077       1.86  555681175 0.0000e+00
    15.2130    3.39137       2.42  555681177 0.0000e+00
    15.2162    3.38966       1.77  555681178 0.0000e+00
    15.2158    3.38984       2.48  555681180 0.0000e+00
    15.2169    3.38917       1.84  555681181 0.0000e+00
    15.2179    3.39012       2.27  555681183 0.0000e+00
    15.2214    3.38998       1.98  555681184 0.0000e+00
    15.2232    3.38992       2.31  555681186 0.0000e+00
    15.2267    3.39015       1.87  555681187 0.0000e+00
    15.2257    3.38976       2.40  555681189 0.0000e+00
    15.2268    3.38977       1.86  555681190 0.0000e+00
    15.2220    3.38955       2.26  555681192 0.0000e+00
    15.2221    3.38981       2.04  555681193 0.0000e+00
    15.2207    3.38944       2.25  555681195 0.0000e+00
    15.2237    3.38963       1.99  555681196 0.0000e+00
    15.2261    3.38964       2.30  555681198 0.0000e+00
    15.2107    3.38943       2.05  555681199 0.0000e+00
    15.2218    3.38877       2.23  555681201 0.0000e+00
    15.1760    3.38871       2.22  555681203 0.0000e+00
    15.2166    3.38862       2.10  555681204 0.0000e+00
    15.2147    3.38926       2.28  555681206 0.0000e+00
    15.2179    3.38994       2.14  555681207 0.0000e+00
    15.2207    3.39087       2.16  555681209 0.0000e+00
    15.2197    3.39130       2.31  555681210 0.0000e+00
    15.2207    3.38968       1.88  555681212 0.0000e+00
    15.2262    3.38983       1.28  555681213 0.0000e+00
    15.2409    3.38993       0.12  555681215 0.0000e+00
    15.2529    3.39036       0.13  555681216 0.0000e+00
    15.2537    3.39042       1.00  555681218 0.0000e+00
    15.2452    3.38979       2.03  555681219 0.0000e+00
    15.2217    3.38702       3.06  555681221 0.0000e+00
    15.0090    3.37723       4.00  555681222 0.0000e+00
    14.9599    3.37062       4.98  555681224 0.0000e+00
    14.7285    3.35465       6.11  555681225 0.0000e+00
    14.1045    3.32400       7.02  555681227 0.0000e+00
    13.5669    3.29926       8.36  555681229 0.0000e+00
    13.4512    3.30237       9.44  555681230 0.0000e+00
    13.6126    3.34107      10.97  555681232 0.0000e+00
    13.7390    3.35656      11.84  555681233 0.0000e+00
    13.3732    3.34427      13.27  555681235 0.0000e+00
    12.8992    3.34060      14.02  555681236 0.0000e+00
    12.7387    3.30728      15.47  555681238 0.0000e+00
    11.6370    3.26514      16.51  555681239 0.0000e+00
    11.5574    3.24077      17.17  555681241 0.0000e+00
     9.9408    3.16156      18.52  555681242 0.0000e+00
     9.6411    3.13637      19.12  555681244 0.0000e+00
     7.7818    3.06002      20.57  555681245 0.0000e+00
     6.6821    3.00679      20.90  555681247 0.0000e+00
     5.8447    2.95182      22.39  555681248 0.0000e+00
     5.4820    2.93364      22.61  555681250 0.0000e+00
     4.3375    2.84820      24.29  555681251 0.0000e+00
     3.8436    2.85031      24.04  555681253 0.0000e+00
     3.0103    2.77954      25.61  555681254 0.0000e+00
     1.9985    2.79515      26.15  555681256 0.0000e+00
     1.6152    2.72705      26.98  555681258 0.0000e+00
     1.4966    2.72814      28.22  555681259 0.0000e+00
     1.4380    2.73106      28.98  555681261 0.0000e+00
     1.4751    2.73198      29.67  555681262 0.0000e+00
     1.3888    2.71899      30.81  555681264 0.0000e+00
     1.1450    2.72912      31.66  555681265 0.0000e+00
     1.0025    2.70508      32.74  555681267 0.0000e+00
     1.0295    2.70097      34.29  555681268 0.0000e+00
     1.0432    2.73076      34.98  555681270 0.0000e+00
     1.0937    2.70804      36.45  555681271 0.0000e+00
     1.1008    2.72225      37.13  555681273 0.0000e+00
     1.0812    2.71038      38.16  555681274 0.0000e+00
     1.0118    2.71708      39.25  555681276 0.0000e+00
     0.9601    2.70781      40.31  555681277 0.0000e+00
     0.8814    2.70546      41.55  555681279 0.0000e+00
     0.7686    2.70969      42.42  555681280 0.0000e+00
     0.5715    2.69796      43.55  555681282 0.0000e+00
     0.5373    2.69994      44.33  555681284 0.0000e+00
     0.4748    2.68524      45.66  555681285 0.0000e+00
     0.4453    2.68693      46.62  555681287 0.0000e+00
     0.3895    2.68017      47.95  555681288 0.0000e+00
     0.3737    2.69060      48.89  555681290 0.0000e+00
     0.3766    2.68243      50.47  555681291 0.0000e+00
     0.3560    2.69237      51.46  555681293 0.0000e+00
     0.3535    2.68847      52.71  555681294 0.0000e+00
     0.3533    2.69464      53.64  555681296 0.0000e+00
     0.3630    2.69574      54.57  555681297 0.0000e+00
     0.3709    2.69427      55.61  555681299 0.0000e+00
     0.3689    2.69827      56.62  555681300 0.0000e+00
     0.3588    2.69376      58.18  555681302 0.0000e+00
     0.3403    2.70203      59.12  555681303 0.0000e+00
     0.3373    2.69420      60.65  555681305 0.0000e+00
     0.3309    2.69821      61.78  555681306 0.0000e+00
     0.3333    2.69663      63.03  555681308 0.0000e+00
     0.3771    2.70510      64.54  555681309 0.0000e+00
     0.4021    2.70939      65.27  555681311 0.0000e+00
     0.4469    2.71563      67.18  555681313 0.0000e+00
     0.4578    2.71803      67.34  555681314 0.0000e+00
     0.4658    2.71778      69.29  555681316 0.0000e+00
     0.4792    2.72100      69.57  555681317 0.0000e+00
     0.4931    2.72379      71.49  555681319 0.0000e+00
     0.5008    2.72481      72.27  555681320 0.0000e+00
     0.5061    2.72639      73.60  555681322 0.0000e+00
     0.5120    2.72696      74.72  555681323 0.0000e+00
     0.5107    2.72762      75.80  555681325 0.0000e+00
     0.5114    2.72697      77.10  555681326 0.0000e+00
     0.5139    2.72795      78.16  555681328 0.0000e+00
     0.5292    2.72976      79.39  555681329 0.0000e+00
     0.5354    2.73224      80.14  555681331 0.0000e+00
     0.5386    2.73173      81.76  555681332 0.0000e+00
     0.5582    2.73434      82.36  555681334 0.0000e+00
     0.5819    2.73995      83.90  555681335 0.0000e+00
     0.6479    2.74738      84.42  555681337 0.0000e+00
     0.6681    2.75247      86.07  555681339 0.0000e+00
     0.6818    2.75454      86.65  555681340 0.0000e+00
     0.6830    2.75442      88.34  555681342 0.0000e+00
     0.6834    2.75513      88.67  555681343 0.0000e+00
     0.6840    2.75512      89.65  555681345 0.0000e+00
     0.6837    2.75627      89.66  555681346 0.0000e+00
     0.6857    2.75520      89.39  555681348 0.0000e+00
     0.6850    2.75498      87.55  555681349 0.0000e+00
     0.6839    2.75482      86.15  555681351 0.0000e+00
     0.6820    2.75408      84.12  555681352 0.0000e+00
     0.6610    2.74604      82.17  555681354 0.0000e+00
     0.5689    2.73574      80.63  555681355 0.0000e+00
     0.5427    2.73059      78.76  555681357 0.0000e+00
     0.5279    2.72815      76.88  555681358 0.0000e+00
     0.5143    2.72581      75.41  555681360 0.0000e+00
     0.5118    2.72514      73.43  555681361 0.0000e+00
     0.5095    2.72516      71.97  555681363 0.0000e+00
     0.5013    2.72278      70.08  555681365 0.0000e+00
     0.4929    2.72222      69.77  555681366 0.0000e+00
     0.4805    2.71676      67.96  555681368 0.0000e+00
     0.4602    2.71331      65.71  555681369 0.0000e+00
     0.4298    2.70614      63.44  555681371 0.0000e+00
     0.3548    2.69197      60.95  555681372 0.0000e+00
     0.3305    2.68897      58.54  555681374 0.0000e+00
     0.3368    2.68750      56.47  555681375 0.0000e+00
     0.3624    2.68333      53.75  555681377 0.0000e+00
     0.3516    2.67839      51.84  555681378 0.0000e+00
     0.3466    2.67377      49.51  555681380 0.0000e+00
     0.3673    2.66906      47.65  555681381 0.0000e+00
     0.3690    2.66676      45.53  555681383 0.0000e+00
     0.4454    2.66689      43.58  555681384 0.0000e+00
     0.4942    2.66836      42.26  555681386 0.0000e+00
     0.6953    2.67812      40.33  555681387 0.0000e+00
     0.8600    2.68487      38.55  555681389 0.0000e+00
     1.0134    2.68593      36.99  555681391 0.0000e+00
     1.0824    2.68916      35.18  555681392 0.0000e+00
     1.0817    2.68150      33.51  555681394 0.0000e+00
     1.0356    2.67490      31.63  555681395 0.0000e+00
     1.1017    2.67744      30.11  555681397 0.0000e+00
     1.4001    2.68669      28.51  555681398 0.0000e+00
     1.4410    2.67200      26.61  555681400 0.0000e+00
     1.5076    2.66523      25.37  555681401 0.0000e+00
     2.1541    2.74544      23.49  555681403 0.0000e+00
     4.0198    2.78484      22.68  555681404 0.0000e+00
     5.1228    2.88644      20.61  555681406 0.0000e+00
     6.1002    2.89179      19.73  555681407 0.0000e+00
     7.4962    3.05634      18.02  555681409 0.0000e+00
     9.5809    3.09713      16.83  555681410 0.0000e+00
    10.5142    3.18213      15.30  555681412 0.0000e+00
    11.9695    3.21798      14.39  555681413 0.0000e+00
    12.2662    3.25552      13.55  555681415 0.0000e+00
    12.7660    3.27014      12.68  555681416 0.0000e+00
    13.0784    3.29901      11.58  555681418 0.0000e+00
    13.5542    3.32487      10.14  555681420 0.0000e+00
    13.7522    3.30948       9.27  555681421 0.0000e+00
    13.4487    3.27568       8.78  555681423 0.0000e+00
    13.4067    3.25695       8.79  555681424 0.0000e+00
    13.3803    3.24924       8.07  555681426 0.0000e+00
    13.4437    3.26754       6.70  555681427 0.0000e+00
    13.6867    3.26855       5.71  555681429 0.0000e+00
    14.5532    3.33186       4.13  555681430 0.0000e+00
    14.8910    3.34003       3.02  555681432 0.0000e+00
    15.0515    3.36167       1.35  555681433 0.0000e+00
    15.2031    3.36299       1.77  555681435 0.0000e+00
    15.1906    3.35964       1.23  555681436 0.0000e+00
    15.1919    3.36512       1.93  555681438 0.0000e+00
    15.1924    3.36814       1.52  555681439 0.0000e+00
    15.2186    3.36102       1.93  555681441 0.0000e+00
    15.2140    3.35649       1.68  555681442 0.0000e+00
    15.2187    3.35859       1.31  555681444 0.0000e+00
    15.2229    3.37795      -0.07  555681446 0.0000e+00
    15.2067    0.35329      -0.21  555681447 0.0000e+00
    15.1599    0.18105      -0.21  555681449 0.0000e+00
    15.1031    0.20215      -0.21  555681450 0.0000e+00
    15.0754    0.12254      -0.21  555681452 0.0000e+00
    14.9940    0.17656      -0.21  555681453 0.0000e+00
    14.9286    0.17025      -0.20  555681455 0.0000e+00
    14.8918    0.11783      -0.19  555681456 0.0000e+00
    14.8512    0.11937      -0.19  555681458 0.0000e+00
    14.8016    0.12749      -0.19  555681459 0.0000e+00
