Code/Hansen Zooplankton Code and Sample Data/data/ctd/gsl_11_SBE37SI-RS232_03706156_2017_08_10.cnv
* Sea-Bird SBE37SI-RS232  Data File:
* FileName = C:\Users\General Lab Use\Desktop\SHELAGH CTD 2017\gsl_11_SBE37SI-RS232_03706156_2017_08_10.cnv
* Software version 1.00d
* Temperature SN = 6156
* Conductivity SN = 6156
* System UpLoad Time = Aug 10 2017 15:50:10
* <ApplicationData>
* <Seaterm232>
# nquan = 5
# nvalues = 2243
# units = specified
# name 0 = t090C: Temperature [ITS-90, deg C]
# name 1 = c0S/m: Conductivity [S/m]
# name 2 = prM: Pressure [db]
# name 3 = timeK: Time, Seacat Plus [seconds]
# name 4 = flag: Flag
# span 0 =      0.3286,    18.3628
# span 1 =    0.000202,   3.405209
# span 2 =      -0.233,     89.657
# span 3 =   555681024,  555684453
# span 4 =  0.0000e+00, 0.0000e+00
# interval = seconds: 6.000000
# start_time = Aug 10 2017 11:50:24
# bad_flag = -9.990e-29
*END*
[from data line 858]
    14.9081    0.00897      -0.19  555682335 0.0000e+00
    14.9005    0.00856      -0.19  555682336 0.0000e+00
    14.8975    0.00799      -0.19  555682338 0.0000e+00
    14.8984    0.00773      -0.19  555682339 0.0000e+00
    14.9031    0.00761      -0.19  555682341 0.0000e+00
    14.8942    0.00751      -0.19  555682342 0.0000e+00
    14.8938    0.00746      -0.19  555682344 0.0000e+00
    14.8902    0.00738      -0.19  555682346 0.0000e+00
    14.8818    0.00737      -0.19  555682347 0.0000e+00
    14.8848    0.00727      -0.19  555682349 0.0000e+00
    14.8926    0.00722      -0.19  555682350 0.0000e+00
    14.8919    0.00713      -0.19  555682352 0.0000e+00
    14.8900    0.00706      -0.19  555682353 0.0000e+00
    14.8904    0.00702      -0.19  555682355 0.0000e+00
    14.8954    0.00693      -0.19  555682356 0.0000e+00
    14.8984    0.00690      -0.19  555682358 0.0000e+00
    14.8987    0.00683      -0.19  555682359 0.0000e+00
    14.8971    0.00680      -0.19  555682361 0.0000e+00
    14.8991    0.00680      -0.20  555682362 0.0000e+00
    14.8956    0.00677      -0.19  555682364 0.0000e+00
    14.8927    0.00676      -0.20  555682365 0.0000e+00
    14.8941    0.00674      -0.19  555682367 0.0000e+00
    14.8923    0.00673      -0.19  555682368 0.0000e+00
    14.8886    0.00672      -0.20  555682370 0.0000e+00
    14.8962    0.00670      -0.20  555682372 0.0000e+00
    14.8988    0.00667      -0.20  555682373 0.0000e+00
    14.8994    0.00664      -0.20  555682375 0.0000e+00
    14.8994    0.00657      -0.20  555682376 0.0000e+00
    14.9019    0.00647      -0.20  555682378 0.0000e+00
    14.9107    0.00640      -0.19  555682379 0.0000e+00
    14.9098    0.00624      -0.20  555682381 0.0000e+00
    14.9082    0.00613      -0.20  555682382 0.0000e+00
    14.9089    0.00609      -0.20  555682384 0.0000e+00
    14.9047    0.00605      -0.20  555682385 0.0000e+00
    14.9034    0.00603      -0.20  555682387 0.0000e+00
    14.8966    0.00599      -0.20  555682388 0.0000e+00
    14.8951    0.00597      -0.20  555682390 0.0000e+00
    14.8927    0.00595      -0.20  555682391 0.0000e+00
    14.8888    0.00592      -0.20  555682393 0.0000e+00
    14.8930    0.00591      -0.20  555682394 0.0000e+00
    14.8942    0.00587      -0.20  555682396 0.0000e+00
    14.8922    0.00586      -0.20  555682398 0.0000e+00
    14.8952    0.00581      -0.20  555682399 0.0000e+00
    14.8944    0.00582      -0.20  555682401 0.0000e+00
    14.8899    0.00576      -0.20  555682402 0.0000e+00
    14.8911    0.00578      -0.20  555682404 0.0000e+00
    14.8921    0.00573      -0.21  555682405 0.0000e+00
    14.8961    0.00574      -0.20  555682407 0.0000e+00
    14.8927    0.00569      -0.21  555682408 0.0000e+00
    14.8921    0.00567      -0.20  555682410 0.0000e+00
    14.8882    0.00562      -0.21  555682411 0.0000e+00
    14.8918    0.00560      -0.20  555682413 0.0000e+00
    14.9024    0.00556      -0.20  555682414 0.0000e+00
    14.9048    0.00554      -0.20  555682416 0.0000e+00
    14.8993    0.00551      -0.20  555682417 0.0000e+00
    14.8964    0.00548      -0.20  555682419 0.0000e+00
    14.9011    0.00545      -0.20  555682421 0.0000e+00
    14.8979    0.00542      -0.21  555682422 0.0000e+00
    14.8950    0.00539      -0.21  555682424 0.0000e+00
    14.9031    0.00537      -0.21  555682425 0.0000e+00
    14.9090    0.00534      -0.20  555682427 0.0000e+00
    14.9091    0.00532      -0.21  555682428 0.0000e+00
    14.9081    0.00530      -0.20  555682430 0.0000e+00
    14.9081    0.00528      -0.21  555682431 0.0000e+00
    14.9022    0.00527      -0.21  555682433 0.0000e+00
    14.9018    0.00524      -0.21  555682434 0.0000e+00
    14.9011    0.00522      -0.21  555682436 0.0000e+00
    14.8972    0.00520      -0.21  555682437 0.0000e+00
    14.8977    0.00517      -0.21  555682439 0.0000e+00
    14.8962    0.00516      -0.21  555682440 0.0000e+00
    14.8957    0.00514      -0.21  555682442 0.0000e+00
    14.8926    0.00513      -0.21  555682443 0.0000e+00
    14.8941    0.00511      -0.21  555682445 0.0000e+00
    14.8924    0.00507      -0.21  555682447 0.0000e+00
    14.8927    0.00506      -0.21  555682448 0.0000e+00
    14.9003    0.00503      -0.21  555682450 0.0000e+00
    14.9030    0.00502      -0.21  555682451 0.0000e+00
    14.9069    0.00500      -0.21  555682453 0.0000e+00
    14.9045    0.00499      -0.21  555682454 0.0000e+00
    14.9055    0.00497      -0.21  555682456 0.0000e+00
    14.9054    0.00495      -0.21  555682457 0.0000e+00
    14.9100    0.00494      -0.21  555682459 0.0000e+00
    14.9146    0.00492      -0.21  555682460 0.0000e+00
    14.9127    0.00490      -0.21  555682462 0.0000e+00
    14.9090    0.00489      -0.21  555682463 0.0000e+00
    14.9161    0.00488      -0.21  555682465 0.0000e+00
    14.9217    0.00487      -0.21  555682466 0.0000e+00
    14.9200    0.00485      -0.21  555682468 0.0000e+00
    14.9256    0.00484      -0.21  555682469 0.0000e+00
    14.9258    0.00484      -0.21  555682471 0.0000e+00
    14.9238    0.00482      -0.21  555682473 0.0000e+00
    14.9282    0.00483      -0.21  555682474 0.0000e+00
    14.9403    0.00481      -0.21  555682476 0.0000e+00
    14.9469    0.00481      -0.21  555682477 0.0000e+00
    14.9512    0.00478      -0.21  555682479 0.0000e+00
    14.9523    0.00479      -0.21  555682480 0.0000e+00
    14.9463    0.00477      -0.21  555682482 0.0000e+00
    14.9479    0.00477      -0.21  555682483 0.0000e+00
    14.9507    0.00475      -0.21  555682485 0.0000e+00
    14.9526    0.00474      -0.21  555682486 0.0000e+00
    14.9537    0.00472      -0.21  555682488 0.0000e+00
    14.9533    0.00472      -0.21  555682489 0.0000e+00
    14.9561    0.00470      -0.21  555682491 0.0000e+00
    14.9605    0.00469      -0.21  555682492 0.0000e+00
    14.9621    0.00469      -0.21  555682494 0.0000e+00
    14.9638    0.00469      -0.21  555682495 0.0000e+00
    14.9993    0.00471      -0.21  555682497 0.0000e+00
    14.9945    0.00469      -0.21  555682499 0.0000e+00
    15.0264    0.00470      -0.21  555682500 0.0000e+00
    15.0169    0.00463      -0.21  555682502 0.0000e+00
    15.0138    0.00464      -0.21  555682503 0.0000e+00
    15.0003    0.00460      -0.21  555682505 0.0000e+00
    14.9993    0.00460      -0.21  555682506 0.0000e+00
    14.9940    0.00457      -0.21  555682508 0.0000e+00
    14.9960    0.00459      -0.21  555682509 0.0000e+00
    14.9929    0.00457      -0.21  555682511 0.0000e+00
    14.9997    0.00461      -0.21  555682512 0.0000e+00
    15.0022    0.00458      -0.21  555682514 0.0000e+00
    15.0041    0.00461      -0.21  555682515 0.0000e+00
    15.0045    0.00459      -0.21  555682517 0.0000e+00
    15.0036    0.00461      -0.21  555682518 0.0000e+00
    15.0010    0.00459      -0.21  555682520 0.0000e+00
    15.0053    0.00459      -0.21  555682521 0.0000e+00
    15.0016    0.00457      -0.21  555682523 0.0000e+00
    15.0067    0.00457      -0.21  555682525 0.0000e+00
    15.0070    0.00454      -0.21  555682526 0.0000e+00
    15.0098    0.00454      -0.21  555682528 0.0000e+00
    15.0075    0.00452      -0.21  555682529 0.0000e+00
    15.0163    0.00451      -0.21  555682531 0.0000e+00
    15.0198    0.00450      -0.21  555682532 0.0000e+00
    15.0226    0.00448      -0.21  555682534 0.0000e+00
    15.0244    0.00448      -0.21  555682535 0.0000e+00
    15.0240    0.00447      -0.21  555682537 0.0000e+00
    15.0244    0.00446      -0.21  555682538 0.0000e+00
    15.0261    0.00445      -0.21  555682540 0.0000e+00
    15.0311    0.00444      -0.21  555682541 0.0000e+00
    15.0326    0.00444      -0.21  555682543 0.0000e+00
    15.0335    0.00442      -0.21  555682544 0.0000e+00
    15.0369    0.00442      -0.21  555682546 0.0000e+00
    15.0431    0.00441      -0.21  555682547 0.0000e+00
    15.0444    0.00441      -0.21  555682549 0.0000e+00
    15.0397    0.00440      -0.21  555682551 0.0000e+00
    15.0378    0.00440      -0.21  555682552 0.0000e+00
    15.0397    0.00439      -0.21  555682554 0.0000e+00
    15.0434    0.00439      -0.21  555682555 0.0000e+00
    15.0464    0.00438      -0.21  555682557 0.0000e+00
    15.0425    0.00438      -0.21  555682558 0.0000e+00
    15.0397    0.00437      -0.21  555682560 0.0000e+00
    15.0406    0.00437      -0.21  555682561 0.0000e+00
    15.0387    0.00436      -0.21  555682563 0.0000e+00
    15.0407    0.00436      -0.21  555682564 0.0000e+00
    15.0386    0.00435      -0.21  555682566 0.0000e+00
    15.0363    0.00435      -0.21  555682567 0.0000e+00
    15.0435    0.00435      -0.21  555682569 0.0000e+00
    15.0481    0.00435      -0.21  555682570 0.0000e+00
    15.0496    0.00434      -0.21  555682572 0.0000e+00
    15.0512    0.00435      -0.21  555682573 0.0000e+00
    15.0508    0.00434      -0.21  555682575 0.0000e+00
    15.0559    0.00433      -0.21  555682577 0.0000e+00
    15.0623    0.00432      -0.21  555682578 0.0000e+00
    15.0672    0.00431      -0.21  555682580 0.0000e+00
    15.0663    0.00430      -0.21  555682581 0.0000e+00
    15.0673    0.00431      -0.21  555682583 0.0000e+00
    15.0679    0.00429      -0.21  555682584 0.0000e+00
    15.0687    0.00430      -0.21  555682586 0.0000e+00
    15.0688    0.00429      -0.21  555682587 0.0000e+00
    15.0709    0.00430      -0.21  555682589 0.0000e+00
    15.0695    0.00429      -0.21  555682590 0.0000e+00
    15.0682    0.00429      -0.21  555682592 0.0000e+00
    15.0699    0.00428      -0.21  555682593 0.0000e+00
    15.0704    0.00429      -0.21  555682595 0.0000e+00
    15.0657    0.00428      -0.21  555682596 0.0000e+00
    15.0628    0.00428      -0.21  555682598 0.0000e+00
    15.0588    0.00427      -0.21  555682599 0.0000e+00
    15.0599    0.00425      -0.21  555682601 0.0000e+00
    15.0624    0.00426      -0.21  555682603 0.0000e+00
    15.0615    0.00425      -0.21  555682604 0.0000e+00
    15.0662    0.00425      -0.21  555682606 0.0000e+00
    15.0686    0.00425      -0.21  555682607 0.0000e+00
    15.0692    0.00425      -0.21  555682609 0.0000e+00
    15.0709    0.00424      -0.21  555682610 0.0000e+00
    15.0742    0.00425      -0.21  555682612 0.0000e+00
    15.0784    0.00424      -0.21  555682613 0.0000e+00
    15.0795    0.00424      -0.21  555682615 0.0000e+00
    15.0771    0.00424      -0.21  555682616 0.0000e+00
    15.0763    0.00423      -0.21  555682618 0.0000e+00
    15.0798    0.00422      -0.21  555682619 0.0000e+00
    15.0791    0.00421      -0.21  555682621 0.0000e+00
    15.0786    0.00421      -0.21  555682622 0.0000e+00
    15.0764    0.00420      -0.21  555682624 0.0000e+00
    15.0758    0.00419      -0.21  555682625 0.0000e+00
    15.0716    0.00418      -0.21  555682627 0.0000e+00
    15.0677    0.00418      -0.21  555682629 0.0000e+00
    15.0658    0.00417      -0.21  555682630 0.0000e+00
    15.0627    0.00416      -0.21  555682632 0.0000e+00
    15.0658    0.00416      -0.21  555682633 0.0000e+00
    15.0652    0.00415      -0.21  555682635 0.0000e+00
    15.0641    0.00414      -0.21  555682636 0.0000e+00
    15.0637    0.00414      -0.21  555682638 0.0000e+00
    15.0643    0.00413      -0.21  555682639 0.0000e+00
    15.0683    0.00414      -0.21  555682641 0.0000e+00
    15.0666    0.00413      -0.21  555682642 0.0000e+00
    15.0669    0.00412      -0.21  555682644 0.0000e+00
    15.0655    0.00410      -0.21  555682645 0.0000e+00
    15.0681    0.00408      -0.21  555682647 0.0000e+00
    15.0713    0.00407      -0.21  555682648 0.0000e+00
    15.0729    0.00405      -0.21  555682650 0.0000e+00
    15.0721    0.00404      -0.21  555682651 0.0000e+00
    15.0705    0.00403      -0.21  555682653 0.0000e+00
    15.0704    0.00402      -0.21  555682655 0.0000e+00
    15.0711    0.00402      -0.21  555682656 0.0000e+00
    15.0687    0.00401      -0.21  555682658 0.0000e+00
    15.0661    0.00400      -0.21  555682659 0.0000e+00
    15.0678    0.00400      -0.21  555682661 0.0000e+00
    15.0718    0.00400      -0.21  555682662 0.0000e+00
    15.0740    0.00399      -0.21  555682664 0.0000e+00
    15.0783    0.00398      -0.21  555682665 0.0000e+00
    15.0801    0.00397      -0.21  555682667 0.0000e+00
    15.0829    0.00397      -0.21  555682668 0.0000e+00
    15.0868    0.00396      -0.21  555682670 0.0000e+00
    15.0919    0.00396      -0.21  555682671 0.0000e+00
    15.0940    0.00395      -0.21  555682673 0.0000e+00
    15.0915    0.00394      -0.21  555682674 0.0000e+00
    15.0910    0.00394      -0.21  555682676 0.0000e+00
    15.0927    0.00393      -0.21  555682677 0.0000e+00
    15.0909    0.00393      -0.21  555682679 0.0000e+00
    15.0908    0.00392      -0.21  555682681 0.0000e+00
    15.0898    0.00392      -0.21  555682682 0.0000e+00
    15.0915    0.00392      -0.21  555682684 0.0000e+00
    15.0944    0.00391      -0.21  555682685 0.0000e+00
    15.0999    0.00391      -0.21  555682687 0.0000e+00
    15.1021    0.00391      -0.21  555682688 0.0000e+00
    15.1008    0.00390      -0.21  555682690 0.0000e+00
    15.0994    0.00389      -0.21  555682691 0.0000e+00
    15.0997    0.00389      -0.21  555682693 0.0000e+00
    15.1052    0.00389      -0.21  555682694 0.0000e+00
    15.1034    0.00388      -0.21  555682696 0.0000e+00
    15.1014    0.00388      -0.21  555682697 0.0000e+00
    15.0978    0.00388      -0.21  555682699 0.0000e+00
    15.0990    0.00389      -0.21  555682700 0.0000e+00
    15.0998    0.00388      -0.21  555682702 0.0000e+00
    15.0970    0.00390      -0.21  555682703 0.0000e+00
    15.1002    0.00391      -0.21  555682705 0.0000e+00
    15.1141    0.00394      -0.21  555682707 0.0000e+00
    15.1205    0.00395      -0.21  555682708 0.0000e+00
    15.1210    0.00397      -0.21  555682710 0.0000e+00
    15.1216    0.00396      -0.21  555682711 0.0000e+00
    15.1218    0.00397      -0.21  555682713 0.0000e+00
    15.1211    0.00395      -0.21  555682714 0.0000e+00
    15.1186    0.00395      -0.21  555682716 0.0000e+00
    15.1154    0.00393      -0.21  555682717 0.0000e+00
    15.1141    0.00394      -0.21  555682719 0.0000e+00
    15.1098    0.00392      -0.21  555682720 0.0000e+00
    15.1075    0.00392      -0.21  555682722 0.0000e+00
    15.1061    0.00391      -0.21  555682723 0.0000e+00
    15.1041    0.00390      -0.21  555682725 0.0000e+00
    15.1117    0.00390      -0.21  555682726 0.0000e+00
    15.1211    0.00389      -0.21  555682728 0.0000e+00
    15.1231    0.00388      -0.21  555682729 0.0000e+00
    15.1287    0.00388      -0.21  555682731 0.0000e+00
    15.1253    0.00387      -0.21  555682733 0.0000e+00
    15.1222    0.00386      -0.21  555682734 0.0000e+00
    15.1265    0.00386      -0.21  555682736 0.0000e+00
    15.1291    0.00385      -0.21  555682737 0.0000e+00
    15.1300    0.00384      -0.21  555682739 0.0000e+00
    15.1307    0.00383      -0.21  555682740 0.0000e+00
    15.1295    0.00382      -0.21  555682742 0.0000e+00
    15.1261    0.00381      -0.21  555682743 0.0000e+00
    15.1289    0.00381      -0.21  555682745 0.0000e+00
    15.1262    0.00380      -0.21  555682746 0.0000e+00
    15.1272    0.00379      -0.21  555682748 0.0000e+00
    15.1253    0.00378      -0.21  555682749 0.0000e+00
    15.1283    0.00378      -0.21  555682751 0.0000e+00
    15.1332    0.00377      -0.21  555682752 0.0000e+00
    15.1377    0.00377      -0.21  555682754 0.0000e+00
    15.1393    0.00376      -0.21  555682755 0.0000e+00
    15.1419    0.00376      -0.21  555682757 0.0000e+00
    15.1454    0.00375      -0.21  555682758 0.0000e+00
    15.1428    0.00375      -0.21  555682760 0.0000e+00
    15.1447    0.00375      -0.21  555682762 0.0000e+00
    15.1375    0.00374      -0.21  555682763 0.0000e+00
    15.1365    0.00374      -0.21  555682765 0.0000e+00
    15.1333    0.00373      -0.21  555682766 0.0000e+00
    15.1395    0.00373      -0.21  555682768 0.0000e+00
