Code/Hansen Zooplankton Code and Sample Data/data/ctd/gsl_05_SBE37SI-RS232_03706156_2017_07_08_final.cnv
* Sea-Bird SBE37SI-RS232  Data File:
* FileName = C:\Users\General Lab Use\Desktop\SHELAGH CTD 2017\gsl_05_SBE37SI-RS232_03706156_2017_07_08.cnv
* Software version 1.00d
* Temperature SN = 6156
* Conductivity SN = 6156
* System UpLoad Time = Jul 09 2017 00:00:20
* <ApplicationData>
* <Seaterm232>
# nquan = 7                                 
# nvalues = 1823                        
# units = specified
# name 0 = t090C: Temperature [ITS-90, deg C]
# name 1 = c0S/m: Conductivity [S/m]
# name 2 = prM: Pressure [db]
# name 3 = timeK: Time, Seacat Plus [seconds]
# name 4 = sal00: Salinity [PSU]
# name 5 = sigma-t00: Density [sigma-t, Kg/m^3 ]
# name 6 = flag: flag
# span 0 =    -0.1402,    21.3840       
# span 1 =   0.000530,   3.349360       
# span 2 =     -0.400,     83.600       
# span 3 =  552856310,  552859088       
# span 4 =     0.0108,    32.1100       
# span 5 =    -2.0299,    25.7553       
# span 6 = 0.0000e+00, 0.0000e+00       
# interval = seconds: 6.000000
# start_time = Jul 08 2017 19:11:50
# bad_flag = -9.990e-29
*END*
[from data line 616]
     0.1505   2.632260     39.970  552857249    31.2365    25.0624 0.0000e+00
     0.1758   2.631460     39.710  552857250    31.2005    25.0322 0.0000e+00
     0.0801   2.625810     39.340  552857252    31.2244    25.0557 0.0000e+00
     0.0373   2.623480     39.040  552857253    31.2377    25.0683 0.0000e+00
    -0.0307   2.614480     38.560  552857255    31.1895    25.0322 0.0000e+00
    -0.0597   2.615540     38.400  552857256    31.2331    25.0686 0.0000e+00
    -0.0714   2.611490     37.980  552857258    31.1921    25.0360 0.0000e+00
    -0.0699   2.609790     37.640  552857259    31.1684    25.0169 0.0000e+00
    -0.0560   2.607650     37.120  552857261    31.1265    24.9824 0.0000e+00
    -0.0622   2.609060     36.890  552857263    31.1514    25.0028 0.0000e+00
    -0.0760   2.604480     36.150  552857264    31.1058    24.9665 0.0000e+00
    -0.0827   2.603450     35.780  552857266    31.0993    24.9616 0.0000e+00
    -0.1016   2.599820     35.290  552857267    31.0711    24.9396 0.0000e+00
    -0.0843   2.601660     35.070  552857269    31.0778    24.9443 0.0000e+00
    -0.0364   2.600730     34.290  552857270    31.0173    24.8936 0.0000e+00
    -0.0534   2.601310     33.980  552857272    31.0424    24.9145 0.0000e+00
    -0.0593   2.598340     33.260  552857273    31.0098    24.8884 0.0000e+00
    -0.0608   2.598550     32.950  552857275    31.0143    24.8921 0.0000e+00
    -0.0623   2.597260     32.250  552857276    30.9993    24.8800 0.0000e+00
    -0.0646   2.597170     31.840  552857278    31.0006    24.8812 0.0000e+00
    -0.0677   2.595630     31.140  552857279    30.9840    24.8679 0.0000e+00
    -0.0081   2.597260     30.890  552857281    30.9451    24.8341 0.0000e+00
     0.0632   2.601810     30.000  552857282    30.9330    24.8214 0.0000e+00
     0.1406   2.601730     29.670  552857284    30.8540    24.7545 0.0000e+00
     0.1414   2.596960     28.840  552857285    30.7915    24.7040 0.0000e+00
     0.0764   2.593820     28.510  552857287    30.8161    24.7266 0.0000e+00
     0.0812   2.589550     27.620  552857288    30.7560    24.6779 0.0000e+00
     0.0940   2.590420     27.550  552857290    30.7545    24.6762 0.0000e+00
     0.1052   2.584470     27.020  552857291    30.6660    24.6044 0.0000e+00
     0.1093   2.583200     26.430  552857293    30.6456    24.5878 0.0000e+00
     0.1156   2.583890     26.150  552857294    30.6485    24.5898 0.0000e+00
     0.1416   2.583470     25.460  552857296    30.6174    24.5637 0.0000e+00
     0.1963   2.584850     24.990  552857298    30.5810    24.5320 0.0000e+00
     0.2402   2.585140     24.660  552857299    30.5412    24.4981 0.0000e+00
     0.2861   2.591260     23.640  552857301    30.5755    24.5237 0.0000e+00
     0.4139   2.590710     23.400  552857302    30.4417    24.4103 0.0000e+00
     0.4739   2.598800     22.390  552857304    30.4874    24.4443 0.0000e+00
     0.6331   2.599090     22.250  552857305    30.3343    24.3136 0.0000e+00
     0.9391   2.630050     21.150  552857307    30.4305    24.3756 0.0000e+00
     1.2637   2.628700     20.840  552857308    30.0983    24.0913 0.0000e+00
     1.5396   2.661350     19.800  552857310    30.2428    24.1912 0.0000e+00
     1.8842   2.661270     19.450  552857311    29.9128    23.9056 0.0000e+00
     2.1463   2.691350     18.430  552857313    30.0359    23.9869 0.0000e+00
     2.5414   2.682860     18.130  552857314    29.5627    23.5814 0.0000e+00
     3.0096   2.730720     17.330  552857316    29.7074    23.6619 0.0000e+00
     3.2941   2.732860     16.870  552857317    29.4724    23.4522 0.0000e+00
     3.4402   2.751620     16.190  552857319    29.5621    23.5116 0.0000e+00
     3.6704   2.753430     15.620  552857320    29.3750    23.3434 0.0000e+00
     3.9859   2.784580     14.880  552857322    29.4558    23.3800 0.0000e+00
     4.4480   2.802470     14.330  552857323    29.2506    23.1746 0.0000e+00
     4.9076   2.819600     13.690  552857325    29.0424    22.9649 0.0000e+00
     5.2017   2.851530     12.990  552857326    29.1473    23.0180 0.0000e+00
     5.4863   2.840420     12.740  552857328    28.7768    22.6953 0.0000e+00
     5.6964   2.866710     12.140  552857330    28.8900    22.7620 0.0000e+00
     5.9532   2.875620     11.690  552857331    28.7697    22.6388 0.0000e+00
     6.1143   2.851960     11.760  552857333    28.3736    22.3084 0.0000e+00
     6.1848   2.893990     11.100  552857334    28.7756    22.6172 0.0000e+00
     6.3769   2.885970     10.910  552857336    28.5263    22.3986 0.0000e+00
     6.4756   2.882740     10.730  552857337    28.4089    22.2946 0.0000e+00
     6.5185   2.907710     10.140  552857339    28.6447    22.4752 0.0000e+00
     6.6581   2.901000      9.880  552857340    28.4556    22.3098 0.0000e+00
     6.9450   2.920780      9.330  552857342    28.4314    22.2561 0.0000e+00
     7.4173   2.939830      8.850  552857343    28.2475    22.0525 0.0000e+00
     7.9236   2.950960      8.490  552857345    27.9564    21.7583 0.0000e+00
     8.5662   2.975960      8.170  552857346    27.7072    21.4757 0.0000e+00
     9.3755   3.044350      7.350  552857348    27.7725    21.4102 0.0000e+00
    11.2794   3.038630      7.040  552857349    26.3022    19.9669 0.0000e+00
    13.5523   3.099930      6.420  552857351    25.3129    18.8004 0.0000e+00
    14.6990   3.136810      5.890  552857352    24.8964    18.2588 0.0000e+00
    14.9800   3.115060      5.360  552857354    24.5292    17.9208 0.0000e+00
    15.2646   3.108360      5.030  552857355    24.2944    17.6834 0.0000e+00
    15.3177   3.141850      4.270  552857357    24.5506    17.8691 0.0000e+00
    15.3798   3.111710      4.040  552857358    24.2526    17.6279 0.0000e+00
    15.4118   3.149940      3.350  552857360    24.5620    17.8586 0.0000e+00
    15.4625   3.160750      2.540  552857362    24.6237    17.8955 0.0000e+00
    15.5565   3.150960      2.160  552857363    24.4813    17.7671 0.0000e+00
    15.7052   3.190160      1.300  552857365    24.7250    17.9231 0.0000e+00
    16.5880   3.180610      1.280  552857366    24.1042    17.2613 0.0000e+00
    17.3269   3.309070      0.330  552857368    24.7258    17.5743 0.0000e+00
    17.5459   3.278260      0.320  552857369    24.3402    17.2310 0.0000e+00
    17.5645   3.307770     -0.010  552857371    24.5713    17.4031 0.0000e+00
    17.5681   3.285980      0.200  552857372    24.3903    17.2642 0.0000e+00
    17.5719   3.310540     -0.180  552857374    24.5897    17.4155 0.0000e+00
    17.5800   1.547950     -0.350  552857375    10.7027     6.8385 0.0000e+00
    17.4686   0.240190     -0.350  552857377     1.4634    -0.1829 0.0000e+00
    17.1851   0.177550     -0.360  552857378     1.0720    -0.4319 0.0000e+00
    16.6322   0.125520     -0.350  552857380     0.7554    -0.5785 0.0000e+00
    16.5823   0.090450     -0.350  552857381     0.5374    -0.7377 0.0000e+00
    16.4181   0.067000     -0.350  552857383     0.3952    -0.8195 0.0000e+00
    16.4414   0.060740     -0.350  552857384     0.3568    -0.8530 0.0000e+00
    16.3404   0.062650     -0.350  552857386     0.3693    -0.8264 0.0000e+00
    16.0266   0.055790     -0.350  552857387     0.3301    -0.8048 0.0000e+00
    16.0790   0.049740     -0.350  552857389     0.2930    -0.8420 0.0000e+00
    16.1573   0.043400     -0.350  552857390     0.2542    -0.8848 0.0000e+00
    16.2469   0.048740     -0.350  552857392     0.2858    -0.8753 0.0000e+00
    16.3206   0.068200     -0.350  552857394     0.4034    -0.7968 0.0000e+00
    16.4331   0.079720     -0.350  552857395     0.4730    -0.7620 0.0000e+00
    16.5152   0.104630     -0.350  552857397     0.6264    -0.6578 0.0000e+00
    16.5425   0.122680     -0.350  552857398     0.7391    -0.5757 0.0000e+00
    16.6076   0.094420     -0.350  552857400     0.5616    -0.7234 0.0000e+00
    16.6689   0.100430     -0.350  552857401     0.5980    -0.7059 0.0000e+00
    16.7089   0.075000     -0.350  552857403     0.4410    -0.8335 0.0000e+00
    16.7420   0.084330     -0.350  552857404     0.4977    -0.7956 0.0000e+00
    16.7743   0.065680     -0.350  552857406     0.3838    -0.8888 0.0000e+00
    16.8149   0.074040     -0.350  552857407     0.4341    -0.8571 0.0000e+00
    16.8344   0.062980     -0.350  552857409     0.3670    -0.9121 0.0000e+00
    16.8521   0.068250     -0.350  552857410     0.3986    -0.8909 0.0000e+00
    16.8749   0.060250     -0.350  552857412     0.3502    -0.9321 0.0000e+00
    16.8882   0.064280     -0.350  552857413     0.3743    -0.9158 0.0000e+00
    16.9048   0.061300     -0.350  552857415     0.3563    -0.9326 0.0000e+00
    16.9248   0.071710     -0.350  552857416     0.4188    -0.8879 0.0000e+00
    16.9372   0.055100     -0.360  552857418     0.3189    -0.9670 0.0000e+00
    16.9431   0.065290     -0.350  552857419     0.3799    -0.9210 0.0000e+00
    16.9652   0.058810     -0.350  552857421     0.3409    -0.9549 0.0000e+00
    16.9640   0.063680     -0.350  552857422     0.3701    -0.9323 0.0000e+00
    16.9789   0.057860     -0.350  552857424     0.3351    -0.9618 0.0000e+00
    16.9896   0.052910     -0.350  552857426     0.3055    -0.9864 0.0000e+00
    16.9995   0.045620     -0.340  552857427     0.2623    -1.0214 0.0000e+00
    16.9891   0.040390     -0.340  552857429     0.2316    -1.0432 0.0000e+00
    16.9613   0.035680     -0.340  552857430     0.2042    -1.0595 0.0000e+00
    16.9261   0.033200     -0.340  552857432     0.1900    -1.0644 0.0000e+00
    16.8957   0.031580     -0.340  552857433     0.1807    -1.0663 0.0000e+00
    16.8711   0.030750     -0.340  552857435     0.1760    -1.0657 0.0000e+00
    16.8230   0.030170     -0.340  552857436     0.1728    -1.0598 0.0000e+00
    16.7997   0.029430     -0.340  552857438     0.1686    -1.0590 0.0000e+00
    16.7686   0.029030     -0.340  552857439     0.1664    -1.0554 0.0000e+00
    16.7377   0.028410     -0.340  552857441     0.1629    -1.0528 0.0000e+00
    16.7224   0.027870     -0.340  552857442     0.1599    -1.0525 0.0000e+00
    16.7048   0.027630     -0.340  552857444     0.1585    -1.0505 0.0000e+00
    16.6796   0.027520     -0.340  552857445     0.1580    -1.0467 0.0000e+00
    16.6525   0.027540     -0.340  552857447     0.1582    -1.0419 0.0000e+00
    16.6558   0.027200     -0.340  552857448     0.1562    -1.0440 0.0000e+00
    16.6435   0.027190     -0.340  552857450     0.1562    -1.0419 0.0000e+00
    16.6279   0.026950     -0.340  552857451     0.1549    -1.0403 0.0000e+00
    16.6122   0.026880     -0.340  552857453     0.1545    -1.0379 0.0000e+00
    16.6002   0.026560     -0.340  552857455     0.1527    -1.0372 0.0000e+00
    16.5951   0.026480     -0.340  552857456     0.1523    -1.0367 0.0000e+00
    16.5880   0.026230     -0.340  552857458     0.1508    -1.0366 0.0000e+00
    16.5614   0.025700     -0.340  552857459     0.1479    -1.0344 0.0000e+00
    16.5424   0.025500     -0.340  552857461     0.1468    -1.0320 0.0000e+00
    16.5390   0.025120     -0.340  552857462     0.1446    -1.0332 0.0000e+00
    16.5390   0.024960     -0.340  552857464     0.1437    -1.0339 0.0000e+00
    16.5165   0.024710     -0.340  552857465     0.1423    -1.0311 0.0000e+00
    16.5040   0.024330     -0.350  552857467     0.1401    -1.0307 0.0000e+00
    16.4876   0.023980     -0.340  552857468     0.1382    -1.0294 0.0000e+00
    16.4713   0.024370     -0.340  552857470     0.1405    -1.0249 0.0000e+00
    16.4557   0.024100     -0.350  552857471     0.1389    -1.0235 0.0000e+00
    16.4465   0.023840     -0.340  552857473     0.1375    -1.0231 0.0000e+00
    16.4461   0.023570     -0.350  552857474     0.1359    -1.0242 0.0000e+00
    16.4320   0.023300     -0.350  552857476     0.1344    -1.0230 0.0000e+00
    16.4290   0.023190     -0.350  552857477     0.1338    -1.0230 0.0000e+00
    16.4227   0.022900     -0.340  552857479     0.1321    -1.0232 0.0000e+00
    16.4099   0.022580     -0.350  552857480     0.1303    -1.0225 0.0000e+00
    16.3980   0.022340     -0.350  552857482     0.1290    -1.0215 0.0000e+00
    16.4035   0.022220     -0.350  552857483     0.1282    -1.0230 0.0000e+00
    16.3803   0.021950     -0.350  552857485     0.1268    -1.0203 0.0000e+00
    16.3699   0.021630     -0.350  552857487     0.1249    -1.0199 0.0000e+00
    16.3641   0.021370     -0.350  552857488     0.1235    -1.0201 0.0000e+00
    16.3511   0.021280     -0.350  552857490     0.1230    -1.0183 0.0000e+00
    16.3395   0.021080     -0.350  552857491     0.1218    -1.0172 0.0000e+00
    16.3444   0.020920     -0.350  552857493     0.1209    -1.0188 0.0000e+00
    16.3296   0.020730     -0.350  552857494     0.1199    -1.0171 0.0000e+00
    16.3084   0.020690     -0.350  552857496     0.1197    -1.0137 0.0000e+00
    16.3046   0.020660     -0.350  552857497     0.1195    -1.0132 0.0000e+00
    16.3196   0.020730     -0.350  552857499     0.1199    -1.0154 0.0000e+00
    16.3216   0.020530     -0.350  552857500     0.1187    -1.0167 0.0000e+00
    16.3244   0.020480     -0.350  552857502     0.1184    -1.0174 0.0000e+00
    16.3297   0.020350     -0.350  552857503     0.1177    -1.0188 0.0000e+00
    16.3194   0.020170     -0.350  552857505     0.1167    -1.0179 0.0000e+00
    16.3249   0.020200     -0.350  552857506     0.1168    -1.0187 0.0000e+00
    16.3379   0.020120     -0.350  552857508     0.1163    -1.0212 0.0000e+00
    16.3539   0.020070     -0.350  552857509     0.1160    -1.0242 0.0000e+00
    16.3642   0.019870     -0.350  552857511     0.1148    -1.0268 0.0000e+00
    16.3598   0.019680     -0.350  552857512     0.1137    -1.0269 0.0000e+00
    16.3549   0.019470     -0.360  552857514     0.1126    -1.0270 0.0000e+00
    16.3466   0.019410     -0.350  552857516     0.1122    -1.0259 0.0000e+00
    16.3294   0.019270     -0.360  552857517     0.1115    -1.0236 0.0000e+00
    16.2966   0.019210     -0.350  552857519     0.1112    -1.0183 0.0000e+00
    16.2841   0.019130     -0.350  552857520     0.1108    -1.0166 0.0000e+00
    16.2774   0.018940     -0.360  552857522     0.1097    -1.0163 0.0000e+00
    16.2988   0.018870     -0.360  552857523     0.1092    -1.0202 0.0000e+00
    16.2964   0.018810     -0.360  552857525     0.1089    -1.0201 0.0000e+00
    16.2923   0.018750     -0.360  552857526     0.1086    -1.0196 0.0000e+00
    16.2910   0.018700     -0.360  552857528     0.1083    -1.0197 0.0000e+00
    16.3035   0.018650     -0.360  552857529     0.1080    -1.0220 0.0000e+00
    16.2961   0.018590     -0.360  552857531     0.1076    -1.0210 0.0000e+00
    16.2831   0.018600     -0.360  552857532     0.1077    -1.0188 0.0000e+00
    16.2840   0.018560     -0.360  552857534     0.1075    -1.0191 0.0000e+00
    16.2770   0.018500     -0.360  552857535     0.1072    -1.0182 0.0000e+00
    16.2766   0.018440     -0.360  552857537     0.1068    -1.0184 0.0000e+00
    16.2905   0.018380     -0.360  552857538     0.1065    -1.0210 0.0000e+00
    16.3180   0.018320     -0.360  552857540     0.1061    -1.0259 0.0000e+00
    16.3196   0.018260     -0.360  552857541     0.1057    -1.0264 0.0000e+00
    16.3309   0.018230     -0.360  552857543     0.1055    -1.0284 0.0000e+00
    16.3586   0.018170     -0.360  552857544     0.1051    -1.0334 0.0000e+00
    16.3722   0.018120     -0.360  552857546     0.1048    -1.0359 0.0000e+00
    16.3815   0.018070     -0.370  552857548     0.1045    -1.0377 0.0000e+00
    16.3743   0.018030     -0.370  552857549     0.1043    -1.0366 0.0000e+00
    16.3838   0.017990     -0.370  552857551     0.1040    -1.0384 0.0000e+00
    16.4023   0.017960     -0.370  552857552     0.1038    -1.0417 0.0000e+00
    16.3988   0.017960     -0.370  552857554     0.1038    -1.0411 0.0000e+00
    16.4033   0.017940     -0.370  552857555     0.1037    -1.0419 0.0000e+00
    16.4239   0.017880     -0.370  552857557     0.1033    -1.0457 0.0000e+00
    16.4376   0.017830     -0.370  552857558     0.1030    -1.0482 0.0000e+00
