Code/Hansen Zooplankton Code and Sample Data/data/ctd/gsl_08_SBE37SI-RS232_03706156_2017_08_02.cnv
* Sea-Bird SBE37SI-RS232  Data File:
* FileName = C:\Users\General Lab Use\Desktop\SHELAGH CTD 2017\gsl_08_SBE37SI-RS232_03706156_2017_08_02.cnv
* Software version 1.00d
* Temperature SN = 6156
* Conductivity SN = 6156
* System UpLoad Time = Aug 02 2017 21:22:44
* <ApplicationData>
* <Seaterm232>
# nquan = 5
# nvalues = 1382
# units = specified
# name 0 = t090C: Temperature [ITS-90, deg C]
# name 1 = c0S/m: Conductivity [S/m]
# name 2 = prM: Pressure [db]
# name 3 = timeK: Time, Seacat Plus [seconds]
# name 4 = flag: Flag
# span 0 =      0.0964,    19.7346
# span 1 =    0.000895,   3.456102
# span 2 =      -0.230,     90.368
# span 3 =   555010939,  555013044
# span 4 =  0.0000e+00, 0.0000e+00
# interval = seconds: 6.000000
# start_time = Aug 02 2017 17:42:19
# bad_flag = -9.990e-29
*END*
[from data line 1143]
    17.7398    0.00885      -0.22  555012679 0.0000e+00
    17.7393    0.00885      -0.22  555012681 0.0000e+00
    17.7354    0.00885      -0.22  555012682 0.0000e+00
    17.7276    0.00885      -0.22  555012684 0.0000e+00
    17.7312    0.00885      -0.22  555012685 0.0000e+00
    17.7432    0.00885      -0.22  555012687 0.0000e+00
    17.7466    0.00885      -0.22  555012688 0.0000e+00
    17.7537    0.00887      -0.22  555012690 0.0000e+00
    17.7666    0.00887      -0.22  555012691 0.0000e+00
    17.7640    0.00885      -0.22  555012693 0.0000e+00
    17.7627    0.00886      -0.22  555012695 0.0000e+00
    17.7645    0.00886      -0.22  555012696 0.0000e+00
    17.7656    0.00885      -0.22  555012698 0.0000e+00
    17.7680    0.00886      -0.22  555012699 0.0000e+00
    17.7714    0.00886      -0.22  555012701 0.0000e+00
    17.7735    0.00885      -0.22  555012702 0.0000e+00
    17.7646    0.00886      -0.22  555012704 0.0000e+00
    17.7659    0.00887      -0.22  555012705 0.0000e+00
    17.7621    0.00884      -0.22  555012707 0.0000e+00
    17.7673    0.00882      -0.22  555012708 0.0000e+00
    17.7748    0.00882      -0.22  555012710 0.0000e+00
    17.7685    0.00882      -0.22  555012711 0.0000e+00
    17.7611    0.00881      -0.22  555012713 0.0000e+00
    17.7526    0.00880      -0.22  555012714 0.0000e+00
    17.7531    0.00880      -0.22  555012716 0.0000e+00
    17.7528    0.00880      -0.22  555012717 0.0000e+00
    17.7583    0.00879      -0.22  555012719 0.0000e+00
    17.7620    0.00879      -0.22  555012720 0.0000e+00
    17.7640    0.00877      -0.22  555012722 0.0000e+00
    17.7670    0.00878      -0.22  555012723 0.0000e+00
    17.7666    0.00879      -0.22  555012725 0.0000e+00
    17.7709    0.00878      -0.22  555012727 0.0000e+00
    17.7722    0.00877      -0.22  555012728 0.0000e+00
    17.7808    0.00877      -0.22  555012730 0.0000e+00
    17.7956    0.00876      -0.22  555012731 0.0000e+00
    17.8082    0.00877      -0.22  555012733 0.0000e+00
    17.8057    0.00876      -0.22  555012734 0.0000e+00
    17.7952    0.00876      -0.22  555012736 0.0000e+00
    17.7920    0.00874      -0.22  555012737 0.0000e+00
    17.7937    0.00875      -0.22  555012739 0.0000e+00
    17.7876    0.00874      -0.22  555012740 0.0000e+00
    17.7835    0.00875      -0.22  555012742 0.0000e+00
    17.7883    0.00873      -0.22  555012743 0.0000e+00
    17.7959    0.00874      -0.22  555012745 0.0000e+00
    17.8027    0.00874      -0.22  555012746 0.0000e+00
    17.8056    0.00875      -0.22  555012748 0.0000e+00
    17.8008    0.00872      -0.22  555012749 0.0000e+00
    17.7972    0.00873      -0.22  555012751 0.0000e+00
    17.7996    0.00872      -0.22  555012752 0.0000e+00
    17.8035    0.00872      -0.22  555012754 0.0000e+00
    17.8086    0.00870      -0.22  555012755 0.0000e+00
    17.8105    0.00869      -0.22  555012757 0.0000e+00
    17.8188    0.00869      -0.22  555012759 0.0000e+00
    17.8144    0.00868      -0.22  555012760 0.0000e+00
    17.8058    0.00867      -0.21  555012762 0.0000e+00
    17.8029    0.00866      -0.22  555012763 0.0000e+00
    17.8118    0.00865      -0.22  555012765 0.0000e+00
    17.8181    0.00864      -0.22  555012766 0.0000e+00
    17.8221    0.00864      -0.22  555012768 0.0000e+00
    17.8337    0.00865      -0.22  555012769 0.0000e+00
    17.8477    0.00864      -0.22  555012771 0.0000e+00
    17.8552    0.00864      -0.21  555012772 0.0000e+00
    17.8614    0.00863      -0.22  555012774 0.0000e+00
    17.8738    0.00864      -0.22  555012775 0.0000e+00
    17.8784    0.00865      -0.21  555012777 0.0000e+00
    17.8749    0.00863      -0.22  555012778 0.0000e+00
    17.8711    0.00865      -0.22  555012780 0.0000e+00
    17.8701    0.00864      -0.21  555012781 0.0000e+00
    17.8789    0.00864      -0.22  555012783 0.0000e+00
    17.8804    0.00862      -0.22  555012784 0.0000e+00
    17.8736    0.00864      -0.21  555012786 0.0000e+00
    17.8670    0.00862      -0.22  555012788 0.0000e+00
    17.8721    0.00862      -0.21  555012789 0.0000e+00
    17.8726    0.00860      -0.21  555012791 0.0000e+00
    17.8825    0.00860      -0.22  555012792 0.0000e+00
    17.8823    0.00859      -0.21  555012794 0.0000e+00
    17.8938    0.00858      -0.22  555012795 0.0000e+00
    17.9059    0.00856      -0.22  555012797 0.0000e+00
    17.9101    0.00855      -0.22  555012798 0.0000e+00
    17.9139    0.00857      -0.22  555012800 0.0000e+00
    17.9182    0.00856      -0.21  555012801 0.0000e+00
    17.9070    0.00854      -0.21  555012803 0.0000e+00
    17.9031    0.00853      -0.21  555012804 0.0000e+00
    17.9012    0.00852      -0.21  555012806 0.0000e+00
    17.9128    0.00853      -0.21  555012807 0.0000e+00
    17.9343    0.00852      -0.22  555012809 0.0000e+00
    17.9543    0.00852      -0.21  555012810 0.0000e+00
    17.9486    0.00851      -0.21  555012812 0.0000e+00
    17.9357    0.00850      -0.21  555012813 0.0000e+00
    17.9363    0.00851      -0.22  555012815 0.0000e+00
    17.9398    0.00850      -0.22  555012816 0.0000e+00
    17.9343    0.00851      -0.22  555012818 0.0000e+00
    17.9344    0.00850      -0.21  555012820 0.0000e+00
    17.9473    0.00849      -0.21  555012821 0.0000e+00
    17.9550    0.00848      -0.21  555012823 0.0000e+00
    17.9553    0.00846      -0.21  555012824 0.0000e+00
    17.9538    0.00847      -0.22  555012826 0.0000e+00
    17.9537    0.00849      -0.21  555012827 0.0000e+00
    17.9648    0.00847      -0.21  555012829 0.0000e+00
    17.9670    0.00847      -0.21  555012830 0.0000e+00
    17.9702    0.00845      -0.22  555012832 0.0000e+00
    17.9755    0.00846      -0.21  555012833 0.0000e+00
    17.9811    0.00846      -0.21  555012835 0.0000e+00
    17.9804    0.00842      -0.21  555012836 0.0000e+00
    17.9786    0.00843      -0.22  555012838 0.0000e+00
    17.9968    0.00841      -0.21  555012839 0.0000e+00
    17.9991    0.00840      -0.21  555012841 0.0000e+00
    17.9927    0.00840      -0.21  555012842 0.0000e+00
    17.9920    0.00839      -0.21  555012844 0.0000e+00
    17.9912    0.00838      -0.21  555012845 0.0000e+00
    17.9906    0.00838      -0.21  555012847 0.0000e+00
    18.0065    0.00837      -0.21  555012848 0.0000e+00
    18.0102    0.00837      -0.21  555012850 0.0000e+00
    18.0090    0.00837      -0.21  555012852 0.0000e+00
    18.0097    0.00836      -0.21  555012853 0.0000e+00
    18.0119    0.00835      -0.21  555012855 0.0000e+00
    18.0178    0.00834      -0.21  555012856 0.0000e+00
    18.0309    0.00835      -0.21  555012858 0.0000e+00
    18.0505    0.00833      -0.21  555012859 0.0000e+00
    18.0602    0.00833      -0.21  555012861 0.0000e+00
    18.0747    0.00832      -0.21  555012862 0.0000e+00
    18.0911    0.00831      -0.21  555012864 0.0000e+00
    18.0888    0.00831      -0.21  555012865 0.0000e+00
    18.0879    0.00831      -0.21  555012867 0.0000e+00
    18.0967    0.00830      -0.21  555012868 0.0000e+00
    18.1069    0.00829      -0.21  555012870 0.0000e+00
    18.1122    0.00830      -0.21  555012871 0.0000e+00
    18.1219    0.00830      -0.21  555012873 0.0000e+00
    18.1193    0.00831      -0.21  555012874 0.0000e+00
    18.1220    0.00832      -0.21  555012876 0.0000e+00
    18.1268    0.00831      -0.21  555012877 0.0000e+00
    18.1212    0.00829      -0.21  555012879 0.0000e+00
    18.1276    0.00830      -0.21  555012881 0.0000e+00
    18.1462    0.00831      -0.21  555012882 0.0000e+00
    18.1588    0.00829      -0.21  555012884 0.0000e+00
    18.1629    0.00827      -0.21  555012885 0.0000e+00
    18.1638    0.00827      -0.21  555012887 0.0000e+00
    18.1535    0.00827      -0.21  555012888 0.0000e+00
    18.1464    0.00826      -0.21  555012890 0.0000e+00
    18.1420    0.00825      -0.21  555012891 0.0000e+00
    18.1413    0.00827      -0.21  555012893 0.0000e+00
    18.1323    0.00824      -0.21  555012894 0.0000e+00
    18.1137    0.00826      -0.21  555012896 0.0000e+00
    18.1136    0.00825      -0.21  555012897 0.0000e+00
    18.1080    0.00825      -0.21  555012899 0.0000e+00
    18.0965    0.00825      -0.21  555012900 0.0000e+00
    18.0937    0.00825      -0.21  555012902 0.0000e+00
    18.0945    0.00824      -0.21  555012903 0.0000e+00
    18.0995    0.00826      -0.21  555012905 0.0000e+00
    18.1085    0.00825      -0.21  555012906 0.0000e+00
    18.0953    0.00828      -0.21  555012908 0.0000e+00
    18.0887    0.00828      -0.21  555012909 0.0000e+00
    18.0718    0.00827      -0.21  555012911 0.0000e+00
    18.0727    0.00829      -0.21  555012913 0.0000e+00
    18.0814    0.00828      -0.21  555012914 0.0000e+00
    18.0899    0.00827      -0.21  555012916 0.0000e+00
    18.0972    0.00827      -0.21  555012917 0.0000e+00
    18.0949    0.00825      -0.21  555012919 0.0000e+00
    18.0904    0.00825      -0.21  555012920 0.0000e+00
    18.0906    0.00825      -0.21  555012922 0.0000e+00
    18.0829    0.00827      -0.21  555012923 0.0000e+00
    18.0862    0.00826      -0.21  555012925 0.0000e+00
    18.0965    0.00825      -0.21  555012926 0.0000e+00
    18.1076    0.00824      -0.21  555012928 0.0000e+00
    18.1148    0.00822      -0.21  555012929 0.0000e+00
    18.1090    0.00824      -0.21  555012931 0.0000e+00
    18.1004    0.00824      -0.21  555012932 0.0000e+00
    18.0948    0.00823      -0.21  555012934 0.0000e+00
    18.0948    0.00823      -0.21  555012935 0.0000e+00
    18.1276    0.00822      -0.21  555012937 0.0000e+00
    18.1474    0.00822      -0.21  555012938 0.0000e+00
    18.1496    0.00821      -0.21  555012940 0.0000e+00
    18.1438    0.00822      -0.21  555012942 0.0000e+00
    18.1403    0.00821      -0.21  555012943 0.0000e+00
    18.1372    0.00820      -0.21  555012945 0.0000e+00
    18.1237    0.00820      -0.21  555012946 0.0000e+00
    18.1182    0.00819      -0.21  555012948 0.0000e+00
    18.1192    0.00818      -0.21  555012949 0.0000e+00
    18.1212    0.00819      -0.21  555012951 0.0000e+00
    18.1161    0.00819      -0.21  555012952 0.0000e+00
    18.1025    0.00818      -0.21  555012954 0.0000e+00
    18.1122    0.00817      -0.21  555012955 0.0000e+00
    18.1214    0.00818      -0.21  555012957 0.0000e+00
    18.1295    0.00817      -0.21  555012958 0.0000e+00
    18.1387    0.00956      -0.22  555012960 0.0000e+00
    18.1481    0.01593      -0.23  555012961 0.0000e+00
    18.2066    0.02719      -0.23  555012963 0.0000e+00
    18.1752    0.03239      -0.23  555012964 0.0000e+00
    18.1619    0.03392      -0.22  555012966 0.0000e+00
    18.1828    0.02986      -0.23  555012967 0.0000e+00
    18.1903    0.02627      -0.23  555012969 0.0000e+00
    18.2185    0.02555      -0.22  555012970 0.0000e+00
    18.2234    0.02473      -0.22  555012972 0.0000e+00
    18.2468    0.02552      -0.23  555012974 0.0000e+00
    18.2930    0.02395      -0.23  555012975 0.0000e+00
    18.3094    0.02283      -0.22  555012977 0.0000e+00
    18.3159    0.02230      -0.23  555012978 0.0000e+00
    18.3321    0.02114      -0.22  555012980 0.0000e+00
    18.3329    0.01971      -0.22  555012981 0.0000e+00
    18.3607    0.02023      -0.23  555012983 0.0000e+00
    18.3691    0.01949      -0.23  555012984 0.0000e+00
    18.3846    0.02004      -0.23  555012986 0.0000e+00
    18.4233    0.02144      -0.23  555012987 0.0000e+00
    18.4650    0.02239      -0.23  555012989 0.0000e+00
    18.5009    0.02349      -0.22  555012990 0.0000e+00
    18.5206    0.02592      -0.23  555012992 0.0000e+00
    18.5324    0.02654      -0.23  555012993 0.0000e+00
    18.5176    0.02454      -0.22  555012995 0.0000e+00
    18.5316    0.02275      -0.23  555012996 0.0000e+00
    18.5572    0.02200      -0.22  555012998 0.0000e+00
    18.5613    0.02077      -0.21  555012999 0.0000e+00
    18.5656    0.02034      -0.22  555013001 0.0000e+00
    18.6104    0.01994      -0.22  555013002 0.0000e+00
    18.6450    0.01808      -0.22  555013004 0.0000e+00
    18.6623    0.01661      -0.21  555013006 0.0000e+00
    18.6725    0.01615      -0.21  555013007 0.0000e+00
    18.6876    0.01593      -0.21  555013009 0.0000e+00
    18.6701    0.01555      -0.21  555013010 0.0000e+00
    18.6650    0.01509      -0.21  555013012 0.0000e+00
    18.6701    0.01470      -0.21  555013013 0.0000e+00
    18.6724    0.01431      -0.21  555013015 0.0000e+00
    18.6623    0.01402      -0.21  555013016 0.0000e+00
    18.6567    0.01371      -0.22  555013018 0.0000e+00
    18.6435    0.01346      -0.22  555013019 0.0000e+00
    18.6421    0.01323      -0.22  555013021 0.0000e+00
    18.6238    0.01303      -0.22  555013022 0.0000e+00
    18.6142    0.01286      -0.22  555013024 0.0000e+00
    18.6091    0.01269      -0.21  555013025 0.0000e+00
    18.5993    0.01252      -0.21  555013027 0.0000e+00
    18.6008    0.01238      -0.22  555013028 0.0000e+00
    18.5844    0.01224      -0.22  555013030 0.0000e+00
    18.5670    0.01210      -0.21  555013031 0.0000e+00
    18.5507    0.01196      -0.21  555013033 0.0000e+00
    18.5500    0.01184      -0.21  555013034 0.0000e+00
    18.5592    0.01173      -0.21  555013036 0.0000e+00
    18.5670    0.01162      -0.21  555013038 0.0000e+00
    18.5611    0.01143      -0.22  555013040 0.0000e+00
    18.5716    0.01132      -0.21  555013042 0.0000e+00
    18.5623    0.01123      -0.22  555013044 0.0000e+00
