Code/Hansen Zooplankton Code and Sample Data/data/ctd/gsl_13_SBE37SI-RS232_03706156_2017_08_11_final.cnv
* Sea-Bird SBE37SI-RS232  Data File:
* FileName = C:\Users\General Lab Use\Desktop\SHELAGH CTD 2017\gsl_13_SBE37SI-RS232_03706156_2017_08_11.cnv
* Software version 1.00d
* Temperature SN = 6156
* Conductivity SN = 6156
* System UpLoad Time = Aug 11 2017 10:09:36
* <ApplicationData>
* <Seaterm232>
# nquan = 7                                 
# nvalues = 2684                        
# units = specified
# name 0 = t090C: Temperature [ITS-90, deg C]
# name 1 = c0S/m: Conductivity [S/m]
# name 2 = prM: Pressure [db]
# name 3 = timeK: Time, Seacat Plus [seconds]
# name 4 = sal00: Salinity [PSU]
# name 5 = sigma-t00: Density [sigma-t, Kg/m^3 ]
# name 6 = flag: flag
# span 0 =     0.1630,    17.8244       
# span 1 =   0.000450,   3.535160       
# span 2 =     -0.230,     68.690       
# span 3 =  555746365,  555750454       
# span 4 =     0.0099,    32.4698       
# span 5 =    -1.3474,    26.0314       
# span 6 = 0.0000e+00, 0.0000e+00       
# interval = seconds: 6.000000
# start_time = Aug 11 2017 05:59:25
# bad_flag = -9.990e-29
*END*
[from data line 821]
    16.3364   0.084190     -0.180  555747615     0.5017    -0.7237 0.0000e+00
    16.3151   0.071440     -0.180  555747616     0.4233    -0.7805 0.0000e+00
    16.2975   0.062500     -0.180  555747618     0.3688    -0.8196 0.0000e+00
    16.2850   0.068520     -0.180  555747619     0.4057    -0.7891 0.0000e+00
    16.2731   0.059530     -0.180  555747621     0.3509    -0.8294 0.0000e+00
    16.2515   0.063160     -0.180  555747622     0.3732    -0.8086 0.0000e+00
    16.2334   0.055500     -0.180  555747624     0.3267    -0.8414 0.0000e+00
    16.2042   0.057440     -0.180  555747625     0.3388    -0.8273 0.0000e+00
    16.1860   0.052320     -0.180  555747627     0.3078    -0.8482 0.0000e+00
    16.1663   0.052660     -0.180  555747628     0.3100    -0.8432 0.0000e+00
    16.1429   0.048680     -0.180  555747630     0.2861    -0.8578 0.0000e+00
    16.1256   0.048840     -0.180  555747631     0.2872    -0.8541 0.0000e+00
    16.1067   0.044000     -0.180  555747633     0.2581    -0.8735 0.0000e+00
    16.0880   0.045560     -0.180  555747635     0.2676    -0.8631 0.0000e+00
    16.0675   0.039880     -0.180  555747636     0.2336    -0.8860 0.0000e+00
    16.0482   0.039460     -0.180  555747638     0.2312    -0.8847 0.0000e+00
    16.0342   0.035420     -0.180  555747639     0.2071    -0.9010 0.0000e+00
    16.0215   0.036550     -0.180  555747641     0.2139    -0.8937 0.0000e+00
    16.0148   0.034960     -0.180  555747642     0.2045    -0.8999 0.0000e+00
    16.0211   0.038080     -0.170  555747644     0.2231    -0.8865 0.0000e+00
    16.0262   0.035530     -0.160  555747645     0.2078    -0.8991 0.0000e+00
    16.0313   0.044460     -0.150  555747647     0.2614    -0.8586 0.0000e+00
    16.0575   0.049710     -0.160  555747648     0.2929    -0.8385 0.0000e+00
    16.0649   0.051490     -0.160  555747650     0.3037    -0.8315 0.0000e+00
    16.0668   0.053040     -0.160  555747651     0.3131    -0.8245 0.0000e+00
    16.0758   0.052540     -0.160  555747653     0.3100    -0.8284 0.0000e+00
    16.0688   0.053330     -0.160  555747654     0.3148    -0.8235 0.0000e+00
    16.0541   0.054920     -0.160  555747656     0.3246    -0.8135 0.0000e+00
    16.0422   0.053520     -0.160  555747657     0.3162    -0.8181 0.0000e+00
    16.0330   0.056450     -0.160  555747659     0.3341    -0.8027 0.0000e+00
    16.0227   0.053240     -0.160  555747660     0.3146    -0.8161 0.0000e+00
    16.0187   0.057810     -0.160  555747662     0.3425    -0.7939 0.0000e+00
    16.0201   0.054060     -0.160  555747663     0.3196    -0.8118 0.0000e+00
    16.0186   0.057120     -0.160  555747665     0.3383    -0.7971 0.0000e+00
    16.0159   0.053670     -0.160  555747667     0.3173    -0.8129 0.0000e+00
    16.0022   0.057100     -0.160  555747668     0.3383    -0.7944 0.0000e+00
    16.0001   0.054380     -0.160  555747670     0.3217    -0.8069 0.0000e+00
    15.9885   0.056020     -0.160  555747671     0.3318    -0.7972 0.0000e+00
    15.9713   0.054530     -0.160  555747673     0.3229    -0.8013 0.0000e+00
    15.9668   0.055450     -0.160  555747674     0.3285    -0.7962 0.0000e+00
    15.9582   0.053980     -0.160  555747676     0.3196    -0.8017 0.0000e+00
    15.9510   0.054800     -0.160  555747677     0.3247    -0.7966 0.0000e+00
    15.9452   0.054690     -0.160  555747679     0.3241    -0.7962 0.0000e+00
    15.9434   0.054160     -0.160  555747680     0.3208    -0.7984 0.0000e+00
    15.9475   0.054770     -0.160  555747682     0.3245    -0.7962 0.0000e+00
    15.9387   0.054050     -0.160  555747683     0.3202    -0.7981 0.0000e+00
    15.9254   0.054300     -0.160  555747685     0.3218    -0.7947 0.0000e+00
    15.9310   0.054370     -0.160  555747686     0.3222    -0.7953 0.0000e+00
    15.9243   0.053410     -0.160  555747688     0.3164    -0.7987 0.0000e+00
    15.9373   0.054670     -0.160  555747689     0.3240    -0.7949 0.0000e+00
    15.9343   0.052500     -0.160  555747691     0.3108    -0.8047 0.0000e+00
    15.9335   0.055990     -0.160  555747692     0.3321    -0.7881 0.0000e+00
    15.9401   0.051380     -0.160  555747694     0.3039    -0.8109 0.0000e+00
    15.9398   0.056180     -0.160  555747696     0.3332    -0.7882 0.0000e+00
    15.9546   0.051190     -0.160  555747697     0.3026    -0.8142 0.0000e+00
    15.9613   0.054420     -0.160  555747699     0.3223    -0.8002 0.0000e+00
    15.9840   0.053540     -0.170  555747700     0.3167    -0.8081 0.0000e+00
    15.9805   0.052910     -0.170  555747702     0.3129    -0.8105 0.0000e+00
    15.9872   0.053720     -0.170  555747703     0.3178    -0.8078 0.0000e+00
    15.9776   0.051920     -0.170  555747705     0.3069    -0.8147 0.0000e+00
    15.9599   0.054530     -0.170  555747706     0.3230    -0.7994 0.0000e+00
    15.9480   0.051380     -0.170  555747708     0.3038    -0.8122 0.0000e+00
    15.9522   0.053100     -0.170  555747709     0.3143    -0.8048 0.0000e+00
    15.9417   0.052680     -0.170  555747711     0.3118    -0.8051 0.0000e+00
    15.9433   0.053020     -0.170  555747712     0.3139    -0.8037 0.0000e+00
    15.9270   0.052150     -0.170  555747714     0.3087    -0.8051 0.0000e+00
    15.9248   0.052800     -0.170  555747715     0.3127    -0.8017 0.0000e+00
    15.9087   0.052850     -0.170  555747717     0.3131    -0.7987 0.0000e+00
    15.9118   0.051950     -0.170  555747718     0.3076    -0.8035 0.0000e+00
    15.9011   0.053180     -0.170  555747720     0.3152    -0.7959 0.0000e+00
    15.8971   0.052670     -0.170  555747721     0.3121    -0.7976 0.0000e+00
    15.8945   0.051310     -0.170  555747723     0.3038    -0.8036 0.0000e+00
    15.8955   0.053210     -0.170  555747724     0.3154    -0.7948 0.0000e+00
    15.9064   0.051550     -0.170  555747726     0.3052    -0.8044 0.0000e+00
    15.9018   0.052520     -0.170  555747728     0.3111    -0.7991 0.0000e+00
    15.9050   0.051270     -0.170  555747729     0.3035    -0.8055 0.0000e+00
    15.8867   0.054550     -0.180  555747731     0.3237    -0.7870 0.0000e+00
    15.8787   0.047400     -0.170  555747732     0.2801    -0.8193 0.0000e+00
    15.8737   0.053540     -0.180  555747734     0.3176    -0.7896 0.0000e+00
    15.8671   0.051390     -0.170  555747735     0.3045    -0.7986 0.0000e+00
    15.8528   0.050570     -0.180  555747737     0.2996    -0.8001 0.0000e+00
    15.8514   0.049400     -0.180  555747738     0.2925    -0.8054 0.0000e+00
    15.8496   0.049100     -0.180  555747740     0.2907    -0.8065 0.0000e+00
    15.8671   0.047640     -0.180  555747741     0.2817    -0.8163 0.0000e+00
    15.8661   0.049120     -0.180  555747743     0.2907    -0.8091 0.0000e+00
    15.8880   0.045770     -0.180  555747744     0.2702    -0.8285 0.0000e+00
    15.8803   0.048740     -0.180  555747746     0.2883    -0.8133 0.0000e+00
    15.8883   0.045790     -0.180  555747747     0.2703    -0.8285 0.0000e+00
    15.8839   0.047390     -0.180  555747749     0.2800    -0.8202 0.0000e+00
    15.9105   0.045910     -0.180  555747750     0.2709    -0.8316 0.0000e+00
    15.9188   0.046030     -0.180  555747752     0.2716    -0.8324 0.0000e+00
    15.9198   0.046140     -0.180  555747753     0.2722    -0.8321 0.0000e+00
    15.9093   0.045870     -0.180  555747755     0.2706    -0.8316 0.0000e+00
    15.8952   0.044480     -0.180  555747756     0.2623    -0.8358 0.0000e+00
    15.9050   0.045660     -0.180  555747758     0.2694    -0.8319 0.0000e+00
    15.8991   0.044070     -0.180  555747760     0.2598    -0.8383 0.0000e+00
    15.8874   0.044200     -0.180  555747761     0.2607    -0.8358 0.0000e+00
    15.8750   0.044380     -0.180  555747763     0.2618    -0.8329 0.0000e+00
    15.8697   0.043500     -0.180  555747764     0.2565    -0.8361 0.0000e+00
    15.8698   0.043620     -0.180  555747766     0.2573    -0.8355 0.0000e+00
    15.8609   0.043440     -0.180  555747767     0.2562    -0.8349 0.0000e+00
    15.8708   0.043150     -0.180  555747769     0.2544    -0.8379 0.0000e+00
    15.8659   0.043200     -0.180  555747770     0.2548    -0.8369 0.0000e+00
    15.8735   0.042500     -0.180  555747772     0.2505    -0.8414 0.0000e+00
    15.8698   0.042890     -0.180  555747773     0.2529    -0.8390 0.0000e+00
    15.8819   0.042210     -0.180  555747775     0.2487    -0.8441 0.0000e+00
    15.8883   0.042490     -0.180  555747776     0.2503    -0.8439 0.0000e+00
    15.8849   0.041610     -0.180  555747778     0.2450    -0.8474 0.0000e+00
    15.8848   0.042320     -0.180  555747779     0.2493    -0.8441 0.0000e+00
    15.8834   0.041730     -0.190  555747781     0.2458    -0.8466 0.0000e+00
    15.8912   0.041450     -0.180  555747782     0.2440    -0.8492 0.0000e+00
    15.8803   0.042020     -0.190  555747784     0.2475    -0.8448 0.0000e+00
    15.8846   0.040720     -0.190  555747785     0.2397    -0.8515 0.0000e+00
    15.8692   0.041580     -0.190  555747787     0.2450    -0.8450 0.0000e+00
    15.8719   0.040280     -0.190  555747788     0.2371    -0.8515 0.0000e+00
    15.8722   0.041260     -0.190  555747790     0.2430    -0.8470 0.0000e+00
    15.8607   0.040150     -0.190  555747792     0.2364    -0.8502 0.0000e+00
    15.8478   0.040450     -0.190  555747793     0.2383    -0.8467 0.0000e+00
    15.8341   0.039930     -0.190  555747795     0.2352    -0.8468 0.0000e+00
    15.8255   0.040390     -0.190  555747796     0.2380    -0.8433 0.0000e+00
    15.8223   0.039890     -0.190  555747798     0.2350    -0.8451 0.0000e+00
    15.8197   0.039450     -0.190  555747799     0.2324    -0.8467 0.0000e+00
    15.8154   0.039420     -0.190  555747801     0.2322    -0.8461 0.0000e+00
    15.8059   0.039430     -0.190  555747802     0.2323    -0.8445 0.0000e+00
    15.8127   0.038750     -0.190  555747804     0.2282    -0.8488 0.0000e+00
    15.8021   0.039620     -0.190  555747805     0.2335    -0.8430 0.0000e+00
    15.8159   0.038270     -0.190  555747807     0.2253    -0.8516 0.0000e+00
    15.8076   0.038760     -0.190  555747808     0.2283    -0.8479 0.0000e+00
    15.8201   0.038070     -0.190  555747810     0.2241    -0.8532 0.0000e+00
    15.8082   0.038480     -0.190  555747811     0.2266    -0.8493 0.0000e+00
    15.8121   0.038230     -0.190  555747813     0.2251    -0.8511 0.0000e+00
    15.8051   0.038170     -0.190  555747814     0.2248    -0.8502 0.0000e+00
    15.8049   0.037990     -0.190  555747816     0.2237    -0.8511 0.0000e+00
    15.7988   0.038220     -0.190  555747817     0.2251    -0.8490 0.0000e+00
    15.8052   0.037720     -0.190  555747819     0.2220    -0.8524 0.0000e+00
    15.8038   0.037960     -0.190  555747821     0.2235    -0.8510 0.0000e+00
    15.8086   0.037450     -0.190  555747822     0.2204    -0.8542 0.0000e+00
    15.8050   0.037400     -0.190  555747824     0.2201    -0.8538 0.0000e+00
    15.8004   0.037080     -0.190  555747825     0.2182    -0.8545 0.0000e+00
    15.8021   0.037130     -0.190  555747827     0.2185    -0.8546 0.0000e+00
    15.7948   0.036770     -0.190  555747828     0.2164    -0.8551 0.0000e+00
    15.8001   0.036680     -0.190  555747830     0.2158    -0.8563 0.0000e+00
    15.7991   0.036630     -0.190  555747831     0.2155    -0.8564 0.0000e+00
    15.7956   0.035990     -0.190  555747833     0.2117    -0.8588 0.0000e+00
    15.7723   0.036420     -0.190  555747834     0.2144    -0.8530 0.0000e+00
    15.7691   0.035570     -0.190  555747836     0.2093    -0.8564 0.0000e+00
    15.7730   0.036110     -0.190  555747837     0.2125    -0.8545 0.0000e+00
    15.7606   0.035500     -0.190  555747839     0.2089    -0.8553 0.0000e+00
    15.7642   0.035680     -0.190  555747840     0.2100    -0.8551 0.0000e+00
    15.7580   0.035440     -0.190  555747842     0.2086    -0.8552 0.0000e+00
    15.7556   0.035110     -0.190  555747843     0.2066    -0.8563 0.0000e+00
    15.7580   0.035110     -0.190  555747845     0.2066    -0.8567 0.0000e+00
    15.7538   0.034800     -0.190  555747846     0.2048    -0.8575 0.0000e+00
    15.7545   0.034600     -0.190  555747848     0.2036    -0.8585 0.0000e+00
    15.7410   0.034730     -0.190  555747849     0.2044    -0.8557 0.0000e+00
    15.7406   0.034180     -0.200  555747851     0.2011    -0.8582 0.0000e+00
    15.7211   0.034570     -0.190  555747853     0.2035    -0.8532 0.0000e+00
    15.7307   0.033960     -0.190  555747854     0.1998    -0.8576 0.0000e+00
    15.7145   0.034320     -0.200  555747856     0.2021    -0.8533 0.0000e+00
    15.7192   0.033660     -0.190  555747857     0.1981    -0.8571 0.0000e+00
    15.7057   0.034000     -0.200  555747859     0.2002    -0.8533 0.0000e+00
    15.7082   0.033510     -0.200  555747860     0.1972    -0.8560 0.0000e+00
    15.7034   0.033800     -0.200  555747862     0.1990    -0.8539 0.0000e+00
    15.7072   0.033190     -0.200  555747863     0.1953    -0.8573 0.0000e+00
    15.6960   0.033840     -0.200  555747865     0.1993    -0.8525 0.0000e+00
    15.7134   0.033100     -0.200  555747866     0.1948    -0.8587 0.0000e+00
    15.7049   0.033540     -0.200  555747868     0.1974    -0.8553 0.0000e+00
    15.7130   0.033070     -0.200  555747869     0.1946    -0.8588 0.0000e+00
    15.7057   0.033440     -0.200  555747871     0.1968    -0.8559 0.0000e+00
    15.7000   0.033080     -0.200  555747872     0.1947    -0.8567 0.0000e+00
    15.7148   0.033250     -0.200  555747874     0.1957    -0.8583 0.0000e+00
    15.7095   0.033290     -0.200  555747875     0.1959    -0.8572 0.0000e+00
    15.7142   0.033060     -0.200  555747877     0.1945    -0.8591 0.0000e+00
    15.7047   0.033340     -0.200  555747878     0.1962    -0.8562 0.0000e+00
    15.7192   0.033190     -0.200  555747880     0.1953    -0.8593 0.0000e+00
    15.7031   0.033270     -0.200  555747882     0.1958    -0.8563 0.0000e+00
    15.6974   0.033130     -0.200  555747883     0.1950    -0.8560 0.0000e+00
    15.6863   0.033180     -0.200  555747885     0.1954    -0.8540 0.0000e+00
    15.6881   0.033290     -0.200  555747886     0.1960    -0.8537 0.0000e+00
    15.6742   0.032970     -0.200  555747888     0.1942    -0.8530 0.0000e+00
    15.6577   0.033210     -0.200  555747889     0.1957    -0.8492 0.0000e+00
    15.6515   0.033050     -0.200  555747891     0.1948    -0.8489 0.0000e+00
    15.6630   0.033060     -0.200  555747892     0.1948    -0.8507 0.0000e+00
    15.6568   0.033090     -0.200  555747894     0.1950    -0.8496 0.0000e+00
    15.6512   0.032860     -0.200  555747895     0.1936    -0.8497 0.0000e+00
    15.6537   0.033190     -0.200  555747897     0.1956    -0.8486 0.0000e+00
    15.6617   0.033030     -0.200  555747898     0.1946    -0.8507 0.0000e+00
    15.6586   0.032920     -0.200  555747900     0.1939    -0.8507 0.0000e+00
    15.6455   0.033000     -0.200  555747901     0.1945    -0.8482 0.0000e+00
    15.6446   0.032900     -0.200  555747903     0.1939    -0.8485 0.0000e+00
    15.6492   0.032860     -0.200  555747904     0.1936    -0.8494 0.0000e+00
    15.6425   0.032920     -0.200  555747906     0.1940    -0.8480 0.0000e+00
    15.6678   0.032740     -0.200  555747907     0.1928    -0.8530 0.0000e+00
    15.6613   0.032960     -0.200  555747909     0.1942    -0.8509 0.0000e+00
    15.6884   0.032620     -0.200  555747910     0.1920    -0.8569 0.0000e+00
    15.6776   0.032970     -0.200  555747912     0.1942    -0.8535 0.0000e+00
    15.6950   0.032740     -0.200  555747914     0.1927    -0.8574 0.0000e+00
    15.6893   0.032880     -0.200  555747915     0.1936    -0.8558 0.0000e+00
    15.7095   0.032960     -0.200  555747917     0.1939    -0.8588 0.0000e+00
    15.7095   0.032690     -0.200  555747918     0.1923    -0.8600 0.0000e+00
    15.7154   0.033190     -0.200  555747920     0.1953    -0.8587 0.0000e+00
    15.7356   0.032420     -0.200  555747921     0.1906    -0.8655 0.0000e+00
    15.7436   0.033140     -0.200  555747923     0.1949    -0.8635 0.0000e+00
    15.7589   0.032370     -0.200  555747924     0.1902    -0.8696 0.0000e+00
