Code/Hansen Zooplankton Code and Sample Data/data/ctd/gsl_02_SBE37SI-RS232_03706156_2017_07_05_final.cnv
* Sea-Bird SBE37SI-RS232  Data File:
* FileName = C:\Users\General Lab Use\Desktop\SHELAGH CTD 2017\gsl_02_SBE37SI-RS232_03706156_2017_07_05.cnv
* Software version 1.00d
* Temperature SN = 6156
* Conductivity SN = 6156
* System UpLoad Time = Jul 05 2017 03:39:18
* <ApplicationData>
* <Seaterm232>
# nquan = 7                                 
# nvalues = 2305                        
# units = specified
# name 0 = t090C: Temperature [ITS-90, deg C]
# name 1 = c0S/m: Conductivity [S/m]
# name 2 = prM: Pressure [db]
# name 3 = timeK: Time, Seacat Plus [seconds]
# name 4 = sal00: Salinity [PSU]
# name 5 = sigma-t00: Density [sigma-t, Kg/m^3 ]
# name 6 = flag: flag
# span 0 =    -1.0350,    18.0956       
# span 1 =   0.001330,   3.291290       
# span 2 =     -0.250,     69.240       
# span 3 =  552524350,  552527860       
# span 4 =     0.0134,    32.8304       
# span 5 =    -1.3336,    26.3516       
# span 6 = 0.0000e+00, 0.0000e+00       
# interval = seconds: 6.000000
# start_time = Jul 04 2017 22:59:10
# bad_flag = -9.990e-29
*END*
[from data line 2257]
    14.4713   0.057430     -0.230  552527789     0.3533    -0.5465 0.0000e+00
    14.4849   0.052620     -0.230  552527790     0.3227    -0.5723 0.0000e+00
    14.4806   0.056820     -0.230  552527792     0.3493    -0.5510 0.0000e+00
    14.4860   0.074820     -0.230  552527793     0.4645    -0.4625 0.0000e+00
    14.4968   0.070630     -0.230  552527795     0.4374    -0.4850 0.0000e+00
    14.4983   0.064990     -0.230  552527796     0.4013    -0.5133 0.0000e+00
    14.5311   0.061720     -0.220  552527798     0.3801    -0.5345 0.0000e+00
    14.5573   0.069530     -0.230  552527799     0.4297    -0.4999 0.0000e+00
    14.6159   0.072550     -0.230  552527801     0.4484    -0.4940 0.0000e+00
    14.6533   0.090710     -0.220  552527802     0.5651    -0.4091 0.0000e+00
    14.6865   0.102810     -0.220  552527804     0.6434    -0.3535 0.0000e+00
    14.6980   0.111160     -0.230  552527805     0.6978    -0.3131 0.0000e+00
    14.7013   0.118310     -0.220  552527807     0.7447    -0.2773 0.0000e+00
    14.6968   0.120470     -0.220  552527808     0.7591    -0.2656 0.0000e+00
    14.6805   0.106390     -0.220  552527810     0.6669    -0.3344 0.0000e+00
    14.6691   0.092740     -0.220  552527812     0.5781    -0.4015 0.0000e+00
    14.6627   0.097510     -0.230  552527813     0.6092    -0.3764 0.0000e+00
    14.6440   0.097400     -0.220  552527815     0.6088    -0.3740 0.0000e+00
    14.6373   0.103440     -0.230  552527816     0.6483    -0.3424 0.0000e+00
    14.6256   0.089740     -0.230  552527818     0.5592    -0.4096 0.0000e+00
    14.6202   0.103640     -0.230  552527819     0.6499    -0.3387 0.0000e+00
    14.6216   0.099710     -0.230  552527821     0.6242    -0.3588 0.0000e+00
    14.6194   0.105950     -0.230  552527822     0.6650    -0.3268 0.0000e+00
    14.6153   0.096020     -0.230  552527824     0.6002    -0.3764 0.0000e+00
    14.6029   0.110080     -0.230  552527825     0.6924    -0.3032 0.0000e+00
    14.5995   0.093950     -0.230  552527827     0.5870    -0.3843 0.0000e+00
    14.5919   0.101530     -0.230  552527828     0.6365    -0.3448 0.0000e+00
    14.5803   0.081360     -0.230  552527830     0.5056    -0.4445 0.0000e+00
    14.5777   0.077900     -0.230  552527831     0.4833    -0.4614 0.0000e+00
    14.5708   0.078790     -0.230  552527833     0.4891    -0.4558 0.0000e+00
    14.5591   0.089490     -0.230  552527834     0.5585    -0.4004 0.0000e+00
    14.5455   0.099020     -0.230  552527836     0.6209    -0.3501 0.0000e+00
    14.5263   0.100790     -0.230  552527837     0.6327    -0.3381 0.0000e+00
    14.5125   0.096900     -0.230  552527839     0.6075    -0.3556 0.0000e+00
    14.5156   0.093640     -0.230  552527840     0.5862    -0.3726 0.0000e+00
    14.5153   0.091260     -0.230  552527842     0.5707    -0.3845 0.0000e+00
    14.5120   0.092000     -0.230  552527844     0.5755    -0.3803 0.0000e+00
    14.5052   0.095980     -0.230  552527845     0.6016    -0.3591 0.0000e+00
    14.4984   0.092980     -0.230  552527847     0.5821    -0.3732 0.0000e+00
    14.4926   0.091720     -0.230  552527848     0.5740    -0.3786 0.0000e+00
    14.4963   0.093720     -0.230  552527850     0.5870    -0.3691 0.0000e+00
    14.5077   0.091690     -0.230  552527851     0.5736    -0.3812 0.0000e+00
    14.5068   0.091820     -0.230  552527853     0.5744    -0.3804 0.0000e+00
    14.4946   0.091570     -0.230  552527854     0.5730    -0.3797 0.0000e+00
    14.4837   0.090230     -0.230  552527856     0.5644    -0.3848 0.0000e+00
    14.4740   0.092720     -0.230  552527857     0.5808    -0.3707 0.0000e+00
    14.4697   0.088250     -0.230  552527859     0.5517    -0.3926 0.0000e+00
    14.4728   0.091300     -0.230  552527860     0.5715    -0.3777 0.0000e+00
