Code/Hansen Zooplankton Code and Sample Data/data/ctd/gsl_02_SBE37SI-RS232_03706156_2017_07_05_final.cnv
* Sea-Bird SBE37SI-RS232  Data File:
* FileName = C:\Users\General Lab Use\Desktop\SHELAGH CTD 2017\gsl_02_SBE37SI-RS232_03706156_2017_07_05.cnv
* Software version 1.00d
* Temperature SN = 6156
* Conductivity SN = 6156
* System UpLoad Time = Jul 05 2017 03:39:18
* <ApplicationData>
* <Seaterm232>
# nquan = 7                                 
# nvalues = 2305                        
# units = specified
# name 0 = t090C: Temperature [ITS-90, deg C]
# name 1 = c0S/m: Conductivity [S/m]
# name 2 = prM: Pressure [db]
# name 3 = timeK: Time, Seacat Plus [seconds]
# name 4 = sal00: Salinity [PSU]
# name 5 = sigma-t00: Density [sigma-t, Kg/m^3 ]
# name 6 = flag: flag
# span 0 =    -1.0350,    18.0956       
# span 1 =   0.001330,   3.291290       
# span 2 =     -0.250,     69.240       
# span 3 =  552524350,  552527860       
# span 4 =     0.0134,    32.8304       
# span 5 =    -1.3336,    26.3516       
# span 6 = 0.0000e+00, 0.0000e+00       
# interval = seconds: 6.000000
# start_time = Jul 04 2017 22:59:10
# bad_flag = -9.990e-29
*END*
[from data line 821]
    13.8024   0.092400     -0.200  552525600     0.5886    -0.2693 0.0000e+00
    13.9213   0.091620     -0.190  552525601     0.5817    -0.2912 0.0000e+00
    13.9901   0.099520     -0.190  552525603     0.6329    -0.2610 0.0000e+00
    14.0062   0.110880     -0.190  552525604     0.7082    -0.2049 0.0000e+00
    14.0203   0.103510     -0.190  552525606     0.6589    -0.2451 0.0000e+00
    14.0345   0.096600     -0.200  552525607     0.6129    -0.2828 0.0000e+00
    14.0434   0.089180     -0.190  552525609     0.5638    -0.3221 0.0000e+00
    14.0589   0.087370     -0.200  552525610     0.5517    -0.3337 0.0000e+00
    14.0723   0.083690     -0.200  552525612     0.5273    -0.3545 0.0000e+00
    14.0811   0.081250     -0.200  552525614     0.5112    -0.3682 0.0000e+00
    14.0928   0.079390     -0.200  552525615     0.4989    -0.3794 0.0000e+00
    14.1024   0.078450     -0.200  552525617     0.4927    -0.3856 0.0000e+00
    14.1097   0.075060     -0.200  552525618     0.4705    -0.4038 0.0000e+00
    14.1154   0.074620     -0.200  552525620     0.4675    -0.4069 0.0000e+00
    14.1188   0.074650     -0.200  552525621     0.4677    -0.4073 0.0000e+00
    14.1200   0.072280     -0.200  552525623     0.4523    -0.4194 0.0000e+00
    14.1066   0.070490     -0.200  552525624     0.4408    -0.4264 0.0000e+00
    14.1037   0.069650     -0.200  552525626     0.4354    -0.4302 0.0000e+00
    14.0996   0.078900     -0.200  552525627     0.4956    -0.3829 0.0000e+00
    14.0984   0.090190     -0.200  552525629     0.5696    -0.3253 0.0000e+00
    14.1046   0.098630     -0.200  552525630     0.6252    -0.2831 0.0000e+00
    14.1096   0.104980     -0.200  552525632     0.6672    -0.2513 0.0000e+00
    14.1121   0.106250     -0.200  552525633     0.6756    -0.2452 0.0000e+00
    14.1143   0.104700     -0.200  552525635     0.6653    -0.2535 0.0000e+00
    14.1216   0.102250     -0.200  552525636     0.6489    -0.2672 0.0000e+00
    14.1317   0.101530     -0.200  552525638     0.6440    -0.2724 0.0000e+00
    14.1424   0.101490     -0.200  552525639     0.6435    -0.2743 0.0000e+00
    14.1460   0.098900     -0.200  552525641     0.6263    -0.2881 0.0000e+00
    14.1514   0.096900     -0.200  552525643     0.6131    -0.2992 0.0000e+00
    14.1652   0.098470     -0.200  552525644     0.6232    -0.2933 0.0000e+00
    14.1820   0.097290     -0.200  552525646     0.6152    -0.3019 0.0000e+00
    14.1947   0.097580     -0.200  552525647     0.6169    -0.3024 0.0000e+00
    14.2095   0.095980     -0.200  552525649     0.6061    -0.3129 0.0000e+00
    14.2227   0.097410     -0.200  552525650     0.6153    -0.3076 0.0000e+00
    14.2317   0.097410     -0.200  552525652     0.6152    -0.3090 0.0000e+00
    14.2439   0.097980     -0.210  552525653     0.6187    -0.3080 0.0000e+00
    14.2522   0.096720     -0.200  552525655     0.6103    -0.3157 0.0000e+00
    14.2638   0.095640     -0.200  552525656     0.6030    -0.3230 0.0000e+00
    14.2713   0.095820     -0.200  552525658     0.6041    -0.3233 0.0000e+00
    14.2685   0.092890     -0.210  552525659     0.5849    -0.3377 0.0000e+00
    14.2661   0.088480     -0.200  552525661     0.5560    -0.3598 0.0000e+00
    14.2643   0.086440     -0.210  552525662     0.5427    -0.3698 0.0000e+00
    14.2617   0.083130     -0.210  552525664     0.5212    -0.3862 0.0000e+00
    14.2637   0.082560     -0.210  552525665     0.5174    -0.3893 0.0000e+00
    14.2615   0.079690     -0.210  552525667     0.4988    -0.4035 0.0000e+00
    14.2584   0.078190     -0.210  552525668     0.4890    -0.4106 0.0000e+00
    14.2577   0.075540     -0.210  552525670     0.4718    -0.4238 0.0000e+00
    14.2570   0.073780     -0.210  552525671     0.4604    -0.4326 0.0000e+00
    14.2592   0.071720     -0.210  552525673     0.4471    -0.4432 0.0000e+00
    14.2625   0.070040     -0.210  552525675     0.4362    -0.4522 0.0000e+00
    14.2612   0.067720     -0.210  552525676     0.4212    -0.4636 0.0000e+00
    14.2624   0.066420     -0.210  552525678     0.4128    -0.4702 0.0000e+00
    14.2590   0.064700     -0.210  552525679     0.4018    -0.4783 0.0000e+00
    14.2545   0.063650     -0.210  552525681     0.3951    -0.4829 0.0000e+00
    14.2479   0.062230     -0.210  552525682     0.3860    -0.4890 0.0000e+00
    14.2434   0.061670     -0.210  552525684     0.3825    -0.4911 0.0000e+00
    14.2394   0.061420     -0.210  552525685     0.3809    -0.4917 0.0000e+00
    14.2373   0.060470     -0.210  552525687     0.3748    -0.4961 0.0000e+00
    14.2366   0.060300     -0.210  552525688     0.3737    -0.4969 0.0000e+00
    14.2354   0.059380     -0.210  552525690     0.3679    -0.5013 0.0000e+00
    14.2327   0.058930     -0.210  552525691     0.3650    -0.5031 0.0000e+00
    14.2321   0.058680     -0.210  552525693     0.3634    -0.5043 0.0000e+00
    14.2367   0.059410     -0.210  552525694     0.3680    -0.5013 0.0000e+00
    14.2404   0.059560     -0.210  552525696     0.3690    -0.5011 0.0000e+00
    14.2433   0.059270     -0.210  552525697     0.3671    -0.5030 0.0000e+00
    14.2424   0.058800     -0.210  552525699     0.3641    -0.5052 0.0000e+00
    14.2395   0.058340     -0.210  552525700     0.3612    -0.5071 0.0000e+00
    14.2484   0.057930     -0.220  552525702     0.3585    -0.5104 0.0000e+00
    14.2582   0.057310     -0.220  552525704     0.3544    -0.5150 0.0000e+00
    14.2570   0.056560     -0.220  552525705     0.3496    -0.5185 0.0000e+00
    14.2590   0.056090     -0.220  552525707     0.3466    -0.5211 0.0000e+00
    14.2544   0.055150     -0.220  552525708     0.3406    -0.5251 0.0000e+00
    14.2548   0.054170     -0.220  552525710     0.3344    -0.5300 0.0000e+00
    14.2522   0.053410     -0.220  552525711     0.3296    -0.5334 0.0000e+00
    14.2413   0.053620     -0.220  552525713     0.3310    -0.5307 0.0000e+00
    14.2380   0.054100     -0.220  552525714     0.3341    -0.5278 0.0000e+00
    14.2314   0.053550     -0.220  552525716     0.3306    -0.5296 0.0000e+00
    14.2186   0.053790     -0.220  552525717     0.3323    -0.5265 0.0000e+00
    14.2063   0.052600     -0.220  552525719     0.3248    -0.5306 0.0000e+00
    14.1939   0.051620     -0.220  552525720     0.3186    -0.5336 0.0000e+00
    14.1860   0.050670     -0.220  552525722     0.3126    -0.5371 0.0000e+00
    14.1750   0.049790     -0.220  552525723     0.3071    -0.5398 0.0000e+00
    14.1651   0.049360     -0.220  552525725     0.3045    -0.5405 0.0000e+00
    14.1513   0.048930     -0.220  552525726     0.3018    -0.5406 0.0000e+00
    14.1402   0.047880     -0.220  552525728     0.2952    -0.5441 0.0000e+00
    14.1282   0.047830     -0.220  552525729     0.2950    -0.5426 0.0000e+00
    14.1237   0.047260     -0.220  552525731     0.2914    -0.5447 0.0000e+00
    14.1222   0.046080     -0.220  552525732     0.2840    -0.5503 0.0000e+00
    14.1241   0.045910     -0.220  552525734     0.2829    -0.5514 0.0000e+00
    14.1251   0.045210     -0.220  552525735     0.2784    -0.5550 0.0000e+00
    14.1148   0.043490     -0.220  552525737     0.2676    -0.5620 0.0000e+00
    14.1118   0.042650     -0.220  552525739     0.2623    -0.5657 0.0000e+00
    14.1116   0.041940     -0.220  552525740     0.2578    -0.5691 0.0000e+00
    14.1030   0.041450     -0.230  552525742     0.2548    -0.5703 0.0000e+00
    14.1010   0.041570     -0.230  552525743     0.2555    -0.5694 0.0000e+00
    14.1106   0.041270     -0.230  552525745     0.2536    -0.5723 0.0000e+00
    14.1261   0.041560     -0.230  552525746     0.2553    -0.5731 0.0000e+00
    14.1454   0.041430     -0.230  552525748     0.2544    -0.5766 0.0000e+00
    14.1600   0.041250     -0.230  552525749     0.2532    -0.5796 0.0000e+00
    14.1747   0.040880     -0.230  552525751     0.2507    -0.5835 0.0000e+00
    14.1856   0.041000     -0.230  552525752     0.2514    -0.5845 0.0000e+00
    14.1916   0.040820     -0.230  552525754     0.2503    -0.5863 0.0000e+00
    14.2009   0.040510     -0.230  552525755     0.2483    -0.5892 0.0000e+00
    14.2112   0.040350     -0.230  552525757     0.2472    -0.5915 0.0000e+00
    14.2210   0.040570     -0.230  552525758     0.2485    -0.5918 0.0000e+00
    14.2345   0.040220     -0.230  552525760     0.2462    -0.5955 0.0000e+00
    14.2412   0.040770     -0.230  552525761     0.2496    -0.5938 0.0000e+00
    14.2449   0.040340     -0.230  552525763     0.2469    -0.5965 0.0000e+00
    14.2416   0.041120     -0.230  552525764     0.2518    -0.5922 0.0000e+00
    14.2346   0.040790     -0.230  552525766     0.2498    -0.5928 0.0000e+00
    14.2247   0.041270     -0.230  552525768     0.2529    -0.5890 0.0000e+00
    14.2229   0.040910     -0.230  552525769     0.2506    -0.5905 0.0000e+00
    14.2199   0.041090     -0.230  552525771     0.2518    -0.5891 0.0000e+00
    14.2102   0.040620     -0.230  552525772     0.2489    -0.5900 0.0000e+00
    14.1947   0.040690     -0.230  552525774     0.2494    -0.5874 0.0000e+00
    14.1812   0.040240     -0.230  552525775     0.2467    -0.5876 0.0000e+00
    14.1680   0.039980     -0.230  552525777     0.2451    -0.5870 0.0000e+00
    14.1483   0.039840     -0.230  552525778     0.2444    -0.5848 0.0000e+00
    14.1270   0.039650     -0.230  552525780     0.2433    -0.5826 0.0000e+00
    14.1075   0.039600     -0.230  552525781     0.2431    -0.5800 0.0000e+00
    14.1022   0.039450     -0.230  552525783     0.2422    -0.5800 0.0000e+00
    14.0963   0.039220     -0.230  552525784     0.2408    -0.5802 0.0000e+00
    14.0892   0.039320     -0.230  552525786     0.2414    -0.5787 0.0000e+00
    14.0846   0.039050     -0.230  552525787     0.2398    -0.5794 0.0000e+00
    14.0829   0.038990     -0.230  552525789     0.2394    -0.5794 0.0000e+00
    14.0811   0.038860     -0.230  552525790     0.2386    -0.5798 0.0000e+00
    14.0853   0.038970     -0.230  552525792     0.2393    -0.5799 0.0000e+00
    14.0812   0.038830     -0.230  552525793     0.2384    -0.5799 0.0000e+00
    14.0788   0.039000     -0.230  552525795     0.2395    -0.5788 0.0000e+00
    14.0834   0.038960     -0.230  552525796     0.2392    -0.5796 0.0000e+00
    14.0832   0.038770     -0.230  552525798     0.2380    -0.5805 0.0000e+00
    14.0799   0.038750     -0.230  552525800     0.2379    -0.5801 0.0000e+00
    14.0801   0.038370     -0.230  552525801     0.2355    -0.5820 0.0000e+00
    14.0848   0.038530     -0.230  552525803     0.2365    -0.5819 0.0000e+00
    14.0901   0.038250     -0.230  552525804     0.2347    -0.5841 0.0000e+00
    14.0984   0.038420     -0.230  552525806     0.2357    -0.5844 0.0000e+00
    14.1052   0.038080     -0.230  552525807     0.2335    -0.5871 0.0000e+00
    14.1132   0.038360     -0.230  552525809     0.2353    -0.5869 0.0000e+00
    14.1184   0.038100     -0.230  552525810     0.2336    -0.5889 0.0000e+00
    14.1228   0.038110     -0.230  552525812     0.2336    -0.5895 0.0000e+00
    14.1262   0.038160     -0.230  552525813     0.2339    -0.5897 0.0000e+00
    14.1355   0.038450     -0.230  552525815     0.2357    -0.5897 0.0000e+00
    14.1483   0.038430     -0.230  552525816     0.2355    -0.5916 0.0000e+00
    14.1571   0.038210     -0.230  552525818     0.2341    -0.5940 0.0000e+00
    14.1678   0.038570     -0.230  552525819     0.2363    -0.5938 0.0000e+00
    14.1833   0.038300     -0.230  552525821     0.2345    -0.5974 0.0000e+00
    14.1957   0.038620     -0.230  552525822     0.2364    -0.5976 0.0000e+00
    14.2066   0.038640     -0.240  552525824     0.2365    -0.5991 0.0000e+00
    14.2097   0.038990     -0.230  552525825     0.2387    -0.5979 0.0000e+00
    14.2102   0.038890     -0.230  552525827     0.2380    -0.5985 0.0000e+00
    14.2076   0.039110     -0.240  552525829     0.2394    -0.5970 0.0000e+00
    14.2042   0.038710     -0.240  552525830     0.2369    -0.5984 0.0000e+00
    14.2049   0.038530     -0.240  552525832     0.2358    -0.5994 0.0000e+00
    14.2065   0.038570     -0.240  552525833     0.2360    -0.5995 0.0000e+00
    14.2046   0.038420     -0.240  552525835     0.2351    -0.5999 0.0000e+00
    14.1988   0.038430     -0.230  552525836     0.2352    -0.5990 0.0000e+00
    14.2008   0.037830     -0.240  552525838     0.2314    -0.6022 0.0000e+00
    14.2069   0.038340     -0.240  552525839     0.2346    -0.6006 0.0000e+00
    14.2108   0.038280     -0.230  552525841     0.2342    -0.6015 0.0000e+00
    14.2176   0.038460     -0.240  552525842     0.2353    -0.6016 0.0000e+00
    14.2168   0.038730     -0.240  552525844     0.2370    -0.6002 0.0000e+00
    14.2108   0.039190     -0.240  552525845     0.2399    -0.5971 0.0000e+00
    14.2012   0.039430     -0.240  552525847     0.2415    -0.5945 0.0000e+00
    14.1882   0.039190     -0.240  552525848     0.2400    -0.5938 0.0000e+00
    14.1842   0.038680     -0.240  552525850     0.2369    -0.5957 0.0000e+00
    14.1847   0.038670     -0.240  552525851     0.2368    -0.5958 0.0000e+00
    14.1954   0.038280     -0.240  552525853     0.2343    -0.5993 0.0000e+00
    14.2056   0.037950     -0.240  552525854     0.2322    -0.6024 0.0000e+00
    14.2122   0.038140     -0.240  552525856     0.2333    -0.6024 0.0000e+00
    14.2112   0.037820     -0.240  552525857     0.2313    -0.6038 0.0000e+00
    14.2105   0.037660     -0.240  552525859     0.2303    -0.6045 0.0000e+00
    14.2096   0.037440     -0.240  552525861     0.2289    -0.6054 0.0000e+00
    14.2021   0.037940     -0.240  552525862     0.2321    -0.6019 0.0000e+00
    14.1916   0.037790     -0.240  552525864     0.2312    -0.6011 0.0000e+00
    14.1845   0.037550     -0.240  552525865     0.2298    -0.6012 0.0000e+00
    14.1806   0.037700     -0.240  552525867     0.2307    -0.5999 0.0000e+00
    14.1800   0.037740     -0.240  552525868     0.2310    -0.5996 0.0000e+00
    14.1705   0.037910     -0.240  552525870     0.2321    -0.5974 0.0000e+00
    14.1701   0.038180     -0.240  552525871     0.2338    -0.5960 0.0000e+00
    14.1643   0.038310     -0.240  552525873     0.2346    -0.5946 0.0000e+00
    14.1620   0.038610     -0.240  552525874     0.2365    -0.5928 0.0000e+00
    14.1581   0.038120     -0.240  552525876     0.2335    -0.5946 0.0000e+00
    14.1614   0.038770     -0.240  552525877     0.2376    -0.5919 0.0000e+00
    14.1663   0.038400     -0.240  552525879     0.2352    -0.5944 0.0000e+00
    14.1724   0.038580     -0.240  552525880     0.2363    -0.5944 0.0000e+00
    14.1726   0.038300     -0.240  552525882     0.2345    -0.5958 0.0000e+00
    14.1686   0.038110     -0.240  552525883     0.2334    -0.5962 0.0000e+00
    14.1712   0.037600     -0.240  552525885     0.2302    -0.5990 0.0000e+00
    14.1748   0.037260     -0.240  552525886     0.2280    -0.6012 0.0000e+00
    14.1799   0.037080     -0.240  552525888     0.2268    -0.6028 0.0000e+00
    14.1840   0.036830     -0.240  552525890     0.2253    -0.6046 0.0000e+00
    14.1842   0.036720     -0.240  552525891     0.2246    -0.6052 0.0000e+00
    14.1819   0.036510     -0.240  552525893     0.2233    -0.6059 0.0000e+00
    14.1932   0.036830     -0.240  552525894     0.2252    -0.6060 0.0000e+00
    14.1950   0.036490     -0.240  552525896     0.2231    -0.6079 0.0000e+00
    14.1878   0.037390     -0.240  552525897     0.2287    -0.6025 0.0000e+00
    14.1729   0.037030     -0.240  552525899     0.2266    -0.6021 0.0000e+00
    14.1641   0.037420     -0.240  552525900     0.2291    -0.5989 0.0000e+00
    14.1572   0.037090     -0.240  552525902     0.2270    -0.5995 0.0000e+00
    14.1470   0.036860     -0.240  552525903     0.2256    -0.5991 0.0000e+00
    14.1437   0.036630     -0.240  552525905     0.2242    -0.5998 0.0000e+00
    14.1426   0.036340     -0.240  552525906     0.2224    -0.6010 0.0000e+00
    14.1343   0.036370     -0.240  552525908     0.2226    -0.5996 0.0000e+00
    14.1340   0.035940     -0.240  552525909     0.2200    -0.6017 0.0000e+00
