Code/Hansen Zooplankton Code and Sample Data/data/ctd/gsl_11_SBE37SI-RS232_03706156_2017_08_10_final.cnv
* Sea-Bird SBE37SI-RS232  Data File:
* FileName = C:\Users\General Lab Use\Desktop\SHELAGH CTD 2017\gsl_11_SBE37SI-RS232_03706156_2017_08_10.cnv
* Software version 1.00d
* Temperature SN = 6156
* Conductivity SN = 6156
* System UpLoad Time = Aug 10 2017 15:50:10
* <ApplicationData>
* <Seaterm232>
# nquan = 7                                 
# nvalues = 2243                        
# units = specified
# name 0 = t090C: Temperature [ITS-90, deg C]
# name 1 = c0S/m: Conductivity [S/m]
# name 2 = prM: Pressure [db]
# name 3 = timeK: Time, Seacat Plus [seconds]
# name 4 = sal00: Salinity [PSU]
# name 5 = sigma-t00: Density [sigma-t, Kg/m^3 ]
# name 6 = flag: flag
# span 0 =     0.3286,    18.3628       
# span 1 =   0.000200,   3.405210       
# span 2 =     -0.230,     89.660       
# span 3 =  555681024,  555684453       
# span 4 =     0.0091,    32.2682       
# span 5 =    -1.4629,    25.8670       
# span 6 = 0.0000e+00, 0.0000e+00       
# interval = seconds: 6.000000
# start_time = Aug 10 2017 11:50:24
# bad_flag = -9.990e-29
*END*
[from data line 2052]
    15.4498   0.003930     -0.210  555684161     0.0264    -0.9475 0.0000e+00
    15.4481   0.003930     -0.210  555684162     0.0264    -0.9472 0.0000e+00
    15.4447   0.003930     -0.210  555684164     0.0264    -0.9467 0.0000e+00
    15.4440   0.003930     -0.210  555684165     0.0264    -0.9466 0.0000e+00
    15.4426   0.003920     -0.210  555684167     0.0264    -0.9464 0.0000e+00
    15.4406   0.003920     -0.210  555684168     0.0264    -0.9461 0.0000e+00
    15.4390   0.003920     -0.210  555684170     0.0264    -0.9458 0.0000e+00
    15.4379   0.003920     -0.210  555684171     0.0264    -0.9457 0.0000e+00
    15.4360   0.003930     -0.210  555684173     0.0264    -0.9453 0.0000e+00
    15.4356   0.003920     -0.210  555684174     0.0264    -0.9453 0.0000e+00
    15.4351   0.003920     -0.210  555684176     0.0264    -0.9452 0.0000e+00
    15.4386   0.003920     -0.210  555684177     0.0264    -0.9458 0.0000e+00
    15.4405   0.003920     -0.210  555684179     0.0264    -0.9461 0.0000e+00
    15.4391   0.003920     -0.210  555684181     0.0264    -0.9459 0.0000e+00
    15.4415   0.003920     -0.210  555684182     0.0264    -0.9462 0.0000e+00
    15.4402   0.003920     -0.210  555684184     0.0264    -0.9460 0.0000e+00
    15.4388   0.003920     -0.210  555684185     0.0264    -0.9458 0.0000e+00
    15.4382   0.003910     -0.210  555684187     0.0263    -0.9458 0.0000e+00
    15.4347   0.003920     -0.210  555684188     0.0264    -0.9452 0.0000e+00
    15.4338   0.003920     -0.210  555684190     0.0264    -0.9450 0.0000e+00
    15.4346   0.003910     -0.210  555684191     0.0263    -0.9452 0.0000e+00
    15.4357   0.003910     -0.210  555684193     0.0263    -0.9454 0.0000e+00
    15.4372   0.003920     -0.210  555684194     0.0264    -0.9456 0.0000e+00
    15.4416   0.003910     -0.210  555684196     0.0263    -0.9463 0.0000e+00
    15.4509   0.003910     -0.210  555684197     0.0263    -0.9477 0.0000e+00
    15.4487   0.003910     -0.210  555684199     0.0263    -0.9474 0.0000e+00
    15.4494   0.003910     -0.210  555684200     0.0263    -0.9475 0.0000e+00
    15.4471   0.003910     -0.210  555684202     0.0263    -0.9471 0.0000e+00
    15.4491   0.003910     -0.210  555684203     0.0263    -0.9475 0.0000e+00
    15.4494   0.003920     -0.210  555684205     0.0264    -0.9475 0.0000e+00
    15.4596   0.003910     -0.210  555684206     0.0263    -0.9491 0.0000e+00
    15.4632   0.003920     -0.210  555684208     0.0264    -0.9496 0.0000e+00
    15.4795   0.003920     -0.210  555684210     0.0264    -0.9522 0.0000e+00
    15.4821   0.003920     -0.210  555684211     0.0264    -0.9526 0.0000e+00
    15.4805   0.003910     -0.210  555684213     0.0263    -0.9524 0.0000e+00
    15.4759   0.003920     -0.210  555684214     0.0264    -0.9516 0.0000e+00
    15.4763   0.003910     -0.210  555684216     0.0263    -0.9517 0.0000e+00
    15.4787   0.003910     -0.210  555684217     0.0263    -0.9521 0.0000e+00
    15.4816   0.003910     -0.210  555684219     0.0263    -0.9525 0.0000e+00
    15.4798   0.003910     -0.210  555684220     0.0263    -0.9523 0.0000e+00
    15.4809   0.003900     -0.210  555684222     0.0263    -0.9525 0.0000e+00
    15.4786   0.003900     -0.210  555684223     0.0263    -0.9521 0.0000e+00
    15.4819   0.003890     -0.210  555684225     0.0262    -0.9527 0.0000e+00
    15.4852   0.003890     -0.210  555684226     0.0262    -0.9532 0.0000e+00
    15.4865   0.003890     -0.210  555684228     0.0262    -0.9534 0.0000e+00
    15.4872   0.003890     -0.210  555684229     0.0262    -0.9535 0.0000e+00
    15.4886   0.003890     -0.210  555684231     0.0262    -0.9537 0.0000e+00
    15.4875   0.003890     -0.210  555684232     0.0262    -0.9536 0.0000e+00
    15.4910   0.003890     -0.210  555684234     0.0262    -0.9541 0.0000e+00
    15.4917   0.003890     -0.210  555684236     0.0262    -0.9542 0.0000e+00
    15.4895   0.003890     -0.210  555684237     0.0262    -0.9539 0.0000e+00
    15.4955   0.003890     -0.210  555684239     0.0262    -0.9548 0.0000e+00
    15.5029   0.003890     -0.210  555684240     0.0262    -0.9560 0.0000e+00
    15.5019   0.003890     -0.210  555684242     0.0262    -0.9558 0.0000e+00
    15.4993   0.003890     -0.210  555684243     0.0262    -0.9554 0.0000e+00
    15.4989   0.003880     -0.210  555684245     0.0262    -0.9554 0.0000e+00
    15.5031   0.003880     -0.210  555684246     0.0262    -0.9560 0.0000e+00
    15.5046   0.003880     -0.210  555684248     0.0262    -0.9563 0.0000e+00
    15.5047   0.003880     -0.210  555684249     0.0262    -0.9563 0.0000e+00
    15.5059   0.003870     -0.210  555684251     0.0261    -0.9565 0.0000e+00
    15.5046   0.003890     -0.210  555684252     0.0262    -0.9562 0.0000e+00
    15.5086   0.003880     -0.210  555684254     0.0262    -0.9569 0.0000e+00
    15.5080   0.003890     -0.210  555684255     0.0262    -0.9568 0.0000e+00
    15.5099   0.003890     -0.210  555684257     0.0262    -0.9571 0.0000e+00
    15.5110   0.003890     -0.210  555684258     0.0262    -0.9572 0.0000e+00
    15.5155   0.003890     -0.210  555684260     0.0262    -0.9579 0.0000e+00
    15.5173   0.003880     -0.210  555684262     0.0262    -0.9583 0.0000e+00
    15.5174   0.003880     -0.210  555684263     0.0262    -0.9583 0.0000e+00
    15.5176   0.003870     -0.210  555684265     0.0261    -0.9584 0.0000e+00
    15.5152   0.003880     -0.210  555684266     0.0262    -0.9579 0.0000e+00
    15.5196   0.003870     -0.210  555684268     0.0261    -0.9587 0.0000e+00
    15.5220   0.003880     -0.210  555684269     0.0262    -0.9590 0.0000e+00
    15.5260   0.003870     -0.210  555684271     0.0261    -0.9597 0.0000e+00
    15.5292   0.003870     -0.210  555684272     0.0261    -0.9602 0.0000e+00
    15.5268   0.003870     -0.210  555684274     0.0261    -0.9598 0.0000e+00
    15.5253   0.003870     -0.210  555684275     0.0261    -0.9596 0.0000e+00
    15.5261   0.003870     -0.210  555684277     0.0261    -0.9597 0.0000e+00
    15.5260   0.003870     -0.210  555684278     0.0261    -0.9597 0.0000e+00
    15.5311   0.003870     -0.210  555684280     0.0261    -0.9605 0.0000e+00
    15.5373   0.003870     -0.210  555684281     0.0261    -0.9615 0.0000e+00
    15.5406   0.003860     -0.210  555684283     0.0261    -0.9620 0.0000e+00
    15.5430   0.003860     -0.210  555684284     0.0261    -0.9624 0.0000e+00
    15.5452   0.003860     -0.210  555684286     0.0261    -0.9627 0.0000e+00
    15.5456   0.003860     -0.210  555684288     0.0261    -0.9628 0.0000e+00
    15.5463   0.003860     -0.210  555684289     0.0261    -0.9629 0.0000e+00
    15.5544   0.003860     -0.210  555684291     0.0261    -0.9642 0.0000e+00
    15.5627   0.003860     -0.210  555684292     0.0260    -0.9655 0.0000e+00
    15.5737   0.003860     -0.210  555684294     0.0260    -0.9672 0.0000e+00
    15.5761   0.003870     -0.210  555684295     0.0261    -0.9676 0.0000e+00
    15.5742   0.003870     -0.210  555684297     0.0261    -0.9673 0.0000e+00
    15.5755   0.003870     -0.210  555684298     0.0261    -0.9675 0.0000e+00
    15.5746   0.003860     -0.210  555684300     0.0260    -0.9674 0.0000e+00
    15.5737   0.003860     -0.210  555684301     0.0260    -0.9672 0.0000e+00
    15.5720   0.003860     -0.210  555684303     0.0260    -0.9670 0.0000e+00
    15.5732   0.003860     -0.210  555684304     0.0260    -0.9672 0.0000e+00
    15.5713   0.003870     -0.210  555684306     0.0261    -0.9668 0.0000e+00
    15.6022   0.004290     -0.220  555684307     0.0283    -0.9700 0.0000e+00
    15.6110   0.005250     -0.220  555684309     0.0335    -0.9673 0.0000e+00
    15.6331   0.006390     -0.230  555684310     0.0397    -0.9660 0.0000e+00
    15.6791   0.007330     -0.230  555684312     0.0449    -0.9693 0.0000e+00
    15.7119   0.007470     -0.230  555684314     0.0456    -0.9739 0.0000e+00
    15.7543   0.007030     -0.230  555684315     0.0432    -0.9826 0.0000e+00
    15.7915   0.006540     -0.230  555684317     0.0405    -0.9907 0.0000e+00
    15.8268   0.006140     -0.220  555684318     0.0383    -0.9980 0.0000e+00
    15.8541   0.006000     -0.200  555684320     0.0375    -1.0030 0.0000e+00
    15.9240   0.006300     -0.190  555684321     0.0391    -1.0131 0.0000e+00
    15.9425   0.006710     -0.190  555684323     0.0413    -1.0143 0.0000e+00
    15.9491   0.007310     -0.190  555684324     0.0446    -1.0129 0.0000e+00
    15.9489   0.008420     -0.190  555684326     0.0507    -1.0081 0.0000e+00
    15.9737   0.010200     -0.190  555684327     0.0606    -1.0044 0.0000e+00
    15.9836   0.014680     -0.190  555684329     0.0859    -0.9865 0.0000e+00
    15.9991   0.018790     -0.190  555684330     0.1095    -0.9707 0.0000e+00
    16.0151   0.018550     -0.190  555684332     0.1081    -0.9745 0.0000e+00
    16.0388   0.018670     -0.190  555684333     0.1087    -0.9778 0.0000e+00
    16.0579   0.017950     -0.190  555684335     0.1045    -0.9842 0.0000e+00
    16.0787   0.016860     -0.180  555684336     0.0982    -0.9925 0.0000e+00
    16.0987   0.016080     -0.190  555684338     0.0937    -0.9992 0.0000e+00
    16.1123   0.015260     -0.190  555684340     0.0890    -1.0051 0.0000e+00
    16.1188   0.014730     -0.190  555684341     0.0860    -1.0085 0.0000e+00
    16.1315   0.013810     -0.190  555684343     0.0807    -1.0146 0.0000e+00
    16.1320   0.013680     -0.190  555684344     0.0800    -1.0153 0.0000e+00
    16.1297   0.012710     -0.190  555684346     0.0745    -1.0191 0.0000e+00
    16.1315   0.012340     -0.190  555684347     0.0724    -1.0211 0.0000e+00
    16.1457   0.012240     -0.190  555684349     0.0718    -1.0238 0.0000e+00
    16.1643   0.011780     -0.190  555684350     0.0692    -1.0289 0.0000e+00
    16.1967   0.011520     -0.180  555684352     0.0677    -1.0354 0.0000e+00
    16.2288   0.011250     -0.190  555684353     0.0662    -1.0419 0.0000e+00
    16.2425   0.010880     -0.180  555684355     0.0641    -1.0458 0.0000e+00
    16.2567   0.010130     -0.200  555684356     0.0599    -1.0514 0.0000e+00
    16.2757   0.008890     -0.190  555684358     0.0530    -1.0598 0.0000e+00
    16.2698   0.008660     -0.190  555684359     0.0518    -1.0598 0.0000e+00
    16.2897   0.008850     -0.190  555684361     0.0528    -1.0623 0.0000e+00
    16.2926   0.009030     -0.180  555684362     0.0538    -1.0621 0.0000e+00
    16.3092   0.009180     -0.190  555684364     0.0546    -1.0642 0.0000e+00
    16.3144   0.009000     -0.190  555684366     0.0536    -1.0658 0.0000e+00
    16.3242   0.008660     -0.190  555684367     0.0517    -1.0689 0.0000e+00
    16.3126   0.008340     -0.200  555684369     0.0500    -1.0683 0.0000e+00
    16.3089   0.008220     -0.220  555684370     0.0493    -1.0682 0.0000e+00
    16.3034   0.007980     -0.220  555684372     0.0480    -1.0683 0.0000e+00
    16.3206   0.007810     -0.210  555684373     0.0471    -1.0719 0.0000e+00
    16.3161   0.007630     -0.210  555684375     0.0461    -1.0719 0.0000e+00
    16.3079   0.007480     -0.210  555684376     0.0453    -1.0712 0.0000e+00
    16.2998   0.007350     -0.210  555684378     0.0446    -1.0704 0.0000e+00
    16.3041   0.007260     -0.210  555684379     0.0441    -1.0715 0.0000e+00
    16.3032   0.007150     -0.210  555684381     0.0435    -1.0718 0.0000e+00
    16.2894   0.007040     -0.210  555684382     0.0429    -1.0699 0.0000e+00
    16.2732   0.006960     -0.210  555684384     0.0425    -1.0676 0.0000e+00
    16.2657   0.006860     -0.210  555684385     0.0419    -1.0668 0.0000e+00
    16.2431   0.006780     -0.210  555684387     0.0415    -1.0633 0.0000e+00
    16.2261   0.006690     -0.210  555684388     0.0410    -1.0609 0.0000e+00
    16.2343   0.006610     -0.210  555684390     0.0406    -1.0626 0.0000e+00
    16.2304   0.006540     -0.210  555684392     0.0402    -1.0623 0.0000e+00
    16.2212   0.006460     -0.210  555684393     0.0398    -1.0611 0.0000e+00
    16.2225   0.006400     -0.210  555684395     0.0395    -1.0615 0.0000e+00
    16.2200   0.006350     -0.210  555684396     0.0392    -1.0613 0.0000e+00
    16.2150   0.006290     -0.210  555684398     0.0389    -1.0607 0.0000e+00
    16.2114   0.006240     -0.210  555684399     0.0386    -1.0604 0.0000e+00
    16.2061   0.006190     -0.210  555684401     0.0383    -1.0597 0.0000e+00
    16.2034   0.006130     -0.210  555684402     0.0380    -1.0595 0.0000e+00
    16.2084   0.006090     -0.210  555684404     0.0378    -1.0605 0.0000e+00
    16.2077   0.006050     -0.210  555684405     0.0376    -1.0605 0.0000e+00
    16.2100   0.006000     -0.210  555684407     0.0373    -1.0611 0.0000e+00
    16.2285   0.005960     -0.210  555684408     0.0371    -1.0644 0.0000e+00
    16.2304   0.005900     -0.210  555684410     0.0368    -1.0649 0.0000e+00
    16.2320   0.005880     -0.210  555684411     0.0367    -1.0653 0.0000e+00
    16.2413   0.005870     -0.210  555684413     0.0366    -1.0669 0.0000e+00
    16.2573   0.005830     -0.210  555684414     0.0364    -1.0697 0.0000e+00
    16.2562   0.005800     -0.210  555684416     0.0362    -1.0696 0.0000e+00
    16.2385   0.005790     -0.210  555684418     0.0362    -1.0667 0.0000e+00
    16.2209   0.005760     -0.210  555684419     0.0360    -1.0639 0.0000e+00
    16.2111   0.005740     -0.210  555684421     0.0359    -1.0624 0.0000e+00
    16.2051   0.005700     -0.220  555684422     0.0357    -1.0616 0.0000e+00
    16.1927   0.005690     -0.210  555684424     0.0357    -1.0596 0.0000e+00
    16.1844   0.005660     -0.210  555684425     0.0355    -1.0583 0.0000e+00
    16.1703   0.005630     -0.210  555684427     0.0353    -1.0561 0.0000e+00
    16.1612   0.005610     -0.210  555684428     0.0352    -1.0547 0.0000e+00
    16.1468   0.005590     -0.210  555684430     0.0351    -1.0524 0.0000e+00
    16.1470   0.005560     -0.220  555684431     0.0350    -1.0526 0.0000e+00
    16.1492   0.005550     -0.210  555684433     0.0349    -1.0530 0.0000e+00
    16.1457   0.005520     -0.210  555684434     0.0348    -1.0525 0.0000e+00
    16.1550   0.005500     -0.220  555684436     0.0347    -1.0541 0.0000e+00
    16.1518   0.005490     -0.210  555684437     0.0346    -1.0537 0.0000e+00
    16.1529   0.005470     -0.210  555684439     0.0345    -1.0539 0.0000e+00
    16.1537   0.005440     -0.220  555684440     0.0343    -1.0542 0.0000e+00
    16.1532   0.005440     -0.210  555684442     0.0343    -1.0541 0.0000e+00
    16.1569   0.005410     -0.220  555684444     0.0342    -1.0548 0.0000e+00
    16.1567   0.005400     -0.210  555684445     0.0341    -1.0548 0.0000e+00
    16.1659   0.005420     -0.210  555684447     0.0342    -1.0563 0.0000e+00
    16.1694   0.005380     -0.210  555684449     0.0340    -1.0570 0.0000e+00
    16.1677   0.005360     -0.210  555684451     0.0339    -1.0568 0.0000e+00
    16.1725   0.005330     -0.220  555684453     0.0337    -1.0577 0.0000e+00
