Code/Hansen Zooplankton Code and Sample Data/data/ctd/gsl_08_SBE37SI-RS232_03706156_2017_08_02_final.cnv
* Sea-Bird SBE37SI-RS232  Data File:
* FileName = C:\Users\General Lab Use\Desktop\SHELAGH CTD 2017\gsl_08_SBE37SI-RS232_03706156_2017_08_02.cnv
* Software version 1.00d
* Temperature SN = 6156
* Conductivity SN = 6156
* System UpLoad Time = Aug 02 2017 21:22:44
* <ApplicationData>
* <Seaterm232>
# nquan = 7                                 
# nvalues = 1382                        
# units = specified
# name 0 = t090C: Temperature [ITS-90, deg C]
# name 1 = c0S/m: Conductivity [S/m]
# name 2 = prM: Pressure [db]
# name 3 = timeK: Time, Seacat Plus [seconds]
# name 4 = sal00: Salinity [PSU]
# name 5 = sigma-t00: Density [sigma-t, Kg/m^3 ]
# name 6 = flag: flag
# span 0 =     0.0964,    19.7346       
# span 1 =   0.000890,   3.456100       
# span 2 =     -0.230,     90.370       
# span 3 =  555010939,  555013044       
# span 4 =     0.0120,    32.4625       
# span 5 =    -1.6556,    26.0124       
# span 6 = 0.0000e+00, 0.0000e+00       
# interval = seconds: 6.000000
# start_time = Aug 02 2017 17:42:19
# bad_flag = -9.990e-29
*END*
[from data line 821]
    16.6513   0.011540     -0.200  555012190     0.0673    -1.1119 0.0000e+00
    16.6460   0.011490     -0.200  555012191     0.0670    -1.1112 0.0000e+00
    16.6659   0.011530     -0.200  555012193     0.0672    -1.1144 0.0000e+00
    16.6822   0.011420     -0.200  555012194     0.0666    -1.1177 0.0000e+00
    16.6879   0.011330     -0.200  555012196     0.0661    -1.1191 0.0000e+00
    16.6734   0.011290     -0.200  555012197     0.0659    -1.1167 0.0000e+00
    16.6663   0.011240     -0.200  555012199     0.0656    -1.1157 0.0000e+00
    16.6547   0.011220     -0.200  555012200     0.0655    -1.1138 0.0000e+00
    16.6447   0.011240     -0.200  555012202     0.0656    -1.1120 0.0000e+00
    16.6244   0.011220     -0.200  555012203     0.0655    -1.1087 0.0000e+00
    16.6160   0.011190     -0.200  555012205     0.0654    -1.1074 0.0000e+00
    16.6069   0.011150     -0.200  555012206     0.0652    -1.1060 0.0000e+00
    16.5998   0.011120     -0.200  555012208     0.0650    -1.1049 0.0000e+00
    16.5953   0.011080     -0.200  555012209     0.0648    -1.1043 0.0000e+00
    16.5893   0.011050     -0.200  555012211     0.0646    -1.1034 0.0000e+00
    16.5703   0.011030     -0.210  555012212     0.0645    -1.1003 0.0000e+00
    16.5686   0.010990     -0.200  555012214     0.0643    -1.1001 0.0000e+00
    16.5605   0.010970     -0.200  555012216     0.0642    -1.0989 0.0000e+00
    16.5574   0.010950     -0.200  555012217     0.0641    -1.0984 0.0000e+00
    16.5543   0.010940     -0.200  555012219     0.0641    -1.0979 0.0000e+00
    16.5613   0.010930     -0.200  555012220     0.0640    -1.0992 0.0000e+00
    16.5708   0.010880     -0.200  555012222     0.0637    -1.1010 0.0000e+00
    16.5679   0.010840     -0.210  555012223     0.0635    -1.1007 0.0000e+00
    16.5645   0.010800     -0.210  555012225     0.0633    -1.1003 0.0000e+00
    16.5626   0.010780     -0.200  555012226     0.0632    -1.1000 0.0000e+00
    16.5663   0.010750     -0.210  555012228     0.0630    -1.1008 0.0000e+00
    16.5893   0.010700     -0.210  555012229     0.0627    -1.1049 0.0000e+00
    16.5920   0.010660     -0.210  555012231     0.0625    -1.1055 0.0000e+00
    16.6014   0.010620     -0.210  555012232     0.0622    -1.1073 0.0000e+00
    16.6143   0.010570     -0.210  555012234     0.0620    -1.1097 0.0000e+00
    16.6279   0.010520     -0.210  555012235     0.0617    -1.1122 0.0000e+00
    16.6248   0.010470     -0.210  555012237     0.0614    -1.1119 0.0000e+00
    16.6314   0.010420     -0.210  555012238     0.0611    -1.1133 0.0000e+00
    16.6559   0.010370     -0.210  555012240     0.0608    -1.1177 0.0000e+00
    16.6907   0.010340     -0.210  555012241     0.0606    -1.1238 0.0000e+00
    16.7333   0.010320     -0.210  555012243     0.0604    -1.1311 0.0000e+00
    16.7538   0.010290     -0.210  555012244     0.0603    -1.1348 0.0000e+00
    16.7660   0.010250     -0.210  555012246     0.0600    -1.1371 0.0000e+00
    16.7811   0.010240     -0.210  555012247     0.0600    -1.1397 0.0000e+00
    16.7962   0.010240     -0.210  555012249     0.0599    -1.1423 0.0000e+00
    16.8151   0.010230     -0.210  555012250     0.0599    -1.1456 0.0000e+00
    16.8315   0.010230     -0.210  555012252     0.0599    -1.1484 0.0000e+00
    16.8291   0.010210     -0.210  555012253     0.0597    -1.1481 0.0000e+00
    16.8290   0.010200     -0.210  555012255     0.0597    -1.1481 0.0000e+00
    16.8371   0.010180     -0.210  555012257     0.0596    -1.1496 0.0000e+00
    16.8413   0.010180     -0.210  555012258     0.0596    -1.1504 0.0000e+00
    16.8429   0.010160     -0.210  555012260     0.0595    -1.1507 0.0000e+00
    16.8556   0.010160     -0.210  555012261     0.0594    -1.1529 0.0000e+00
    16.8549   0.010140     -0.210  555012263     0.0593    -1.1529 0.0000e+00
    16.8557   0.010120     -0.210  555012264     0.0592    -1.1531 0.0000e+00
    16.8636   0.010110     -0.210  555012266     0.0592    -1.1545 0.0000e+00
    16.8646   0.010080     -0.210  555012267     0.0590    -1.1548 0.0000e+00
    16.8619   0.010080     -0.210  555012269     0.0590    -1.1543 0.0000e+00
    16.8751   0.010040     -0.210  555012270     0.0588    -1.1568 0.0000e+00
    16.8759   0.010050     -0.210  555012272     0.0588    -1.1569 0.0000e+00
    16.8953   0.010040     -0.210  555012273     0.0587    -1.1603 0.0000e+00
    16.8915   0.010020     -0.210  555012275     0.0586    -1.1597 0.0000e+00
    16.8959   0.010020     -0.210  555012276     0.0586    -1.1605 0.0000e+00
    16.9018   0.010010     -0.210  555012278     0.0586    -1.1616 0.0000e+00
    16.9027   0.009980     -0.210  555012279     0.0584    -1.1618 0.0000e+00
    16.8968   0.009970     -0.210  555012281     0.0584    -1.1609 0.0000e+00
    16.8890   0.009980     -0.210  555012282     0.0584    -1.1595 0.0000e+00
    16.8906   0.009970     -0.210  555012284     0.0584    -1.1598 0.0000e+00
    16.8998   0.009940     -0.210  555012285     0.0582    -1.1615 0.0000e+00
    16.9061   0.009940     -0.210  555012287     0.0582    -1.1626 0.0000e+00
    16.9025   0.009920     -0.220  555012288     0.0581    -1.1621 0.0000e+00
    16.9075   0.009930     -0.210  555012290     0.0581    -1.1629 0.0000e+00
    16.9183   0.009910     -0.210  555012292     0.0580    -1.1648 0.0000e+00
    16.9172   0.009910     -0.210  555012293     0.0580    -1.1646 0.0000e+00
    16.9247   0.009890     -0.210  555012295     0.0579    -1.1660 0.0000e+00
    16.9312   0.009870     -0.210  555012296     0.0578    -1.1673 0.0000e+00
    16.9285   0.009860     -0.210  555012298     0.0577    -1.1668 0.0000e+00
    16.9385   0.009840     -0.210  555012299     0.0576    -1.1686 0.0000e+00
    16.9475   0.009840     -0.220  555012301     0.0576    -1.1702 0.0000e+00
    16.9561   0.009850     -0.210  555012302     0.0577    -1.1717 0.0000e+00
    16.9574   0.009830     -0.220  555012304     0.0575    -1.1720 0.0000e+00
    16.9657   0.009840     -0.220  555012305     0.0576    -1.1734 0.0000e+00
    16.9681   0.009810     -0.210  555012307     0.0574    -1.1739 0.0000e+00
    16.9764   0.009800     -0.210  555012308     0.0574    -1.1754 0.0000e+00
    16.9917   0.009790     -0.220  555012310     0.0573    -1.1781 0.0000e+00
    16.9944   0.009790     -0.220  555012311     0.0573    -1.1786 0.0000e+00
    16.9840   0.009770     -0.220  555012313     0.0572    -1.1769 0.0000e+00
    16.9904   0.009770     -0.220  555012314     0.0572    -1.1780 0.0000e+00
    17.0039   0.009760     -0.220  555012316     0.0571    -1.1804 0.0000e+00
    16.9997   0.009740     -0.220  555012317     0.0570    -1.1797 0.0000e+00
    17.0029   0.009730     -0.220  555012319     0.0570    -1.1803 0.0000e+00
    17.0016   0.009710     -0.220  555012320     0.0568    -1.1802 0.0000e+00
    16.9948   0.009690     -0.220  555012322     0.0567    -1.1791 0.0000e+00
    17.0032   0.009690     -0.220  555012323     0.0567    -1.1806 0.0000e+00
    17.0073   0.009670     -0.220  555012325     0.0566    -1.1814 0.0000e+00
    17.0188   0.009670     -0.220  555012326     0.0566    -1.1834 0.0000e+00
    17.0204   0.009670     -0.220  555012328     0.0566    -1.1836 0.0000e+00
    17.0267   0.009650     -0.220  555012329     0.0565    -1.1848 0.0000e+00
    17.0330   0.009650     -0.220  555012331     0.0565    -1.1859 0.0000e+00
    17.0496   0.009630     -0.220  555012333     0.0564    -1.1889 0.0000e+00
    17.0487   0.009630     -0.220  555012334     0.0564    -1.1888 0.0000e+00
    17.0521   0.009610     -0.220  555012336     0.0563    -1.1894 0.0000e+00
    17.0540   0.009610     -0.220  555012337     0.0563    -1.1898 0.0000e+00
    17.0679   0.009600     -0.220  555012339     0.0562    -1.1923 0.0000e+00
    17.0797   0.009590     -0.220  555012340     0.0561    -1.1944 0.0000e+00
    17.0765   0.009580     -0.220  555012342     0.0561    -1.1939 0.0000e+00
    17.0780   0.009580     -0.220  555012343     0.0561    -1.1941 0.0000e+00
    17.0781   0.009560     -0.220  555012345     0.0560    -1.1942 0.0000e+00
    17.0761   0.009570     -0.220  555012346     0.0560    -1.1938 0.0000e+00
    17.0892   0.009550     -0.220  555012348     0.0559    -1.1962 0.0000e+00
    17.0881   0.009540     -0.220  555012349     0.0558    -1.1961 0.0000e+00
    17.0851   0.009540     -0.220  555012351     0.0558    -1.1955 0.0000e+00
    17.0902   0.009540     -0.220  555012352     0.0558    -1.1964 0.0000e+00
    17.0831   0.009530     -0.220  555012354     0.0558    -1.1952 0.0000e+00
    17.0829   0.009570     -0.220  555012355     0.0560    -1.1950 0.0000e+00
    17.0942   0.009550     -0.220  555012357     0.0559    -1.1971 0.0000e+00
    17.1027   0.009570     -0.220  555012358     0.0560    -1.1985 0.0000e+00
    17.1081   0.009550     -0.220  555012360     0.0559    -1.1995 0.0000e+00
    17.1212   0.009510     -0.220  555012361     0.0556    -1.2020 0.0000e+00
    17.1180   0.009510     -0.220  555012363     0.0557    -1.2014 0.0000e+00
    17.1361   0.009500     -0.220  555012364     0.0556    -1.2047 0.0000e+00
    17.1237   0.009480     -0.220  555012366     0.0555    -1.2026 0.0000e+00
    17.1214   0.009480     -0.220  555012367     0.0555    -1.2022 0.0000e+00
    17.1253   0.009470     -0.220  555012369     0.0554    -1.2029 0.0000e+00
    17.1271   0.009460     -0.220  555012371     0.0554    -1.2033 0.0000e+00
    17.1413   0.009440     -0.220  555012372     0.0553    -1.2058 0.0000e+00
    17.1384   0.009430     -0.220  555012374     0.0552    -1.2054 0.0000e+00
    17.1483   0.009420     -0.220  555012375     0.0551    -1.2072 0.0000e+00
    17.1383   0.009410     -0.220  555012377     0.0551    -1.2054 0.0000e+00
    17.1288   0.009400     -0.220  555012378     0.0550    -1.2038 0.0000e+00
    17.1284   0.009390     -0.220  555012380     0.0550    -1.2038 0.0000e+00
    17.1289   0.009390     -0.220  555012381     0.0550    -1.2039 0.0000e+00
    17.1316   0.009370     -0.220  555012383     0.0549    -1.2044 0.0000e+00
    17.1386   0.009370     -0.220  555012384     0.0549    -1.2057 0.0000e+00
    17.1406   0.009360     -0.220  555012386     0.0548    -1.2060 0.0000e+00
    17.1420   0.009350     -0.220  555012387     0.0548    -1.2063 0.0000e+00
    17.1382   0.009350     -0.220  555012389     0.0548    -1.2057 0.0000e+00
    17.1368   0.009350     -0.220  555012390     0.0548    -1.2054 0.0000e+00
    17.1369   0.009340     -0.220  555012392     0.0547    -1.2055 0.0000e+00
    17.1446   0.009340     -0.220  555012393     0.0547    -1.2068 0.0000e+00
    17.1409   0.009320     -0.220  555012395     0.0546    -1.2063 0.0000e+00
    17.1505   0.009330     -0.220  555012396     0.0546    -1.2079 0.0000e+00
    17.1683   0.009320     -0.220  555012398     0.0546    -1.2111 0.0000e+00
    17.1697   0.009310     -0.220  555012399     0.0545    -1.2114 0.0000e+00
    17.1757   0.009310     -0.220  555012401     0.0545    -1.2124 0.0000e+00
    17.1961   0.009310     -0.220  555012402     0.0545    -1.2161 0.0000e+00
    17.1903   0.009300     -0.220  555012404     0.0545    -1.2151 0.0000e+00
    17.1880   0.009290     -0.220  555012405     0.0544    -1.2147 0.0000e+00
    17.2007   0.009300     -0.220  555012407     0.0544    -1.2169 0.0000e+00
    17.2144   0.009290     -0.220  555012409     0.0544    -1.2194 0.0000e+00
    17.2149   0.009280     -0.220  555012410     0.0543    -1.2195 0.0000e+00
    17.2050   0.009270     -0.220  555012412     0.0543    -1.2178 0.0000e+00
    17.2142   0.009260     -0.220  555012413     0.0542    -1.2195 0.0000e+00
    17.2177   0.009260     -0.220  555012415     0.0542    -1.2201 0.0000e+00
    17.2135   0.009250     -0.220  555012416     0.0542    -1.2194 0.0000e+00
    17.2208   0.009240     -0.220  555012418     0.0541    -1.2207 0.0000e+00
    17.2199   0.009250     -0.220  555012419     0.0542    -1.2205 0.0000e+00
    17.2235   0.009230     -0.220  555012421     0.0540    -1.2212 0.0000e+00
    17.2273   0.009230     -0.220  555012422     0.0540    -1.2219 0.0000e+00
    17.2338   0.009210     -0.220  555012424     0.0539    -1.2231 0.0000e+00
    17.2302   0.009220     -0.220  555012425     0.0540    -1.2225 0.0000e+00
    17.2508   0.009190     -0.220  555012427     0.0538    -1.2262 0.0000e+00
    17.2502   0.009200     -0.220  555012428     0.0539    -1.2261 0.0000e+00
    17.2455   0.009180     -0.220  555012430     0.0538    -1.2253 0.0000e+00
    17.2459   0.009190     -0.220  555012431     0.0538    -1.2254 0.0000e+00
    17.2374   0.009170     -0.220  555012433     0.0537    -1.2239 0.0000e+00
    17.2393   0.009190     -0.220  555012434     0.0538    -1.2242 0.0000e+00
    17.2393   0.009170     -0.220  555012436     0.0537    -1.2243 0.0000e+00
    17.2460   0.009170     -0.220  555012437     0.0537    -1.2255 0.0000e+00
    17.2423   0.009160     -0.220  555012439     0.0537    -1.2249 0.0000e+00
    17.2499   0.009170     -0.220  555012440     0.0537    -1.2262 0.0000e+00
    17.2403   0.009160     -0.220  555012442     0.0537    -1.2245 0.0000e+00
    17.2550   0.009150     -0.220  555012443     0.0536    -1.2271 0.0000e+00
    17.2617   0.009150     -0.220  555012445     0.0536    -1.2283 0.0000e+00
    17.2659   0.009140     -0.220  555012447     0.0535    -1.2291 0.0000e+00
    17.2524   0.009140     -0.220  555012448     0.0535    -1.2267 0.0000e+00
    17.2589   0.009140     -0.220  555012450     0.0535    -1.2279 0.0000e+00
    17.2780   0.009130     -0.220  555012451     0.0535    -1.2313 0.0000e+00
    17.2756   0.009120     -0.220  555012453     0.0534    -1.2309 0.0000e+00
    17.2898   0.009120     -0.220  555012454     0.0534    -1.2335 0.0000e+00
    17.2796   0.009110     -0.220  555012456     0.0534    -1.2317 0.0000e+00
    17.2627   0.009100     -0.220  555012457     0.0533    -1.2287 0.0000e+00
    17.2651   0.009100     -0.220  555012459     0.0533    -1.2291 0.0000e+00
    17.2662   0.009100     -0.220  555012460     0.0533    -1.2293 0.0000e+00
    17.2607   0.009110     -0.220  555012462     0.0534    -1.2283 0.0000e+00
    17.2707   0.009100     -0.220  555012463     0.0533    -1.2301 0.0000e+00
    17.2814   0.009100     -0.220  555012465     0.0533    -1.2320 0.0000e+00
    17.2822   0.009100     -0.220  555012466     0.0533    -1.2322 0.0000e+00
    17.2851   0.009090     -0.220  555012468     0.0532    -1.2327 0.0000e+00
    17.2890   0.009090     -0.220  555012469     0.0532    -1.2334 0.0000e+00
    17.3061   0.009080     -0.220  555012471     0.0532    -1.2365 0.0000e+00
    17.3118   0.009080     -0.220  555012472     0.0532    -1.2375 0.0000e+00
    17.3212   0.009070     -0.220  555012474     0.0531    -1.2393 0.0000e+00
    17.3336   0.009070     -0.220  555012475     0.0531    -1.2415 0.0000e+00
    17.3409   0.009070     -0.220  555012477     0.0531    -1.2428 0.0000e+00
    17.3473   0.009070     -0.220  555012478     0.0531    -1.2439 0.0000e+00
    17.3663   0.009070     -0.220  555012480     0.0531    -1.2473 0.0000e+00
    17.3969   0.009080     -0.220  555012481     0.0531    -1.2527 0.0000e+00
    17.4031   0.009070     -0.220  555012483     0.0530    -1.2539 0.0000e+00
    17.3903   0.009060     -0.220  555012484     0.0530    -1.2516 0.0000e+00
    17.3939   0.009060     -0.220  555012486     0.0530    -1.2523 0.0000e+00
    17.4010   0.009050     -0.220  555012488     0.0529    -1.2536 0.0000e+00
    17.4049   0.009060     -0.220  555012489     0.0530    -1.2542 0.0000e+00
    17.4049   0.009050     -0.220  555012491     0.0529    -1.2543 0.0000e+00
    17.4056   0.009040     -0.220  555012492     0.0529    -1.2545 0.0000e+00
    17.4109   0.009040     -0.220  555012494     0.0529    -1.2554 0.0000e+00
    17.4242   0.009040     -0.220  555012495     0.0529    -1.2578 0.0000e+00
    17.4240   0.009030     -0.220  555012497     0.0528    -1.2578 0.0000e+00
    17.4162   0.009030     -0.220  555012498     0.0528    -1.2564 0.0000e+00
