Code/Hansen Zooplankton Code and Sample Data/data/ctd/gsl_02_SBE37SI-RS232_03706156_2017_07_05.cnv
* Sea-Bird SBE37SI-RS232  Data File:
* FileName = C:\Users\General Lab Use\Desktop\SHELAGH CTD 2017\gsl_02_SBE37SI-RS232_03706156_2017_07_05.cnv
* Software version 1.00d
* Temperature SN = 6156
* Conductivity SN = 6156
* System UpLoad Time = Jul 05 2017 03:39:18
* <ApplicationData>
* <Seaterm232>
# nquan = 5
# nvalues = 2305
# units = specified
# name 0 = t090C: Temperature [ITS-90, deg C]
# name 1 = c0S/m: Conductivity [S/m]
# name 2 = prM: Pressure [db]
# name 3 = timeK: Time, Seacat Plus [seconds]
# name 4 = flag: Flag
# span 0 =     -1.0350,    18.0956
# span 1 =    0.001332,   3.291286
# span 2 =      -0.255,     69.245
# span 3 =   552524350,  552527860
# span 4 =  0.0000e+00, 0.0000e+00
# interval = seconds: 6.000000
# start_time = Jul 04 2017 22:59:10
# bad_flag = -9.990e-29
*END*
[from data line 1143]
    14.1128    0.03348      -0.24  552526091 0.0000e+00
    14.0910    0.03363      -0.24  552526092 0.0000e+00
    14.0949    0.03363      -0.24  552526094 0.0000e+00
    14.0943    0.03377      -0.24  552526095 0.0000e+00
    14.0962    0.03383      -0.24  552526097 0.0000e+00
    14.0971    0.03380      -0.24  552526098 0.0000e+00
    14.0938    0.03397      -0.24  552526100 0.0000e+00
    14.0883    0.03367      -0.24  552526101 0.0000e+00
    14.0910    0.03386      -0.24  552526103 0.0000e+00
    14.0986    0.03382      -0.24  552526104 0.0000e+00
    14.0961    0.03351      -0.24  552526106 0.0000e+00
    14.0895    0.03356      -0.24  552526108 0.0000e+00
    14.0802    0.03355      -0.24  552526109 0.0000e+00
    14.0749    0.03335      -0.24  552526111 0.0000e+00
    14.0750    0.03327      -0.24  552526112 0.0000e+00
    14.0809    0.03335      -0.24  552526114 0.0000e+00
    14.0985    0.03317      -0.24  552526115 0.0000e+00
    14.1146    0.03359      -0.24  552526117 0.0000e+00
    14.1127    0.03321      -0.24  552526118 0.0000e+00
    14.1048    0.03324      -0.24  552526120 0.0000e+00
    14.1097    0.03342      -0.24  552526121 0.0000e+00
    14.1093    0.03346      -0.24  552526123 0.0000e+00
    14.1095    0.03351      -0.24  552526124 0.0000e+00
    14.1077    0.03297      -0.24  552526126 0.0000e+00
    14.0862    0.03360      -0.24  552526127 0.0000e+00
    14.0777    0.03396      -0.24  552526129 0.0000e+00
    14.0633    0.03420      -0.24  552526130 0.0000e+00
    14.0696    0.03445      -0.24  552526132 0.0000e+00
    14.0737    0.03441      -0.24  552526133 0.0000e+00
    14.0695    0.03457      -0.24  552526135 0.0000e+00
    14.0697    0.03473      -0.24  552526137 0.0000e+00
    14.0629    0.03473      -0.24  552526138 0.0000e+00
    14.0375    0.03445      -0.24  552526140 0.0000e+00
    14.0228    0.03462      -0.24  552526141 0.0000e+00
    14.0141    0.03430      -0.24  552526143 0.0000e+00
    14.0113    0.03434      -0.24  552526144 0.0000e+00
    14.0080    0.03427      -0.24  552526146 0.0000e+00
    13.9908    0.03480      -0.24  552526147 0.0000e+00
    13.9825    0.03469      -0.24  552526149 0.0000e+00
    13.9810    0.03486      -0.24  552526150 0.0000e+00
    13.9837    0.03530      -0.24  552526152 0.0000e+00
    13.9892    0.03528      -0.24  552526153 0.0000e+00
    14.0007    0.03555      -0.24  552526155 0.0000e+00
    14.0136    0.03560      -0.24  552526156 0.0000e+00
    14.0246    0.03569      -0.24  552526158 0.0000e+00
    14.0390    0.03556      -0.24  552526159 0.0000e+00
    14.0459    0.03551      -0.24  552526161 0.0000e+00
    14.0434    0.03549      -0.24  552526162 0.0000e+00
    14.0422    0.03541      -0.24  552526164 0.0000e+00
    14.0492    0.03491      -0.24  552526165 0.0000e+00
    14.0592    0.03510      -0.24  552526167 0.0000e+00
    14.0726    0.03456      -0.24  552526168 0.0000e+00
    14.0828    0.03442      -0.24  552526170 0.0000e+00
    14.1027    0.03423      -0.24  552526172 0.0000e+00
    14.1265    0.03373      -0.24  552526173 0.0000e+00
    14.1379    0.03379      -0.24  552526175 0.0000e+00
    14.1613    0.03340      -0.24  552526176 0.0000e+00
    14.1739    0.03403      -0.24  552526178 0.0000e+00
    14.1752    0.03349      -0.24  552526179 0.0000e+00
    14.1849    0.03377      -0.24  552526181 0.0000e+00
    14.1853    0.03352      -0.24  552526182 0.0000e+00
    14.1859    0.03354      -0.24  552526184 0.0000e+00
    14.1748    0.03352      -0.24  552526185 0.0000e+00
    14.1546    0.03331      -0.24  552526187 0.0000e+00
    14.1347    0.03331      -0.24  552526188 0.0000e+00
    14.1279    0.03276      -0.24  552526190 0.0000e+00
    14.1388    0.03256      -0.24  552526191 0.0000e+00
    14.1471    0.03260      -0.24  552526193 0.0000e+00
    14.1627    0.03294      -0.24  552526194 0.0000e+00
    14.1711    0.03275      -0.24  552526196 0.0000e+00
    14.1726    0.03289      -0.24  552526198 0.0000e+00
    14.1767    0.03294      -0.24  552526199 0.0000e+00
    14.1800    0.03270      -0.24  552526201 0.0000e+00
    14.1866    0.03277      -0.24  552526202 0.0000e+00
    14.1900    0.03247      -0.24  552526204 0.0000e+00
    14.1913    0.03266      -0.24  552526205 0.0000e+00
    14.1921    0.03225      -0.24  552526207 0.0000e+00
    14.1967    0.03229      -0.24  552526208 0.0000e+00
    14.2074    0.03254      -0.24  552526210 0.0000e+00
    14.2086    0.03247      -0.24  552526211 0.0000e+00
    14.2021    0.03306      -0.24  552526213 0.0000e+00
    14.1978    0.03300      -0.24  552526214 0.0000e+00
    14.2012    0.03272      -0.24  552526216 0.0000e+00
    14.2154    0.03248      -0.24  552526217 0.0000e+00
    14.2256    0.03274      -0.24  552526219 0.0000e+00
    14.2450    0.03256      -0.24  552526220 0.0000e+00
    14.2729    0.03264      -0.24  552526222 0.0000e+00
    14.2902    0.03259      -0.24  552526223 0.0000e+00
    14.3019    0.03247      -0.24  552526225 0.0000e+00
    14.3183    0.03240      -0.24  552526226 0.0000e+00
    14.3250    0.03255      -0.24  552526228 0.0000e+00
    14.3285    0.03252      -0.24  552526230 0.0000e+00
    14.3354    0.03249      -0.24  552526231 0.0000e+00
    14.3422    0.03247      -0.24  552526233 0.0000e+00
    14.3418    0.03268      -0.24  552526234 0.0000e+00
    14.3480    0.03251      -0.24  552526236 0.0000e+00
    14.3493    0.03244      -0.24  552526237 0.0000e+00
    14.3513    0.03279      -0.24  552526239 0.0000e+00
    14.3480    0.03259      -0.24  552526240 0.0000e+00
    14.3449    0.03287      -0.24  552526242 0.0000e+00
    14.3379    0.03263      -0.24  552526243 0.0000e+00
    14.3365    0.03282      -0.24  552526245 0.0000e+00
    14.3359    0.03255      -0.24  552526246 0.0000e+00
    14.3350    0.03252      -0.24  552526248 0.0000e+00
    14.3295    0.03237      -0.24  552526249 0.0000e+00
    14.3250    0.03243      -0.24  552526251 0.0000e+00
    14.3230    0.03249      -0.24  552526252 0.0000e+00
    14.3228    0.03233      -0.24  552526254 0.0000e+00
    14.3199    0.03221      -0.24  552526255 0.0000e+00
    14.3216    0.03199      -0.24  552526257 0.0000e+00
    14.3248    0.03207      -0.24  552526258 0.0000e+00
    14.3241    0.03182      -0.24  552526260 0.0000e+00
    14.3308    0.03175      -0.24  552526262 0.0000e+00
    14.3366    0.03162      -0.24  552526263 0.0000e+00
    14.3478    0.03157      -0.24  552526265 0.0000e+00
    14.3589    0.03144      -0.24  552526266 0.0000e+00
    14.3625    0.03166      -0.24  552526268 0.0000e+00
    14.3562    0.03136      -0.24  552526269 0.0000e+00
    14.3475    0.03150      -0.24  552526271 0.0000e+00
    14.3397    0.03140      -0.24  552526272 0.0000e+00
    14.3211    0.03155      -0.23  552526274 0.0000e+00
    14.3115    0.03132      -0.24  552526275 0.0000e+00
    14.3060    0.03143      -0.24  552526277 0.0000e+00
    14.2992    0.03139      -0.24  552526278 0.0000e+00
    14.3014    0.03159      -0.24  552526280 0.0000e+00
    14.3063    0.03143      -0.24  552526281 0.0000e+00
    14.3013    0.03141      -0.24  552526283 0.0000e+00
    14.3045    0.03123      -0.24  552526284 0.0000e+00
    14.3056    0.03133      -0.24  552526286 0.0000e+00
    14.2956    0.03114      -0.24  552526287 0.0000e+00
    14.2976    0.03114      -0.24  552526289 0.0000e+00
    14.3041    0.03083      -0.24  552526290 0.0000e+00
    14.3123    0.03104      -0.24  552526292 0.0000e+00
    14.3255    0.03086      -0.24  552526294 0.0000e+00
    14.3447    0.03117      -0.24  552526295 0.0000e+00
    14.3624    0.03109      -0.24  552526297 0.0000e+00
    14.3705    0.03124      -0.24  552526298 0.0000e+00
    14.3651    0.03097      -0.24  552526300 0.0000e+00
    14.3493    0.03113      -0.24  552526301 0.0000e+00
    14.3305    0.03099      -0.24  552526303 0.0000e+00
    14.3225    0.03095      -0.24  552526304 0.0000e+00
    14.3149    0.03099      -0.24  552526306 0.0000e+00
    14.3116    0.03105      -0.24  552526307 0.0000e+00
    14.3124    0.03123      -0.24  552526309 0.0000e+00
    14.3097    0.03133      -0.24  552526310 0.0000e+00
    14.2977    0.03134      -0.24  552526312 0.0000e+00
    14.2881    0.03154      -0.24  552526313 0.0000e+00
    14.2871    0.03153      -0.24  552526315 0.0000e+00
    14.2884    0.03103      -0.24  552526316 0.0000e+00
    14.2804    0.03137      -0.24  552526318 0.0000e+00
    14.2787    0.03117      -0.24  552526319 0.0000e+00
    14.2792    0.03091      -0.24  552526321 0.0000e+00
    14.2845    0.03102      -0.24  552526323 0.0000e+00
    14.2848    0.03087      -0.24  552526324 0.0000e+00
    14.2902    0.03066      -0.24  552526326 0.0000e+00
    14.2964    0.03078      -0.24  552526327 0.0000e+00
    14.3072    0.03106      -0.24  552526329 0.0000e+00
    14.3187    0.03090      -0.24  552526330 0.0000e+00
    14.3276    0.03110      -0.24  552526332 0.0000e+00
    14.3406    0.03066      -0.24  552526333 0.0000e+00
    14.3542    0.03070      -0.24  552526335 0.0000e+00
    14.3715    0.03048      -0.24  552526336 0.0000e+00
    14.3761    0.03044      -0.24  552526338 0.0000e+00
    14.3721    0.03104      -0.24  552526339 0.0000e+00
    14.3769    0.03088      -0.24  552526341 0.0000e+00
    14.3821    0.03205      -0.24  552526342 0.0000e+00
    14.3919    0.03222      -0.24  552526344 0.0000e+00
    14.4039    0.03347      -0.24  552526345 0.0000e+00
    14.4164    0.03302      -0.24  552526347 0.0000e+00
    14.4298    0.03387      -0.24  552526348 0.0000e+00
    14.4393    0.03340      -0.24  552526350 0.0000e+00
    14.4518    0.03351      -0.24  552526351 0.0000e+00
    14.4617    0.03339      -0.24  552526353 0.0000e+00
    14.4685    0.03309      -0.24  552526355 0.0000e+00
    14.4729    0.03286      -0.24  552526356 0.0000e+00
    14.4776    0.03284      -0.24  552526358 0.0000e+00
    14.4643    0.03265      -0.24  552526359 0.0000e+00
    14.4344    0.03270      -0.24  552526361 0.0000e+00
    14.4140    0.03204      -0.24  552526362 0.0000e+00
    14.4068    0.03241      -0.24  552526364 0.0000e+00
    14.3960    0.03211      -0.24  552526365 0.0000e+00
    14.3971    0.03189      -0.24  552526367 0.0000e+00
    14.4017    0.03194      -0.24  552526368 0.0000e+00
    14.4086    0.03221      -0.24  552526370 0.0000e+00
    14.4119    0.03196      -0.24  552526371 0.0000e+00
    14.3958    0.03206      -0.24  552526373 0.0000e+00
    14.3799    0.03217      -0.24  552526374 0.0000e+00
    14.3721    0.03196      -0.24  552526376 0.0000e+00
    14.3739    0.03185      -0.24  552526377 0.0000e+00
    14.3743    0.03188      -0.24  552526379 0.0000e+00
    14.3764    0.03149      -0.24  552526380 0.0000e+00
    14.3789    0.03166      -0.24  552526382 0.0000e+00
    14.3681    0.03139      -0.24  552526384 0.0000e+00
    14.3569    0.03121      -0.24  552526385 0.0000e+00
    14.3591    0.03124      -0.24  552526387 0.0000e+00
    14.3542    0.03120      -0.24  552526388 0.0000e+00
    14.3557    0.03102      -0.24  552526390 0.0000e+00
    14.3569    0.03120      -0.24  552526391 0.0000e+00
    14.3570    0.03092      -0.24  552526393 0.0000e+00
    14.3606    0.03088      -0.24  552526394 0.0000e+00
    14.3596    0.03155      -0.24  552526396 0.0000e+00
    14.3691    0.03148      -0.24  552526397 0.0000e+00
    14.3780    0.03249      -0.24  552526399 0.0000e+00
    14.3917    0.03227      -0.24  552526400 0.0000e+00
    14.4044    0.03280      -0.24  552526402 0.0000e+00
    14.4157    0.03247      -0.24  552526403 0.0000e+00
    14.4098    0.03255      -0.24  552526405 0.0000e+00
    14.4079    0.03222      -0.24  552526406 0.0000e+00
    14.4108    0.03206      -0.24  552526408 0.0000e+00
    14.4163    0.03220      -0.24  552526409 0.0000e+00
    14.4105    0.03171      -0.24  552526411 0.0000e+00
    14.4122    0.03200      -0.24  552526413 0.0000e+00
    14.4166    0.03165      -0.24  552526414 0.0000e+00
    14.4166    0.03194      -0.23  552526416 0.0000e+00
    14.4175    0.03181      -0.24  552526417 0.0000e+00
    14.4237    0.03199      -0.24  552526419 0.0000e+00
    14.4303    0.03242      -0.24  552526420 0.0000e+00
    14.4260    0.03248      -0.24  552526422 0.0000e+00
    14.4181    0.03342      -0.24  552526423 0.0000e+00
    14.4204    0.03316      -0.24  552526425 0.0000e+00
    14.4201    0.03320      -0.24  552526426 0.0000e+00
    14.4285    0.03318      -0.24  552526428 0.0000e+00
    14.4421    0.03304      -0.24  552526429 0.0000e+00
    14.4534    0.03310      -0.24  552526431 0.0000e+00
    14.4629    0.03280      -0.24  552526432 0.0000e+00
    14.4783    0.03318      -0.24  552526434 0.0000e+00
    14.4912    0.03276      -0.24  552526435 0.0000e+00
    14.5003    0.03323      -0.24  552526437 0.0000e+00
    14.5023    0.03298      -0.24  552526438 0.0000e+00
    14.5021    0.03249      -0.24  552526440 0.0000e+00
    14.5042    0.03236      -0.24  552526441 0.0000e+00
    14.5045    0.03236      -0.24  552526443 0.0000e+00
    14.5142    0.03213      -0.24  552526445 0.0000e+00
    14.5223    0.03213      -0.24  552526446 0.0000e+00
    14.5373    0.03188      -0.24  552526448 0.0000e+00
    14.5442    0.03191      -0.24  552526449 0.0000e+00
    14.5415    0.03196      -0.24  552526451 0.0000e+00
    14.5262    0.03217      -0.24  552526452 0.0000e+00
    14.5087    0.03229      -0.24  552526454 0.0000e+00
    14.4903    0.03225      -0.24  552526455 0.0000e+00
    14.4803    0.03203      -0.24  552526457 0.0000e+00
    14.4677    0.03202      -0.24  552526458 0.0000e+00
    14.4576    0.03196      -0.24  552526460 0.0000e+00
    14.4520    0.03213      -0.24  552526461 0.0000e+00
    14.4483    0.03206      -0.24  552526463 0.0000e+00
    14.4392    0.03234      -0.24  552526464 0.0000e+00
    14.4355    0.03222      -0.24  552526466 0.0000e+00
    14.4241    0.03204      -0.24  552526467 0.0000e+00
    14.4202    0.03184      -0.24  552526469 0.0000e+00
    14.4114    0.03159      -0.24  552526470 0.0000e+00
    14.4055    0.03153      -0.24  552526472 0.0000e+00
    14.4138    0.03151      -0.24  552526473 0.0000e+00
    14.4261    0.03134      -0.24  552526475 0.0000e+00
    14.4365    0.03191      -0.24  552526477 0.0000e+00
    14.4437    0.03161      -0.24  552526478 0.0000e+00
    14.4421    0.03189      -0.24  552526480 0.0000e+00
    14.4397    0.03205      -0.23  552526481 0.0000e+00
    14.4415    0.03257      -0.24  552526483 0.0000e+00
    14.4306    0.03209      -0.24  552526484 0.0000e+00
    14.4019    0.03255      -0.24  552526486 0.0000e+00
    14.3766    0.03215      -0.24  552526487 0.0000e+00
    14.3544    0.03186      -0.24  552526489 0.0000e+00
    14.3500    0.03216      -0.24  552526490 0.0000e+00
    14.3342    0.03219      -0.24  552526492 0.0000e+00
    14.2837    0.03238      -0.24  552526493 0.0000e+00
    14.2503    0.03184      -0.24  552526495 0.0000e+00
    14.2300    0.03198      -0.24  552526496 0.0000e+00
    14.2065    0.03182      -0.24  552526498 0.0000e+00
    14.1795    0.03163      -0.24  552526499 0.0000e+00
    14.1767    0.03141      -0.24  552526501 0.0000e+00
    14.1728    0.03148      -0.24  552526502 0.0000e+00
    14.1860    0.03141      -0.24  552526504 0.0000e+00
    14.2043    0.03161      -0.24  552526506 0.0000e+00
    14.2091    0.03151      -0.24  552526507 0.0000e+00
    14.2007    0.03157      -0.24  552526509 0.0000e+00
    14.1749    0.03116      -0.24  552526510 0.0000e+00
    14.1622    0.03126      -0.24  552526512 0.0000e+00
    14.1362    0.03117      -0.24  552526513 0.0000e+00
    14.1186    0.03140      -0.24  552526515 0.0000e+00
    14.1121    0.03096      -0.24  552526516 0.0000e+00
    14.1115    0.03113      -0.24  552526518 0.0000e+00
    14.1159    0.03059      -0.24  552526519 0.0000e+00
    14.1210    0.03071      -0.24  552526521 0.0000e+00
    14.1361    0.03058      -0.24  552526522 0.0000e+00
    14.1542    0.03047      -0.24  552526524 0.0000e+00
