Code/Hansen Zooplankton Code and Sample Data/data/ctd/gsl_08_SBE37SI-RS232_03706156_2017_08_02.cnv
* Sea-Bird SBE37SI-RS232  Data File:
* FileName = C:\Users\General Lab Use\Desktop\SHELAGH CTD 2017\gsl_08_SBE37SI-RS232_03706156_2017_08_02.cnv
* Software version 1.00d
* Temperature SN = 6156
* Conductivity SN = 6156
* System UpLoad Time = Aug 02 2017 21:22:44
* <ApplicationData>
* <Seaterm232>
# nquan = 5
# nvalues = 1382
# units = specified
# name 0 = t090C: Temperature [ITS-90, deg C]
# name 1 = c0S/m: Conductivity [S/m]
# name 2 = prM: Pressure [db]
# name 3 = timeK: Time, Seacat Plus [seconds]
# name 4 = flag: Flag
# span 0 =      0.0964,    19.7346
# span 1 =    0.000895,   3.456102
# span 2 =      -0.230,     90.368
# span 3 =   555010939,  555013044
# span 4 =  0.0000e+00, 0.0000e+00
# interval = seconds: 6.000000
# start_time = Aug 02 2017 17:42:19
# bad_flag = -9.990e-29
*END*
[from data line 286]
    12.2470    3.24306      13.09  555011375 0.0000e+00
    12.4033    3.23580      13.02  555011377 0.0000e+00
    12.4459    3.24518      11.47  555011378 0.0000e+00
    13.1008    3.26835      10.42  555011380 0.0000e+00
    14.0287    3.33698       8.55  555011381 0.0000e+00
    14.7377    3.36453       7.44  555011383 0.0000e+00
    14.8716    3.38129       5.83  555011384 0.0000e+00
    14.8464    3.36112       4.91  555011386 0.0000e+00
    14.9319    3.36623       3.09  555011387 0.0000e+00
    15.4663    3.40286       1.95  555011389 0.0000e+00
    16.1181    3.42421       0.93  555011390 0.0000e+00
    16.2320    3.42372       1.29  555011392 0.0000e+00
    16.2219    3.42136       0.90  555011393 0.0000e+00
    16.2383    3.40691       0.93  555011395 0.0000e+00
    16.2208    3.40679       1.03  555011396 0.0000e+00
    16.2186    3.41975       1.00  555011398 0.0000e+00
    16.2226    3.42450       0.99  555011399 0.0000e+00
    16.2380    3.41491       1.06  555011401 0.0000e+00
    16.2465    3.42334       1.19  555011402 0.0000e+00
    16.2501    3.43256       1.11  555011404 0.0000e+00
    16.2402    3.43797       1.23  555011406 0.0000e+00
    16.2403    3.43529       1.05  555011407 0.0000e+00
    16.2394    3.44195       1.22  555011409 0.0000e+00
    16.2491    3.44600       1.01  555011410 0.0000e+00
    16.2540    3.44828       1.01  555011412 0.0000e+00
    16.2464    3.44943       0.15  555011413 0.0000e+00
    16.2510    0.96666      -0.21  555011415 0.0000e+00
    16.3323    0.24586      -0.21  555011416 0.0000e+00
    16.3555    0.25127      -0.21  555011418 0.0000e+00
    16.3709    0.17296      -0.21  555011419 0.0000e+00
    16.3586    0.17619      -0.21  555011421 0.0000e+00
    16.3814    0.18310      -0.20  555011422 0.0000e+00
    16.0319    0.12103      -0.20  555011424 0.0000e+00
    15.6466    0.10562      -0.20  555011425 0.0000e+00
    15.6931    0.06494      -0.19  555011427 0.0000e+00
    15.8265    0.04887      -0.19  555011428 0.0000e+00
    15.9917    0.04211      -0.19  555011430 0.0000e+00
    16.0866    0.03640      -0.19  555011431 0.0000e+00
    16.1846    0.03430      -0.19  555011433 0.0000e+00
    16.2390    0.03192      -0.19  555011434 0.0000e+00
    16.2969    0.03065      -0.19  555011436 0.0000e+00
    16.3164    0.02917      -0.19  555011438 0.0000e+00
    16.3306    0.02830      -0.19  555011439 0.0000e+00
    16.3528    0.02726      -0.19  555011441 0.0000e+00
    16.3664    0.02649      -0.19  555011442 0.0000e+00
    16.3662    0.02588      -0.19  555011444 0.0000e+00
    16.3725    0.02536      -0.19  555011445 0.0000e+00
    16.3776    0.02483      -0.19  555011447 0.0000e+00
    16.3609    0.02445      -0.19  555011448 0.0000e+00
    16.3560    0.02395      -0.19  555011450 0.0000e+00
    16.3526    0.02354      -0.18  555011451 0.0000e+00
    16.3604    0.02294      -0.19  555011453 0.0000e+00
    16.3695    0.02206      -0.19  555011454 0.0000e+00
    16.3695    0.02098      -0.18  555011456 0.0000e+00
    16.3681    0.02018      -0.18  555011457 0.0000e+00
    16.3619    0.01963      -0.19  555011459 0.0000e+00
    16.3616    0.01918      -0.18  555011460 0.0000e+00
    16.3698    0.01874      -0.18  555011462 0.0000e+00
    16.3662    0.01838      -0.18  555011463 0.0000e+00
    16.3683    0.01818      -0.18  555011465 0.0000e+00
    16.3903    0.01913      -0.19  555011467 0.0000e+00
    16.4133    0.01718      -0.19  555011468 0.0000e+00
    16.4432    0.01641      -0.19  555011470 0.0000e+00
    16.4738    0.01587      -0.19  555011471 0.0000e+00
    16.4930    0.01546      -0.19  555011473 0.0000e+00
    16.4976    0.01521      -0.19  555011474 0.0000e+00
    16.5016    0.01489      -0.19  555011476 0.0000e+00
    16.5054    0.01476      -0.19  555011477 0.0000e+00
    16.5065    0.01452      -0.19  555011479 0.0000e+00
    16.5174    0.01436      -0.19  555011480 0.0000e+00
    16.5262    0.01413      -0.19  555011482 0.0000e+00
    16.5212    0.01401      -0.19  555011483 0.0000e+00
    16.5360    0.01383      -0.18  555011485 0.0000e+00
    16.5370    0.01369      -0.18  555011486 0.0000e+00
    16.5403    0.01354      -0.18  555011488 0.0000e+00
    16.5507    0.01341      -0.18  555011489 0.0000e+00
    16.5532    0.01328      -0.18  555011491 0.0000e+00
    16.5574    0.01317      -0.18  555011492 0.0000e+00
    16.5555    0.01302      -0.19  555011494 0.0000e+00
    16.5696    0.01296      -0.18  555011495 0.0000e+00
    16.5612    0.01279      -0.18  555011497 0.0000e+00
    16.5485    0.01275      -0.18  555011499 0.0000e+00
    16.5545    0.01262      -0.18  555011500 0.0000e+00
    16.5521    0.01251      -0.18  555011502 0.0000e+00
    16.5491    0.01240      -0.18  555011503 0.0000e+00
    16.5350    0.01230      -0.18  555011505 0.0000e+00
    16.5279    0.01223      -0.18  555011506 0.0000e+00
    16.5231    0.01213      -0.18  555011508 0.0000e+00
    16.5176    0.01207      -0.18  555011509 0.0000e+00
    16.5206    0.01198      -0.18  555011511 0.0000e+00
    16.5112    0.01190      -0.18  555011512 0.0000e+00
    16.5005    0.01185      -0.18  555011514 0.0000e+00
    16.5065    0.01175      -0.18  555011515 0.0000e+00
    16.5126    0.01172      -0.18  555011517 0.0000e+00
    16.5087    0.01163      -0.18  555011518 0.0000e+00
    16.5024    0.01159      -0.18  555011520 0.0000e+00
    16.5010    0.01157      -0.18  555011521 0.0000e+00
    16.4982    0.01150      -0.18  555011523 0.0000e+00
    16.4848    0.01141      -0.18  555011524 0.0000e+00
    16.4746    0.01136      -0.18  555011526 0.0000e+00
    16.4654    0.01129      -0.18  555011527 0.0000e+00
    16.4651    0.01129      -0.18  555011529 0.0000e+00
    16.4690    0.01121      -0.18  555011531 0.0000e+00
    16.4588    0.01121      -0.18  555011532 0.0000e+00
    16.4691    0.01113      -0.18  555011534 0.0000e+00
    16.4586    0.01113      -0.18  555011535 0.0000e+00
    16.4563    0.01104      -0.18  555011537 0.0000e+00
    16.4472    0.01176      -0.19  555011538 0.0000e+00
    16.4463    0.07013      -0.19  555011540 0.0000e+00
    16.4403    0.05309      -0.19  555011541 0.0000e+00
    16.4257    0.05209      -0.19  555011543 0.0000e+00
    16.4323    0.04550      -0.19  555011544 0.0000e+00
    16.4387    0.06914      -0.19  555011546 0.0000e+00
    16.4639    0.07479      -0.19  555011547 0.0000e+00
    16.4805    0.09214      -0.20  555011549 0.0000e+00
    16.5765    0.09127      -0.20  555011550 0.0000e+00
    16.5558    0.07504      -0.20  555011552 0.0000e+00
    16.5420    0.06979      -0.20  555011553 0.0000e+00
    16.5579    0.05999      -0.20  555011555 0.0000e+00
    16.5854    0.04419      -0.20  555011556 0.0000e+00
    16.5722    0.03925      -0.20  555011558 0.0000e+00
    16.5892    0.03432      -0.20  555011560 0.0000e+00
    16.6044    0.03417      -0.20  555011561 0.0000e+00
    16.6110    0.03170      -0.20  555011563 0.0000e+00
    16.6205    0.03045      -0.20  555011564 0.0000e+00
    16.6352    0.02891      -0.20  555011566 0.0000e+00
    16.6372    0.02759      -0.21  555011567 0.0000e+00
    16.6504    0.02848      -0.20  555011569 0.0000e+00
    16.6419    0.02975      -0.21  555011570 0.0000e+00
    16.6920    0.03556      -0.21  555011572 0.0000e+00
    16.7076    0.03874      -0.21  555011573 0.0000e+00
    16.7188    0.04210      -0.21  555011575 0.0000e+00
    16.7365    0.04098      -0.21  555011576 0.0000e+00
    16.7424    0.03982      -0.21  555011578 0.0000e+00
    16.7198    0.04137      -0.21  555011579 0.0000e+00
    16.7124    0.04051      -0.21  555011581 0.0000e+00
    16.7136    0.04297      -0.21  555011582 0.0000e+00
    16.7131    0.04272      -0.21  555011584 0.0000e+00
    16.7001    0.04099      -0.21  555011585 0.0000e+00
    16.6977    0.03735      -0.21  555011587 0.0000e+00
    16.6869    0.03568      -0.21  555011588 0.0000e+00
    16.6915    0.03372      -0.21  555011590 0.0000e+00
    16.6744    0.03488      -0.21  555011592 0.0000e+00
    16.6613    0.03773      -0.21  555011593 0.0000e+00
    16.6576    0.04224      -0.21  555011595 0.0000e+00
    16.6565    0.13977      -0.18  555011596 0.0000e+00
    16.2965    3.33277       0.18  555011598 0.0000e+00
    16.2172    3.45525       1.09  555011599 0.0000e+00
    16.2132    3.45487       1.58  555011601 0.0000e+00
    16.2020    3.45549       2.48  555011602 0.0000e+00
    16.2084    3.45610       2.74  555011604 0.0000e+00
    16.1341    3.44871       3.90  555011605 0.0000e+00
    15.5165    3.42599       4.08  555011607 0.0000e+00
    15.0606    3.39487       5.15  555011608 0.0000e+00
    14.9311    3.39892       5.53  555011610 0.0000e+00
    14.8599    3.39858       6.60  555011611 0.0000e+00
    14.8491    3.40078       7.09  555011613 0.0000e+00
    14.8768    3.40469       7.86  555011614 0.0000e+00
    14.9178    3.40573       8.83  555011616 0.0000e+00
    14.7376    3.40480       9.33  555011617 0.0000e+00
    14.5426    3.37537      10.37  555011619 0.0000e+00
    13.7878    3.32359      11.30  555011620 0.0000e+00
    12.7473    3.28031      12.53  555011622 0.0000e+00
    12.5436    3.28341      13.34  555011624 0.0000e+00
    12.4148    3.27773      14.16  555011625 0.0000e+00
    12.3132    3.27413      15.34  555011627 0.0000e+00
    12.0795    3.27610      16.19  555011628 0.0000e+00
    11.8895    3.26078      17.34  555011630 0.0000e+00
    11.3096    3.24807      18.40  555011631 0.0000e+00
    11.1398    3.23920      19.22  555011633 0.0000e+00
    11.0405    3.23225      20.49  555011634 0.0000e+00
    10.9910    3.23356      20.86  555011636 0.0000e+00
    10.7005    3.21438      21.95  555011637 0.0000e+00
    10.4891    3.20605      21.89  555011639 0.0000e+00
    10.2355    3.19001      22.96  555011640 0.0000e+00
    10.1657    3.18732      22.80  555011642 0.0000e+00
    10.0449    3.18692      23.77  555011643 0.0000e+00
     9.9375    3.17727      24.24  555011645 0.0000e+00
     8.9730    3.15372      25.20  555011646 0.0000e+00
     9.1418    3.14672      25.97  555011648 0.0000e+00
     8.6772    3.13325      26.71  555011649 0.0000e+00
     8.6436    3.12301      27.89  555011651 0.0000e+00
     8.3393    3.12294      28.17  555011652 0.0000e+00
     7.4584    3.08862      29.44  555011654 0.0000e+00
     6.6460    3.06549      29.74  555011655 0.0000e+00
     5.9603    3.02486      31.29  555011657 0.0000e+00
     6.0115    3.00078      31.37  555011659 0.0000e+00
     5.3755    2.96840      32.88  555011660 0.0000e+00
     4.3775    2.93103      33.10  555011662 0.0000e+00
     3.6543    2.89142      34.39  555011663 0.0000e+00
     3.6228    2.91245      35.25  555011665 0.0000e+00
     2.7951    2.87833      36.14  555011666 0.0000e+00
     2.5850    2.84165      37.05  555011668 0.0000e+00
     2.7278    2.86118      37.81  555011669 0.0000e+00
     2.7914    2.86319      38.23  555011671 0.0000e+00
     2.6178    2.86025      39.40  555011672 0.0000e+00
     2.3573    2.84905      39.81  555011674 0.0000e+00
     2.3427    2.83980      41.07  555011675 0.0000e+00
     2.4576    2.83936      41.35  555011677 0.0000e+00
     2.1829    2.81777      42.83  555011678 0.0000e+00
     2.0502    2.81753      42.95  555011680 0.0000e+00
     1.9824    2.80597      44.37  555011681 0.0000e+00
     1.9234    2.80592      44.47  555011683 0.0000e+00
     1.7492    2.78394      45.83  555011684 0.0000e+00
     1.5799    2.77758      46.14  555011686 0.0000e+00
     1.2817    2.75677      47.25  555011687 0.0000e+00
     1.2016    2.75746      47.81  555011689 0.0000e+00
     0.7834    2.72647      48.75  555011691 0.0000e+00
     0.7109    2.72793      49.53  555011692 0.0000e+00
     0.5983    2.71638      50.48  555011694 0.0000e+00
     0.4319    2.70294      51.27  555011695 0.0000e+00
     0.4354    2.70584      52.12  555011697 0.0000e+00
     0.3593    2.69515      53.05  555011698 0.0000e+00
     0.2875    2.70064      53.75  555011700 0.0000e+00
     0.2855    2.68551      54.88  555011701 0.0000e+00
     0.1467    2.69205      55.42  555011703 0.0000e+00
     0.1734    2.68224      56.45  555011704 0.0000e+00
     0.2550    2.68932      57.09  555011706 0.0000e+00
     0.2420    2.68394      58.24  555011707 0.0000e+00
     0.2365    2.68805      58.77  555011709 0.0000e+00
     0.2297    2.68712      59.70  555011710 0.0000e+00
     0.1932    2.68140      60.57  555011712 0.0000e+00
     0.1715    2.68249      61.66  555011713 0.0000e+00
     0.1751    2.68391      62.22  555011715 0.0000e+00
     0.1388    2.68058      63.28  555011716 0.0000e+00
     0.1062    2.68269      63.97  555011718 0.0000e+00
     0.1231    2.68371      64.94  555011719 0.0000e+00
     0.1556    2.68602      65.71  555011721 0.0000e+00
     0.1812    2.69070      66.52  555011723 0.0000e+00
     0.1984    2.69233      67.52  555011724 0.0000e+00
     0.2099    2.69585      68.21  555011726 0.0000e+00
     0.2197    2.69580      69.47  555011727 0.0000e+00
     0.2250    2.69734      69.88  555011729 0.0000e+00
     0.2413    2.69853      70.91  555011730 0.0000e+00
     0.2399    2.70103      71.41  555011732 0.0000e+00
     0.2414    2.69908      72.48  555011733 0.0000e+00
     0.2475    2.70141      72.98  555011735 0.0000e+00
     0.2781    2.70352      73.91  555011736 0.0000e+00
     0.3157    2.70845      74.61  555011738 0.0000e+00
     0.3152    2.70559      75.48  555011739 0.0000e+00
     0.3846    2.71872      76.41  555011741 0.0000e+00
     0.4658    2.72439      77.05  555011742 0.0000e+00
     0.4680    2.72931      78.23  555011744 0.0000e+00
     0.6071    2.74125      78.51  555011745 0.0000e+00
     0.6119    2.74952      79.70  555011747 0.0000e+00
     0.7541    2.76161      80.03  555011748 0.0000e+00
     0.7658    2.76553      81.05  555011750 0.0000e+00
     0.7956    2.77016      81.65  555011751 0.0000e+00
     0.8046    2.77278      82.50  555011753 0.0000e+00
     0.8551    2.77654      83.36  555011755 0.0000e+00
     0.8658    2.77923      84.10  555011756 0.0000e+00
     0.8680    2.77911      84.79  555011758 0.0000e+00
     0.8638    2.77940      85.26  555011759 0.0000e+00
     0.8658    2.77981      86.13  555011761 0.0000e+00
     0.8747    2.78091      86.77  555011762 0.0000e+00
     0.8759    2.78157      87.52  555011764 0.0000e+00
     0.8777    2.78194      88.19  555011765 0.0000e+00
     0.8768    2.78216      88.63  555011767 0.0000e+00
     0.8775    2.78237      89.17  555011768 0.0000e+00
     0.8765    2.78243      89.61  555011770 0.0000e+00
     0.8766    2.78249      90.17  555011771 0.0000e+00
     0.8769    2.78271      90.15  555011773 0.0000e+00
     0.8779    2.78253      90.16  555011774 0.0000e+00
     0.8793    2.78248      90.12  555011776 0.0000e+00
     0.8806    2.78216      89.01  555011777 0.0000e+00
     0.8782    2.78199      87.76  555011779 0.0000e+00
     0.8768    2.78209      87.02  555011780 0.0000e+00
     0.8763    2.78188      86.24  555011782 0.0000e+00
     0.8752    2.78202      85.53  555011783 0.0000e+00
     0.8759    2.78211      85.11  555011785 0.0000e+00
     0.8762    2.78214      84.45  555011786 0.0000e+00
     0.8750    2.78214      84.01  555011788 0.0000e+00
     0.8758    2.78245      83.43  555011790 0.0000e+00
     0.8748    2.78245      83.36  555011791 0.0000e+00
     0.8747    2.78204      82.51  555011793 0.0000e+00
     0.8720    2.78191      82.17  555011794 0.0000e+00
     0.8668    2.78101      81.24  555011796 0.0000e+00
     0.8540    2.78011      80.86  555011797 0.0000e+00
     0.8503    2.77906      79.97  555011799 0.0000e+00
     0.8423    2.77794      79.41  555011800 0.0000e+00
     0.8171    2.77615      78.85  555011802 0.0000e+00
     0.7986    2.77261      78.28  555011803 0.0000e+00
     0.7467    2.76943      77.66  555011805 0.0000e+00
     0.7064    2.76255      77.17  555011806 0.0000e+00
     0.5863    2.75840      76.80  555011808 0.0000e+00
