Code/Hansen Zooplankton Code and Sample Data/data/ctd/gsl_06_SBE37SI-RS232_03706156_2017_08_02.cnv
* Sea-Bird SBE37SI-RS232  Data File:
* FileName = C:\Users\General Lab Use\Desktop\SHELAGH CTD 2017\gsl_06_SBE37SI-RS232_03706156_2017_08_02.cnv
* Software version 1.00d
* Temperature SN = 6156
* Conductivity SN = 6156
* System UpLoad Time = Aug 02 2017 10:18:34
* <ApplicationData>
* <Seaterm232>
# nquan = 5
# nvalues = 1764
# units = specified
# name 0 = t090C: Temperature [ITS-90, deg C]
# name 1 = c0S/m: Conductivity [S/m]
# name 2 = prM: Pressure [db]
# name 3 = timeK: Time, Seacat Plus [seconds]
# name 4 = flag: Flag
# span 0 =     -0.0117,    18.8960
# span 1 =    0.001399,   3.550751
# span 2 =      -0.239,     61.139
# span 3 =   554968864,  554971543
# span 4 =  0.0000e+00, 0.0000e+00
# interval = seconds: 6.000000
# start_time = Aug 02 2017 06:01:04
# bad_flag = -9.990e-29
*END*
[from data line 1143]
    16.3414    0.00528      -0.23  554970599 0.0000e+00
    16.3435    0.00527      -0.23  554970601 0.0000e+00
    16.3492    0.00527      -0.23  554970602 0.0000e+00
    16.3525    0.00526      -0.23  554970604 0.0000e+00
    16.3406    0.00526      -0.23  554970605 0.0000e+00
    16.3417    0.00525      -0.23  554970607 0.0000e+00
    16.3449    0.00525      -0.23  554970608 0.0000e+00
    16.3433    0.00524      -0.23  554970610 0.0000e+00
    16.3463    0.00524      -0.23  554970611 0.0000e+00
    16.3464    0.00524      -0.23  554970613 0.0000e+00
    16.3410    0.00523      -0.23  554970614 0.0000e+00
    16.3424    0.00523      -0.23  554970616 0.0000e+00
    16.3384    0.00522      -0.23  554970617 0.0000e+00
    16.3310    0.00522      -0.23  554970619 0.0000e+00
    16.3195    0.00522      -0.23  554970620 0.0000e+00
    16.3080    0.00522      -0.23  554970622 0.0000e+00
    16.2999    0.00521      -0.23  554970624 0.0000e+00
    16.3073    0.00521      -0.23  554970625 0.0000e+00
    16.3142    0.00520      -0.23  554970627 0.0000e+00
    16.3194    0.00520      -0.23  554970628 0.0000e+00
    16.3201    0.00520      -0.23  554970630 0.0000e+00
    16.3231    0.00519      -0.23  554970631 0.0000e+00
    16.3234    0.00519      -0.23  554970633 0.0000e+00
    16.3246    0.00518      -0.23  554970634 0.0000e+00
    16.3142    0.00518      -0.23  554970636 0.0000e+00
    16.3101    0.00518      -0.23  554970637 0.0000e+00
    16.3158    0.00517      -0.23  554970639 0.0000e+00
    16.3189    0.00517      -0.23  554970640 0.0000e+00
    16.3144    0.00516      -0.23  554970642 0.0000e+00
    16.3137    0.00516      -0.23  554970643 0.0000e+00
    16.2998    0.00515      -0.23  554970645 0.0000e+00
    16.2982    0.00515      -0.23  554970646 0.0000e+00
    16.2986    0.00514      -0.23  554970648 0.0000e+00
    16.3077    0.00514      -0.23  554970649 0.0000e+00
    16.3202    0.00513      -0.23  554970651 0.0000e+00
    16.3308    0.00513      -0.23  554970652 0.0000e+00
    16.3389    0.00513      -0.23  554970654 0.0000e+00
    16.3396    0.00512      -0.23  554970655 0.0000e+00
    16.3418    0.00512      -0.23  554970657 0.0000e+00
    16.3344    0.00512      -0.23  554970659 0.0000e+00
    16.3244    0.00511      -0.23  554970660 0.0000e+00
    16.3270    0.00511      -0.23  554970662 0.0000e+00
    16.3253    0.00510      -0.23  554970663 0.0000e+00
    16.3246    0.00510      -0.23  554970665 0.0000e+00
    16.3251    0.00510      -0.23  554970666 0.0000e+00
    16.3364    0.00509      -0.23  554970668 0.0000e+00
    16.3390    0.00509      -0.23  554970669 0.0000e+00
    16.3423    0.00508      -0.23  554970671 0.0000e+00
    16.3406    0.00508      -0.23  554970672 0.0000e+00
    16.3489    0.00508      -0.23  554970674 0.0000e+00
    16.3560    0.00507      -0.23  554970675 0.0000e+00
    16.3613    0.00507      -0.23  554970677 0.0000e+00
    16.3632    0.00507      -0.23  554970678 0.0000e+00
    16.3583    0.00506      -0.23  554970680 0.0000e+00
    16.3581    0.00506      -0.23  554970681 0.0000e+00
    16.3616    0.00506      -0.23  554970683 0.0000e+00
    16.3655    0.00505      -0.23  554970684 0.0000e+00
    16.3646    0.00505      -0.23  554970686 0.0000e+00
    16.3660    0.00505      -0.23  554970687 0.0000e+00
    16.3666    0.00504      -0.23  554970689 0.0000e+00
    16.3728    0.00504      -0.23  554970690 0.0000e+00
    16.3762    0.00504      -0.23  554970692 0.0000e+00
    16.3791    0.00503      -0.23  554970693 0.0000e+00
    16.3850    0.00503      -0.23  554970695 0.0000e+00
    16.3922    0.00502      -0.23  554970696 0.0000e+00
    16.3983    0.00502      -0.23  554970698 0.0000e+00
    16.4029    0.00501      -0.23  554970700 0.0000e+00
    16.3965    0.00502      -0.23  554970701 0.0000e+00
    16.4009    0.00501      -0.23  554970703 0.0000e+00
    16.3933    0.00501      -0.23  554970704 0.0000e+00
    16.3974    0.00500      -0.23  554970706 0.0000e+00
    16.4006    0.00500      -0.23  554970707 0.0000e+00
    16.4091    0.00499      -0.23  554970709 0.0000e+00
    16.4167    0.00499      -0.23  554970710 0.0000e+00
    16.4158    0.00499      -0.23  554970712 0.0000e+00
    16.4111    0.00498      -0.23  554970713 0.0000e+00
    16.4060    0.00498      -0.23  554970715 0.0000e+00
    16.4059    0.00497      -0.23  554970716 0.0000e+00
    16.4139    0.00497      -0.23  554970718 0.0000e+00
    16.4226    0.00497      -0.23  554970719 0.0000e+00
    16.4255    0.00497      -0.23  554970721 0.0000e+00
    16.4168    0.00496      -0.23  554970722 0.0000e+00
    16.4116    0.00496      -0.23  554970724 0.0000e+00
    16.4046    0.00495      -0.23  554970725 0.0000e+00
    16.4027    0.00495      -0.23  554970727 0.0000e+00
    16.3991    0.00495      -0.22  554970728 0.0000e+00
    16.3948    0.00499      -0.23  554970730 0.0000e+00
    16.3960    0.00497      -0.22  554970731 0.0000e+00
    16.3994    0.00496      -0.22  554970733 0.0000e+00
    16.3933    0.00495      -0.23  554970734 0.0000e+00
    16.3953    0.00494      -0.22  554970736 0.0000e+00
    16.3967    0.00494      -0.22  554970738 0.0000e+00
    16.3910    0.00493      -0.22  554970739 0.0000e+00
    16.3841    0.00493      -0.23  554970741 0.0000e+00
    16.3888    0.00493      -0.23  554970742 0.0000e+00
    16.3899    0.00493      -0.22  554970744 0.0000e+00
    16.3858    0.00492      -0.22  554970745 0.0000e+00
    16.3873    0.00492      -0.22  554970747 0.0000e+00
    16.3848    0.00491      -0.22  554970748 0.0000e+00
    16.3921    0.00491      -0.22  554970750 0.0000e+00
    16.3911    0.00491      -0.22  554970751 0.0000e+00
    16.3933    0.00491      -0.22  554970753 0.0000e+00
    16.3922    0.00490      -0.22  554970754 0.0000e+00
    16.3906    0.00490      -0.22  554970756 0.0000e+00
    16.3886    0.00490      -0.23  554970757 0.0000e+00
    16.3856    0.00491      -0.22  554970759 0.0000e+00
    16.3901    0.00491      -0.22  554970760 0.0000e+00
    16.3946    0.00490      -0.22  554970762 0.0000e+00
    16.3904    0.00498      -0.23  554970763 0.0000e+00
    16.4005    0.00495      -0.23  554970765 0.0000e+00
    16.4164    0.00494      -0.23  554970766 0.0000e+00
    16.4234    0.00491      -0.22  554970768 0.0000e+00
    16.4345    0.00489      -0.22  554970769 0.0000e+00
    16.4360    0.00488      -0.22  554970771 0.0000e+00
    16.4457    0.00487      -0.23  554970772 0.0000e+00
    16.4527    0.00486      -0.22  554970774 0.0000e+00
    16.4584    0.00485      -0.23  554970776 0.0000e+00
    16.4621    0.00485      -0.23  554970777 0.0000e+00
    16.4808    0.00484      -0.22  554970779 0.0000e+00
    16.4929    0.00484      -0.22  554970780 0.0000e+00
    16.4974    0.00483      -0.22  554970782 0.0000e+00
    16.4967    0.00483      -0.22  554970783 0.0000e+00
    16.4928    0.00482      -0.22  554970785 0.0000e+00
    16.4822    0.00482      -0.22  554970786 0.0000e+00
    16.4808    0.00482      -0.22  554970788 0.0000e+00
    16.4835    0.00481      -0.22  554970789 0.0000e+00
    16.4892    0.00481      -0.22  554970791 0.0000e+00
    16.4902    0.00481      -0.22  554970792 0.0000e+00
    16.4913    0.00480      -0.23  554970794 0.0000e+00
    16.4923    0.00480      -0.22  554970795 0.0000e+00
    16.4924    0.00480      -0.22  554970797 0.0000e+00
    16.5047    0.00479      -0.22  554970798 0.0000e+00
    16.5098    0.00479      -0.22  554970800 0.0000e+00
    16.5181    0.00479      -0.22  554970801 0.0000e+00
    16.5248    0.00479      -0.23  554970803 0.0000e+00
    16.5264    0.00479      -0.22  554970804 0.0000e+00
    16.5200    0.00478      -0.22  554970806 0.0000e+00
    16.5262    0.00478      -0.22  554970807 0.0000e+00
    16.5249    0.00477      -0.22  554970809 0.0000e+00
    16.5310    0.00477      -0.22  554970810 0.0000e+00
    16.5282    0.00477      -0.22  554970812 0.0000e+00
    16.5296    0.00477      -0.22  554970814 0.0000e+00
    16.5395    0.00476      -0.22  554970815 0.0000e+00
    16.5421    0.00476      -0.22  554970817 0.0000e+00
    16.5444    0.00476      -0.22  554970818 0.0000e+00
    16.5423    0.00476      -0.22  554970820 0.0000e+00
    16.5378    0.00475      -0.22  554970821 0.0000e+00
    16.5552    0.00475      -0.22  554970823 0.0000e+00
    16.5627    0.00495      -0.23  554970824 0.0000e+00
    16.5937    0.01110      -0.23  554970826 0.0000e+00
    16.6223    0.03347      -0.23  554970827 0.0000e+00
    16.6408    0.03122      -0.23  554970829 0.0000e+00
    16.6586    0.02993      -0.23  554970830 0.0000e+00
    16.6607    0.02850      -0.23  554970832 0.0000e+00
    16.6675    0.02688      -0.23  554970833 0.0000e+00
    16.6794    0.02535      -0.23  554970835 0.0000e+00
    16.7017    0.02460      -0.23  554970836 0.0000e+00
    16.7147    0.02405      -0.23  554970838 0.0000e+00
    16.7250    0.02393      -0.23  554970839 0.0000e+00
    16.7346    0.02603      -0.23  554970841 0.0000e+00
    16.7527    0.02608      -0.23  554970842 0.0000e+00
    16.7586    0.02682      -0.23  554970844 0.0000e+00
    16.7569    0.02697      -0.23  554970845 0.0000e+00
    16.7507    0.02513      -0.23  554970847 0.0000e+00
    16.7554    0.02420      -0.23  554970848 0.0000e+00
    16.7503    0.02200      -0.23  554970850 0.0000e+00
    16.7386    0.01997      -0.23  554970851 0.0000e+00
    16.7301    0.01846      -0.23  554970853 0.0000e+00
    16.7191    0.01738      -0.24  554970855 0.0000e+00
    16.7092    0.01757      -0.24  554970856 0.0000e+00
    16.6989    0.01901      -0.24  554970858 0.0000e+00
    16.6997    0.01988      -0.24  554970859 0.0000e+00
    16.6857    0.02070      -0.24  554970861 0.0000e+00
    16.6696    0.02116      -0.24  554970862 0.0000e+00
    16.6707    0.02118      -0.24  554970864 0.0000e+00
    16.6637    0.02114      -0.24  554970865 0.0000e+00
    16.6810    0.02040      -0.24  554970867 0.0000e+00
    16.6740    0.02004      -0.24  554970868 0.0000e+00
    16.6726    0.01955      -0.24  554970870 0.0000e+00
    16.6791    0.01969      -0.24  554970871 0.0000e+00
    16.6853    0.01971      -0.24  554970873 0.0000e+00
    16.6689    0.01978      -0.24  554970874 0.0000e+00
    16.6653    0.02097      -0.24  554970876 0.0000e+00
    16.6587    0.02190      -0.24  554970877 0.0000e+00
    16.6587    0.02207      -0.24  554970879 0.0000e+00
    16.6554    0.02231      -0.24  554970880 0.0000e+00
    16.6601    0.02212      -0.24  554970882 0.0000e+00
    16.6551    0.02243      -0.24  554970883 0.0000e+00
    16.6607    0.02162      -0.24  554970885 0.0000e+00
    16.6642    0.02184      -0.24  554970886 0.0000e+00
    16.6664    0.02169      -0.24  554970888 0.0000e+00
    16.6620    0.02220      -0.24  554970890 0.0000e+00
    16.6562    0.02205      -0.24  554970891 0.0000e+00
    16.6512    0.02323      -0.24  554970893 0.0000e+00
    16.6532    0.02308      -0.24  554970894 0.0000e+00
    16.6445    0.02334      -0.24  554970896 0.0000e+00
    16.6374    0.02309      -0.24  554970897 0.0000e+00
    16.6344    0.02318      -0.24  554970899 0.0000e+00
    16.6499    0.02364      -0.24  554970900 0.0000e+00
    16.6549    0.02362      -0.24  554970902 0.0000e+00
    16.6692    0.02440      -0.23  554970903 0.0000e+00
    16.6811    0.02560      -0.23  554970905 0.0000e+00
    16.7111    1.26865       0.06  554970906 0.0000e+00
    17.3748    3.54131       0.85  554970908 0.0000e+00
    17.3948    3.53965       1.45  554970909 0.0000e+00
    17.3979    3.53971       2.06  554970911 0.0000e+00
    17.3931    3.53753       2.18  554970912 0.0000e+00
    17.3949    3.54029       2.18  554970914 0.0000e+00
    17.3971    3.54095       2.33  554970915 0.0000e+00
    17.3960    3.54312       2.15  554970917 0.0000e+00
    17.3946    3.54100       2.25  554970918 0.0000e+00
    17.3933    3.53978       2.15  554970920 0.0000e+00
    17.3962    3.53880       2.26  554970921 0.0000e+00
    17.3967    3.54012       2.14  554970923 0.0000e+00
    17.3940    3.54116       2.13  554970924 0.0000e+00
    17.3942    3.54216       2.28  554970926 0.0000e+00
    17.3962    3.54452       2.08  554970927 0.0000e+00
    17.3942    3.54430       2.29  554970929 0.0000e+00
    17.3971    3.54404       2.48  554970931 0.0000e+00
    17.4002    3.54575       2.96  554970932 0.0000e+00
    17.3987    3.54665       3.40  554970934 0.0000e+00
    17.3914    3.54675       3.95  554970935 0.0000e+00
    16.9120    3.53806       4.29  554970937 0.0000e+00
    16.8439    3.52699       5.01  554970938 0.0000e+00
    16.8344    3.52898       5.36  554970940 0.0000e+00
    16.5075    3.51565       6.15  554970941 0.0000e+00
    15.3398    3.51309       6.49  554970943 0.0000e+00
    15.1120    3.50151       7.27  554970944 0.0000e+00
    14.5418    3.49645       7.95  554970946 0.0000e+00
    14.0024    3.46073       8.88  554970947 0.0000e+00
    12.5991    3.38536       9.68  554970949 0.0000e+00
    11.2365    3.29671      10.48  554970950 0.0000e+00
    10.2164    3.21332      11.48  554970952 0.0000e+00
     9.2540    3.22335      11.94  554970953 0.0000e+00
     8.9124    3.13263      12.67  554970955 0.0000e+00
     8.4897    3.12333      13.30  554970956 0.0000e+00
     8.1821    3.08510      14.24  554970958 0.0000e+00
     7.7507    3.08153      14.81  554970959 0.0000e+00
     7.8950    3.07075      15.64  554970961 0.0000e+00
     7.4362    3.06576      16.32  554970962 0.0000e+00
     6.2932    2.97522      17.33  554970964 0.0000e+00
     6.0091    2.98542      17.97  554970965 0.0000e+00
     5.2947    2.92297      19.05  554970967 0.0000e+00
     5.1235    2.96470      19.74  554970968 0.0000e+00
     4.8863    2.90916      21.00  554970970 0.0000e+00
     4.7550    2.93683      21.52  554970971 0.0000e+00
     4.2687    2.87721      22.79  554970973 0.0000e+00
     3.9335    2.88341      23.51  554970975 0.0000e+00
     3.7545    2.86173      24.40  554970976 0.0000e+00
     3.4395    2.87840      24.92  554970978 0.0000e+00
     3.1584    2.83015      25.75  554970979 0.0000e+00
     2.8370    2.80436      26.68  554970981 0.0000e+00
     2.4545    2.80802      27.47  554970982 0.0000e+00
     2.5647    2.79174      28.11  554970984 0.0000e+00
     2.7582    2.79572      29.11  554970985 0.0000e+00
     2.2484    2.77877      29.77  554970987 0.0000e+00
     2.0366    2.76336      30.66  554970988 0.0000e+00
     1.8534    2.76151      31.37  554970990 0.0000e+00
     1.7762    2.75026      32.11  554970991 0.0000e+00
     1.7126    2.74679      32.85  554970993 0.0000e+00
     1.6644    2.74397      33.59  554970994 0.0000e+00
     1.5379    2.74642      34.29  554970996 0.0000e+00
     1.5237    2.75309      34.86  554970997 0.0000e+00
     1.3532    2.73932      35.73  554970999 0.0000e+00
     1.2074    2.73407      36.40  554971000 0.0000e+00
     1.0055    2.72115      37.18  554971002 0.0000e+00
     0.6042    2.69144      37.84  554971003 0.0000e+00
     0.4837    2.68893      38.52  554971005 0.0000e+00
     0.3860    2.66949      39.29  554971006 0.0000e+00
     0.2374    2.67939      39.92  554971008 0.0000e+00
     0.2059    2.65956      40.67  554971009 0.0000e+00
     0.1675    2.68329      40.93  554971011 0.0000e+00
     0.1540    2.69651      41.04  554971012 0.0000e+00
     0.1531    2.67910      40.82  554971014 0.0000e+00
     0.1355    2.68150      41.01  554971016 0.0000e+00
     0.1332    2.67017      40.77  554971017 0.0000e+00
     0.1383    2.67961      40.85  554971019 0.0000e+00
     0.1323    2.68362      40.77  554971020 0.0000e+00
     0.1402    2.69754      40.76  554971022 0.0000e+00
     0.1438    2.69144      40.71  554971023 0.0000e+00
     0.1538    2.69145      40.74  554971025 0.0000e+00
     0.1410    2.67400      40.65  554971026 0.0000e+00
     0.1711    2.66332      40.57  554971028 0.0000e+00
     0.1516    2.65387      40.65  554971029 0.0000e+00
     0.1545    2.65077      40.32  554971031 0.0000e+00
