Code/Hansen Zooplankton Code and Sample Data/data/ctd/gsl_01_SBE37SI-RS232_03706156_2017_07_03.cnv
* Sea-Bird SBE37SI-RS232  Data File:
* FileName = C:\Users\General Lab Use\Desktop\SHELAGH CTD 2017\gsl_01_SBE37SI-RS232_03706156_2017_07_03.cnv
* Software version 1.00d
* Temperature SN = 6156
* Conductivity SN = 6156
* System UpLoad Time = Jul 03 2017 22:38:41
* <ApplicationData>
* <Seaterm232>
# nquan = 5
# nvalues = 1298
# units = specified
# name 0 = t090C: Temperature [ITS-90, deg C]
# name 1 = c0S/m: Conductivity [S/m]
# name 2 = prM: Pressure [db]
# name 3 = timeK: Time, Seacat Plus [seconds]
# name 4 = flag: Flag
# span 0 =     -0.7642,    21.7318
# span 1 =    0.000054,   3.358384
# span 2 =      -0.387,     66.022
# span 3 =   552405754,  552407731
# span 4 =  0.0000e+00, 0.0000e+00
# interval = seconds: 6.000000
# start_time = Jul 03 2017 14:02:34
# bad_flag = -9.990e-29
*END*
    21.3689    0.00018      -0.36  552405754 0.0000e+00
    21.3728    0.00017      -0.36  552405756 0.0000e+00
    21.3875    0.00015      -0.36  552405757 0.0000e+00
    21.4067    0.00017      -0.36  552405759 0.0000e+00
    21.4189    0.00016      -0.36  552405761 0.0000e+00
    21.4476    0.00016      -0.36  552405762 0.0000e+00
    21.4566    0.00016      -0.36  552405764 0.0000e+00
    21.4753    0.00016      -0.36  552405765 0.0000e+00
    21.4871    0.00016      -0.36  552405767 0.0000e+00
    21.4965    0.00016      -0.36  552405768 0.0000e+00
    21.5031    0.00015      -0.36  552405770 0.0000e+00
    21.4893    0.00016      -0.36  552405771 0.0000e+00
    21.4978    0.00016      -0.36  552405773 0.0000e+00
    21.4974    0.00015      -0.36  552405774 0.0000e+00
    21.5028    0.00015      -0.36  552405776 0.0000e+00
    21.4939    0.00015      -0.36  552405777 0.0000e+00
    21.4839    0.00015      -0.36  552405779 0.0000e+00
    21.4646    0.00015      -0.36  552405780 0.0000e+00
    21.4299    0.00015      -0.36  552405783 0.0000e+00
    21.4052    0.00015      -0.36  552405784 0.0000e+00
    21.3892    0.00015      -0.36  552405786 0.0000e+00
    21.4038    0.00015      -0.36  552405787 0.0000e+00
    21.4190    0.00015      -0.36  552405789 0.0000e+00
    21.4407    0.00015      -0.36  552405790 0.0000e+00
    21.4893    0.00015      -0.36  552405792 0.0000e+00
    21.5295    0.00015      -0.36  552405793 0.0000e+00
    21.5383    0.00015      -0.36  552405795 0.0000e+00
    21.5439    0.00015      -0.36  552405796 0.0000e+00
    21.5501    0.00016      -0.36  552405798 0.0000e+00
    21.5440    0.00015      -0.36  552405799 0.0000e+00
    21.5848    0.00015      -0.36  552405801 0.0000e+00
    21.5884    0.00015      -0.36  552405802 0.0000e+00
    21.5939    0.00015      -0.36  552405804 0.0000e+00
    21.6049    0.00015      -0.36  552405805 0.0000e+00
    21.6087    0.00015      -0.36  552405807 0.0000e+00
    21.5953    0.00015      -0.36  552405808 0.0000e+00
    21.6085    0.00015      -0.36  552405810 0.0000e+00
    21.6085    0.00015      -0.36  552405811 0.0000e+00
    21.5982    0.00015      -0.36  552405813 0.0000e+00
    21.6185    0.00015      -0.36  552405814 0.0000e+00
    21.6164    0.00015      -0.36  552405816 0.0000e+00
    21.6161    0.00015      -0.36  552405818 0.0000e+00
    21.6158    0.00015      -0.36  552405819 0.0000e+00
    21.6055    0.00015      -0.36  552405821 0.0000e+00
    21.6054    0.00015      -0.36  552405822 0.0000e+00
    21.6075    0.00014      -0.36  552405824 0.0000e+00
    21.6088    0.00015      -0.36  552405825 0.0000e+00
    21.6245    0.00014      -0.36  552405827 0.0000e+00
    21.7172    0.00015      -0.36  552405828 0.0000e+00
    21.7277    0.00014      -0.36  552405830 0.0000e+00
    21.7318    0.00015      -0.36  552405831 0.0000e+00
    21.7094    0.00015      -0.36  552405833 0.0000e+00
    21.7074    0.00015      -0.36  552405834 0.0000e+00
    21.7060    0.00015      -0.36  552405836 0.0000e+00
    21.6976    0.00015      -0.36  552405837 0.0000e+00
    21.6957    0.00015      -0.36  552405839 0.0000e+00
    21.7068    0.00015      -0.36  552405840 0.0000e+00
    21.7082    0.00015      -0.36  552405842 0.0000e+00
    21.7037    0.00015      -0.36  552405843 0.0000e+00
    21.6970    0.00015      -0.36  552405845 0.0000e+00
    21.6848    0.00015      -0.36  552405846 0.0000e+00
    21.6784    0.00015      -0.36  552405848 0.0000e+00
    21.6672    0.00015      -0.36  552405849 0.0000e+00
    21.6595    0.00015      -0.36  552405851 0.0000e+00
    21.6629    0.00015      -0.36  552405852 0.0000e+00
    21.6547    0.00015      -0.37  552405854 0.0000e+00
    21.6440    0.00015      -0.36  552405855 0.0000e+00
    21.6381    0.00015      -0.36  552405857 0.0000e+00
    21.6317    0.00015      -0.36  552405859 0.0000e+00
    21.6169    0.00015      -0.36  552405860 0.0000e+00
    21.6148    0.00015      -0.36  552405862 0.0000e+00
    21.6112    0.00015      -0.36  552405863 0.0000e+00
    21.6136    0.00015      -0.36  552405865 0.0000e+00
    21.6119    0.00015      -0.37  552405866 0.0000e+00
    21.6112    0.00015      -0.36  552405868 0.0000e+00
    21.6058    0.00015      -0.36  552405869 0.0000e+00
    21.6051    0.00015      -0.36  552405871 0.0000e+00
    21.6084    0.00015      -0.36  552405872 0.0000e+00
    21.6142    0.00016      -0.36  552405874 0.0000e+00
    21.6221    0.00016      -0.37  552405875 0.0000e+00
    21.6174    0.00016      -0.36  552405877 0.0000e+00
    21.6208    0.00016      -0.36  552405878 0.0000e+00
    21.6173    0.00016      -0.36  552405880 0.0000e+00
    21.6210    0.00016      -0.36  552405881 0.0000e+00
    21.6113    0.00016      -0.37  552405883 0.0000e+00
    21.6175    0.00016      -0.36  552405884 0.0000e+00
    21.6123    0.00016      -0.36  552405886 0.0000e+00
    21.6083    0.00016      -0.36  552405887 0.0000e+00
    21.6145    0.00016      -0.36  552405889 0.0000e+00
    21.6191    0.00016      -0.36  552405890 0.0000e+00
    21.6115    0.00016      -0.37  552405892 0.0000e+00
    21.6027    0.00016      -0.36  552405894 0.0000e+00
    21.5871    0.00016      -0.36  552405895 0.0000e+00
    21.5929    0.00016      -0.36  552405897 0.0000e+00
    21.6195    0.00016      -0.37  552405898 0.0000e+00
    21.6197    0.00015      -0.37  552405900 0.0000e+00
    21.6164    0.00015      -0.37  552405901 0.0000e+00
    21.5966    0.00015      -0.37  552405903 0.0000e+00
    21.5685    0.00015      -0.37  552405904 0.0000e+00
    21.5210    0.00016      -0.37  552405906 0.0000e+00
    21.4720    0.00016      -0.37  552405907 0.0000e+00
    21.4360    0.00016      -0.37  552405909 0.0000e+00
    21.4242    0.00016      -0.37  552405910 0.0000e+00
    21.4095    0.00016      -0.37  552405912 0.0000e+00
    21.3949    0.00016      -0.37  552405913 0.0000e+00
    21.4002    0.00016      -0.37  552405915 0.0000e+00
    21.3888    0.00016      -0.37  552405916 0.0000e+00
    21.3297    0.00016      -0.37  552405918 0.0000e+00
    21.3080    0.00016      -0.36  552405919 0.0000e+00
    21.2734    0.00016      -0.36  552405921 0.0000e+00
    21.1979    0.00015      -0.36  552405922 0.0000e+00
    21.0405    0.00011      -0.37  552405924 0.0000e+00
    20.9649    0.00011      -0.36  552405925 0.0000e+00
    20.8862    0.00010      -0.36  552405927 0.0000e+00
    20.8393    0.00007      -0.36  552405928 0.0000e+00
    20.7825    0.00006      -0.36  552405930 0.0000e+00
    20.6916    0.00006      -0.37  552405931 0.0000e+00
    20.6853    0.00007      -0.36  552405933 0.0000e+00
    20.6504    0.00007      -0.36  552405935 0.0000e+00
    20.5124    0.00007      -0.37  552405936 0.0000e+00
    20.4425    0.00007      -0.36  552405938 0.0000e+00
    20.3573    0.00007      -0.37  552405939 0.0000e+00
    20.2693    0.00007      -0.36  552405941 0.0000e+00
    20.2463    0.00007      -0.37  552405942 0.0000e+00
    20.2568    0.00007      -0.37  552405944 0.0000e+00
    20.2298    0.00007      -0.36  552405945 0.0000e+00
    20.2704    0.00008      -0.37  552405947 0.0000e+00
    20.2780    0.00007      -0.37  552405948 0.0000e+00
    20.3017    0.00007      -0.37  552405950 0.0000e+00
    20.2918    0.00007      -0.37  552405951 0.0000e+00
    20.2892    0.00007      -0.37  552405953 0.0000e+00
    20.2675    0.00007      -0.37  552405954 0.0000e+00
    20.2793    0.00007      -0.36  552405956 0.0000e+00
    20.2892    0.00007      -0.37  552405957 0.0000e+00
    20.2896    0.00007      -0.37  552405959 0.0000e+00
    20.2640    0.00007      -0.37  552405960 0.0000e+00
    20.2238    0.00007      -0.37  552405962 0.0000e+00
    20.1759    0.00007      -0.36  552405963 0.0000e+00
    20.1673    0.00007      -0.37  552405965 0.0000e+00
    20.1410    0.00007      -0.37  552405966 0.0000e+00
    20.0994    0.00007      -0.37  552405968 0.0000e+00
    20.0356    0.00007      -0.37  552405969 0.0000e+00
    19.9716    0.00007      -0.36  552405971 0.0000e+00
    19.9299    0.00007      -0.37  552405972 0.0000e+00
    19.9454    0.00007      -0.36  552405974 0.0000e+00
    19.9242    0.00007      -0.37  552405976 0.0000e+00
    19.8733    0.00007      -0.36  552405977 0.0000e+00
    19.7431    0.00007      -0.37  552405979 0.0000e+00
    19.7142    0.00007      -0.36  552405980 0.0000e+00
    19.6882    0.00007      -0.37  552405982 0.0000e+00
    19.6268    0.00007      -0.36  552405983 0.0000e+00
    19.5866    0.00007      -0.37  552405985 0.0000e+00
    19.5608    0.00008      -0.37  552405986 0.0000e+00
    19.5172    0.00007      -0.37  552405988 0.0000e+00
    19.5009    0.00008      -0.37  552405989 0.0000e+00
    19.5245    0.00008      -0.36  552405991 0.0000e+00
    19.5206    0.00008      -0.37  552405992 0.0000e+00
    19.4743    0.00008      -0.36  552405994 0.0000e+00
    19.4230    0.00007      -0.36  552405995 0.0000e+00
    19.3640    0.00008      -0.36  552405997 0.0000e+00
    19.3160    0.00008      -0.36  552405998 0.0000e+00
    19.2771    0.00009      -0.36  552406000 0.0000e+00
    19.2703    0.00009      -0.36  552406001 0.0000e+00
    19.2759    0.00009      -0.36  552406003 0.0000e+00
    19.3522    0.00009      -0.36  552406004 0.0000e+00
    19.3766    0.00010      -0.36  552406006 0.0000e+00
    19.3767    0.00010      -0.36  552406007 0.0000e+00
    19.4752    0.00010      -0.36  552406009 0.0000e+00
    19.4786    0.00010      -0.36  552406010 0.0000e+00
    19.4515    0.00009      -0.36  552406012 0.0000e+00
    19.4081    0.00009      -0.36  552406014 0.0000e+00
    19.4351    0.00009      -0.37  552406015 0.0000e+00
    19.4345    0.00009      -0.37  552406017 0.0000e+00
    19.4285    0.00009      -0.37  552406018 0.0000e+00
    19.4574    0.00009      -0.36  552406020 0.0000e+00
    19.4793    0.00007      -0.37  552406021 0.0000e+00
    19.4536    0.00008      -0.36  552406023 0.0000e+00
    19.4496    0.00007      -0.37  552406024 0.0000e+00
    19.4748    0.00007      -0.37  552406026 0.0000e+00
    19.4938    0.00007      -0.37  552406027 0.0000e+00
    19.5177    0.00007      -0.37  552406029 0.0000e+00
    19.5346    0.00007      -0.37  552406030 0.0000e+00
    19.5657    0.00007      -0.36  552406032 0.0000e+00
    19.6109    0.00007      -0.36  552406033 0.0000e+00
    19.6360    0.00007      -0.37  552406035 0.0000e+00
    19.6728    0.00007      -0.36  552406036 0.0000e+00
    19.6827    0.00007      -0.36  552406038 0.0000e+00
    19.7004    0.00007      -0.37  552406039 0.0000e+00
    19.7251    0.00007      -0.36  552406041 0.0000e+00
    19.7605    0.00007      -0.36  552406042 0.0000e+00
    19.7802    0.00007      -0.37  552406044 0.0000e+00
    19.7661    0.00007      -0.37  552406045 0.0000e+00
    19.7362    0.00006      -0.37  552406047 0.0000e+00
    19.7578    0.00006      -0.37  552406048 0.0000e+00
    19.7814    0.00006      -0.36  552406050 0.0000e+00
    19.7768    0.00006      -0.37  552406052 0.0000e+00
    19.7749    0.00005      -0.37  552406053 0.0000e+00
    19.7544    0.00006      -0.37  552406055 0.0000e+00
    19.7384    0.00006      -0.37  552406056 0.0000e+00
    19.7288    0.00006      -0.37  552406058 0.0000e+00
    19.7028    0.00006      -0.37  552406059 0.0000e+00
    19.6639    0.00006      -0.37  552406061 0.0000e+00
    19.6440    0.00007      -0.37  552406062 0.0000e+00
    19.5983    0.00007      -0.36  552406064 0.0000e+00
    19.5984    0.00007      -0.36  552406065 0.0000e+00
    19.6008    0.00008      -0.36  552406067 0.0000e+00
    18.2644    2.89088       0.91  552406068 0.0000e+00
    17.2752    3.27459       1.11  552406070 0.0000e+00
    17.2033    3.33779       2.92  552406071 0.0000e+00
    17.1906    3.34171       3.37  552406073 0.0000e+00
    17.0450    3.32539       5.22  552406074 0.0000e+00
    16.9724    3.33990       5.98  552406076 0.0000e+00
    16.9916    3.35331       6.26  552406077 0.0000e+00
    16.9810    3.35603       5.54  552406079 0.0000e+00
    16.9749    3.34940       6.01  552406080 0.0000e+00
    16.9725    3.34332       4.75  552406082 0.0000e+00
    16.9599    3.33444       5.95  552406083 0.0000e+00
    16.9721    3.34205       5.26  552406085 0.0000e+00
    16.9655    3.33656       5.25  552406086 0.0000e+00
    16.9681    3.34022       5.79  552406088 0.0000e+00
    16.9702    3.34364       5.15  552406089 0.0000e+00
    16.9688    3.34242       5.60  552406091 0.0000e+00
    16.9734    3.34661       5.38  552406093 0.0000e+00
    16.9705    3.34743       5.58  552406094 0.0000e+00
    16.9743    3.34817       5.36  552406096 0.0000e+00
    16.9718    3.34900       5.47  552406097 0.0000e+00
    16.9720    3.34770       5.75  552406099 0.0000e+00
    16.9727    3.34328       5.41  552406100 0.0000e+00
    16.9700    3.34321       5.47  552406102 0.0000e+00
    16.9706    3.34175       5.73  552406103 0.0000e+00
    16.9736    3.34393       5.33  552406105 0.0000e+00
    16.9678    3.33829       5.55  552406106 0.0000e+00
    16.9627    3.34516       5.85  552406108 0.0000e+00
    16.9676    3.33901       5.08  552406109 0.0000e+00
    16.9400    3.34757       6.01  552406111 0.0000e+00
    16.9650    3.34326       5.48  552406112 0.0000e+00
    16.9680    3.34045       5.33  552406114 0.0000e+00
    16.9669    3.33988       6.05  552406115 0.0000e+00
    16.9685    3.33035       4.99  552406117 0.0000e+00
    16.9628    3.34206       6.22  552406118 0.0000e+00
    16.9576    3.34505       4.88  552406120 0.0000e+00
    16.9584    3.34518       6.36  552406121 0.0000e+00
    16.9533    3.34710       4.96  552406123 0.0000e+00
    16.9650    3.34123       6.08  552406124 0.0000e+00
    16.9679    3.34407       5.19  552406126 0.0000e+00
    16.9677    3.34115       5.93  552406127 0.0000e+00
    16.9689    3.34115       5.23  552406129 0.0000e+00
    16.9670    3.34047       5.92  552406130 0.0000e+00
    16.9687    3.34283       5.30  552406132 0.0000e+00
    16.9659    3.34223       6.03  552406134 0.0000e+00
    16.9673    3.34166       5.17  552406135 0.0000e+00
    16.9531    3.34525       6.18  552406137 0.0000e+00
    16.9635    3.34473       5.14  552406138 0.0000e+00
    16.9656    3.33867       5.99  552406140 0.0000e+00
    16.9673    3.34064       5.57  552406141 0.0000e+00
    16.9678    3.34089       5.33  552406143 0.0000e+00
    16.9659    3.33879       5.81  552406144 0.0000e+00
    16.9667    3.33844       5.04  552406146 0.0000e+00
    16.9646    3.33638       5.75  552406147 0.0000e+00
    16.9661    3.33748       5.32  552406149 0.0000e+00
    16.9648    3.33744       5.72  552406150 0.0000e+00
    16.9658    3.33712       5.40  552406152 0.0000e+00
    16.9430    3.35058       7.43  552406153 0.0000e+00
    16.3828    3.30778       8.25  552406155 0.0000e+00
    10.0583    3.02060      10.41  552406156 0.0000e+00
     8.7264    3.03825      11.98  552406158 0.0000e+00
     8.6746    3.03782      14.42  552406159 0.0000e+00
     7.7345    3.00872      15.40  552406161 0.0000e+00
     6.4650    2.95867      18.28  552406162 0.0000e+00
     6.8568    2.98855      19.75  552406164 0.0000e+00
     4.6846    2.82506      21.85  552406165 0.0000e+00
     4.9808    2.86464      24.70  552406167 0.0000e+00
     4.4911    2.85933      25.68  552406168 0.0000e+00
     4.4968    2.85577      26.05  552406170 0.0000e+00
     4.4500    2.85306      25.65  552406171 0.0000e+00
     4.4699    2.85424      26.19  552406173 0.0000e+00
     4.4591    2.86219      26.97  552406175 0.0000e+00
     4.1588    2.81656      29.34  552406176 0.0000e+00
     3.5189    2.80877      30.84  552406178 0.0000e+00
     3.1095    2.75439      33.30  552406179 0.0000e+00
     2.8419    2.75656      34.12  552406181 0.0000e+00
     2.5716    2.71974      36.34  552406182 0.0000e+00
     2.4856    2.73670      37.38  552406184 0.0000e+00
     2.2296    2.71142      39.92  552406185 0.0000e+00
     2.2524    2.73771      41.03  552406187 0.0000e+00
