Code/Hansen Zooplankton Code and Sample Data/data/ctd/gsl_13_SBE37SI-RS232_03706156_2017_08_11_final.cnv
* Sea-Bird SBE37SI-RS232  Data File:
* FileName = C:\Users\General Lab Use\Desktop\SHELAGH CTD 2017\gsl_13_SBE37SI-RS232_03706156_2017_08_11.cnv
* Software version 1.00d
* Temperature SN = 6156
* Conductivity SN = 6156
* System UpLoad Time = Aug 11 2017 10:09:36
* <ApplicationData>
* <Seaterm232>
# nquan = 7                                 
# nvalues = 2684                        
# units = specified
# name 0 = t090C: Temperature [ITS-90, deg C]
# name 1 = c0S/m: Conductivity [S/m]
# name 2 = prM: Pressure [db]
# name 3 = timeK: Time, Seacat Plus [seconds]
# name 4 = sal00: Salinity [PSU]
# name 5 = sigma-t00: Density [sigma-t, Kg/m^3 ]
# name 6 = flag: flag
# span 0 =     0.1630,    17.8244       
# span 1 =   0.000450,   3.535160       
# span 2 =     -0.230,     68.690       
# span 3 =  555746365,  555750454       
# span 4 =     0.0099,    32.4698       
# span 5 =    -1.3474,    26.0314       
# span 6 = 0.0000e+00, 0.0000e+00       
# interval = seconds: 6.000000
# start_time = Aug 11 2017 05:59:25
# bad_flag = -9.990e-29
*END*
[from data line 206]
     5.5293   2.935260     29.440  555746679    29.7926    23.4933 0.0000e+00
     3.6874   2.923970     29.890  555746680    31.3638    24.9238 0.0000e+00
     3.3404   2.849270     31.650  555746682    30.8073    24.5114 0.0000e+00
     3.1516   2.889760     32.270  555746683    31.4736    25.0583 0.0000e+00
     3.1374   2.844640     33.710  555746685    30.9447    24.6379 0.0000e+00
     2.9413   2.848530     34.860  555746686    31.1800    24.8416 0.0000e+00
     2.8340   2.843320     35.790  555746688    31.2206    24.8827 0.0000e+00
     2.5857   2.827790     37.040  555746689    31.2734    24.9443 0.0000e+00
     2.3628   2.820130     38.060  555746691    31.3980    25.0607 0.0000e+00
     2.0209   2.816040     39.150  555746692    31.6865    25.3163 0.0000e+00
     1.7691   2.786700     40.250  555746694    31.5728    25.2425 0.0000e+00
     1.4809   2.783320     41.300  555746695    31.8203    25.4598 0.0000e+00
     1.3097   2.752990     42.560  555746697    31.6100    25.3018 0.0000e+00
     1.0169   2.751830     43.540  555746698    31.8927    25.5463 0.0000e+00
     0.8085   2.723270     44.700  555746700    31.7398    25.4351 0.0000e+00
     0.5911   2.721120     45.920  555746701    31.9351    25.6039 0.0000e+00
     0.5716   2.713450     47.060  555746703    31.8554    25.5408 0.0000e+00
     0.4287   2.705490     48.400  555746704    31.8992    25.5834 0.0000e+00
     0.3974   2.710370     49.360  555746706    31.9946    25.6617 0.0000e+00
     0.3640   2.699030     50.500  555746707    31.8811    25.5720 0.0000e+00
     0.2234   2.687600     52.110  555746709    31.8771    25.5755 0.0000e+00
     0.1930   2.709530     52.820  555746711    32.1951    25.8333 0.0000e+00
     0.1771   2.689280     54.380  555746712    31.9459    25.6332 0.0000e+00
     0.1863   2.702450     54.800  555746714    32.1084    25.7637 0.0000e+00
     0.2018   2.694600     56.730  555746715    31.9884    25.6662 0.0000e+00
     0.2240   2.705080     57.590  555746717    32.1017    25.7565 0.0000e+00
     0.2339   2.701980     59.060  555746718    32.0500    25.7144 0.0000e+00
     0.2394   2.705680     60.380  555746720    32.0918    25.7478 0.0000e+00
     0.2492   2.705050     61.740  555746721    32.0726    25.7319 0.0000e+00
     0.2574   2.707430     62.630  555746723    32.0946    25.7492 0.0000e+00
     0.2649   2.707160     63.140  555746724    32.0830    25.7394 0.0000e+00
     0.2710   2.706990     64.760  555746726    32.0734    25.7315 0.0000e+00
     0.2804   2.708220     65.010  555746727    32.0795    25.7359 0.0000e+00
     0.2959   2.708700     66.870  555746729    32.0686    25.7263 0.0000e+00
     0.3156   2.712090     67.100  555746730    32.0921    25.7443 0.0000e+00
     0.3327   2.714260     68.470  555746732    32.1017    25.7512 0.0000e+00
     0.3411   2.718960     68.630  555746733    32.1541    25.7930 0.0000e+00
     0.3454   2.725460     68.690  555746735    32.2342    25.8574 0.0000e+00
     0.3439   2.715510     67.590  555746736    32.1068    25.7548 0.0000e+00
     0.3376   2.715340     66.720  555746738    32.1117    25.7590 0.0000e+00
     0.3283   2.711270     65.470  555746739    32.0691    25.7251 0.0000e+00
     0.2924   2.705090     63.640  555746741    32.0270    25.6930 0.0000e+00
     0.2744   2.706040     63.580  555746742    32.0582    25.7190 0.0000e+00
     0.2719   2.702320     62.520  555746744    32.0129    25.6826 0.0000e+00
     0.2647   2.704820     62.580  555746745    32.0529    25.7153 0.0000e+00
     0.2637   2.701250     61.680  555746747    32.0079    25.6790 0.0000e+00
     0.2583   2.700140     60.440  555746748    31.9998    25.6727 0.0000e+00
     0.2460   2.695910     58.390  555746750    31.9585    25.6401 0.0000e+00
     0.2317   2.693450     56.360  555746752    31.9425    25.6278 0.0000e+00
     0.2180   2.686660     54.260  555746753    31.8692    25.5694 0.0000e+00
     0.1774   2.676630     51.770  555746755    31.7817    25.5008 0.0000e+00
     0.1769   2.677620     50.730  555746756    31.7958    25.5121 0.0000e+00
     0.2959   2.674850     47.670  555746758    31.6384    25.3797 0.0000e+00
     0.4182   2.677900     46.280  555746759    31.5532    25.3052 0.0000e+00
     0.5481   2.686740     43.250  555746761    31.5365    25.2852 0.0000e+00
     0.8754   2.696610     42.130  555746762    31.3316    25.1033 0.0000e+00
     1.1871   2.722880     39.390  555746764    31.3538    25.1035 0.0000e+00
     1.7575   2.735390     37.680  555746765    30.9456    24.7408 0.0000e+00
     2.1930   2.764730     35.910  555746767    30.8844    24.6623 0.0000e+00
     2.7075   2.779280     33.860  555746768    30.5676    24.3714 0.0000e+00
     2.9137   2.791440     32.380  555746770    30.5191    24.3167 0.0000e+00
     3.1112   2.801550     29.870  555746771    30.4549    24.2497 0.0000e+00
     3.2260   2.808960     28.790  555746773    30.4359    24.2251 0.0000e+00
     4.7920   2.917190     26.290  555746774    30.2520    23.9346 0.0000e+00
     6.2439   2.943290     25.100  555746776    29.2598    22.9920 0.0000e+00
     7.6882   3.073380     22.360  555746777    29.4318    22.9466 0.0000e+00
     9.4693   3.080240     21.280  555746779    28.0555    21.6169 0.0000e+00
     9.9920   3.151260     19.030  555746780    28.3578    21.7723 0.0000e+00
    10.5590   3.154430     17.440  555746782    27.9505    21.3651 0.0000e+00
    11.1299   3.220710     15.160  555746783    28.1599    21.4335 0.0000e+00
    13.2850   3.287860     13.370  555746785    27.2013    20.3069 0.0000e+00
    14.9204   3.378560     11.740  555746786    26.8714    19.7319 0.0000e+00
    15.6403   3.393260      9.940  555746788    26.5119    19.3067 0.0000e+00
    15.8703   3.433950      8.270  555746789    26.7092    19.4093 0.0000e+00
    16.2866   3.464870      6.400  555746791    26.6958    19.3096 0.0000e+00
    16.6674   3.486300      4.860  555746792    26.6250    19.1721 0.0000e+00
    16.9122   3.506170      2.980  555746794    26.6313    19.1228 0.0000e+00
    17.0124   3.505580      1.620  555746796    26.5608    19.0465 0.0000e+00
    17.0338   3.515100     -0.030  555746797    26.6271    19.0924 0.0000e+00
    16.9952   2.559600      0.110  555746799    18.7894    13.1167 0.0000e+00
    16.9925   3.454660      0.300  555746800    26.1471    18.7346 0.0000e+00
    16.9811   3.457890      0.200  555746802    26.1816    18.7635 0.0000e+00
    16.9860   1.719080     -0.230  555746803    12.1695     8.0735 0.0000e+00
    16.9032   0.334900     -0.220  555746805     2.1086     0.4128 0.0000e+00
    16.8223   0.194720     -0.220  555746806     1.1917    -0.2761 0.0000e+00
    16.7426   0.193960     -0.220  555746808     1.1891    -0.2642 0.0000e+00
    16.6130   0.188140     -0.220  555746809     1.1553    -0.2678 0.0000e+00
    16.4403   0.159980     -0.230  555746811     0.9785    -0.3742 0.0000e+00
    16.3056   0.157460     -0.220  555746812     0.9655    -0.3615 0.0000e+00
    16.2032   0.120320     -0.220  555746814     0.7303    -0.5254 0.0000e+00
    16.0861   0.110410     -0.220  555746815     0.6695    -0.5528 0.0000e+00
    15.9895   0.083050     -0.210  555746817     0.4989    -0.6685 0.0000e+00
    15.9163   0.056360     -0.200  555746818     0.3345    -0.7834 0.0000e+00
    15.8634   0.051210     -0.200  555746820     0.3034    -0.7988 0.0000e+00
    15.8144   0.047380     -0.200  555746821     0.2804    -0.8087 0.0000e+00
    15.7293   0.045760     -0.200  555746823     0.2711    -0.8022 0.0000e+00
    15.6727   0.041480     -0.200  555746824     0.2455    -0.8130 0.0000e+00
    15.5949   0.040450     -0.200  555746826     0.2397    -0.8052 0.0000e+00
    15.5490   0.036820     -0.190  555746827     0.2180    -0.8147 0.0000e+00
    15.4932   0.036720     -0.200  555746829     0.2176    -0.8062 0.0000e+00
    15.4615   0.033780     -0.200  555746830     0.2000    -0.8148 0.0000e+00
    15.3828   0.033780     -0.190  555746832     0.2004    -0.8023 0.0000e+00
    15.3535   0.031180     -0.190  555746834     0.1848    -0.8098 0.0000e+00
    15.2902   0.030360     -0.190  555746835     0.1802    -0.8036 0.0000e+00
    15.2436   0.028440     -0.190  555746837     0.1688    -0.8052 0.0000e+00
    15.2001   0.028080     -0.190  555746838     0.1668    -0.8000 0.0000e+00
    15.1382   0.026800     -0.190  555746840     0.1593    -0.7963 0.0000e+00
    15.1024   0.026230     -0.190  555746841     0.1560    -0.7934 0.0000e+00
    15.0551   0.025290     -0.190  555746843     0.1505    -0.7905 0.0000e+00
    15.0016   0.024830     -0.190  555746844     0.1480    -0.7844 0.0000e+00
    14.9646   0.023340     -0.190  555746846     0.1391    -0.7856 0.0000e+00
    14.9261   0.021130     -0.190  555746847     0.1260    -0.7900 0.0000e+00
    14.9273   0.020210     -0.190  555746849     0.1205    -0.7944 0.0000e+00
    14.9018   0.019960     -0.190  555746850     0.1191    -0.7917 0.0000e+00
    14.8566   0.019820     -0.190  555746852     0.1184    -0.7855 0.0000e+00
    14.8405   0.019730     -0.190  555746853     0.1179    -0.7835 0.0000e+00
    14.8101   0.020070     -0.190  555746855     0.1200    -0.7773 0.0000e+00
    14.8114   0.019790     -0.190  555746856     0.1183    -0.7788 0.0000e+00
    14.7750   0.019720     -0.190  555746858     0.1180    -0.7737 0.0000e+00
    14.7859   0.019480     -0.190  555746859     0.1165    -0.7764 0.0000e+00
    14.7461   0.019260     -0.190  555746861     0.1153    -0.7714 0.0000e+00
    14.6982   0.019040     -0.190  555746862     0.1141    -0.7653 0.0000e+00
    14.6604   0.019080     -0.190  555746864     0.1145    -0.7595 0.0000e+00
    14.6738   0.018930     -0.190  555746865     0.1135    -0.7622 0.0000e+00
    14.6568   0.018830     -0.190  555746867     0.1130    -0.7601 0.0000e+00
    14.6373   0.018550     -0.190  555746868     0.1114    -0.7585 0.0000e+00
    14.6659   0.018460     -0.190  555746870     0.1108    -0.7632 0.0000e+00
    14.6589   0.018170     -0.190  555746872     0.1090    -0.7635 0.0000e+00
    14.6962   0.018190     -0.190  555746873     0.1091    -0.7689 0.0000e+00
    14.7099   0.017970     -0.180  555746875     0.1077    -0.7720 0.0000e+00
    14.7737   0.017880     -0.190  555746876     0.1070    -0.7820 0.0000e+00
    14.7887   0.017640     -0.190  555746878     0.1056    -0.7853 0.0000e+00
    14.7854   0.017260     -0.190  555746879     0.1033    -0.7866 0.0000e+00
    14.7595   0.016970     -0.190  555746881     0.1017    -0.7840 0.0000e+00
    14.7411   0.016620     -0.190  555746882     0.0996    -0.7829 0.0000e+00
    14.7204   0.016250     -0.180  555746884     0.0975    -0.7815 0.0000e+00
    14.7032   0.015660     -0.190  555746885     0.0940    -0.7817 0.0000e+00
    14.7134   0.015000     -0.190  555746887     0.0901    -0.7862 0.0000e+00
    14.6698   0.013430     -0.180  555746888     0.0809    -0.7869 0.0000e+00
    14.6513   0.013210     -0.190  555746890     0.0797    -0.7852 0.0000e+00
    14.6347   0.012920     -0.180  555746891     0.0780    -0.7840 0.0000e+00
    14.6258   0.012900     -0.180  555746893     0.0779    -0.7828 0.0000e+00
    14.6182   0.012860     -0.180  555746894     0.0776    -0.7819 0.0000e+00
    14.5920   0.012820     -0.180  555746896     0.0775    -0.7782 0.0000e+00
    14.5747   0.012800     -0.180  555746897     0.0774    -0.7757 0.0000e+00
    14.5381   0.012780     -0.180  555746899     0.0773    -0.7704 0.0000e+00
    14.5228   0.012790     -0.180  555746900     0.0774    -0.7681 0.0000e+00
    14.5054   0.012690     -0.180  555746902     0.0768    -0.7661 0.0000e+00
    14.4999   0.012680     -0.180  555746903     0.0768    -0.7653 0.0000e+00
    14.5176   0.012520     -0.180  555746905     0.0758    -0.7686 0.0000e+00
    14.5121   0.012470     -0.180  555746906     0.0755    -0.7680 0.0000e+00
    14.5169   0.012360     -0.180  555746908     0.0749    -0.7692 0.0000e+00
    14.4865   0.012340     -0.180  555746909     0.0748    -0.7649 0.0000e+00
    14.4703   0.012260     -0.180  555746911     0.0743    -0.7629 0.0000e+00
    14.4572   0.012180     -0.180  555746913     0.0739    -0.7613 0.0000e+00
    14.4712   0.012200     -0.180  555746914     0.0740    -0.7633 0.0000e+00
    14.4588   0.012080     -0.180  555746916     0.0733    -0.7620 0.0000e+00
    14.4790   0.012160     -0.180  555746917     0.0737    -0.7646 0.0000e+00
    14.4592   0.012060     -0.180  555746919     0.0732    -0.7622 0.0000e+00
    14.4787   0.012160     -0.180  555746920     0.0737    -0.7646 0.0000e+00
    14.4681   0.012040     -0.170  555746922     0.0731    -0.7636 0.0000e+00
    14.4959   0.012090     -0.180  555746923     0.0733    -0.7674 0.0000e+00
    14.5058   0.012030     -0.180  555746925     0.0729    -0.7691 0.0000e+00
    14.5207   0.012120     -0.180  555746926     0.0735    -0.7709 0.0000e+00
    14.5710   0.012040     -0.180  555746928     0.0729    -0.7786 0.0000e+00
    14.5482   0.011930     -0.180  555746929     0.0723    -0.7758 0.0000e+00
    14.5632   0.011920     -0.180  555746931     0.0722    -0.7780 0.0000e+00
    14.5478   0.011780     -0.180  555746932     0.0714    -0.7764 0.0000e+00
    14.5860   0.011830     -0.180  555746934     0.0717    -0.7818 0.0000e+00
    14.5635   0.011710     -0.180  555746935     0.0710    -0.7790 0.0000e+00
    14.5458   0.011750     -0.180  555746937     0.0712    -0.7763 0.0000e+00
    14.5125   0.011640     -0.170  555746938     0.0706    -0.7719 0.0000e+00
    14.5089   0.011640     -0.180  555746940     0.0707    -0.7714 0.0000e+00
    14.4951   0.011580     -0.180  555746941     0.0703    -0.7696 0.0000e+00
    14.4544   0.011500     -0.180  555746943     0.0699    -0.7640 0.0000e+00
    14.4496   0.011490     -0.180  555746944     0.0699    -0.7634 0.0000e+00
    14.4145   0.011430     -0.180  555746946     0.0696    -0.7586 0.0000e+00
    14.4402   0.011470     -0.180  555746947     0.0698    -0.7621 0.0000e+00
    14.4172   0.011360     -0.170  555746949     0.0691    -0.7593 0.0000e+00
    14.4285   0.011440     -0.180  555746951     0.0696    -0.7605 0.0000e+00
    14.4213   0.011450     -0.170  555746952     0.0697    -0.7595 0.0000e+00
    14.4447   0.011420     -0.180  555746954     0.0695    -0.7630 0.0000e+00
    14.4735   0.011380     -0.170  555746955     0.0692    -0.7674 0.0000e+00
    14.4678   0.011290     -0.180  555746957     0.0687    -0.7670 0.0000e+00
    14.5100   0.011300     -0.180  555746958     0.0687    -0.7731 0.0000e+00
    14.4946   0.011150     -0.170  555746960     0.0678    -0.7715 0.0000e+00
    14.5160   0.011130     -0.180  555746961     0.0677    -0.7747 0.0000e+00
    14.4905   0.011030     -0.170  555746963     0.0671    -0.7714 0.0000e+00
    14.4989   0.011030     -0.180  555746964     0.0671    -0.7727 0.0000e+00
    14.5216   0.011010     -0.170  555746966     0.0669    -0.7761 0.0000e+00
    14.4831   0.010950     -0.180  555746967     0.0666    -0.7707 0.0000e+00
    14.4789   0.010980     -0.180  555746969     0.0668    -0.7700 0.0000e+00
    14.4631   0.010870     -0.170  555746970     0.0662    -0.7682 0.0000e+00
    14.4571   0.010920     -0.180  555746972     0.0665    -0.7671 0.0000e+00
    14.4368   0.010770     -0.170  555746973     0.0657    -0.7648 0.0000e+00
    14.4316   0.010830     -0.180  555746975     0.0660    -0.7638 0.0000e+00
    14.4221   0.010710     -0.170  555746976     0.0653    -0.7629 0.0000e+00
    14.4191   0.010930     -0.180  555746978     0.0666    -0.7615 0.0000e+00
    14.4331   0.023010     -0.190  555746979     0.1388    -0.7074 0.0000e+00
    14.4913   0.025940     -0.190  555746981     0.1565    -0.7021 0.0000e+00
    14.5021   0.024470     -0.190  555746982     0.1475    -0.7107 0.0000e+00
    14.5258   0.024600     -0.190  555746984     0.1482    -0.7136 0.0000e+00
    14.5882   0.026700     -0.190  555746985     0.1608    -0.7129 0.0000e+00
    14.5789   0.031890     -0.190  555746987     0.1926    -0.6869 0.0000e+00
