Code/Hansen Zooplankton Code and Sample Data/data/ctd/gsl_08_SBE37SI-RS232_03706156_2017_08_02.cnv
* Sea-Bird SBE37SI-RS232  Data File:
* FileName = C:\Users\General Lab Use\Desktop\SHELAGH CTD 2017\gsl_08_SBE37SI-RS232_03706156_2017_08_02.cnv
* Software version 1.00d
* Temperature SN = 6156
* Conductivity SN = 6156
* System UpLoad Time = Aug 02 2017 21:22:44
* <ApplicationData>
* <Seaterm232>
# nquan = 5
# nvalues = 1382
# units = specified
# name 0 = t090C: Temperature [ITS-90, deg C]
# name 1 = c0S/m: Conductivity [S/m]
# name 2 = prM: Pressure [db]
# name 3 = timeK: Time, Seacat Plus [seconds]
# name 4 = flag: Flag
# span 0 =      0.0964,    19.7346
# span 1 =    0.000895,   3.456102
# span 2 =      -0.230,     90.368
# span 3 =   555010939,  555013044
# span 4 =  0.0000e+00, 0.0000e+00
# interval = seconds: 6.000000
# start_time = Aug 02 2017 17:42:19
# bad_flag = -9.990e-29
*END*
[from data line 572]
     0.4797    2.74359      75.69  555011811 0.0000e+00
     0.4485    2.74199      75.71  555011812 0.0000e+00
     0.4426    2.73600      75.43  555011814 0.0000e+00
     0.4350    2.73223      75.12  555011815 0.0000e+00
     0.4180    2.72723      74.35  555011817 0.0000e+00
     0.4107    2.72536      74.08  555011818 0.0000e+00
     0.3516    2.71424      73.28  555011820 0.0000e+00
     0.2848    2.70828      72.85  555011822 0.0000e+00
     0.2505    2.70184      72.11  555011823 0.0000e+00
     0.2453    2.70186      71.80  555011825 0.0000e+00
     0.2449    2.69863      70.89  555011826 0.0000e+00
     0.2487    2.70029      70.59  555011828 0.0000e+00
     0.2492    2.69749      69.83  555011829 0.0000e+00
     0.2461    2.69761      69.47  555011831 0.0000e+00
     0.2368    2.69465      68.64  555011832 0.0000e+00
     0.2269    2.69436      68.21  555011834 0.0000e+00
     0.2156    2.69248      67.49  555011835 0.0000e+00
     0.2109    2.69153      67.02  555011837 0.0000e+00
     0.2003    2.68882      66.26  555011838 0.0000e+00
     0.1848    2.68739      65.87  555011840 0.0000e+00
     0.1689    2.68397      65.21  555011841 0.0000e+00
     0.1593    2.68413      64.95  555011843 0.0000e+00
     0.1359    2.67886      64.20  555011844 0.0000e+00
     0.1121    2.68119      63.99  555011846 0.0000e+00
     0.1004    2.67400      63.15  555011847 0.0000e+00
     0.0964    2.67535      62.77  555011849 0.0000e+00
     0.1007    2.67384      62.04  555011850 0.0000e+00
     0.1192    2.67303      61.63  555011852 0.0000e+00
     0.1390    2.67137      60.91  555011854 0.0000e+00
     0.1537    2.67026      60.35  555011855 0.0000e+00
     0.1723    2.67104      59.66  555011857 0.0000e+00
     0.1762    2.66999      59.03  555011858 0.0000e+00
     0.2052    2.67110      58.21  555011860 0.0000e+00
     0.2223    2.67166      57.67  555011861 0.0000e+00
     0.2294    2.67134      57.08  555011863 0.0000e+00
     0.2266    2.67107      56.65  555011864 0.0000e+00
     0.2416    2.67122      56.12  555011866 0.0000e+00
     0.2453    2.67096      55.57  555011867 0.0000e+00
     0.1977    2.66322      54.86  555011869 0.0000e+00
     0.1449    2.66146      54.27  555011870 0.0000e+00
     0.1769    2.66271      53.61  555011872 0.0000e+00
     0.2137    2.66502      52.95  555011873 0.0000e+00
     0.2713    2.66770      52.37  555011875 0.0000e+00
     0.3319    2.67078      51.92  555011876 0.0000e+00
     0.4045    2.67443      51.13  555011878 0.0000e+00
     0.4146    2.67343      50.54  555011879 0.0000e+00
     0.4204    2.67529      49.64  555011881 0.0000e+00
     0.5227    2.67554      49.34  555011882 0.0000e+00
     0.5776    2.68430      48.50  555011884 0.0000e+00
     0.7076    2.68204      48.28  555011885 0.0000e+00
     0.7410    2.69145      47.50  555011887 0.0000e+00
     0.8187    2.69386      46.91  555011889 0.0000e+00
     0.8850    2.70025      46.42  555011890 0.0000e+00
     1.2226    2.72678      45.45  555011892 0.0000e+00
     1.4688    2.74469      44.90  555011893 0.0000e+00
     1.8281    2.77105      43.85  555011895 0.0000e+00
     1.9521    2.77158      43.42  555011896 0.0000e+00
     1.9554    2.77562      42.24  555011898 0.0000e+00
     1.9891    2.77608      41.81  555011899 0.0000e+00
     2.2601    2.80386      40.56  555011901 0.0000e+00
     2.3600    2.79574      40.32  555011902 0.0000e+00
     2.3768    2.80754      39.16  555011904 0.0000e+00
     2.3622    2.80081      38.83  555011905 0.0000e+00
     2.4037    2.81742      37.75  555011907 0.0000e+00
     2.7370    2.81352      37.37  555011908 0.0000e+00
     2.6699    2.80323      36.43  555011910 0.0000e+00
     2.4876    2.79154      35.86  555011911 0.0000e+00
     2.6617    2.81272      35.02  555011913 0.0000e+00
     3.3616    2.85411      34.39  555011914 0.0000e+00
     3.5645    2.84828      33.51  555011916 0.0000e+00
     2.7934    2.80305      32.95  555011917 0.0000e+00
     2.7692    2.79888      32.24  555011919 0.0000e+00
     2.8957    2.79672      31.43  555011921 0.0000e+00
     3.0624    2.80987      30.72  555011922 0.0000e+00
     3.6283    2.82778      29.96  555011924 0.0000e+00
     4.2658    2.85646      29.40  555011925 0.0000e+00
     5.1699    2.92262      28.61  555011927 0.0000e+00
     5.8989    2.93105      28.24  555011928 0.0000e+00
     7.0229    3.04599      27.13  555011930 0.0000e+00
     7.8010    3.04417      26.97  555011931 0.0000e+00
     8.0955    3.05870      25.99  555011933 0.0000e+00
     8.0603    3.03829      25.62  555011934 0.0000e+00
     8.1770    3.04449      24.74  555011936 0.0000e+00
     8.4534    3.06685      24.11  555011937 0.0000e+00
     9.8014    3.11822      23.37  555011939 0.0000e+00
     9.9881    3.13562      22.71  555011940 0.0000e+00
    10.2120    3.14548      22.00  555011942 0.0000e+00
    10.4077    3.15627      21.43  555011943 0.0000e+00
    10.5955    3.15466      20.97  555011945 0.0000e+00
    10.8654    3.18789      20.18  555011946 0.0000e+00
    11.0192    3.17557      19.81  555011948 0.0000e+00
    11.0961    3.20498      18.86  555011949 0.0000e+00
    11.2306    3.19207      18.61  555011951 0.0000e+00
    11.2911    3.21323      17.72  555011952 0.0000e+00
    11.6232    3.21394      17.32  555011954 0.0000e+00
    11.7808    3.22979      16.58  555011956 0.0000e+00
    11.8567    3.22802      16.06  555011957 0.0000e+00
    11.9076    3.21794      15.64  555011959 0.0000e+00
    12.0809    3.24327      14.75  555011960 0.0000e+00
    12.2549    3.23514      14.39  555011962 0.0000e+00
    12.3970    3.26063      13.36  555011963 0.0000e+00
    12.5690    3.26203      12.79  555011965 0.0000e+00
    12.6931    3.26930      11.63  555011966 0.0000e+00
    12.6978    3.25585      11.20  555011968 0.0000e+00
    13.0504    3.28793      10.24  555011969 0.0000e+00
    13.9501    3.32522       9.71  555011971 0.0000e+00
    14.5257    3.36481       8.89  555011972 0.0000e+00
    14.7427    3.37398       8.36  555011974 0.0000e+00
    14.8936    3.38555       7.59  555011975 0.0000e+00
    14.8975    3.37478       7.27  555011977 0.0000e+00
    14.8415    3.37716       6.37  555011978 0.0000e+00
    14.8093    3.36830       6.07  555011980 0.0000e+00
    14.8367    3.37571       5.49  555011981 0.0000e+00
    14.8831    3.37130       4.97  555011983 0.0000e+00
    14.9270    3.37092       4.49  555011984 0.0000e+00
    14.9464    3.36932       4.00  555011986 0.0000e+00
    14.9757    3.36905       3.51  555011988 0.0000e+00
    15.0008    3.36146       3.20  555011989 0.0000e+00
    15.0470    3.37059       2.70  555011991 0.0000e+00
    15.5642    3.39476       2.46  555011992 0.0000e+00
    16.0332    3.43124       1.90  555011994 0.0000e+00
    16.2151    3.43290       1.63  555011995 0.0000e+00
    16.0428    3.43244       1.17  555011997 0.0000e+00
    16.1024    3.43449       0.97  555011998 0.0000e+00
    16.1723    3.44287       0.69  555012000 0.0000e+00
    16.2406    3.44851       0.07  555012001 0.0000e+00
    16.2732    3.44507       0.15  555012003 0.0000e+00
    16.2565    3.44575       0.18  555012004 0.0000e+00
    16.2579    3.43881       0.47  555012006 0.0000e+00
    16.2487    3.45255      -0.14  555012007 0.0000e+00
    16.2533    3.44376      -0.10  555012009 0.0000e+00
    16.2433    2.96679      -0.18  555012010 0.0000e+00
    16.2427    2.51263      -0.06  555012012 0.0000e+00
    16.2572    1.54015      -0.18  555012013 0.0000e+00
    16.2727    1.56710      -0.16  555012015 0.0000e+00
    16.2549    0.27807      -0.18  555012016 0.0000e+00
    16.2913    0.12977      -0.18  555012018 0.0000e+00
    16.2581    0.27780      -0.18  555012019 0.0000e+00
    16.3026    0.07983      -0.19  555012021 0.0000e+00
    16.3735    0.07057      -0.19  555012022 0.0000e+00
    16.4195    0.05173      -0.18  555012024 0.0000e+00
    16.4546    0.05373      -0.18  555012026 0.0000e+00
    16.4762    0.04663      -0.18  555012027 0.0000e+00
    16.3524    2.03120      -0.19  555012029 0.0000e+00
    16.1611    0.19421      -0.18  555012030 0.0000e+00
    16.0870    0.09234      -0.18  555012032 0.0000e+00
    16.0532    0.05357      -0.18  555012033 0.0000e+00
    16.0768    0.05273      -0.18  555012035 0.0000e+00
    15.8827    0.05230      -0.19  555012036 0.0000e+00
    15.9917    0.11769      -0.19  555012038 0.0000e+00
    15.9622    0.12716      -0.19  555012039 0.0000e+00
    16.0839    0.11695      -0.19  555012041 0.0000e+00
    16.2084    0.09197      -0.20  555012042 0.0000e+00
    16.3054    0.09097      -0.19  555012044 0.0000e+00
    16.3844    0.10030      -0.19  555012045 0.0000e+00
    16.4515    0.10685      -0.20  555012047 0.0000e+00
    16.5396    0.09113      -0.20  555012048 0.0000e+00
    16.5828    0.08690      -0.20  555012050 0.0000e+00
    16.6499    0.05647      -0.20  555012051 0.0000e+00
    16.6398    0.04125      -0.20  555012053 0.0000e+00
    16.6389    0.03685      -0.20  555012054 0.0000e+00
    16.6224    0.03433      -0.21  555012056 0.0000e+00
    16.6726    0.03375      -0.20  555012057 0.0000e+00
    16.6573    0.03374      -0.21  555012059 0.0000e+00
    16.7012    0.04078      -0.20  555012061 0.0000e+00
    16.7093    0.03444      -0.21  555012062 0.0000e+00
    16.7619    0.02944      -0.21  555012064 0.0000e+00
    16.7442    0.02612      -0.21  555012065 0.0000e+00
    16.8219    0.02445      -0.21  555012067 0.0000e+00
    16.8262    0.02279      -0.21  555012068 0.0000e+00
    16.9026    0.02260      -0.20  555012070 0.0000e+00
    16.9316    0.02107      -0.21  555012071 0.0000e+00
    16.9723    0.02203      -0.20  555012073 0.0000e+00
    16.9746    0.02108      -0.21  555012074 0.0000e+00
    16.9978    0.02378      -0.20  555012076 0.0000e+00
    16.9985    0.02412      -0.21  555012077 0.0000e+00
    17.0206    0.03168      -0.21  555012079 0.0000e+00
    17.0412    0.03469      -0.20  555012080 0.0000e+00
    17.0397    0.03654      -0.21  555012082 0.0000e+00
    17.0966    0.03431      -0.20  555012083 0.0000e+00
    17.0682    0.03631      -0.21  555012085 0.0000e+00
    17.1334    0.03665      -0.20  555012086 0.0000e+00
    17.1242    0.03893      -0.20  555012088 0.0000e+00
    17.1593    0.03814      -0.20  555012089 0.0000e+00
    17.1497    0.03886      -0.21  555012091 0.0000e+00
    17.1819    0.03904      -0.20  555012092 0.0000e+00
    17.2022    0.03861      -0.20  555012094 0.0000e+00
    17.1713    0.05385      -0.20  555012095 0.0000e+00
    17.1556    0.04640      -0.20  555012097 0.0000e+00
    17.1202    0.04216      -0.20  555012098 0.0000e+00
    17.0982    0.03945      -0.18  555012100 0.0000e+00
    17.0907    0.03374      -0.18  555012102 0.0000e+00
    17.0762    0.02906      -0.18  555012103 0.0000e+00
    17.0672    0.02674      -0.18  555012105 0.0000e+00
    17.0565    0.02476      -0.19  555012106 0.0000e+00
    17.0483    0.02334      -0.18  555012108 0.0000e+00
    17.0191    0.02207      -0.18  555012109 0.0000e+00
    16.9878    0.02104      -0.19  555012111 0.0000e+00
    16.9630    0.02017      -0.19  555012112 0.0000e+00
    16.9430    0.01945      -0.19  555012114 0.0000e+00
    16.9314    0.01880      -0.19  555012115 0.0000e+00
    16.9179    0.01832      -0.19  555012117 0.0000e+00
    16.8951    0.01781      -0.19  555012118 0.0000e+00
    16.8735    0.01738      -0.19  555012120 0.0000e+00
    16.8527    0.01670      -0.19  555012121 0.0000e+00
    16.8470    0.01577      -0.19  555012123 0.0000e+00
    16.8310    0.01539      -0.19  555012124 0.0000e+00
    16.8267    0.01510      -0.19  555012126 0.0000e+00
    16.8214    0.01489      -0.19  555012127 0.0000e+00
    16.8132    0.01466      -0.18  555012129 0.0000e+00
    16.7986    0.01452      -0.19  555012130 0.0000e+00
    16.7920    0.01437      -0.19  555012132 0.0000e+00
    16.7828    0.01429      -0.19  555012133 0.0000e+00
    16.7797    0.01419      -0.19  555012135 0.0000e+00
    16.7726    0.01407      -0.19  555012136 0.0000e+00
    16.7637    0.01390      -0.19  555012138 0.0000e+00
    16.7675    0.01376      -0.19  555012140 0.0000e+00
    16.7701    0.01361      -0.19  555012141 0.0000e+00
    16.7634    0.01350      -0.19  555012143 0.0000e+00
    16.7614    0.01340      -0.19  555012144 0.0000e+00
    16.7588    0.01334      -0.19  555012146 0.0000e+00
    16.7541    0.01324      -0.19  555012147 0.0000e+00
    16.7511    0.01313      -0.19  555012149 0.0000e+00
    16.7377    0.01307      -0.19  555012150 0.0000e+00
    16.7337    0.01295      -0.19  555012152 0.0000e+00
    16.7260    0.01290      -0.19  555012153 0.0000e+00
    16.7180    0.01285      -0.19  555012155 0.0000e+00
    16.7076    0.01281      -0.19  555012156 0.0000e+00
    16.7002    0.01271      -0.19  555012158 0.0000e+00
    16.6976    0.01262      -0.19  555012159 0.0000e+00
    16.7070    0.01253      -0.19  555012161 0.0000e+00
    16.7076    0.01245      -0.20  555012162 0.0000e+00
    16.7085    0.01240      -0.19  555012164 0.0000e+00
    16.6864    0.01235      -0.20  555012165 0.0000e+00
    16.6625    0.01230      -0.19  555012167 0.0000e+00
    16.6505    0.01223      -0.20  555012168 0.0000e+00
    16.6574    0.01217      -0.20  555012170 0.0000e+00
    16.6526    0.01213      -0.20  555012171 0.0000e+00
    16.6526    0.01207      -0.20  555012173 0.0000e+00
    16.6419    0.01200      -0.20  555012174 0.0000e+00
    16.6288    0.01196      -0.20  555012176 0.0000e+00
    16.6254    0.01192      -0.20  555012178 0.0000e+00
    16.6192    0.01186      -0.20  555012179 0.0000e+00
    16.6248    0.01181      -0.20  555012181 0.0000e+00
    16.6219    0.01175      -0.20  555012182 0.0000e+00
    16.6328    0.01169      -0.20  555012184 0.0000e+00
    16.6370    0.01165      -0.20  555012185 0.0000e+00
    16.6451    0.01163      -0.20  555012187 0.0000e+00
    16.6482    0.01160      -0.20  555012188 0.0000e+00
    16.6513    0.01154      -0.20  555012190 0.0000e+00
    16.6460    0.01149      -0.20  555012191 0.0000e+00
    16.6659    0.01153      -0.20  555012193 0.0000e+00
    16.6822    0.01142      -0.20  555012194 0.0000e+00
    16.6879    0.01133      -0.20  555012196 0.0000e+00
    16.6734    0.01129      -0.20  555012197 0.0000e+00
    16.6663    0.01124      -0.20  555012199 0.0000e+00
    16.6547    0.01122      -0.20  555012200 0.0000e+00
    16.6447    0.01124      -0.20  555012202 0.0000e+00
    16.6244    0.01122      -0.20  555012203 0.0000e+00
    16.6160    0.01119      -0.20  555012205 0.0000e+00
    16.6069    0.01115      -0.20  555012206 0.0000e+00
    16.5998    0.01112      -0.20  555012208 0.0000e+00
    16.5953    0.01108      -0.20  555012209 0.0000e+00
    16.5893    0.01105      -0.20  555012211 0.0000e+00
    16.5703    0.01103      -0.21  555012212 0.0000e+00
    16.5686    0.01099      -0.20  555012214 0.0000e+00
    16.5605    0.01097      -0.20  555012216 0.0000e+00
    16.5574    0.01095      -0.20  555012217 0.0000e+00
    16.5543    0.01094      -0.20  555012219 0.0000e+00
    16.5613    0.01093      -0.20  555012220 0.0000e+00
    16.5708    0.01088      -0.20  555012222 0.0000e+00
    16.5679    0.01084      -0.21  555012223 0.0000e+00
    16.5645    0.01080      -0.21  555012225 0.0000e+00
    16.5626    0.01078      -0.20  555012226 0.0000e+00
    16.5663    0.01075      -0.21  555012228 0.0000e+00
    16.5893    0.01070      -0.21  555012229 0.0000e+00
    16.5920    0.01066      -0.21  555012231 0.0000e+00
    16.6014    0.01062      -0.21  555012232 0.0000e+00
    16.6143    0.01057      -0.21  555012234 0.0000e+00
    16.6279    0.01052      -0.21  555012235 0.0000e+00
    16.6248    0.01047      -0.21  555012237 0.0000e+00
    16.6314    0.01042      -0.21  555012238 0.0000e+00
    16.6559    0.01037      -0.21  555012240 0.0000e+00
    16.6907    0.01034      -0.21  555012241 0.0000e+00
    16.7333    0.01032      -0.21  555012243 0.0000e+00
