Code/Hansen Zooplankton Code and Sample Data/data/ctd/gsl_16_SBE37SI-RS232_03706156_2017_08_12_final.cnv
* Sea-Bird SBE37SI-RS232  Data File:
* FileName = C:\Users\General Lab Use\Desktop\SHELAGH CTD 2017\gsl_16_SBE37SI-RS232_03706156_2017_08_12.cnv
* Software version 1.00d
* Temperature SN = 6156
* Conductivity SN = 6156
* System UpLoad Time = Aug 12 2017 09:50:57
* <ApplicationData>
* <Seaterm232>
# nquan = 7                                 
# nvalues = 2003                        
# units = specified
# name 0 = t090C: Temperature [ITS-90, deg C]
# name 1 = c0S/m: Conductivity [S/m]
# name 2 = prM: Pressure [db]
# name 3 = timeK: Time, Seacat Plus [seconds]
# name 4 = sal00: Salinity [PSU]
# name 5 = sigma-t00: Density [sigma-t, Kg/m^3 ]
# name 6 = flag: flag
# span 0 =    -0.3058,    20.3803       
# span 1 =   0.000300,   3.662450       
# span 2 =     -0.260,     67.970       
# span 3 =  555832670,  555835722       
# span 4 =     0.0101,    31.9196       
# span 5 =    -1.8058,    25.6245       
# span 6 = 0.0000e+00, 0.0000e+00       
# interval = seconds: 6.000000
# start_time = Aug 12 2017 05:57:50
# bad_flag = -9.990e-29
*END*
[from data line 1026]
    17.7841   0.011930     -0.240  555834233     0.0680    -1.3111 0.0000e+00
    17.7850   0.011940     -0.240  555834234     0.0680    -1.3113 0.0000e+00
    17.7869   0.011930     -0.230  555834236     0.0680    -1.3117 0.0000e+00
    17.7866   0.011940     -0.230  555834237     0.0680    -1.3116 0.0000e+00
    17.7833   0.011930     -0.230  555834239     0.0680    -1.3110 0.0000e+00
    17.7823   0.011940     -0.240  555834240     0.0680    -1.3108 0.0000e+00
    17.7821   0.011920     -0.240  555834242     0.0679    -1.3108 0.0000e+00
    17.7784   0.011950     -0.240  555834243     0.0681    -1.3100 0.0000e+00
    17.7817   0.011920     -0.240  555834245     0.0679    -1.3107 0.0000e+00
    17.7860   0.011950     -0.230  555834246     0.0681    -1.3114 0.0000e+00
    17.7852   0.011940     -0.240  555834248     0.0680    -1.3113 0.0000e+00
    17.7848   0.011940     -0.230  555834250     0.0680    -1.3112 0.0000e+00
    17.7869   0.011960     -0.240  555834251     0.0682    -1.3115 0.0000e+00
    17.7876   0.011930     -0.230  555834253     0.0680    -1.3118 0.0000e+00
    17.7888   0.011960     -0.230  555834254     0.0681    -1.3119 0.0000e+00
    17.7863   0.011940     -0.230  555834256     0.0680    -1.3115 0.0000e+00
    17.7896   0.011950     -0.240  555834257     0.0681    -1.3121 0.0000e+00
    17.7933   0.011960     -0.230  555834259     0.0681    -1.3127 0.0000e+00
    17.7914   0.011940     -0.230  555834260     0.0680    -1.3124 0.0000e+00
    17.7865   0.011960     -0.230  555834262     0.0682    -1.3115 0.0000e+00
    17.7852   0.011940     -0.240  555834263     0.0680    -1.3113 0.0000e+00
    17.7865   0.011960     -0.240  555834265     0.0682    -1.3115 0.0000e+00
    17.7865   0.011950     -0.230  555834266     0.0681    -1.3115 0.0000e+00
    17.7881   0.011950     -0.240  555834268     0.0681    -1.3118 0.0000e+00
    17.7909   0.011960     -0.230  555834269     0.0681    -1.3123 0.0000e+00
    17.7915   0.011950     -0.230  555834271     0.0681    -1.3124 0.0000e+00
    17.7937   0.011970     -0.230  555834272     0.0682    -1.3127 0.0000e+00
    17.7926   0.011950     -0.240  555834274     0.0681    -1.3126 0.0000e+00
    17.7926   0.011970     -0.230  555834275     0.0682    -1.3125 0.0000e+00
    17.7915   0.011950     -0.230  555834277     0.0681    -1.3124 0.0000e+00
    17.7898   0.011960     -0.230  555834279     0.0681    -1.3121 0.0000e+00
    17.8015   0.011960     -0.230  555834280     0.0681    -1.3142 0.0000e+00
    17.8089   0.011960     -0.230  555834282     0.0681    -1.3156 0.0000e+00
    17.8159   0.011960     -0.230  555834283     0.0681    -1.3169 0.0000e+00
    17.8142   0.011960     -0.230  555834285     0.0681    -1.3166 0.0000e+00
    17.8172   0.011960     -0.230  555834286     0.0681    -1.3171 0.0000e+00
    17.8128   0.011960     -0.230  555834288     0.0681    -1.3163 0.0000e+00
    17.8133   0.011960     -0.230  555834289     0.0681    -1.3164 0.0000e+00
    17.8054   0.011960     -0.230  555834291     0.0681    -1.3149 0.0000e+00
    17.7999   0.011960     -0.230  555834292     0.0681    -1.3139 0.0000e+00
    17.8025   0.011950     -0.230  555834294     0.0681    -1.3144 0.0000e+00
    17.8039   0.011950     -0.230  555834295     0.0681    -1.3147 0.0000e+00
    17.8010   0.011930     -0.230  555834297     0.0680    -1.3142 0.0000e+00
    17.7987   0.011950     -0.230  555834298     0.0681    -1.3137 0.0000e+00
    17.7996   0.011920     -0.230  555834300     0.0679    -1.3140 0.0000e+00
    17.8029   0.011950     -0.230  555834301     0.0681    -1.3145 0.0000e+00
    17.8097   0.011920     -0.230  555834303     0.0679    -1.3159 0.0000e+00
    17.8145   0.011960     -0.230  555834304     0.0681    -1.3166 0.0000e+00
    17.8170   0.011930     -0.230  555834306     0.0680    -1.3172 0.0000e+00
    17.8216   0.011950     -0.230  555834307     0.0681    -1.3180 0.0000e+00
    17.8254   0.011930     -0.230  555834309     0.0679    -1.3187 0.0000e+00
    17.8271   0.011940     -0.230  555834311     0.0680    -1.3190 0.0000e+00
    17.8313   0.011940     -0.230  555834312     0.0680    -1.3198 0.0000e+00
    17.8333   0.011940     -0.230  555834314     0.0680    -1.3202 0.0000e+00
    17.8326   0.011920     -0.230  555834315     0.0679    -1.3201 0.0000e+00
    17.8326   0.011960     -0.230  555834317     0.0681    -1.3199 0.0000e+00
    17.8275   0.011930     -0.230  555834318     0.0679    -1.3191 0.0000e+00
    17.8162   0.011950     -0.230  555834320     0.0681    -1.3170 0.0000e+00
    17.8040   0.011930     -0.230  555834321     0.0680    -1.3148 0.0000e+00
    17.7983   0.011950     -0.230  555834323     0.0681    -1.3137 0.0000e+00
    17.7968   0.011930     -0.230  555834324     0.0680    -1.3135 0.0000e+00
    17.7931   0.011950     -0.230  555834326     0.0681    -1.3127 0.0000e+00
    17.7882   0.011940     -0.230  555834327     0.0680    -1.3119 0.0000e+00
    17.7837   0.011940     -0.230  555834329     0.0680    -1.3110 0.0000e+00
    17.7779   0.011950     -0.230  555834330     0.0681    -1.3099 0.0000e+00
    17.7762   0.011940     -0.230  555834332     0.0681    -1.3097 0.0000e+00
    17.7709   0.011970     -0.230  555834333     0.0682    -1.3086 0.0000e+00
    17.7714   0.011940     -0.230  555834335     0.0681    -1.3088 0.0000e+00
    17.7734   0.011970     -0.230  555834336     0.0682    -1.3090 0.0000e+00
    17.7743   0.011960     -0.230  555834338     0.0682    -1.3092 0.0000e+00
    17.7774   0.011960     -0.230  555834340     0.0682    -1.3098 0.0000e+00
    17.7781   0.011990     -0.230  555834341     0.0683    -1.3098 0.0000e+00
    17.7782   0.011940     -0.230  555834343     0.0681    -1.3100 0.0000e+00
    17.7786   0.012010     -0.230  555834344     0.0684    -1.3098 0.0000e+00
    17.7751   0.011960     -0.230  555834346     0.0682    -1.3094 0.0000e+00
    17.7786   0.012020     -0.230  555834347     0.0685    -1.3098 0.0000e+00
    17.7765   0.011980     -0.230  555834349     0.0683    -1.3095 0.0000e+00
    17.7786   0.012010     -0.230  555834350     0.0684    -1.3098 0.0000e+00
    17.7746   0.011990     -0.230  555834352     0.0683    -1.3092 0.0000e+00
    17.7712   0.012010     -0.230  555834353     0.0684    -1.3084 0.0000e+00
    17.7732   0.012000     -0.230  555834355     0.0684    -1.3089 0.0000e+00
    17.7750   0.012010     -0.230  555834356     0.0684    -1.3091 0.0000e+00
    17.7811   0.012010     -0.230  555834358     0.0684    -1.3103 0.0000e+00
    17.7806   0.012010     -0.230  555834359     0.0684    -1.3102 0.0000e+00
    17.7785   0.012010     -0.230  555834361     0.0684    -1.3098 0.0000e+00
    17.7823   0.012000     -0.230  555834362     0.0684    -1.3105 0.0000e+00
    17.7871   0.012010     -0.230  555834364     0.0684    -1.3114 0.0000e+00
    17.7911   0.012010     -0.230  555834365     0.0684    -1.3121 0.0000e+00
    17.7941   0.012020     -0.230  555834367     0.0685    -1.3126 0.0000e+00
    17.7981   0.012010     -0.230  555834368     0.0684    -1.3134 0.0000e+00
    17.7999   0.012030     -0.230  555834370     0.0685    -1.3136 0.0000e+00
    17.7981   0.012030     -0.230  555834372     0.0685    -1.3133 0.0000e+00
    17.7984   0.012030     -0.230  555834373     0.0685    -1.3134 0.0000e+00
    17.7966   0.012050     -0.230  555834375     0.0686    -1.3129 0.0000e+00
    17.7957   0.012030     -0.230  555834376     0.0685    -1.3129 0.0000e+00
    17.7987   0.012060     -0.230  555834378     0.0687    -1.3133 0.0000e+00
    17.8021   0.012030     -0.230  555834379     0.0685    -1.3140 0.0000e+00
    17.8012   0.012040     -0.230  555834381     0.0686    -1.3138 0.0000e+00
    17.8056   0.012030     -0.230  555834382     0.0685    -1.3147 0.0000e+00
    17.8122   0.012050     -0.230  555834384     0.0686    -1.3158 0.0000e+00
    17.8174   0.012020     -0.230  555834385     0.0684    -1.3169 0.0000e+00
    17.8215   0.012070     -0.230  555834387     0.0687    -1.3174 0.0000e+00
    17.8232   0.012020     -0.230  555834388     0.0684    -1.3180 0.0000e+00
    17.8230   0.012080     -0.230  555834390     0.0688    -1.3177 0.0000e+00
    17.8230   0.012010     -0.230  555834391     0.0684    -1.3180 0.0000e+00
    17.8252   0.012080     -0.230  555834393     0.0688    -1.3181 0.0000e+00
    17.8265   0.012030     -0.230  555834394     0.0685    -1.3185 0.0000e+00
    17.8291   0.012070     -0.230  555834396     0.0687    -1.3188 0.0000e+00
    17.8254   0.012050     -0.230  555834397     0.0686    -1.3182 0.0000e+00
    17.8265   0.012060     -0.230  555834399     0.0686    -1.3184 0.0000e+00
    17.8298   0.012060     -0.230  555834401     0.0686    -1.3190 0.0000e+00
    17.8281   0.012040     -0.230  555834402     0.0685    -1.3188 0.0000e+00
    17.8319   0.012050     -0.230  555834404     0.0686    -1.3194 0.0000e+00
    17.8410   0.012060     -0.230  555834405     0.0686    -1.3211 0.0000e+00
    17.8422   0.012040     -0.230  555834407     0.0685    -1.3214 0.0000e+00
    17.8459   0.012070     -0.230  555834408     0.0687    -1.3219 0.0000e+00
    17.8472   0.012040     -0.230  555834410     0.0685    -1.3223 0.0000e+00
    17.8470   0.012080     -0.230  555834411     0.0687    -1.3221 0.0000e+00
    17.8441   0.012050     -0.230  555834413     0.0686    -1.3217 0.0000e+00
    17.8459   0.012080     -0.230  555834414     0.0687    -1.3219 0.0000e+00
    17.8462   0.012050     -0.230  555834416     0.0686    -1.3221 0.0000e+00
    17.8447   0.012080     -0.230  555834417     0.0687    -1.3217 0.0000e+00
    17.8451   0.012060     -0.230  555834419     0.0686    -1.3218 0.0000e+00
    17.8468   0.012070     -0.230  555834420     0.0687    -1.3221 0.0000e+00
    17.8486   0.012060     -0.230  555834422     0.0686    -1.3225 0.0000e+00
    17.8510   0.012060     -0.230  555834423     0.0686    -1.3229 0.0000e+00
    17.8537   0.012060     -0.230  555834425     0.0686    -1.3234 0.0000e+00
    17.8547   0.012060     -0.230  555834426     0.0686    -1.3236 0.0000e+00
    17.8561   0.012060     -0.230  555834428     0.0686    -1.3239 0.0000e+00
    17.8563   0.012240     -0.230  555834429     0.0696    -1.3231 0.0000e+00
    17.8544   0.012220     -0.230  555834431     0.0695    -1.3229 0.0000e+00
    17.8524   0.012180     -0.230  555834433     0.0693    -1.3227 0.0000e+00
    17.8504   0.012280     -0.230  555834434     0.0698    -1.3219 0.0000e+00
    17.8499   0.012320     -0.230  555834436     0.0700    -1.3216 0.0000e+00
    17.8440   0.012380     -0.230  555834437     0.0703    -1.3203 0.0000e+00
    17.8458   0.012310     -0.230  555834439     0.0700    -1.3209 0.0000e+00
    17.8482   0.012340     -0.230  555834440     0.0701    -1.3212 0.0000e+00
    17.8438   0.012240     -0.230  555834442     0.0696    -1.3208 0.0000e+00
    17.8450   0.012230     -0.230  555834443     0.0695    -1.3211 0.0000e+00
    17.8441   0.012250     -0.230  555834445     0.0696    -1.3209 0.0000e+00
    17.8476   0.012310     -0.230  555834446     0.0700    -1.3213 0.0000e+00
    17.8518   0.012330     -0.230  555834448     0.0701    -1.3219 0.0000e+00
    17.8521   0.012400     -0.230  555834449     0.0704    -1.3217 0.0000e+00
    17.8548   0.012410     -0.230  555834451     0.0705    -1.3222 0.0000e+00
    17.8572   0.012500     -0.230  555834452     0.0710    -1.3222 0.0000e+00
    17.8572   0.012500     -0.230  555834454     0.0710    -1.3222 0.0000e+00
    17.8538   0.012540     -0.230  555834455     0.0712    -1.3214 0.0000e+00
    17.8545   0.012560     -0.230  555834457     0.0713    -1.3215 0.0000e+00
    17.8533   0.012520     -0.230  555834458     0.0711    -1.3214 0.0000e+00
    17.8551   0.012570     -0.230  555834460     0.0714    -1.3216 0.0000e+00
    17.8563   0.012530     -0.230  555834462     0.0711    -1.3219 0.0000e+00
    17.8579   0.012580     -0.230  555834463     0.0714    -1.3220 0.0000e+00
    17.8654   0.012520     -0.230  555834465     0.0711    -1.3237 0.0000e+00
    17.8657   0.012420     -0.230  555834466     0.0705    -1.3241 0.0000e+00
    17.8666   0.012250     -0.230  555834468     0.0696    -1.3250 0.0000e+00
    17.8678   0.012230     -0.230  555834469     0.0695    -1.3253 0.0000e+00
    17.8701   0.012220     -0.230  555834471     0.0694    -1.3258 0.0000e+00
    17.8695   0.012240     -0.230  555834472     0.0696    -1.3256 0.0000e+00
    17.8738   0.012240     -0.230  555834474     0.0696    -1.3264 0.0000e+00
    17.8783   0.012250     -0.230  555834475     0.0696    -1.3272 0.0000e+00
    17.8824   0.012210     -0.230  555834477     0.0694    -1.3281 0.0000e+00
    17.8829   0.012200     -0.230  555834478     0.0693    -1.3282 0.0000e+00
    17.8842   0.012160     -0.230  555834480     0.0691    -1.3286 0.0000e+00
    17.8845   0.012200     -0.230  555834481     0.0693    -1.3285 0.0000e+00
    17.8843   0.012190     -0.230  555834483     0.0693    -1.3285 0.0000e+00
    17.8874   0.012200     -0.230  555834484     0.0693    -1.3291 0.0000e+00
    17.8928   0.012230     -0.230  555834486     0.0695    -1.3299 0.0000e+00
    17.8976   0.012220     -0.230  555834487     0.0694    -1.3309 0.0000e+00
    17.8992   0.012240     -0.230  555834489     0.0695    -1.3311 0.0000e+00
    17.8992   0.012240     -0.230  555834490     0.0695    -1.3311 0.0000e+00
    17.8981   0.012210     -0.230  555834492     0.0694    -1.3310 0.0000e+00
    17.8954   0.012200     -0.230  555834494     0.0693    -1.3305 0.0000e+00
    17.8927   0.012050     -0.230  555834495     0.0685    -1.3307 0.0000e+00
    17.8891   0.011990     -0.230  555834497     0.0682    -1.3302 0.0000e+00
    17.8878   0.011980     -0.230  555834498     0.0681    -1.3300 0.0000e+00
    17.8873   0.012010     -0.230  555834500     0.0683    -1.3298 0.0000e+00
    17.8866   0.012030     -0.230  555834501     0.0684    -1.3296 0.0000e+00
    17.8869   0.012030     -0.230  555834503     0.0684    -1.3297 0.0000e+00
    17.8863   0.012030     -0.230  555834504     0.0684    -1.3296 0.0000e+00
    17.8865   0.012020     -0.230  555834506     0.0684    -1.3296 0.0000e+00
    17.8844   0.012010     -0.230  555834507     0.0683    -1.3293 0.0000e+00
    17.8865   0.012020     -0.230  555834509     0.0684    -1.3296 0.0000e+00
    17.8865   0.012030     -0.230  555834510     0.0684    -1.3296 0.0000e+00
    17.8843   0.011990     -0.230  555834512     0.0682    -1.3294 0.0000e+00
    17.8818   0.011990     -0.230  555834513     0.0682    -1.3289 0.0000e+00
    17.8834   0.011980     -0.230  555834515     0.0681    -1.3292 0.0000e+00
    17.8817   0.011980     -0.230  555834516     0.0681    -1.3289 0.0000e+00
    17.8800   0.011980     -0.230  555834518     0.0681    -1.3286 0.0000e+00
    17.8797   0.011990     -0.230  555834519     0.0682    -1.3285 0.0000e+00
    17.8780   0.011970     -0.230  555834521     0.0681    -1.3283 0.0000e+00
    17.8787   0.011950     -0.230  555834523     0.0680    -1.3285 0.0000e+00
    17.8770   0.011890     -0.230  555834524     0.0677    -1.3284 0.0000e+00
    17.8725   0.011830     -0.230  555834526     0.0673    -1.3278 0.0000e+00
    17.8718   0.011820     -0.230  555834527     0.0673    -1.3277 0.0000e+00
    17.8722   0.011830     -0.230  555834529     0.0673    -1.3278 0.0000e+00
    17.8756   0.011850     -0.230  555834530     0.0675    -1.3283 0.0000e+00
    17.8769   0.011920     -0.230  555834532     0.0678    -1.3283 0.0000e+00
    17.8795   0.011910     -0.230  555834533     0.0678    -1.3288 0.0000e+00
    17.8769   0.011910     -0.230  555834535     0.0678    -1.3283 0.0000e+00
    17.8778   0.011870     -0.230  555834536     0.0676    -1.3286 0.0000e+00
    17.8788   0.011880     -0.230  555834538     0.0676    -1.3288 0.0000e+00
    17.8796   0.011820     -0.230  555834539     0.0673    -1.3292 0.0000e+00
    17.8784   0.011830     -0.230  555834541     0.0673    -1.3289 0.0000e+00
    17.8789   0.011790     -0.230  555834542     0.0671    -1.3292 0.0000e+00
