Code/Hansen Zooplankton Code and Sample Data/data/ctd/gsl_09_SBE37SI-RS232_03706156_2017_08_08_final.cnv
* Sea-Bird SBE37SI-RS232  Data File:
* FileName = C:\Users\General Lab Use\Desktop\SHELAGH CTD 2017\gsl_09_SBE37SI-RS232_03706156_2017_08_08.cnv
* Software version 1.00d
* Temperature SN = 6156
* Conductivity SN = 6156
* System UpLoad Time = Aug 08 2017 10:00:07
* <ApplicationData>
* <Seaterm232>
# nquan = 7                                 
# nvalues = 2463                        
# units = specified
# name 0 = t090C: Temperature [ITS-90, deg C]
# name 1 = c0S/m: Conductivity [S/m]
# name 2 = prM: Pressure [db]
# name 3 = timeK: Time, Seacat Plus [seconds]
# name 4 = sal00: Salinity [PSU]
# name 5 = sigma-t00: Density [sigma-t, Kg/m^3 ]
# name 6 = flag: flag
# span 0 =    -0.7449,    17.6751       
# span 1 =   0.000200,   3.563640       
# span 2 =     -0.310,     77.380       
# span 3 =  555485108,  555488848       
# span 4 =     0.0089,    31.6066       
# span 5 =    -1.2509,    25.3815       
# span 6 = 0.0000e+00, 0.0000e+00       
# interval = seconds: 6.000000
# start_time = Aug 08 2017 05:25:08
# bad_flag = -9.990e-29
*END*
[from data line 1847]
    14.1243   0.012870     -0.290  555487912     0.0785    -0.7103 0.0000e+00
    14.1358   0.012790     -0.290  555487914     0.0780    -0.7123 0.0000e+00
    14.1418   0.012790     -0.290  555487916     0.0780    -0.7131 0.0000e+00
    14.1491   0.012750     -0.290  555487917     0.0777    -0.7144 0.0000e+00
    14.1537   0.012840     -0.290  555487919     0.0783    -0.7146 0.0000e+00
    14.1511   0.012800     -0.290  555487920     0.0780    -0.7144 0.0000e+00
    14.1514   0.012780     -0.290  555487922     0.0779    -0.7146 0.0000e+00
    14.1547   0.012790     -0.290  555487923     0.0780    -0.7150 0.0000e+00
    14.1528   0.012810     -0.290  555487925     0.0781    -0.7146 0.0000e+00
    14.1488   0.012830     -0.290  555487926     0.0782    -0.7140 0.0000e+00
    14.1349   0.012700     -0.290  555487928     0.0775    -0.7126 0.0000e+00
    14.1364   0.012790     -0.290  555487929     0.0780    -0.7124 0.0000e+00
    14.1311   0.012780     -0.290  555487931     0.0779    -0.7117 0.0000e+00
    14.1355   0.012800     -0.290  555487932     0.0781    -0.7122 0.0000e+00
    14.1418   0.012800     -0.290  555487934     0.0781    -0.7131 0.0000e+00
    14.1483   0.012810     -0.290  555487935     0.0781    -0.7140 0.0000e+00
    14.1492   0.012750     -0.290  555487937     0.0777    -0.7144 0.0000e+00
    14.1527   0.012910     -0.290  555487938     0.0787    -0.7141 0.0000e+00
    14.1539   0.012800     -0.290  555487940     0.0780    -0.7148 0.0000e+00
    14.1430   0.012900     -0.290  555487941     0.0786    -0.7128 0.0000e+00
    14.1438   0.012710     -0.290  555487943     0.0775    -0.7138 0.0000e+00
    14.1462   0.012810     -0.290  555487944     0.0781    -0.7137 0.0000e+00
    14.1482   0.012790     -0.290  555487946     0.0780    -0.7141 0.0000e+00
    14.1492   0.012780     -0.290  555487947     0.0779    -0.7142 0.0000e+00
    14.1513   0.012790     -0.290  555487949     0.0780    -0.7145 0.0000e+00
    14.1536   0.012730     -0.290  555487950     0.0776    -0.7151 0.0000e+00
    14.1476   0.012750     -0.290  555487952     0.0777    -0.7142 0.0000e+00
    14.1385   0.012680     -0.290  555487953     0.0773    -0.7132 0.0000e+00
    14.1396   0.012730     -0.290  555487955     0.0776    -0.7131 0.0000e+00
    14.1404   0.012630     -0.290  555487957     0.0770    -0.7137 0.0000e+00
    14.1440   0.012610     -0.290  555487958     0.0769    -0.7143 0.0000e+00
    14.1401   0.012650     -0.290  555487960     0.0772    -0.7136 0.0000e+00
    14.1465   0.012650     -0.290  555487961     0.0772    -0.7145 0.0000e+00
    14.1495   0.012650     -0.290  555487963     0.0771    -0.7149 0.0000e+00
    14.1492   0.012600     -0.290  555487964     0.0768    -0.7151 0.0000e+00
    14.1502   0.012670     -0.290  555487966     0.0773    -0.7149 0.0000e+00
    14.1482   0.012640     -0.290  555487967     0.0771    -0.7148 0.0000e+00
    14.1555   0.012620     -0.290  555487969     0.0770    -0.7159 0.0000e+00
    14.1607   0.012660     -0.290  555487970     0.0772    -0.7164 0.0000e+00
    14.1617   0.012600     -0.290  555487972     0.0768    -0.7169 0.0000e+00
    14.1705   0.012650     -0.290  555487973     0.0771    -0.7179 0.0000e+00
    14.1780   0.012660     -0.290  555487975     0.0772    -0.7189 0.0000e+00
    14.1786   0.012650     -0.290  555487976     0.0771    -0.7190 0.0000e+00
    14.1868   0.012660     -0.290  555487978     0.0771    -0.7202 0.0000e+00
    14.1950   0.012650     -0.290  555487979     0.0771    -0.7214 0.0000e+00
    14.1975   0.012610     -0.290  555487981     0.0768    -0.7219 0.0000e+00
    14.2031   0.012730     -0.290  555487982     0.0775    -0.7222 0.0000e+00
    14.2091   0.012580     -0.290  555487984     0.0766    -0.7237 0.0000e+00
    14.2119   0.012620     -0.290  555487985     0.0769    -0.7239 0.0000e+00
    14.2157   0.012610     -0.290  555487987     0.0768    -0.7245 0.0000e+00
    14.2196   0.012550     -0.290  555487988     0.0764    -0.7253 0.0000e+00
    14.2204   0.012580     -0.290  555487990     0.0766    -0.7253 0.0000e+00
    14.2214   0.012520     -0.290  555487991     0.0763    -0.7257 0.0000e+00
    14.2222   0.012470     -0.290  555487993     0.0760    -0.7261 0.0000e+00
    14.2251   0.012500     -0.290  555487995     0.0761    -0.7264 0.0000e+00
    14.2168   0.012500     -0.290  555487996     0.0762    -0.7252 0.0000e+00
    14.2118   0.012560     -0.290  555487998     0.0765    -0.7242 0.0000e+00
    14.2024   0.012560     -0.290  555487999     0.0765    -0.7228 0.0000e+00
    14.1944   0.012520     -0.290  555488001     0.0763    -0.7219 0.0000e+00
    14.1873   0.012560     -0.290  555488002     0.0766    -0.7207 0.0000e+00
    14.1904   0.012520     -0.290  555488004     0.0763    -0.7213 0.0000e+00
    14.1894   0.012600     -0.290  555488005     0.0768    -0.7208 0.0000e+00
    14.1900   0.012530     -0.290  555488007     0.0764    -0.7212 0.0000e+00
    14.1883   0.012530     -0.290  555488008     0.0764    -0.7210 0.0000e+00
    14.1879   0.012470     -0.290  555488010     0.0760    -0.7212 0.0000e+00
    14.1910   0.012530     -0.290  555488011     0.0764    -0.7214 0.0000e+00
    14.1909   0.012600     -0.290  555488013     0.0768    -0.7210 0.0000e+00
    14.1928   0.012660     -0.290  555488014     0.0771    -0.7210 0.0000e+00
    14.1808   0.012570     -0.290  555488016     0.0766    -0.7197 0.0000e+00
    14.1776   0.012630     -0.290  555488017     0.0770    -0.7190 0.0000e+00
    14.1778   0.012590     -0.290  555488019     0.0767    -0.7192 0.0000e+00
    14.1791   0.012660     -0.290  555488020     0.0772    -0.7191 0.0000e+00
    14.1712   0.012610     -0.290  555488022     0.0769    -0.7182 0.0000e+00
    14.1675   0.012670     -0.290  555488023     0.0772    -0.7174 0.0000e+00
    14.1668   0.012530     -0.290  555488025     0.0764    -0.7179 0.0000e+00
    14.1574   0.012630     -0.290  555488026     0.0770    -0.7161 0.0000e+00
    14.1211   0.012570     -0.290  555488028     0.0767    -0.7112 0.0000e+00
    14.1169   0.012570     -0.290  555488029     0.0767    -0.7106 0.0000e+00
    14.1034   0.012590     -0.290  555488031     0.0769    -0.7086 0.0000e+00
    14.0927   0.012530     -0.290  555488033     0.0765    -0.7074 0.0000e+00
    14.0939   0.012570     -0.290  555488034     0.0768    -0.7074 0.0000e+00
    14.0995   0.012450     -0.290  555488036     0.0760    -0.7087 0.0000e+00
    14.0917   0.012500     -0.290  555488037     0.0763    -0.7074 0.0000e+00
    14.0864   0.012450     -0.290  555488039     0.0761    -0.7069 0.0000e+00
    14.0828   0.012500     -0.290  555488040     0.0764    -0.7061 0.0000e+00
    14.0736   0.012520     -0.290  555488042     0.0765    -0.7047 0.0000e+00
    14.0785   0.012590     -0.290  555488043     0.0769    -0.7051 0.0000e+00
    14.0676   0.012580     -0.290  555488045     0.0769    -0.7036 0.0000e+00
    14.0723   0.012590     -0.290  555488046     0.0769    -0.7042 0.0000e+00
    14.0682   0.012600     -0.290  555488048     0.0770    -0.7036 0.0000e+00
    14.0611   0.012560     -0.290  555488049     0.0767    -0.7028 0.0000e+00
    14.0657   0.012520     -0.290  555488051     0.0765    -0.7036 0.0000e+00
    14.0651   0.012590     -0.290  555488052     0.0769    -0.7032 0.0000e+00
    14.0325   0.012610     -0.290  555488054     0.0771    -0.6985 0.0000e+00
    14.0385   0.012660     -0.290  555488055     0.0774    -0.6991 0.0000e+00
    14.0394   0.012560     -0.290  555488057     0.0768    -0.6997 0.0000e+00
    14.0395   0.012690     -0.290  555488058     0.0776    -0.6991 0.0000e+00
    14.0451   0.012520     -0.290  555488060     0.0765    -0.7007 0.0000e+00
    14.0390   0.012650     -0.290  555488061     0.0773    -0.6993 0.0000e+00
    14.0366   0.012620     -0.290  555488063     0.0771    -0.6991 0.0000e+00
    14.0292   0.012700     -0.290  555488064     0.0776    -0.6976 0.0000e+00
    14.0224   0.012700     -0.290  555488066     0.0776    -0.6967 0.0000e+00
    14.0266   0.012610     -0.290  555488067     0.0771    -0.6977 0.0000e+00
    14.0273   0.012640     -0.290  555488069     0.0773    -0.6977 0.0000e+00
    14.0241   0.012580     -0.290  555488070     0.0769    -0.6975 0.0000e+00
    14.0344   0.012540     -0.290  555488072     0.0767    -0.6991 0.0000e+00
    14.0506   0.012510     -0.290  555488074     0.0765    -0.7015 0.0000e+00
    14.0595   0.012510     -0.290  555488075     0.0765    -0.7028 0.0000e+00
    14.0607   0.012480     -0.290  555488077     0.0763    -0.7031 0.0000e+00
    14.0646   0.012510     -0.290  555488078     0.0764    -0.7035 0.0000e+00
    14.0587   0.012380     -0.290  555488080     0.0757    -0.7033 0.0000e+00
    14.0549   0.012410     -0.290  555488081     0.0759    -0.7026 0.0000e+00
    14.0489   0.012450     -0.290  555488083     0.0761    -0.7016 0.0000e+00
    14.0458   0.012410     -0.290  555488084     0.0759    -0.7013 0.0000e+00
    14.0442   0.012450     -0.290  555488086     0.0761    -0.7009 0.0000e+00
    14.0424   0.012450     -0.290  555488087     0.0761    -0.7007 0.0000e+00
    14.0441   0.012420     -0.290  555488089     0.0759    -0.7010 0.0000e+00
    14.0423   0.012480     -0.290  555488090     0.0763    -0.7005 0.0000e+00
    14.0414   0.012440     -0.290  555488092     0.0761    -0.7006 0.0000e+00
    14.0477   0.012460     -0.290  555488093     0.0762    -0.7014 0.0000e+00
    14.0512   0.012430     -0.290  555488095     0.0760    -0.7020 0.0000e+00
    14.0522   0.012450     -0.290  555488096     0.0761    -0.7020 0.0000e+00
    14.0521   0.012450     -0.290  555488098     0.0761    -0.7020 0.0000e+00
    14.0471   0.012460     -0.290  555488099     0.0762    -0.7013 0.0000e+00
    14.0434   0.012430     -0.290  555488101     0.0760    -0.7009 0.0000e+00
    14.0474   0.012370     -0.290  555488102     0.0756    -0.7017 0.0000e+00
    14.0542   0.012430     -0.290  555488104     0.0760    -0.7024 0.0000e+00
    14.0548   0.012380     -0.290  555488105     0.0757    -0.7027 0.0000e+00
    14.0618   0.012380     -0.290  555488107     0.0757    -0.7037 0.0000e+00
    14.0728   0.012390     -0.290  555488108     0.0757    -0.7052 0.0000e+00
    14.0718   0.012300     -0.290  555488110     0.0752    -0.7055 0.0000e+00
    14.0705   0.012290     -0.290  555488112     0.0751    -0.7054 0.0000e+00
    14.0699   0.012190     -0.290  555488113     0.0745    -0.7057 0.0000e+00
    14.0676   0.012110     -0.290  555488115     0.0741    -0.7058 0.0000e+00
    14.0634   0.012120     -0.290  555488116     0.0741    -0.7052 0.0000e+00
    14.0634   0.012050     -0.290  555488118     0.0737    -0.7055 0.0000e+00
    14.0645   0.011930     -0.290  555488119     0.0730    -0.7062 0.0000e+00
    14.0702   0.012010     -0.290  555488121     0.0735    -0.7066 0.0000e+00
    14.0815   0.011910     -0.290  555488122     0.0729    -0.7087 0.0000e+00
    14.0992   0.012100     -0.290  555488124     0.0740    -0.7103 0.0000e+00
    14.1065   0.012120     -0.290  555488125     0.0741    -0.7112 0.0000e+00
    14.1138   0.012130     -0.290  555488127     0.0741    -0.7122 0.0000e+00
    14.1306   0.011920     -0.290  555488128     0.0728    -0.7156 0.0000e+00
    14.1366   0.011790     -0.290  555488130     0.0721    -0.7170 0.0000e+00
    14.1404   0.011860     -0.290  555488131     0.0725    -0.7172 0.0000e+00
    14.1562   0.011880     -0.290  555488133     0.0726    -0.7194 0.0000e+00
    14.1590   0.011880     -0.290  555488134     0.0726    -0.7198 0.0000e+00
    14.1595   0.011940     -0.290  555488136     0.0729    -0.7196 0.0000e+00
    14.1588   0.011820     -0.290  555488137     0.0722    -0.7200 0.0000e+00
    14.1674   0.011890     -0.290  555488139     0.0726    -0.7209 0.0000e+00
    14.1767   0.011930     -0.290  555488140     0.0728    -0.7221 0.0000e+00
    14.1845   0.012130     -0.290  555488142     0.0740    -0.7223 0.0000e+00
    14.1967   0.012060     -0.290  555488143     0.0736    -0.7243 0.0000e+00
    14.2156   0.012580     -0.290  555488145     0.0766    -0.7246 0.0000e+00
    14.2739   0.012360     -0.290  555488146     0.0752    -0.7340 0.0000e+00
    14.5449   0.012270     -0.290  555488148     0.0743    -0.7738 0.0000e+00
    14.9151   0.011890     -0.290  555488150     0.0715    -0.8306 0.0000e+00
    14.9752   0.011810     -0.290  555488151     0.0710    -0.8401 0.0000e+00
    14.9871   0.011730     -0.290  555488153     0.0705    -0.8423 0.0000e+00
    14.9845   0.011600     -0.290  555488154     0.0698    -0.8424 0.0000e+00
    14.9967   0.011440     -0.290  555488156     0.0688    -0.8450 0.0000e+00
    15.0505   0.011510     -0.290  555488157     0.0692    -0.8529 0.0000e+00
    15.1178   0.011490     -0.290  555488159     0.0690    -0.8633 0.0000e+00
    15.1304   0.011410     -0.290  555488160     0.0685    -0.8656 0.0000e+00
    15.1274   0.011360     -0.290  555488162     0.0682    -0.8653 0.0000e+00
    15.1456   0.011420     -0.290  555488163     0.0685    -0.8679 0.0000e+00
    15.1418   0.011330     -0.290  555488165     0.0680    -0.8677 0.0000e+00
    15.1493   0.011450     -0.290  555488166     0.0687    -0.8683 0.0000e+00
    15.1454   0.011330     -0.290  555488168     0.0680    -0.8682 0.0000e+00
    15.1321   0.011290     -0.290  555488169     0.0678    -0.8664 0.0000e+00
    15.1129   0.011130     -0.290  555488171     0.0669    -0.8641 0.0000e+00
    15.0857   0.011090     -0.290  555488172     0.0667    -0.8602 0.0000e+00
    15.0366   0.010940     -0.290  555488174     0.0659    -0.8533 0.0000e+00
    14.9974   0.010990     -0.290  555488175     0.0662    -0.8471 0.0000e+00
    14.9806   0.011020     -0.290  555488177     0.0664    -0.8445 0.0000e+00
    14.9742   0.011110     -0.290  555488178     0.0669    -0.8431 0.0000e+00
    14.9667   0.011170     -0.290  555488180     0.0673    -0.8417 0.0000e+00
    14.9539   0.011120     -0.290  555488181     0.0670    -0.8400 0.0000e+00
    14.9509   0.011200     -0.290  555488183     0.0675    -0.8391 0.0000e+00
    14.9445   0.011310     -0.290  555488184     0.0681    -0.8377 0.0000e+00
    14.9500   0.011320     -0.290  555488186     0.0682    -0.8385 0.0000e+00
    14.9566   0.011430     -0.290  555488187     0.0688    -0.8390 0.0000e+00
    14.9520   0.011460     -0.290  555488189     0.0690    -0.8381 0.0000e+00
    14.9474   0.011710     -0.290  555488191     0.0705    -0.8363 0.0000e+00
    14.9425   0.016200     -0.300  555488192     0.0967    -0.8152 0.0000e+00
    14.9014   0.025110     -0.300  555488194     0.1500    -0.7677 0.0000e+00
    14.8543   0.024040     -0.300  555488195     0.1437    -0.7655 0.0000e+00
    14.8315   0.023500     -0.300  555488197     0.1405    -0.7646 0.0000e+00
    14.7909   0.022400     -0.300  555488198     0.1340    -0.7636 0.0000e+00
    14.7943   0.020190     -0.300  555488200     0.1208    -0.7744 0.0000e+00
    14.7687   0.017620     -0.300  555488201     0.1055    -0.7824 0.0000e+00
    14.7669   0.014730     -0.300  555488203     0.0884    -0.7954 0.0000e+00
    14.7563   0.012690     -0.300  555488204     0.0764    -0.8032 0.0000e+00
    14.7285   0.012050     -0.300  555488206     0.0727    -0.8019 0.0000e+00
    14.7034   0.011540     -0.300  555488207     0.0698    -0.8005 0.0000e+00
    14.6526   0.010960     -0.300  555488209     0.0665    -0.7956 0.0000e+00
    14.6131   0.010790     -0.310  555488210     0.0656    -0.7905 0.0000e+00
    14.5816   0.010150     -0.300  555488212     0.0619    -0.7888 0.0000e+00
    14.5574   0.010010     -0.310  555488213     0.0611    -0.7859 0.0000e+00
    14.5197   0.010130     -0.300  555488215     0.0618    -0.7798 0.0000e+00
    14.5013   0.009930     -0.300  555488216     0.0607    -0.7780 0.0000e+00
    14.5091   0.009980     -0.300  555488218     0.0610    -0.7789 0.0000e+00
    14.4896   0.009880     -0.300  555488219     0.0604    -0.7765 0.0000e+00
    14.4705   0.009850     -0.300  555488221     0.0602    -0.7739 0.0000e+00
