Code/Hansen Zooplankton Code and Sample Data/data/ctd/gsl_16_SBE37SI-RS232_03706156_2017_08_12_final.cnv
* Sea-Bird SBE37SI-RS232  Data File:
* FileName = C:\Users\General Lab Use\Desktop\SHELAGH CTD 2017\gsl_16_SBE37SI-RS232_03706156_2017_08_12.cnv
* Software version 1.00d
* Temperature SN = 6156
* Conductivity SN = 6156
* System UpLoad Time = Aug 12 2017 09:50:57
* <ApplicationData>
* <Seaterm232>
# nquan = 7                                 
# nvalues = 2003                        
# units = specified
# name 0 = t090C: Temperature [ITS-90, deg C]
# name 1 = c0S/m: Conductivity [S/m]
# name 2 = prM: Pressure [db]
# name 3 = timeK: Time, Seacat Plus [seconds]
# name 4 = sal00: Salinity [PSU]
# name 5 = sigma-t00: Density [sigma-t, Kg/m^3 ]
# name 6 = flag: flag
# span 0 =    -0.3058,    20.3803       
# span 1 =   0.000300,   3.662450       
# span 2 =     -0.260,     67.970       
# span 3 =  555832670,  555835722       
# span 4 =     0.0101,    31.9196       
# span 5 =    -1.8058,    25.6245       
# span 6 = 0.0000e+00, 0.0000e+00       
# interval = seconds: 6.000000
# start_time = Aug 12 2017 05:57:50
# bad_flag = -9.990e-29
*END*
[from data line 616]
    18.4761   3.610290      2.020  555833608    26.4754    18.6445 0.0000e+00
    18.4794   3.627140      1.460  555833609    26.6104    18.7466 0.0000e+00
    18.4719   3.620790      1.030  555833611    26.5637    18.7128 0.0000e+00
    18.4777   3.617230      0.810  555833612    26.5311    18.6866 0.0000e+00
    18.4746   3.612460      0.730  555833614    26.4944    18.6593 0.0000e+00
    18.4740   3.608480      0.670  555833615    26.4624    18.6351 0.0000e+00
    18.4827   3.618310      0.670  555833617    26.5367    18.6897 0.0000e+00
    18.4789   3.567870      0.510  555833618    26.1295    18.3802 0.0000e+00
    18.4811   3.628980      0.680  555833620    26.6245    18.7569 0.0000e+00
    18.4794   3.592680      0.500  555833621    26.3306    18.5334 0.0000e+00
    18.4801   3.619840      0.560  555833623    26.5509    18.7010 0.0000e+00
    18.4785   3.615630      0.540  555833624    26.5177    18.6761 0.0000e+00
    18.4739   3.622060      0.170  555833626    26.5730    18.7194 0.0000e+00
    18.4746   3.621710     -0.020  555833627    26.5698    18.7168 0.0000e+00
    18.4730   2.153960     -0.020  555833629    15.0055     9.9221 0.0000e+00
    18.4784   3.630160      0.020  555833630    26.6361    18.7664 0.0000e+00
    18.4522   1.057890     -0.130  555833632     6.9430     3.8043 0.0000e+00
    18.4653   3.634650      0.160  555833634    26.6810    18.8037 0.0000e+00
    18.4618   1.069580     -0.200  555833635     7.0242     3.8640 0.0000e+00
    18.4686   3.640880      0.170  555833637    26.7296    18.8400 0.0000e+00
    18.4712   1.906980     -0.210  555833638    13.1397     8.5057 0.0000e+00
    18.4457   0.288780     -0.210  555833640     1.7366    -0.1573 0.0000e+00
    18.3533   0.189570     -0.210  555833641     1.1167    -0.6132 0.0000e+00
    18.2345   0.134740     -0.220  555833643     0.7828    -0.8461 0.0000e+00
    18.0650   0.082950     -0.210  555833644     0.4741    -1.0509 0.0000e+00
    17.9623   0.075170     -0.210  555833646     0.4291    -1.0664 0.0000e+00
    17.8932   0.056970     -0.220  555833647     0.3228    -1.1352 0.0000e+00
    17.8328   0.050770     -0.220  555833649     0.2871    -1.1515 0.0000e+00
    17.7821   0.043530     -0.220  555833650     0.2455    -1.1742 0.0000e+00
    17.7471   0.038580     -0.210  555833652     0.2172    -1.1896 0.0000e+00
    17.7097   0.033160     -0.220  555833653     0.1864    -1.2064 0.0000e+00
    17.7018   0.031210     -0.210  555833655     0.1753    -1.2135 0.0000e+00
    17.6994   0.031930     -0.220  555833656     0.1794    -1.2099 0.0000e+00
    17.7186   0.034940     -0.210  555833658     0.1965    -1.2003 0.0000e+00
    17.7252   0.032110     -0.220  555833659     0.1804    -1.2139 0.0000e+00
    17.7412   0.029740     -0.210  555833661     0.1669    -1.2272 0.0000e+00
    17.7437   0.026610     -0.220  555833663     0.1492    -1.2413 0.0000e+00
    17.7450   0.027810     -0.210  555833664     0.1559    -1.2363 0.0000e+00
    17.7566   0.026900     -0.220  555833666     0.1508    -1.2424 0.0000e+00
    17.7725   0.025990     -0.220  555833667     0.1456    -1.2493 0.0000e+00
    17.7828   0.024430     -0.210  555833669     0.1368    -1.2579 0.0000e+00
    17.7924   0.023050     -0.210  555833670     0.1291    -1.2656 0.0000e+00
    17.8021   0.021750     -0.210  555833672     0.1218    -1.2730 0.0000e+00
    17.8169   0.020910     -0.210  555833673     0.1171    -1.2793 0.0000e+00
    17.8250   0.019800     -0.220  555833675     0.1109    -1.2856 0.0000e+00
    17.8395   0.019800     -0.210  555833676     0.1109    -1.2883 0.0000e+00
    17.8339   0.019110     -0.220  555833678     0.1071    -1.2901 0.0000e+00
    17.8384   0.020810     -0.210  555833679     0.1165    -1.2837 0.0000e+00
    17.8285   0.022320     -0.220  555833681     0.1249    -1.2755 0.0000e+00
    17.8265   0.026010     -0.210  555833682     0.1455    -1.2592 0.0000e+00
    17.8199   0.024590     -0.220  555833684     0.1376    -1.2641 0.0000e+00
    17.8081   0.024410     -0.210  555833685     0.1366    -1.2627 0.0000e+00
    17.8084   0.021550     -0.210  555833687     0.1207    -1.2750 0.0000e+00
    17.8094   0.020210     -0.210  555833688     0.1132    -1.2809 0.0000e+00
    17.8166   0.019370     -0.210  555833690     0.1086    -1.2858 0.0000e+00
    17.8076   0.018410     -0.210  555833691     0.1033    -1.2883 0.0000e+00
    17.8069   0.018490     -0.190  555833693     0.1037    -1.2878 0.0000e+00
    17.8005   0.018500     -0.190  555833695     0.1038    -1.2866 0.0000e+00
    17.7749   0.019090     -0.190  555833696     0.1071    -1.2793 0.0000e+00
    17.7426   0.019170     -0.190  555833698     0.1076    -1.2730 0.0000e+00
    17.7376   0.019320     -0.190  555833699     0.1085    -1.2715 0.0000e+00
    17.7178   0.019360     -0.190  555833701     0.1087    -1.2677 0.0000e+00
    17.7145   0.019310     -0.190  555833702     0.1085    -1.2673 0.0000e+00
    17.6990   0.019340     -0.190  555833704     0.1087    -1.2643 0.0000e+00
    17.6764   0.019170     -0.190  555833705     0.1078    -1.2609 0.0000e+00
    17.6544   0.019200     -0.190  555833707     0.1080    -1.2567 0.0000e+00
    17.6394   0.019000     -0.190  555833708     0.1069    -1.2548 0.0000e+00
    17.6291   0.018980     -0.190  555833710     0.1068    -1.2530 0.0000e+00
    17.6120   0.018820     -0.190  555833711     0.1060    -1.2506 0.0000e+00
    17.5977   0.018730     -0.190  555833713     0.1055    -1.2484 0.0000e+00
    17.5780   0.018600     -0.190  555833714     0.1048    -1.2453 0.0000e+00
    17.5666   0.018470     -0.190  555833716     0.1041    -1.2438 0.0000e+00
    17.5577   0.018340     -0.190  555833717     0.1034    -1.2428 0.0000e+00
    17.5732   0.018250     -0.190  555833719     0.1029    -1.2460 0.0000e+00
    17.5772   0.018080     -0.190  555833720     0.1020    -1.2474 0.0000e+00
    17.5789   0.018020     -0.190  555833722     0.1016    -1.2480 0.0000e+00
    17.5703   0.017860     -0.190  555833724     0.1008    -1.2471 0.0000e+00
    17.5614   0.017820     -0.190  555833725     0.1006    -1.2456 0.0000e+00
    17.5522   0.017670     -0.190  555833727     0.0997    -1.2446 0.0000e+00
    17.5436   0.017580     -0.190  555833728     0.0993    -1.2434 0.0000e+00
    17.5603   0.017410     -0.190  555833730     0.0983    -1.2472 0.0000e+00
    17.5607   0.017330     -0.190  555833731     0.0978    -1.2476 0.0000e+00
    17.5297   0.017190     -0.190  555833733     0.0971    -1.2426 0.0000e+00
    17.5484   0.017130     -0.190  555833734     0.0968    -1.2462 0.0000e+00
    17.5552   0.017000     -0.190  555833736     0.0960    -1.2480 0.0000e+00
    17.5581   0.016940     -0.190  555833737     0.0957    -1.2488 0.0000e+00
    17.5641   0.016820     -0.190  555833739     0.0950    -1.2504 0.0000e+00
    17.5757   0.016780     -0.190  555833740     0.0948    -1.2527 0.0000e+00
    17.5725   0.016650     -0.190  555833742     0.0941    -1.2526 0.0000e+00
    17.5698   0.016610     -0.190  555833743     0.0939    -1.2523 0.0000e+00
    17.5556   0.016490     -0.190  555833745     0.0932    -1.2503 0.0000e+00
    17.5463   0.016490     -0.190  555833746     0.0932    -1.2486 0.0000e+00
    17.5444   0.016370     -0.190  555833748     0.0926    -1.2487 0.0000e+00
    17.5502   0.016320     -0.190  555833749     0.0923    -1.2500 0.0000e+00
    17.5532   0.016250     -0.190  555833751     0.0919    -1.2508 0.0000e+00
    17.5563   0.016210     -0.190  555833752     0.0917    -1.2516 0.0000e+00
    17.5353   0.016100     -0.190  555833754     0.0911    -1.2482 0.0000e+00
    17.5314   0.016060     -0.190  555833756     0.0909    -1.2477 0.0000e+00
    17.5234   0.015970     -0.190  555833757     0.0904    -1.2466 0.0000e+00
    17.5339   0.015920     -0.190  555833759     0.0901    -1.2487 0.0000e+00
    17.5491   0.015850     -0.190  555833760     0.0897    -1.2518 0.0000e+00
    17.5684   0.015790     -0.190  555833762     0.0893    -1.2556 0.0000e+00
    17.5682   0.015700     -0.190  555833763     0.0888    -1.2559 0.0000e+00
    17.5543   0.015670     -0.200  555833765     0.0887    -1.2535 0.0000e+00
    17.5604   0.015560     -0.190  555833766     0.0881    -1.2551 0.0000e+00
    17.5636   0.015560     -0.190  555833768     0.0881    -1.2557 0.0000e+00
    17.5802   0.015430     -0.190  555833769     0.0873    -1.2592 0.0000e+00
    17.5885   0.015450     -0.190  555833771     0.0874    -1.2606 0.0000e+00
    17.5740   0.015330     -0.190  555833772     0.0868    -1.2585 0.0000e+00
    17.5554   0.015330     -0.190  555833774     0.0868    -1.2551 0.0000e+00
    17.5440   0.015230     -0.200  555833775     0.0863    -1.2535 0.0000e+00
    17.5417   0.015210     -0.190  555833777     0.0862    -1.2532 0.0000e+00
    17.5485   0.015130     -0.200  555833778     0.0857    -1.2547 0.0000e+00
    17.5601   0.015090     -0.200  555833780     0.0855    -1.2570 0.0000e+00
    17.5616   0.015030     -0.200  555833781     0.0852    -1.2575 0.0000e+00
    17.5723   0.015000     -0.200  555833783     0.0850    -1.2596 0.0000e+00
    17.5686   0.014950     -0.200  555833784     0.0847    -1.2591 0.0000e+00
    17.5662   0.014900     -0.200  555833786     0.0845    -1.2589 0.0000e+00
    17.5639   0.014860     -0.200  555833788     0.0842    -1.2587 0.0000e+00
    17.5631   0.014820     -0.200  555833789     0.0840    -1.2587 0.0000e+00
    17.5584   0.014770     -0.200  555833791     0.0838    -1.2581 0.0000e+00
    17.5646   0.014730     -0.200  555833792     0.0835    -1.2593 0.0000e+00
    17.5760   0.014700     -0.200  555833794     0.0833    -1.2615 0.0000e+00
    17.5775   0.014630     -0.200  555833795     0.0830    -1.2621 0.0000e+00
    17.5796   0.014640     -0.200  555833797     0.0830    -1.2624 0.0000e+00
    17.5708   0.014550     -0.200  555833798     0.0825    -1.2612 0.0000e+00
    17.5490   0.014580     -0.200  555833800     0.0827    -1.2571 0.0000e+00
    17.5423   0.014480     -0.200  555833801     0.0822    -1.2564 0.0000e+00
    17.5440   0.014520     -0.200  555833803     0.0824    -1.2565 0.0000e+00
    17.5358   0.014430     -0.200  555833804     0.0819    -1.2554 0.0000e+00
    17.5295   0.014430     -0.200  555833806     0.0819    -1.2542 0.0000e+00
    17.5195   0.014380     -0.200  555833807     0.0817    -1.2526 0.0000e+00
    17.5128   0.014350     -0.210  555833809     0.0815    -1.2516 0.0000e+00
    17.5058   0.014310     -0.210  555833810     0.0813    -1.2505 0.0000e+00
    17.5119   0.014290     -0.200  555833812     0.0812    -1.2517 0.0000e+00
    17.5084   0.014250     -0.210  555833813     0.0810    -1.2512 0.0000e+00
    17.5049   0.014230     -0.210  555833815     0.0809    -1.2506 0.0000e+00
    17.4928   0.014200     -0.210  555833817     0.0807    -1.2486 0.0000e+00
    17.4876   0.014170     -0.210  555833818     0.0806    -1.2478 0.0000e+00
    17.4938   0.014130     -0.210  555833820     0.0804    -1.2491 0.0000e+00
    17.5008   0.014120     -0.210  555833821     0.0803    -1.2504 0.0000e+00
    17.5053   0.014090     -0.210  555833823     0.0801    -1.2513 0.0000e+00
    17.5179   0.014060     -0.210  555833824     0.0799    -1.2537 0.0000e+00
    17.5311   0.014050     -0.210  555833826     0.0799    -1.2561 0.0000e+00
    17.5354   0.014020     -0.210  555833827     0.0797    -1.2570 0.0000e+00
    17.5411   0.013990     -0.210  555833829     0.0795    -1.2582 0.0000e+00
    17.5429   0.013980     -0.210  555833830     0.0795    -1.2586 0.0000e+00
    17.5454   0.013950     -0.210  555833832     0.0793    -1.2592 0.0000e+00
    17.5444   0.013930     -0.210  555833833     0.0792    -1.2591 0.0000e+00
    17.5417   0.013920     -0.210  555833835     0.0791    -1.2586 0.0000e+00
    17.5383   0.013870     -0.210  555833836     0.0789    -1.2582 0.0000e+00
    17.5423   0.013880     -0.210  555833838     0.0789    -1.2589 0.0000e+00
    17.5439   0.013810     -0.210  555833839     0.0785    -1.2595 0.0000e+00
    17.5300   0.013840     -0.210  555833841     0.0787    -1.2568 0.0000e+00
    17.5263   0.013760     -0.210  555833842     0.0783    -1.2565 0.0000e+00
    17.5143   0.013790     -0.210  555833844     0.0785    -1.2542 0.0000e+00
    17.4985   0.013720     -0.210  555833845     0.0781    -1.2516 0.0000e+00
    17.4906   0.013750     -0.220  555833847     0.0783    -1.2501 0.0000e+00
    17.5064   0.013690     -0.220  555833848     0.0779    -1.2532 0.0000e+00
    17.5296   0.013700     -0.210  555833850     0.0779    -1.2573 0.0000e+00
    17.5333   0.013660     -0.220  555833852     0.0777    -1.2582 0.0000e+00
    17.5514   0.013640     -0.220  555833853     0.0776    -1.2615 0.0000e+00
    17.5614   0.013620     -0.220  555833855     0.0775    -1.2634 0.0000e+00
    17.5646   0.013570     -0.220  555833856     0.0772    -1.2642 0.0000e+00
    17.5646   0.013580     -0.220  555833858     0.0772    -1.2642 0.0000e+00
    17.5594   0.013530     -0.220  555833859     0.0770    -1.2635 0.0000e+00
    17.5488   0.013560     -0.220  555833861     0.0772    -1.2614 0.0000e+00
    17.5555   0.013480     -0.220  555833862     0.0767    -1.2630 0.0000e+00
    17.5567   0.013540     -0.220  555833864     0.0770    -1.2629 0.0000e+00
    17.5598   0.013440     -0.220  555833865     0.0765    -1.2639 0.0000e+00
    17.5632   0.013500     -0.220  555833867     0.0768    -1.2643 0.0000e+00
    17.5600   0.013400     -0.220  555833868     0.0763    -1.2641 0.0000e+00
    17.5595   0.013450     -0.220  555833870     0.0765    -1.2638 0.0000e+00
    17.5554   0.013380     -0.220  555833871     0.0762    -1.2634 0.0000e+00
    17.5536   0.013410     -0.220  555833873     0.0763    -1.2629 0.0000e+00
    17.5520   0.013340     -0.220  555833874     0.0759    -1.2629 0.0000e+00
    17.5548   0.013400     -0.220  555833876     0.0763    -1.2632 0.0000e+00
    17.5608   0.013310     -0.220  555833877     0.0758    -1.2646 0.0000e+00
    17.5603   0.013380     -0.220  555833879     0.0762    -1.2643 0.0000e+00
    17.5519   0.013270     -0.220  555833881     0.0756    -1.2632 0.0000e+00
    17.5587   0.013340     -0.220  555833882     0.0759    -1.2641 0.0000e+00
    17.5538   0.013240     -0.220  555833884     0.0754    -1.2637 0.0000e+00
    17.5473   0.013300     -0.220  555833885     0.0757    -1.2622 0.0000e+00
    17.5401   0.013220     -0.220  555833887     0.0753    -1.2613 0.0000e+00
    17.5414   0.013230     -0.220  555833888     0.0754    -1.2615 0.0000e+00
    17.5411   0.013160     -0.220  555833890     0.0750    -1.2617 0.0000e+00
    17.5405   0.013170     -0.220  555833891     0.0750    -1.2615 0.0000e+00
    17.5505   0.013110     -0.220  555833893     0.0747    -1.2636 0.0000e+00
    17.5426   0.013130     -0.220  555833894     0.0748    -1.2621 0.0000e+00
    17.5520   0.013070     -0.220  555833896     0.0745    -1.2640 0.0000e+00
    17.5692   0.013090     -0.220  555833897     0.0746    -1.2671 0.0000e+00
    17.5653   0.013040     -0.230  555833899     0.0743    -1.2666 0.0000e+00
    17.5662   0.013060     -0.220  555833900     0.0744    -1.2667 0.0000e+00
    17.5654   0.013010     -0.220  555833902     0.0741    -1.2667 0.0000e+00
    17.5800   0.013040     -0.230  555833903     0.0743    -1.2693 0.0000e+00
    17.5809   0.012990     -0.220  555833905     0.0740    -1.2696 0.0000e+00
    17.5827   0.013000     -0.220  555833906     0.0741    -1.2699 0.0000e+00
    17.5734   0.012960     -0.230  555833908     0.0738    -1.2684 0.0000e+00
    17.5678   0.012970     -0.230  555833909     0.0739    -1.2673 0.0000e+00
    17.5633   0.012930     -0.230  555833911     0.0737    -1.2667 0.0000e+00
    17.5468   0.012930     -0.230  555833913     0.0737    -1.2637 0.0000e+00
    17.5537   0.012910     -0.230  555833914     0.0736    -1.2650 0.0000e+00
    17.5589   0.012890     -0.230  555833916     0.0735    -1.2661 0.0000e+00
    17.5649   0.012880     -0.230  555833917     0.0734    -1.2672 0.0000e+00
