Code/Hansen Zooplankton Code and Sample Data/data/ctd/gsl_12_SBE37SI-RS232_03706156_2017_08_11_final.cnv
* Sea-Bird SBE37SI-RS232  Data File:
* FileName = C:\Users\General Lab Use\Desktop\SHELAGH CTD 2017\gsl_12_SBE37SI-RS232_03706156_2017_08_11.cnv
* Software version 1.00d
* Temperature SN = 6156
* Conductivity SN = 6156
* System UpLoad Time = Aug 11 2017 00:43:36
* <ApplicationData>
* <Seaterm232>
# nquan = 7                                 
# nvalues = 2318                        
# units = specified
# name 0 = t090C: Temperature [ITS-90, deg C]
# name 1 = c0S/m: Conductivity [S/m]
# name 2 = prM: Pressure [db]
# name 3 = timeK: Time, Seacat Plus [seconds]
# name 4 = sal00: Salinity [PSU]
# name 5 = sigma-t00: Density [sigma-t, Kg/m^3 ]
# name 6 = flag: flag
# span 0 =    -0.2584,    20.6000       
# span 1 =   0.000000,   3.665880       
# span 2 =     -0.250,    121.870       
# span 3 =  555711688,  555715230       
# span 4 =     0.0000,    32.5132       
# span 5 =    -1.9106,    26.0455       
# span 6 = 0.0000e+00, 0.0000e+00       
# interval = seconds: 6.000000
# start_time = Aug 10 2017 20:21:28
# bad_flag = -9.990e-29
*END*
[from data line 2257]
    16.6951   0.011260     -0.220  555715137     0.0657    -1.1206 0.0000e+00
    16.6925   0.011200     -0.220  555715139     0.0653    -1.1204 0.0000e+00
    16.6896   0.011210     -0.220  555715140     0.0654    -1.1199 0.0000e+00
    16.6924   0.011120     -0.220  555715142     0.0649    -1.1207 0.0000e+00
    16.6929   0.011160     -0.220  555715143     0.0651    -1.1206 0.0000e+00
    16.6948   0.011130     -0.220  555715145     0.0649    -1.1211 0.0000e+00
    16.6955   0.011120     -0.220  555715147     0.0649    -1.1213 0.0000e+00
    16.6898   0.011350     -0.220  555715148     0.0662    -1.1193 0.0000e+00
    16.6959   0.012460     -0.230  555715150     0.0723    -1.1156 0.0000e+00
    16.6986   0.013970     -0.230  555715151     0.0807    -1.1096 0.0000e+00
    16.7231   0.013370     -0.230  555715153     0.0773    -1.1164 0.0000e+00
    16.7262   0.013620     -0.240  555715154     0.0787    -1.1158 0.0000e+00
    16.7957   0.015100     -0.240  555715156     0.0869    -1.1214 0.0000e+00
    16.8838   0.017110     -0.230  555715157     0.0980    -1.1280 0.0000e+00
    16.9270   0.016640     -0.240  555715159     0.0953    -1.1376 0.0000e+00
    16.9663   0.015790     -0.240  555715160     0.0904    -1.1481 0.0000e+00
    17.0028   0.014800     -0.240  555715162     0.0848    -1.1588 0.0000e+00
    17.0348   0.014490     -0.240  555715163     0.0831    -1.1657 0.0000e+00
    17.0600   0.014510     -0.230  555715165     0.0831    -1.1701 0.0000e+00
    17.0976   0.012840     -0.220  555715166     0.0739    -1.1838 0.0000e+00
    17.1198   0.014250     -0.200  555715168     0.0816    -1.1817 0.0000e+00
    17.1222   0.018430     -0.210  555715169     0.1049    -1.1642 0.0000e+00
    17.1791   0.018620     -0.210  555715171     0.1058    -1.1735 0.0000e+00
    17.2763   0.017850     -0.210  555715173     0.1013    -1.1941 0.0000e+00
    17.3562   0.017100     -0.210  555715174     0.0970    -1.2116 0.0000e+00
    17.4423   0.015370     -0.210  555715176     0.0872    -1.2345 0.0000e+00
    17.5004   0.015380     -0.200  555715177     0.0872    -1.2450 0.0000e+00
    17.5883   0.014460     -0.220  555715179     0.0820    -1.2648 0.0000e+00
    17.5461   0.013350     -0.220  555715180     0.0760    -1.2618 0.0000e+00
    17.5038   0.012530     -0.220  555715182     0.0716    -1.2576 0.0000e+00
    17.4444   0.011940     -0.230  555715183     0.0685    -1.2494 0.0000e+00
    17.3911   0.011830     -0.230  555715185     0.0679    -1.2402 0.0000e+00
    17.3538   0.013140     -0.230  555715186     0.0751    -1.2281 0.0000e+00
    17.3227   0.015130     -0.230  555715188     0.0861    -1.2141 0.0000e+00
    17.2922   0.013410     -0.240  555715189     0.0767    -1.2159 0.0000e+00
    17.2612   0.015760     -0.240  555715191     0.0897    -1.2004 0.0000e+00
    17.2286   0.014510     -0.240  555715192     0.0829    -1.1999 0.0000e+00
    17.1840   0.013230     -0.230  555715194     0.0759    -1.1974 0.0000e+00
    17.1566   0.012400     -0.230  555715195     0.0714    -1.1961 0.0000e+00
    17.1373   0.011880     -0.230  555715197     0.0685    -1.1949 0.0000e+00
    17.1357   0.011280     -0.220  555715199     0.0653    -1.1971 0.0000e+00
    17.1607   0.011430     -0.230  555715200     0.0660    -1.2009 0.0000e+00
    17.1593   0.011570     -0.230  555715202     0.0668    -1.2001 0.0000e+00
    17.1583   0.011740     -0.230  555715203     0.0677    -1.1992 0.0000e+00
    17.1876   0.011850     -0.220  555715205     0.0683    -1.2039 0.0000e+00
    17.1812   0.011980     -0.230  555715206     0.0690    -1.2022 0.0000e+00
    17.1785   0.012040     -0.220  555715208     0.0694    -1.2015 0.0000e+00
    17.1667   0.012070     -0.230  555715209     0.0695    -1.1993 0.0000e+00
    17.1576   0.012050     -0.230  555715211     0.0694    -1.1978 0.0000e+00
    17.1502   0.012050     -0.230  555715212     0.0694    -1.1964 0.0000e+00
    17.1353   0.012050     -0.230  555715214     0.0695    -1.1938 0.0000e+00
    17.1127   0.011980     -0.230  555715215     0.0691    -1.1901 0.0000e+00
    17.1008   0.011970     -0.220  555715217     0.0691    -1.1881 0.0000e+00
    17.0863   0.011930     -0.230  555715218     0.0689    -1.1857 0.0000e+00
    17.0778   0.011870     -0.230  555715220     0.0686    -1.1845 0.0000e+00
    17.0460   0.011810     -0.230  555715223     0.0683    -1.1791 0.0000e+00
    17.0356   0.011760     -0.230  555715224     0.0680    -1.1775 0.0000e+00
    17.0333   0.011700     -0.230  555715226     0.0677    -1.1774 0.0000e+00
    17.0363   0.011660     -0.230  555715227     0.0675    -1.1781 0.0000e+00
    17.0296   0.011630     -0.230  555715229     0.0673    -1.1770 0.0000e+00
    17.0498   0.011590     -0.230  555715230     0.0671    -1.1807 0.0000e+00
