Code/Hansen Zooplankton Code and Sample Data/data/ctd/gsl_05_SBE37SI-RS232_03706156_2017_07_08_final.cnv
* Sea-Bird SBE37SI-RS232  Data File:
* FileName = C:\Users\General Lab Use\Desktop\SHELAGH CTD 2017\gsl_05_SBE37SI-RS232_03706156_2017_07_08.cnv
* Software version 1.00d
* Temperature SN = 6156
* Conductivity SN = 6156
* System UpLoad Time = Jul 09 2017 00:00:20
* <ApplicationData>
* <Seaterm232>
# nquan = 7                                 
# nvalues = 1823                        
# units = specified
# name 0 = t090C: Temperature [ITS-90, deg C]
# name 1 = c0S/m: Conductivity [S/m]
# name 2 = prM: Pressure [db]
# name 3 = timeK: Time, Seacat Plus [seconds]
# name 4 = sal00: Salinity [PSU]
# name 5 = sigma-t00: Density [sigma-t, Kg/m^3 ]
# name 6 = flag: flag
# span 0 =    -0.1402,    21.3840       
# span 1 =   0.000530,   3.349360       
# span 2 =     -0.400,     83.600       
# span 3 =  552856310,  552859088       
# span 4 =     0.0108,    32.1100       
# span 5 =    -2.0299,    25.7553       
# span 6 = 0.0000e+00, 0.0000e+00       
# interval = seconds: 6.000000
# start_time = Jul 08 2017 19:11:50
# bad_flag = -9.990e-29
*END*
[from data line 1026]
    16.8538   0.013570     -0.390  552857874     0.0782    -1.1381 0.0000e+00
    16.8548   0.013570     -0.390  552857875     0.0782    -1.1383 0.0000e+00
    16.8674   0.013540     -0.390  552857877     0.0781    -1.1406 0.0000e+00
    16.8900   0.013530     -0.390  552857878     0.0780    -1.1445 0.0000e+00
    16.9038   0.013460     -0.390  552857880     0.0776    -1.1472 0.0000e+00
    16.9066   0.013430     -0.390  552857881     0.0774    -1.1479 0.0000e+00
    16.9123   0.013420     -0.390  552857883     0.0773    -1.1489 0.0000e+00
    16.9179   0.013390     -0.390  552857884     0.0772    -1.1500 0.0000e+00
    16.9165   0.013370     -0.390  552857886     0.0770    -1.1498 0.0000e+00
    16.9121   0.013380     -0.390  552857887     0.0771    -1.1490 0.0000e+00
    16.9129   0.013360     -0.390  552857889     0.0770    -1.1493 0.0000e+00
    16.9245   0.013320     -0.390  552857890     0.0768    -1.1514 0.0000e+00
    16.9259   0.013310     -0.390  552857892     0.0767    -1.1517 0.0000e+00
    16.9317   0.013380     -0.390  552857893     0.0771    -1.1524 0.0000e+00
    16.9304   0.013420     -0.390  552857895     0.0773    -1.1520 0.0000e+00
    16.9311   0.013400     -0.390  552857897     0.0772    -1.1523 0.0000e+00
    16.9355   0.013360     -0.390  552857898     0.0770    -1.1532 0.0000e+00
    16.9314   0.013340     -0.390  552857900     0.0769    -1.1526 0.0000e+00
    16.9301   0.013320     -0.390  552857901     0.0767    -1.1524 0.0000e+00
    16.9357   0.013230     -0.390  552857903     0.0762    -1.1538 0.0000e+00
    16.9343   0.013210     -0.390  552857904     0.0761    -1.1536 0.0000e+00
    16.9317   0.013200     -0.390  552857906     0.0761    -1.1532 0.0000e+00
    16.9360   0.013180     -0.390  552857907     0.0760    -1.1541 0.0000e+00
    16.9399   0.013180     -0.390  552857909     0.0760    -1.1547 0.0000e+00
    16.9492   0.013190     -0.390  552857910     0.0760    -1.1563 0.0000e+00
    16.9574   0.013160     -0.390  552857912     0.0758    -1.1579 0.0000e+00
    16.9554   0.013150     -0.390  552857913     0.0758    -1.1576 0.0000e+00
    16.9555   0.013170     -0.390  552857915     0.0759    -1.1575 0.0000e+00
    16.9640   0.013150     -0.390  552857916     0.0758    -1.1591 0.0000e+00
    16.9743   0.013210     -0.390  552857918     0.0761    -1.1606 0.0000e+00
    16.9761   0.013270     -0.390  552857919     0.0764    -1.1607 0.0000e+00
    16.9834   0.013220     -0.390  552857921     0.0761    -1.1622 0.0000e+00
    16.9820   0.013190     -0.390  552857922     0.0759    -1.1620 0.0000e+00
    16.9746   0.013180     -0.390  552857924     0.0759    -1.1608 0.0000e+00
    16.9795   0.013130     -0.390  552857926     0.0756    -1.1619 0.0000e+00
    16.9860   0.013130     -0.390  552857927     0.0756    -1.1630 0.0000e+00
    16.9851   0.013120     -0.390  552857929     0.0756    -1.1629 0.0000e+00
    16.9961   0.013090     -0.390  552857930     0.0754    -1.1649 0.0000e+00
    16.9983   0.013070     -0.390  552857932     0.0753    -1.1654 0.0000e+00
    17.0030   0.013070     -0.390  552857933     0.0753    -1.1662 0.0000e+00
    16.9967   0.013070     -0.390  552857935     0.0753    -1.1651 0.0000e+00
    16.9983   0.013060     -0.390  552857936     0.0752    -1.1654 0.0000e+00
    17.0124   0.013040     -0.390  552857938     0.0751    -1.1680 0.0000e+00
    17.0196   0.013030     -0.390  552857939     0.0750    -1.1693 0.0000e+00
    17.0284   0.013040     -0.390  552857941     0.0751    -1.1708 0.0000e+00
    17.0292   0.013010     -0.390  552857942     0.0749    -1.1711 0.0000e+00
    17.0425   0.012990     -0.390  552857944     0.0748    -1.1735 0.0000e+00
    17.0485   0.012980     -0.390  552857945     0.0747    -1.1746 0.0000e+00
    17.0603   0.012960     -0.390  552857947     0.0746    -1.1768 0.0000e+00
    17.0698   0.012950     -0.390  552857948     0.0745    -1.1785 0.0000e+00
    17.0832   0.012960     -0.390  552857950     0.0745    -1.1808 0.0000e+00
    17.0884   0.012940     -0.390  552857951     0.0744    -1.1818 0.0000e+00
    17.0842   0.012900     -0.390  552857953     0.0742    -1.1812 0.0000e+00
    17.0828   0.012910     -0.390  552857954     0.0743    -1.1809 0.0000e+00
    17.0785   0.012880     -0.390  552857956     0.0741    -1.1803 0.0000e+00
    17.0777   0.012860     -0.390  552857958     0.0740    -1.1802 0.0000e+00
    17.0697   0.012870     -0.390  552857959     0.0741    -1.1788 0.0000e+00
    17.0655   0.012860     -0.390  552857961     0.0740    -1.1781 0.0000e+00
    17.0716   0.012840     -0.390  552857962     0.0739    -1.1792 0.0000e+00
    17.0766   0.012860     -0.390  552857964     0.0740    -1.1800 0.0000e+00
    17.0766   0.012840     -0.390  552857965     0.0739    -1.1801 0.0000e+00
    17.0789   0.012870     -0.390  552857967     0.0740    -1.1804 0.0000e+00
    17.0776   0.012870     -0.390  552857968     0.0740    -1.1802 0.0000e+00
    17.0721   0.012940     -0.390  552857970     0.0744    -1.1789 0.0000e+00
    17.0630   0.012950     -0.390  552857971     0.0745    -1.1773 0.0000e+00
    17.0634   0.013020     -0.390  552857973     0.0749    -1.1770 0.0000e+00
    17.0678   0.013070     -0.390  552857974     0.0752    -1.1776 0.0000e+00
    17.0679   0.013030     -0.390  552857976     0.0749    -1.1778 0.0000e+00
    17.0711   0.012990     -0.390  552857977     0.0747    -1.1785 0.0000e+00
    17.0703   0.013020     -0.390  552857979     0.0749    -1.1783 0.0000e+00
    17.0622   0.012980     -0.390  552857980     0.0747    -1.1770 0.0000e+00
    17.0589   0.013080     -0.390  552857982     0.0752    -1.1760 0.0000e+00
    17.0527   0.013050     -0.390  552857983     0.0751    -1.1750 0.0000e+00
    17.0509   0.013010     -0.390  552857985     0.0749    -1.1749 0.0000e+00
    17.0458   0.013020     -0.390  552857987     0.0749    -1.1739 0.0000e+00
    17.0433   0.012970     -0.390  552857988     0.0746    -1.1737 0.0000e+00
    17.0391   0.013020     -0.390  552857990     0.0749    -1.1728 0.0000e+00
    17.0341   0.012960     -0.390  552857991     0.0746    -1.1721 0.0000e+00
    17.0406   0.012980     -0.390  552857993     0.0747    -1.1732 0.0000e+00
    17.0499   0.012960     -0.390  552857994     0.0746    -1.1749 0.0000e+00
    17.0497   0.013010     -0.390  552857996     0.0749    -1.1747 0.0000e+00
    17.0609   0.013000     -0.390  552857997     0.0748    -1.1767 0.0000e+00
    17.0551   0.013040     -0.390  552857999     0.0750    -1.1755 0.0000e+00
    17.0511   0.012980     -0.390  552858000     0.0747    -1.1750 0.0000e+00
    17.0512   0.012960     -0.390  552858002     0.0746    -1.1752 0.0000e+00
    17.0485   0.012910     -0.390  552858003     0.0743    -1.1749 0.0000e+00
    17.0445   0.012890     -0.390  552858005     0.0742    -1.1743 0.0000e+00
    17.0454   0.012850     -0.390  552858006     0.0740    -1.1746 0.0000e+00
    17.0526   0.012890     -0.390  552858008     0.0742    -1.1757 0.0000e+00
    17.0640   0.012910     -0.390  552858009     0.0743    -1.1776 0.0000e+00
    17.0651   0.012920     -0.390  552858011     0.0743    -1.1778 0.0000e+00
    17.0661   0.012880     -0.390  552858012     0.0741    -1.1781 0.0000e+00
    17.0715   0.012850     -0.390  552858014     0.0739    -1.1792 0.0000e+00
    17.0914   0.012860     -0.390  552858015     0.0740    -1.1826 0.0000e+00
    17.0942   0.013000     -0.390  552858017     0.0747    -1.1825 0.0000e+00
    17.0853   0.012990     -0.390  552858019     0.0747    -1.1810 0.0000e+00
    17.0903   0.012920     -0.390  552858020     0.0743    -1.1822 0.0000e+00
    17.0944   0.012930     -0.390  552858022     0.0744    -1.1829 0.0000e+00
    17.0900   0.012880     -0.390  552858023     0.0741    -1.1823 0.0000e+00
    17.0893   0.012860     -0.390  552858025     0.0740    -1.1823 0.0000e+00
    17.0824   0.012820     -0.390  552858026     0.0738    -1.1812 0.0000e+00
    17.0814   0.012820     -0.390  552858028     0.0738    -1.1811 0.0000e+00
    17.0746   0.012800     -0.390  552858029     0.0737    -1.1799 0.0000e+00
    17.0793   0.012840     -0.390  552858031     0.0739    -1.1806 0.0000e+00
    17.0957   0.012870     -0.390  552858032     0.0740    -1.1834 0.0000e+00
    17.0998   0.012830     -0.390  552858034     0.0738    -1.1843 0.0000e+00
    17.0996   0.012790     -0.390  552858035     0.0736    -1.1844 0.0000e+00
    17.1045   0.012760     -0.390  552858037     0.0734    -1.1854 0.0000e+00
    17.1059   0.012720     -0.390  552858038     0.0732    -1.1858 0.0000e+00
    17.1144   0.012690     -0.390  552858040     0.0730    -1.1874 0.0000e+00
    17.1080   0.012640     -0.390  552858041     0.0727    -1.1865 0.0000e+00
    17.1055   0.012600     -0.390  552858043     0.0725    -1.1862 0.0000e+00
    17.1035   0.012580     -0.390  552858044     0.0724    -1.1860 0.0000e+00
    17.1090   0.012550     -0.390  552858046     0.0722    -1.1871 0.0000e+00
    17.1053   0.012560     -0.390  552858047     0.0723    -1.1864 0.0000e+00
    17.0993   0.012550     -0.390  552858049     0.0723    -1.1854 0.0000e+00
    17.0996   0.012590     -0.390  552858051     0.0725    -1.1852 0.0000e+00
    17.0998   0.012560     -0.390  552858052     0.0723    -1.1854 0.0000e+00
    17.1004   0.012550     -0.390  552858054     0.0723    -1.1855 0.0000e+00
    17.1055   0.012550     -0.390  552858055     0.0722    -1.1864 0.0000e+00
    17.1140   0.012520     -0.390  552858057     0.0721    -1.1881 0.0000e+00
    17.1147   0.012500     -0.390  552858058     0.0720    -1.1883 0.0000e+00
    17.1176   0.012480     -0.390  552858060     0.0718    -1.1889 0.0000e+00
    17.1171   0.012440     -0.390  552858061     0.0716    -1.1890 0.0000e+00
    17.1185   0.012430     -0.390  552858063     0.0716    -1.1892 0.0000e+00
    17.1273   0.012460     -0.390  552858064     0.0717    -1.1907 0.0000e+00
    17.1250   0.012480     -0.390  552858066     0.0718    -1.1902 0.0000e+00
    17.1169   0.012460     -0.390  552858067     0.0717    -1.1888 0.0000e+00
    17.1198   0.012490     -0.390  552858069     0.0719    -1.1892 0.0000e+00
    17.1202   0.012450     -0.390  552858070     0.0717    -1.1895 0.0000e+00
    17.1242   0.012470     -0.390  552858072     0.0718    -1.1901 0.0000e+00
    17.1292   0.012460     -0.390  552858073     0.0717    -1.1910 0.0000e+00
    17.1296   0.012460     -0.390  552858075     0.0717    -1.1911 0.0000e+00
    17.1332   0.012400     -0.390  552858076     0.0714    -1.1920 0.0000e+00
    17.1300   0.012400     -0.390  552858078     0.0714    -1.1914 0.0000e+00
    17.1331   0.012410     -0.390  552858079     0.0714    -1.1919 0.0000e+00
    17.1345   0.012410     -0.390  552858081     0.0714    -1.1922 0.0000e+00
    17.1411   0.012370     -0.390  552858083     0.0712    -1.1935 0.0000e+00
    17.1419   0.012360     -0.390  552858084     0.0712    -1.1937 0.0000e+00
    17.1433   0.012350     -0.390  552858086     0.0711    -1.1940 0.0000e+00
    17.1413   0.012340     -0.390  552858087     0.0710    -1.1937 0.0000e+00
    17.1533   0.012390     -0.390  552858089     0.0713    -1.1956 0.0000e+00
    17.1567   0.012380     -0.390  552858090     0.0712    -1.1962 0.0000e+00
    17.1587   0.012360     -0.390  552858092     0.0711    -1.1966 0.0000e+00
    17.1613   0.012340     -0.390  552858093     0.0710    -1.1972 0.0000e+00
    17.1681   0.012330     -0.390  552858095     0.0710    -1.1984 0.0000e+00
    17.1751   0.012310     -0.390  552858096     0.0708    -1.1998 0.0000e+00
    17.1721   0.012280     -0.390  552858098     0.0707    -1.1993 0.0000e+00
    17.1738   0.012290     -0.390  552858099     0.0707    -1.1996 0.0000e+00
    17.1849   0.012300     -0.390  552858101     0.0708    -1.2015 0.0000e+00
    17.1919   0.012250     -0.390  552858102     0.0705    -1.2030 0.0000e+00
    17.1954   0.012260     -0.390  552858104     0.0705    -1.2036 0.0000e+00
    17.1965   0.012220     -0.390  552858105     0.0703    -1.2039 0.0000e+00
    17.1963   0.012190     -0.390  552858107     0.0702    -1.2040 0.0000e+00
    17.1994   0.012180     -0.390  552858108     0.0701    -1.2046 0.0000e+00
    17.2030   0.012180     -0.390  552858110     0.0701    -1.2052 0.0000e+00
    17.1995   0.012130     -0.390  552858112     0.0698    -1.2048 0.0000e+00
    17.1919   0.012100     -0.390  552858113     0.0697    -1.2036 0.0000e+00
    17.1911   0.012090     -0.390  552858115     0.0696    -1.2035 0.0000e+00
    17.1912   0.012080     -0.390  552858116     0.0696    -1.2036 0.0000e+00
    17.1922   0.012030     -0.390  552858118     0.0693    -1.2040 0.0000e+00
    17.1890   0.012060     -0.390  552858119     0.0694    -1.2033 0.0000e+00
    17.1863   0.012010     -0.390  552858121     0.0692    -1.2030 0.0000e+00
    17.1827   0.012010     -0.390  552858122     0.0692    -1.2024 0.0000e+00
    17.1771   0.012000     -0.390  552858124     0.0691    -1.2014 0.0000e+00
    17.1758   0.012010     -0.390  552858125     0.0692    -1.2011 0.0000e+00
    17.1722   0.012020     -0.390  552858127     0.0693    -1.2005 0.0000e+00
    17.1691   0.011990     -0.390  552858128     0.0691    -1.2000 0.0000e+00
    17.1633   0.011990     -0.390  552858130     0.0691    -1.1990 0.0000e+00
    17.1647   0.012000     -0.390  552858131     0.0692    -1.1992 0.0000e+00
    17.1633   0.011990     -0.390  552858133     0.0691    -1.1990 0.0000e+00
    17.1637   0.012010     -0.390  552858134     0.0692    -1.1990 0.0000e+00
    17.1605   0.012000     -0.390  552858136     0.0692    -1.1985 0.0000e+00
    17.1601   0.011990     -0.390  552858137     0.0691    -1.1985 0.0000e+00
    17.1623   0.011990     -0.390  552858139     0.0691    -1.1988 0.0000e+00
    17.1743   0.012010     -0.390  552858140     0.0692    -1.2009 0.0000e+00
    17.1768   0.012080     -0.390  552858142     0.0696    -1.2010 0.0000e+00
    17.1803   0.012100     -0.390  552858144     0.0697    -1.2016 0.0000e+00
    17.1859   0.012150     -0.390  552858145     0.0699    -1.2023 0.0000e+00
    17.1927   0.012190     -0.390  552858147     0.0702    -1.2034 0.0000e+00
    17.1929   0.012200     -0.390  552858148     0.0702    -1.2034 0.0000e+00
    17.1923   0.012180     -0.390  552858150     0.0701    -1.2033 0.0000e+00
    17.1910   0.012130     -0.390  552858151     0.0698    -1.2033 0.0000e+00
    17.1900   0.012110     -0.390  552858153     0.0697    -1.2032 0.0000e+00
    17.1929   0.012050     -0.390  552858154     0.0694    -1.2040 0.0000e+00
    17.1983   0.012030     -0.390  552858156     0.0693    -1.2050 0.0000e+00
    17.1982   0.012020     -0.390  552858157     0.0692    -1.2051 0.0000e+00
    17.1988   0.012000     -0.390  552858159     0.0691    -1.2053 0.0000e+00
    17.2036   0.011970     -0.390  552858160     0.0689    -1.2062 0.0000e+00
    17.2138   0.011940     -0.390  552858162     0.0688    -1.2082 0.0000e+00
    17.2260   0.012020     -0.390  552858163     0.0692    -1.2100 0.0000e+00
    17.2393   0.012030     -0.390  552858165     0.0692    -1.2123 0.0000e+00
    17.2433   0.012080     -0.390  552858166     0.0695    -1.2128 0.0000e+00
    17.2453   0.012060     -0.390  552858168     0.0694    -1.2133 0.0000e+00
    17.2511   0.012090     -0.390  552858169     0.0695    -1.2142 0.0000e+00
    17.2554   0.012080     -0.390  552858171     0.0695    -1.2150 0.0000e+00
    17.2606   0.012150     -0.390  552858173     0.0698    -1.2156 0.0000e+00
    17.2582   0.012120     -0.390  552858174     0.0697    -1.2153 0.0000e+00
    17.2569   0.012110     -0.390  552858176     0.0696    -1.2151 0.0000e+00
    17.2584   0.012100     -0.390  552858177     0.0696    -1.2154 0.0000e+00
    17.2614   0.012130     -0.390  552858179     0.0697    -1.2158 0.0000e+00
    17.2632   0.012120     -0.390  552858180     0.0697    -1.2162 0.0000e+00
    17.2629   0.012090     -0.390  552858182     0.0695    -1.2163 0.0000e+00
    17.2696   0.012100     -0.390  552858183     0.0696    -1.2174 0.0000e+00
