Code/Hansen Zooplankton Code and Sample Data/data/ctd/gsl_08_SBE37SI-RS232_03706156_2017_08_02_final.cnv
* Sea-Bird SBE37SI-RS232  Data File:
* FileName = C:\Users\General Lab Use\Desktop\SHELAGH CTD 2017\gsl_08_SBE37SI-RS232_03706156_2017_08_02.cnv
* Software version 1.00d
* Temperature SN = 6156
* Conductivity SN = 6156
* System UpLoad Time = Aug 02 2017 21:22:44
* <ApplicationData>
* <Seaterm232>
# nquan = 7                                 
# nvalues = 1382                        
# units = specified
# name 0 = t090C: Temperature [ITS-90, deg C]
# name 1 = c0S/m: Conductivity [S/m]
# name 2 = prM: Pressure [db]
# name 3 = timeK: Time, Seacat Plus [seconds]
# name 4 = sal00: Salinity [PSU]
# name 5 = sigma-t00: Density [sigma-t, Kg/m^3 ]
# name 6 = flag: flag
# span 0 =     0.0964,    19.7346       
# span 1 =   0.000890,   3.456100       
# span 2 =     -0.230,     90.370       
# span 3 =  555010939,  555013044       
# span 4 =     0.0120,    32.4625       
# span 5 =    -1.6556,    26.0124       
# span 6 = 0.0000e+00, 0.0000e+00       
# interval = seconds: 6.000000
# start_time = Aug 02 2017 17:42:19
# bad_flag = -9.990e-29
*END*
[from data line 411]
    16.6352   0.028910     -0.200  555011566     0.1662    -1.0328 0.0000e+00
    16.6372   0.027590     -0.210  555011567     0.1586    -1.0390 0.0000e+00
    16.6504   0.028480     -0.200  555011569     0.1637    -1.0373 0.0000e+00
    16.6419   0.029750     -0.210  555011570     0.1711    -1.0301 0.0000e+00
    16.6920   0.035560     -0.210  555011572     0.2048    -1.0127 0.0000e+00
    16.7076   0.038740     -0.210  555011573     0.2234    -1.0010 0.0000e+00
    16.7188   0.042100     -0.210  555011575     0.2432    -0.9877 0.0000e+00
    16.7365   0.040980     -0.210  555011576     0.2365    -0.9959 0.0000e+00
    16.7424   0.039820     -0.210  555011578     0.2296    -1.0022 0.0000e+00
    16.7198   0.041370     -0.210  555011579     0.2389    -0.9912 0.0000e+00
    16.7124   0.040510     -0.210  555011581     0.2338    -0.9938 0.0000e+00
    16.7136   0.042970     -0.210  555011582     0.2484    -0.9828 0.0000e+00
    16.7131   0.042720     -0.210  555011584     0.2469    -0.9838 0.0000e+00
    16.7001   0.040990     -0.210  555011585     0.2367    -0.9894 0.0000e+00
    16.6977   0.037350     -0.210  555011587     0.2153    -1.0056 0.0000e+00
    16.6869   0.035680     -0.210  555011588     0.2055    -1.0112 0.0000e+00
    16.6915   0.033720     -0.210  555011590     0.1940    -1.0209 0.0000e+00
    16.6744   0.034880     -0.210  555011592     0.2009    -1.0127 0.0000e+00
    16.6613   0.037730     -0.210  555011593     0.2177    -0.9975 0.0000e+00
    16.6576   0.042240     -0.210  555011595     0.2444    -0.9763 0.0000e+00
    16.6565   0.139770     -0.180  555011596     0.8448    -0.5139 0.0000e+00
    16.2965   3.332770      0.180  555011598    25.5672    18.4432 0.0000e+00
    16.2172   3.455250      1.090  555011599    26.6616    19.2984 0.0000e+00
    16.2132   3.454870      1.580  555011601    26.6609    19.2988 0.0000e+00
    16.2020   3.455490      2.480  555011602    26.6734    19.3108 0.0000e+00
    16.2084   3.456100      2.740  555011604    26.6743    19.3100 0.0000e+00
    16.1341   3.448710      3.900  555011605    26.6604    19.3154 0.0000e+00
    15.5165   3.425990      4.080  555011607    26.8811    19.6159 0.0000e+00
    15.0606   3.394870      5.150  555011608    26.9207    19.7410 0.0000e+00
    14.9311   3.398920      5.530  555011610    27.0454    19.8634 0.0000e+00
    14.8599   3.398580      6.600  555011611    27.0913    19.9132 0.0000e+00
    14.8491   3.400780      7.090  555011613    27.1181    19.9360 0.0000e+00
    14.8768   3.404690      7.860  555011614    27.1331    19.9419 0.0000e+00
    14.9178   3.405730      8.830  555011616    27.1136    19.9185 0.0000e+00
    14.7376   3.404800      9.330  555011617    27.2305    20.0451 0.0000e+00
    14.5426   3.375370     10.370  555011619    27.1050    19.9879 0.0000e+00
    13.7878   3.323590     11.300  555011620    27.1701    20.1869 0.0000e+00
    12.7473   3.280310     12.530  555011622    27.5194    20.6526 0.0000e+00
    12.5436   3.283410     13.340  555011624    27.6969    20.8271 0.0000e+00
    12.4148   3.277730     14.160  555011625    27.7383    20.8825 0.0000e+00
    12.3132   3.274130     15.340  555011627    27.7792    20.9325 0.0000e+00
    12.0795   3.276100     16.190  555011628    27.9712    21.1229 0.0000e+00
    11.8895   3.260780     17.340  555011630    27.9680    21.1540 0.0000e+00
    11.3096   3.248070     18.400  555011631    28.2854    21.5005 0.0000e+00
    11.1398   3.239200     19.220  555011633    28.3297    21.5637 0.0000e+00
    11.0405   3.232250     20.490  555011634    28.3383    21.5871 0.0000e+00
    10.9910   3.233560     20.860  555011636    28.3890    21.6348 0.0000e+00
    10.7005   3.214380     21.950  555011637    28.4266    21.7122 0.0000e+00
    10.4891   3.206050     21.890  555011639    28.5096    21.8113 0.0000e+00
    10.2355   3.190010     22.960  555011640    28.5497    21.8833 0.0000e+00
    10.1657   3.187320     22.800  555011642    28.5780    21.9165 0.0000e+00
    10.0449   3.186920     23.770  555011643    28.6691    22.0065 0.0000e+00
     9.9375   3.177270     24.240  555011645    28.6578    22.0146 0.0000e+00
     8.9730   3.153720     25.200  555011646    29.1973    22.5823 0.0000e+00
     9.1418   3.146720     25.970  555011648    28.9877    22.3936 0.0000e+00
     8.6772   3.133250     26.710  555011649    29.2297    22.6508 0.0000e+00
     8.6436   3.123010     27.890  555011651    29.1513    22.5943 0.0000e+00
     8.3393   3.122940     28.170  555011652    29.4028    22.8344 0.0000e+00
     7.4584   3.088620     29.440  555011654    29.7862    23.2553 0.0000e+00
     6.6460   3.065490     29.740  555011655    30.2439    23.7191 0.0000e+00
     5.9603   3.024860     31.290  555011657    30.4067    23.9297 0.0000e+00
     6.0115   3.000780     31.370  555011659    30.0939    23.6768 0.0000e+00
     5.3755   2.968400     32.880  555011660    30.3011    23.9120 0.0000e+00
     4.3775   2.931030     33.100  555011662    30.7906    24.4030 0.0000e+00
     3.6543   2.891420     34.390  555011663    31.0079    24.6436 0.0000e+00
     3.6228   2.912450     35.250  555011665    31.2868    24.8683 0.0000e+00
     2.7951   2.878330     36.140  555011666    31.6832    25.2550 0.0000e+00
     2.5850   2.841650     37.050  555011668    31.4432    25.0799 0.0000e+00
     2.7278   2.861180     37.810  555011669    31.5402    25.1462 0.0000e+00
     2.7914   2.863190     38.230  555011671    31.5019    25.1106 0.0000e+00
     2.6178   2.860250     39.400  555011672    31.6366    25.2319 0.0000e+00
     2.3573   2.849050     39.810  555011674    31.7578    25.3488 0.0000e+00
     2.3427   2.839800     41.070  555011675    31.6580    25.2700 0.0000e+00
     2.4576   2.839360     41.350  555011677    31.5385    25.1659 0.0000e+00
     2.1829   2.817770     42.830  555011678    31.5444    25.1910 0.0000e+00
     2.0502   2.817530     42.950  555011680    31.6736    25.3039 0.0000e+00
     1.9824   2.805970     44.370  555011681    31.5972    25.2475 0.0000e+00
     1.9234   2.805920     44.470  555011683    31.6555    25.2983 0.0000e+00
     1.7492   2.783940     45.830  555011684    31.5552    25.2298 0.0000e+00
     1.5799   2.777580     46.140  555011686    31.6454    25.3132 0.0000e+00
     1.2817   2.756770     47.250  555011687    31.6836    25.3626 0.0000e+00
     1.2016   2.757460     47.810  555011689    31.7734    25.4395 0.0000e+00
     0.7834   2.726470     48.750  555011691    31.8044    25.4884 0.0000e+00
     0.7109   2.727930     49.530  555011692    31.8973    25.5671 0.0000e+00
     0.5983   2.716380     50.480  555011694    31.8638    25.5462 0.0000e+00
     0.4319   2.702940     51.270  555011695    31.8612    25.5526 0.0000e+00
     0.4354   2.705840     52.120  555011697    31.8947    25.5794 0.0000e+00
     0.3593   2.695150     53.050  555011698    31.8341    25.5343 0.0000e+00
     0.2875   2.700640     53.750  555011700    31.9797    25.6551 0.0000e+00
     0.2855   2.685510     54.880  555011701    31.7839    25.4974 0.0000e+00
     0.1467   2.692050     55.420  555011703    32.0133    25.6889 0.0000e+00
     0.1734   2.682240     56.450  555011704    31.8566    25.5613 0.0000e+00
     0.2550   2.689320     57.090  555011706    31.8639    25.5634 0.0000e+00
     0.2420   2.683940     58.240  555011707    31.8066    25.5178 0.0000e+00
     0.2365   2.688050     58.770  555011709    31.8656    25.5656 0.0000e+00
     0.2297   2.687120     59.700  555011710    31.8600    25.5614 0.0000e+00
     0.1932   2.681400     60.570  555011712    31.8227    25.5330 0.0000e+00
     0.1715   2.682490     61.660  555011713    31.8588    25.5632 0.0000e+00
     0.1751   2.683910     62.220  555011715    31.8733    25.5747 0.0000e+00
     0.1388   2.680580     63.280  555011716    31.8669    25.5712 0.0000e+00
     0.1062   2.682690     63.970  555011718    31.9281    25.6220 0.0000e+00
     0.1231   2.683710     64.940  555011719    31.9233    25.6174 0.0000e+00
     0.1556   2.686020     65.710  555011721    31.9192    25.6126 0.0000e+00
     0.1812   2.690700     66.520  555011723    31.9533    25.6389 0.0000e+00
     0.1984   2.692330     67.520  555011724    31.9561    25.6404 0.0000e+00
     0.2099   2.695850     68.210  555011726    31.9898    25.6669 0.0000e+00
     0.2197   2.695800     69.470  555011727    31.9782    25.6571 0.0000e+00
     0.2250   2.697340     69.880  555011729    31.9925    25.6685 0.0000e+00
     0.2413   2.698530     70.910  555011730    31.9905    25.6660 0.0000e+00
     0.2399   2.701030     71.410  555011732    32.0243    25.6934 0.0000e+00
     0.2414   2.699080     72.480  555011733    31.9967    25.6710 0.0000e+00
     0.2475   2.701410     72.980  555011735    32.0205    25.6899 0.0000e+00
     0.2781   2.703520     73.910  555011736    32.0156    25.6845 0.0000e+00
     0.3157   2.708450     74.610  555011738    32.0402    25.7025 0.0000e+00
     0.3152   2.705590     75.480  555011739    32.0030    25.6726 0.0000e+00
     0.3846   2.718720     76.410  555011741    32.1011    25.7482 0.0000e+00
     0.4658   2.724390     77.050  555011742    32.0898    25.7350 0.0000e+00
     0.4680   2.729310     78.230  555011744    32.1507    25.7839 0.0000e+00
     0.6071   2.741250     78.510  555011745    32.1603    25.7843 0.0000e+00
     0.6119   2.749520     79.700  555011747    32.2615    25.8656 0.0000e+00
     0.7541   2.761610     80.030  555011748    32.2691    25.8639 0.0000e+00
     0.7658   2.765530     81.050  555011750    32.3068    25.8936 0.0000e+00
     0.7956   2.770160     81.650  555011751    32.3350    25.9146 0.0000e+00
     0.8046   2.772780     82.500  555011753    32.3589    25.9333 0.0000e+00
     0.8551   2.776540     83.360  555011755    32.3540    25.9265 0.0000e+00
     0.8658   2.779230     84.100  555011756    32.3770    25.9444 0.0000e+00
     0.8680   2.779110     84.790  555011758    32.3728    25.9409 0.0000e+00
     0.8638   2.779400     85.260  555011759    32.3806    25.9474 0.0000e+00
     0.8658   2.779810     86.130  555011761    32.3833    25.9494 0.0000e+00
     0.8747   2.780910     86.770  555011762    32.3878    25.9525 0.0000e+00
     0.8759   2.781570     87.520  555011764    32.3946    25.9579 0.0000e+00
     0.8777   2.781940     88.190  555011765    32.3971    25.9598 0.0000e+00
     0.8768   2.782160     88.630  555011767    32.4006    25.9627 0.0000e+00
     0.8775   2.782370     89.170  555011768    32.4023    25.9640 0.0000e+00
     0.8765   2.782430     89.610  555011770    32.4039    25.9653 0.0000e+00
     0.8766   2.782490     90.170  555011771    32.4042    25.9656 0.0000e+00
     0.8769   2.782710     90.150  555011773    32.4067    25.9676 0.0000e+00
     0.8779   2.782530     90.160  555011774    32.4034    25.9649 0.0000e+00
     0.8793   2.782480     90.120  555011776    32.4013    25.9631 0.0000e+00
     0.8806   2.782160     89.010  555011777    32.3964    25.9591 0.0000e+00
     0.8782   2.781990     87.760  555011779    32.3975    25.9601 0.0000e+00
     0.8768   2.782090     87.020  555011780    32.4006    25.9627 0.0000e+00
     0.8763   2.781880     86.240  555011782    32.3989    25.9614 0.0000e+00
     0.8752   2.782020     85.530  555011783    32.4022    25.9641 0.0000e+00
     0.8759   2.782110     85.110  555011785    32.4029    25.9646 0.0000e+00
     0.8762   2.782140     84.450  555011786    32.4034    25.9649 0.0000e+00
     0.8750   2.782140     84.010  555011788    32.4049    25.9662 0.0000e+00
     0.8758   2.782450     83.430  555011790    32.4083    25.9690 0.0000e+00
     0.8748   2.782450     83.360  555011791    32.4094    25.9699 0.0000e+00
     0.8747   2.782040     82.510  555011793    32.4047    25.9661 0.0000e+00
     0.8720   2.781910     82.170  555011794    32.4061    25.9674 0.0000e+00
     0.8668   2.781010     81.240  555011796    32.4005    25.9632 0.0000e+00
     0.8540   2.780110     80.860  555011797    32.4025    25.9655 0.0000e+00
     0.8503   2.779060     79.970  555011799    32.3933    25.9584 0.0000e+00
     0.8423   2.777940     79.410  555011800    32.3876    25.9542 0.0000e+00
     0.8171   2.776150     78.850  555011802    32.3912    25.9586 0.0000e+00
     0.7986   2.772610     78.280  555011803    32.3653    25.9388 0.0000e+00
     0.7467   2.769430     77.660  555011805    32.3789    25.9526 0.0000e+00
     0.7064   2.762550     77.170  555011806    32.3326    25.9176 0.0000e+00
     0.5863   2.758400     76.800  555011808    32.4048    25.9823 0.0000e+00
     0.5434   2.746440     76.180  555011809    32.2952    25.8963 0.0000e+00
     0.4797   2.743590     75.690  555011811    32.3252    25.9239 0.0000e+00
     0.4485   2.741990     75.710  555011812    32.3372    25.9351 0.0000e+00
     0.4426   2.736000     75.430  555011814    32.2657    25.8778 0.0000e+00
     0.4350   2.732230     75.120  555011815    32.2248    25.8453 0.0000e+00
     0.4180   2.727230     74.350  555011817    32.1781    25.8085 0.0000e+00
     0.4107   2.725360     74.080  555011818    32.1615    25.7955 0.0000e+00
     0.3516   2.714240     73.280  555011820    32.0790    25.7320 0.0000e+00
     0.2848   2.708280     72.850  555011822    32.0713    25.7290 0.0000e+00
     0.2505   2.701840     72.110  555011823    32.0234    25.6922 0.0000e+00
     0.2453   2.701860     71.800  555011825    32.0293    25.6971 0.0000e+00
     0.2449   2.698630     70.890  555011826    31.9881    25.6639 0.0000e+00
     0.2487   2.700290     70.590  555011828    32.0059    25.6781 0.0000e+00
     0.2492   2.697490     69.830  555011829    31.9693    25.6486 0.0000e+00
     0.2461   2.697610     69.470  555011831    31.9743    25.6528 0.0000e+00
     0.2368   2.694650     68.640  555011832    31.9458    25.6303 0.0000e+00
     0.2269   2.694360     68.210  555011834    31.9526    25.6362 0.0000e+00
     0.2156   2.692480     67.490  555011835    31.9402    25.6267 0.0000e+00
     0.2109   2.691530     67.020  555011837    31.9330    25.6211 0.0000e+00
     0.2003   2.688820     66.260  555011838    31.9090    25.6023 0.0000e+00
     0.1848   2.687390     65.870  555011840    31.9067    25.6011 0.0000e+00
     0.1689   2.683970     65.210  555011841    31.8789    25.5795 0.0000e+00
     0.1593   2.684130     64.950  555011843    31.8911    25.5898 0.0000e+00
     0.1359   2.678860     64.200  555011844    31.8469    25.5552 0.0000e+00
     0.1121   2.681190     63.990  555011846    31.9023    25.6009 0.0000e+00
     0.1004   2.674000     63.150  555011847    31.8207    25.5357 0.0000e+00
     0.0964   2.675350     62.770  555011849    31.8428    25.5537 0.0000e+00
     0.1007   2.673840     62.040  555011850    31.8190    25.5343 0.0000e+00
     0.1192   2.673030     61.630  555011852    31.7894    25.5096 0.0000e+00
     0.1390   2.671370     60.910  555011854    31.7475    25.4750 0.0000e+00
     0.1537   2.670260     60.350  555011855    31.7181    25.4506 0.0000e+00
     0.1723   2.671040     59.660  555011857    31.7095    25.4427 0.0000e+00
     0.1762   2.669990     59.030  555011858    31.6921    25.4285 0.0000e+00
     0.2052   2.671100     58.210  555011860    31.6771    25.4151 0.0000e+00
     0.2223   2.671660     57.670  555011861    31.6671    25.4062 0.0000e+00
     0.2294   2.671340     57.080  555011863    31.6559    25.3969 0.0000e+00
     0.2266   2.671070     56.650  555011864    31.6555    25.3967 0.0000e+00
     0.2416   2.671220     56.120  555011866    31.6423    25.3854 0.0000e+00
     0.2453   2.670960     55.570  555011867    31.6354    25.3797 0.0000e+00
     0.1977   2.663220     54.860  555011869    31.5839    25.3403 0.0000e+00
     0.1449   2.661460     54.270  555011870    31.6156    25.3683 0.0000e+00
     0.1769   2.662710     53.610  555011872    31.5993    25.3537 0.0000e+00
     0.2137   2.665020     52.950  555011873    31.5920    25.3461 0.0000e+00
     0.2713   2.667700     52.370  555011875    31.5680    25.3241 0.0000e+00
