Code/Hansen Zooplankton Code and Sample Data/data/ctd/gsl_07_SBE37SI-RS232_03706156_2017_08_02_final.cnv
* Sea-Bird SBE37SI-RS232  Data File:
* FileName = C:\Users\General Lab Use\Desktop\SHELAGH CTD 2017\gsl_07_SBE37SI-RS232_03706156_2017_08_02.cnv
* Software version 1.00d
* Temperature SN = 6156
* Conductivity SN = 6156
* System UpLoad Time = Aug 02 2017 18:17:22
* <ApplicationData>
* <Seaterm232>
# nquan = 7                                 
# nvalues = 1319                        
# units = specified
# name 0 = t090C: Temperature [ITS-90, deg C]
# name 1 = c0S/m: Conductivity [S/m]
# name 2 = prM: Pressure [db]
# name 3 = timeK: Time, Seacat Plus [seconds]
# name 4 = sal00: Salinity [PSU]
# name 5 = sigma-t00: Density [sigma-t, Kg/m^3 ]
# name 6 = flag: flag
# span 0 =     0.0424,    20.8527       
# span 1 =  -0.013530,   3.627840       
# span 2 =     -0.230,    107.690       
# span 3 =  554998957,  555000967       
# span 4 =     0.0000,    32.5999       
# span 5 =    -1.8914,    26.1476       
# span 6 = 0.0000e+00, 0.0000e+00       
# interval = seconds: 6.000000
# start_time = Aug 02 2017 14:22:37
# bad_flag = -9.990e-29
*END*
[from data line 821]
     0.9281   2.783020    101.690  555000209    32.3509    25.9197 0.0000e+00
     0.9277   2.783110    101.500  555000210    32.3525    25.9211 0.0000e+00
     0.9275   2.783210    101.280  555000212    32.3542    25.9224 0.0000e+00
     0.9275   2.783430    101.100  555000213    32.3571    25.9248 0.0000e+00
     0.9274   2.783690    101.200  555000215    32.3605    25.9275 0.0000e+00
     0.9264   2.783790    100.800  555000216    32.3630    25.9296 0.0000e+00
     0.9253   2.783840    100.720  555000218    32.3648    25.9311 0.0000e+00
     0.9250   2.783980    100.340  555000219    32.3672    25.9330 0.0000e+00
     0.9246   2.784040    100.220  555000221    32.3684    25.9340 0.0000e+00
     0.9239   2.784160     99.960  555000222    32.3708    25.9360 0.0000e+00
     0.9230   2.784260     99.770  555000224    32.3731    25.9379 0.0000e+00
     0.9223   2.784270     99.420  555000225    32.3742    25.9388 0.0000e+00
     0.9207   2.784260     99.080  555000227    32.3759    25.9403 0.0000e+00
     0.9199   2.784260     98.770  555000228    32.3769    25.9412 0.0000e+00
     0.9192   2.784310     98.560  555000230    32.3784    25.9424 0.0000e+00
     0.9180   2.784350     98.270  555000231    32.3803    25.9440 0.0000e+00
     0.9172   2.784340     98.050  555000233    32.3812    25.9447 0.0000e+00
     0.9156   2.784380     98.300  555000234    32.3832    25.9465 0.0000e+00
     0.9147   2.784470     98.550  555000236    32.3852    25.9481 0.0000e+00
     0.9150   2.784480     98.290  555000237    32.3851    25.9480 0.0000e+00
     0.9145   2.784410     97.900  555000239    32.3850    25.9479 0.0000e+00
     0.9140   2.784280     97.420  555000241    32.3841    25.9473 0.0000e+00
     0.9133   2.784220     97.010  555000242    32.3843    25.9475 0.0000e+00
     0.9127   2.784190     96.540  555000244    32.3848    25.9479 0.0000e+00
     0.9111   2.784170     95.910  555000245    32.3866    25.9494 0.0000e+00
     0.9089   2.784100     95.290  555000247    32.3883    25.9509 0.0000e+00
     0.9052   2.784030     94.680  555000248    32.3916    25.9538 0.0000e+00
     0.9007   2.783960     94.070  555000250    32.3957    25.9574 0.0000e+00
     0.8969   2.783880     93.500  555000251    32.3990    25.9602 0.0000e+00
     0.8935   2.783900     92.960  555000253    32.4031    25.9637 0.0000e+00
     0.8866   2.783850     92.250  555000254    32.4101    25.9697 0.0000e+00
     0.8603   2.783800     91.760  555000256    32.4371    25.9930 0.0000e+00
     0.8414   2.783740     91.130  555000257    32.4565    26.0097 0.0000e+00
     0.8354   2.783680     90.670  555000259    32.4622    26.0147 0.0000e+00
     0.8333   2.783600     90.160  555000260    32.4637    26.0159 0.0000e+00
     0.8319   2.783500     89.650  555000262    32.4642    26.0164 0.0000e+00
     0.8297   2.783370     89.090  555000263    32.4651    26.0173 0.0000e+00
     0.8294   2.783260     88.670  555000265    32.4643    26.0166 0.0000e+00
     0.8279   2.783150     87.990  555000266    32.4648    26.0171 0.0000e+00
     0.8267   2.783050     87.510  555000268    32.4650    26.0174 0.0000e+00
     0.8255   2.782950     87.250  555000269    32.4651    26.0176 0.0000e+00
     0.8229   2.782810     86.590  555000271    32.4664    26.0187 0.0000e+00
     0.8190   2.782630     86.040  555000272    32.4685    26.0206 0.0000e+00
     0.8134   2.782540     85.610  555000274    32.4735    26.0249 0.0000e+00
     0.8111   2.782450     85.050  555000276    32.4750    26.0263 0.0000e+00
     0.8069   2.782360     84.560  555000277    32.4785    26.0294 0.0000e+00
     0.8006   2.782220     84.090  555000279    32.4836    26.0338 0.0000e+00
     0.7986   2.782120     83.570  555000280    32.4847    26.0348 0.0000e+00
     0.7935   2.782010     83.070  555000282    32.4889    26.0385 0.0000e+00
     0.7905   2.781900     82.650  555000283    32.4909    26.0403 0.0000e+00
     0.7866   2.781770     82.280  555000285    32.4935    26.0426 0.0000e+00
     0.7843   2.781680     81.750  555000286    32.4951    26.0440 0.0000e+00
     0.7808   2.781730     81.370  555000288    32.4996    26.0478 0.0000e+00
     0.7767   2.781640     80.850  555000289    32.5030    26.0508 0.0000e+00
     0.7740   2.781510     80.240  555000291    32.5045    26.0522 0.0000e+00
     0.7709   2.781430     79.720  555000292    32.5070    26.0544 0.0000e+00
     0.7634   2.781380     79.260  555000294    32.5145    26.0608 0.0000e+00
     0.7576   2.781300     78.740  555000295    32.5199    26.0654 0.0000e+00
     0.7510   2.781180     78.270  555000297    32.5255    26.0704 0.0000e+00
     0.7501   2.781030     77.780  555000298    32.5248    26.0698 0.0000e+00
     0.7459   2.780870     77.150  555000300    32.5275    26.0722 0.0000e+00
     0.7410   2.780750     76.690  555000301    32.5314    26.0756 0.0000e+00
     0.7368   2.780610     76.200  555000303    32.5343    26.0782 0.0000e+00
     0.7355   2.780460     75.690  555000304    32.5340    26.0780 0.0000e+00
     0.7310   2.780250     75.210  555000306    32.5363    26.0801 0.0000e+00
     0.7207   2.780050     74.770  555000308    32.5448    26.0875 0.0000e+00
     0.7061   2.779950     74.330  555000309    32.5591    26.0999 0.0000e+00
     0.6913   2.779820     73.980  555000311    32.5732    26.1120 0.0000e+00
     0.6830   2.779580     73.420  555000312    32.5791    26.1173 0.0000e+00
     0.6646   2.779030     72.710  555000314    32.5918    26.1285 0.0000e+00
     0.6527   2.775880     72.240  555000315    32.5639    26.1067 0.0000e+00
     0.6318   2.768660     71.550  555000317    32.4928    26.0507 0.0000e+00
     0.6117   2.765520     70.990  555000318    32.4737    26.0363 0.0000e+00
     0.5898   2.758990     70.290  555000320    32.4125    25.9883 0.0000e+00
     0.5755   2.759730     69.740  555000321    32.4374    26.0091 0.0000e+00
     0.5485   2.759620     69.070  555000323    32.4648    26.0326 0.0000e+00
     0.5162   2.757910     68.300  555000324    32.4770    26.0441 0.0000e+00
     0.4855   2.757400     67.440  555000326    32.5032    26.0669 0.0000e+00
     0.4363   2.759990     66.810  555000327    32.5892    26.1387 0.0000e+00
     0.4318   2.760420     66.120  555000329    32.5999    26.1476 0.0000e+00
     0.4799   2.759380     65.150  555000330    32.5361    26.0937 0.0000e+00
     0.4763   2.755680     64.630  555000332    32.4922    26.0585 0.0000e+00
     0.4632   2.750000     63.860  555000333    32.4326    26.0112 0.0000e+00
     0.4168   2.748020     63.080  555000335    32.4561    26.0326 0.0000e+00
     0.3751   2.745630     62.540  555000336    32.4693    26.0453 0.0000e+00
     0.3652   2.737140     61.840  555000338    32.3695    25.9654 0.0000e+00
     0.3622   2.716370     61.080  555000340    32.1026    25.7505 0.0000e+00
     0.3217   2.708840     60.460  555000341    32.0471    25.7078 0.0000e+00
     0.2460   2.696040     59.660  555000343    31.9595    25.6408 0.0000e+00
     0.1983   2.695220     59.180  555000344    31.9988    25.6748 0.0000e+00
     0.1420   2.686450     58.360  555000346    31.9432    25.6326 0.0000e+00
     0.1103   2.679680     57.590  555000347    31.8880    25.5895 0.0000e+00
     0.0705   2.678320     56.930  555000349    31.9120    25.6107 0.0000e+00
     0.0544   2.678200     56.200  555000350    31.9277    25.6240 0.0000e+00
     0.0575   2.672210     55.490  555000352    31.8462    25.5582 0.0000e+00
     0.0451   2.675390     55.000  555000353    31.9012    25.6031 0.0000e+00
     0.0424   2.665690     54.100  555000355    31.7772    25.5032 0.0000e+00
     0.0459   2.669490     53.810  555000356    31.8236    25.5405 0.0000e+00
     0.0535   2.662650     52.830  555000358    31.7265    25.4618 0.0000e+00
     0.0593   2.662780     52.330  555000359    31.7225    25.4583 0.0000e+00
     0.0685   2.661860     51.780  555000361    31.7012    25.4408 0.0000e+00
     0.0858   2.658820     51.050  555000362    31.6439    25.3938 0.0000e+00
     0.1058   2.661490     50.710  555000364    31.6584    25.4046 0.0000e+00
     0.2153   2.665490     50.130  555000365    31.5980    25.3509 0.0000e+00
     0.2106   2.662800     49.520  555000367    31.5681    25.3270 0.0000e+00
     0.1767   2.661680     49.210  555000368    31.5886    25.3451 0.0000e+00
     0.1506   2.656260     48.300  555000370    31.5452    25.3112 0.0000e+00
     0.1309   2.658220     48.000  555000371    31.5913    25.3493 0.0000e+00
     0.1200   2.654240     47.300  555000373    31.5508    25.3172 0.0000e+00
     0.1985   2.659860     46.780  555000375    31.5438    25.3079 0.0000e+00
     0.3025   2.662000     46.350  555000376    31.4652    25.2398 0.0000e+00
     0.2691   2.659370     45.470  555000378    31.4657    25.2417 0.0000e+00
     0.2307   2.657020     45.120  555000379    31.4746    25.2507 0.0000e+00
     0.1791   2.654220     44.340  555000381    31.4915    25.2667 0.0000e+00
     0.2700   2.657160     43.750  555000382    31.4369    25.2185 0.0000e+00
     0.2568   2.655420     43.110  555000384    31.4281    25.2121 0.0000e+00
     0.2235   2.652540     42.400  555000385    31.4251    25.2112 0.0000e+00
     0.2133   2.651510     41.860  555000387    31.4224    25.2095 0.0000e+00
     0.2303   2.651370     41.330  555000388    31.4035    25.1934 0.0000e+00
     0.2888   2.651950     40.480  555000390    31.3518    25.1490 0.0000e+00
     0.3448   2.651880     39.900  555000391    31.2941    25.1000 0.0000e+00
     0.3738   2.651720     39.350  555000393    31.2629    25.0734 0.0000e+00
     0.3896   2.651940     38.390  555000394    31.2502    25.0625 0.0000e+00
     0.4251   2.651420     37.900  555000396    31.2077    25.0266 0.0000e+00
     0.4600   2.651800     37.190  555000397    31.1777    25.0007 0.0000e+00
     0.5004   2.653160     36.400  555000399    31.1549    24.9804 0.0000e+00
     0.5635   2.653570     35.830  555000400    31.0968    24.9306 0.0000e+00
     0.6157   2.652460     35.070  555000402    31.0305    24.8746 0.0000e+00
     0.6680   2.655950     34.320  555000403    31.0233    24.8662 0.0000e+00
     0.8001   2.655180     33.860  555000405    30.8816    24.7455 0.0000e+00
     0.8684   2.660430     32.890  555000407    30.8812    24.7416 0.0000e+00
     0.9145   2.660880     32.280  555000408    30.8415    24.7072 0.0000e+00
     0.9867   2.661090     31.690  555000410    30.7729    24.6482 0.0000e+00
     0.9994   2.664530     30.950  555000411    30.8045    24.6729 0.0000e+00
     1.0479   2.664680     30.440  555000413    30.7587    24.6335 0.0000e+00
     1.1857   2.666630     29.940  555000414    30.6480    24.5369 0.0000e+00
     1.2897   2.673050     29.160  555000416    30.6275    24.5145 0.0000e+00
     1.3710   2.672740     28.610  555000417    30.5444    24.4431 0.0000e+00
     1.4355   2.670570     28.070  555000419    30.4546    24.3673 0.0000e+00
     1.4504   2.677890     27.270  555000420    30.5324    24.4288 0.0000e+00
     1.4469   2.673360     26.830  555000422    30.4792    24.3863 0.0000e+00
     1.4529   2.674380     26.200  555000423    30.4865    24.3918 0.0000e+00
     1.4925   2.678550     25.450  555000425    30.5007    24.4008 0.0000e+00
     1.5506   2.675240     25.100  555000426    30.4030    24.3190 0.0000e+00
     1.6302   2.689810     24.010  555000428    30.5085    24.3987 0.0000e+00
     1.8930   2.688490     23.610  555000429    30.2391    24.1662 0.0000e+00
     2.1686   2.711260     22.750  555000431    30.2571    24.1623 0.0000e+00
     2.4714   2.723770     22.140  555000432    30.1233    24.0341 0.0000e+00
     2.8410   2.735680     21.560  555000434    29.9212    23.8454 0.0000e+00
     3.3398   2.740760     20.980  555000435    29.5225    23.4884 0.0000e+00
     3.5624   2.768930     20.120  555000437    29.6533    23.5739 0.0000e+00
     3.8313   2.759490     19.780  555000438    29.2994    23.2694 0.0000e+00
     3.9035   2.777720     18.910  555000440    29.4479    23.3811 0.0000e+00
     3.9637   2.761710     18.670  555000442    29.2074    23.1847 0.0000e+00
     4.1113   2.791590     17.730  555000443    29.4234    23.3430 0.0000e+00
     4.6353   2.791130     17.470  555000445    28.9543    22.9218 0.0000e+00
     4.8749   2.821470     16.630  555000446    29.0909    23.0066 0.0000e+00
     5.1953   2.817690     16.240  555000448    28.7703    22.7205 0.0000e+00
     5.3576   2.843820     15.350  555000449    28.9243    22.8255 0.0000e+00
     5.6923   2.843920     14.950  555000451    28.6391    22.5644 0.0000e+00
     5.9662   2.877730     13.940  555000452    28.7809    22.6462 0.0000e+00
     6.5975   2.881060     13.580  555000454    28.2884    22.1854 0.0000e+00
     7.1320   2.949000     12.680  555000455    28.5777    22.3480 0.0000e+00
     8.1438   2.961170     12.310  555000457    27.8859    21.6735 0.0000e+00
     8.6858   3.026990     11.210  555000458    28.1357    21.7939 0.0000e+00
     9.1020   3.027320     10.870  555000460    27.8116    21.4809 0.0000e+00
     9.6013   3.097700      9.900  555000461    28.1321    21.6567 0.0000e+00
    10.8556   3.165200      9.360  555000463    27.8327    21.2250 0.0000e+00
    13.9647   3.353210      8.650  555000464    27.3133    20.2628 0.0000e+00
    15.9741   3.378870      8.190  555000466    26.1670    18.9716 0.0000e+00
    16.6161   3.473530      7.460  555000467    26.5501    19.1261 0.0000e+00
    16.9646   3.483600      7.010  555000469    26.4060    18.9388 0.0000e+00
    17.1516   3.513010      6.520  555000471    26.5302    18.9919 0.0000e+00
    17.2336   3.528970      6.050  555000472    26.6100    19.0344 0.0000e+00
    17.3153   3.530770      5.620  555000474    26.5716    18.9866 0.0000e+00
    17.3289   3.544390      5.040  555000475    26.6764    19.0637 0.0000e+00
    17.3731   3.540320      4.770  555000477    26.6136    19.0056 0.0000e+00
    17.3867   3.558420      4.080  555000478    26.7556    19.1111 0.0000e+00
    17.5217   3.547660      3.950  555000480    26.5777    18.9444 0.0000e+00
    17.5413   3.566870      3.420  555000481    26.7245    19.0520 0.0000e+00
    17.6124   3.570960      3.120  555000483    26.7119    19.0261 0.0000e+00
    17.7120   3.581950      2.570  555000484    26.7379    19.0231 0.0000e+00
    17.8330   3.589000      2.080  555000486    26.7171    18.9793 0.0000e+00
    17.8419   3.589770      1.470  555000487    26.7178    18.9778 0.0000e+00
    17.9748   3.602150      1.020  555000489    26.7332    18.9587 0.0000e+00
    17.9985   3.610480      0.490  555000490    26.7864    18.9938 0.0000e+00
    18.0850   3.613680      0.070  555000492    26.7564    18.9507 0.0000e+00
    18.0846   3.611450     -0.080  555000493    26.7384    18.9371 0.0000e+00
    18.0585   3.599280      0.050  555000495    26.6555    18.8799 0.0000e+00
    18.0341   3.596190      0.070  555000496    26.6459    18.8783 0.0000e+00
    18.0211   3.585870      0.230  555000498    26.5695    18.8231 0.0000e+00
    18.0100   3.597540      0.020  555000499    26.6727    18.9043 0.0000e+00
    18.0139   1.299510     -0.180  555000501     8.7620     5.2754 0.0000e+00
    17.7354   0.607430     -0.160  555000502     3.8944     1.6248 0.0000e+00
    17.9126   0.985470     -0.180  555000504     6.5166     3.5878 0.0000e+00
    17.8549   2.992190     -0.160  555000506    21.8422    15.2574 0.0000e+00
    17.8677   0.424520     -0.180  555000507     2.6495     0.6500 0.0000e+00
    17.8686   2.712670     -0.180  555000509    19.6020    13.5485 0.0000e+00
    17.7785   0.308280     -0.180  555000510     1.8909     0.0872 0.0000e+00
    17.6547   0.197000     -0.180  555000512     1.1823    -0.4322 0.0000e+00
    17.4502   0.166400     -0.170  555000513     0.9950    -0.5385 0.0000e+00
    17.2909   0.153650     -0.180  555000515     0.9187    -0.5683 0.0000e+00
    17.1762   0.105760     -0.180  555000516     0.6234    -0.7747 0.0000e+00
    16.8058   0.136060     -0.180  555000518     0.8184    -0.5599 0.0000e+00
