Code/Hansen Zooplankton Code and Sample Data/data/ctd/gsl_12_SBE37SI-RS232_03706156_2017_08_11_final.cnv
* Sea-Bird SBE37SI-RS232  Data File:
* FileName = C:\Users\General Lab Use\Desktop\SHELAGH CTD 2017\gsl_12_SBE37SI-RS232_03706156_2017_08_11.cnv
* Software version 1.00d
* Temperature SN = 6156
* Conductivity SN = 6156
* System UpLoad Time = Aug 11 2017 00:43:36
* <ApplicationData>
* <Seaterm232>
# nquan = 7                                 
# nvalues = 2318                        
# units = specified
# name 0 = t090C: Temperature [ITS-90, deg C]
# name 1 = c0S/m: Conductivity [S/m]
# name 2 = prM: Pressure [db]
# name 3 = timeK: Time, Seacat Plus [seconds]
# name 4 = sal00: Salinity [PSU]
# name 5 = sigma-t00: Density [sigma-t, Kg/m^3 ]
# name 6 = flag: flag
# span 0 =    -0.2584,    20.6000       
# span 1 =   0.000000,   3.665880       
# span 2 =     -0.250,    121.870       
# span 3 =  555711688,  555715230       
# span 4 =     0.0000,    32.5132       
# span 5 =    -1.9106,    26.0455       
# span 6 = 0.0000e+00, 0.0000e+00       
# interval = seconds: 6.000000
# start_time = Aug 10 2017 20:21:28
# bad_flag = -9.990e-29
*END*
[from data line 616]
    -0.0983   2.663580     66.090  555712630    31.8892    25.5997 0.0000e+00
    -0.1080   2.664070     66.880  555712632    31.9053    25.6131 0.0000e+00
    -0.1228   2.662340     67.720  555712633    31.8975    25.6074 0.0000e+00
    -0.1236   2.662950     68.550  555712635    31.9059    25.6142 0.0000e+00
    -0.1888   2.658750     69.350  555712636    31.9182    25.6269 0.0000e+00
    -0.2131   2.662710     70.110  555712638    31.9956    25.6904 0.0000e+00
    -0.1849   2.661290     70.740  555712639    31.9469    25.6499 0.0000e+00
    -0.1667   2.661800     71.640  555712641    31.9340    25.6388 0.0000e+00
    -0.1511   2.666500     72.110  555712642    31.9795    25.6748 0.0000e+00
    -0.1173   2.666730     72.950  555712644    31.9466    25.6468 0.0000e+00
    -0.0659   2.670890     73.740  555712645    31.9472    25.6451 0.0000e+00
    -0.0543   2.675360     74.230  555712647    31.9936    25.6821 0.0000e+00
    -0.0288   2.674900     75.070  555712648    31.9604    25.6541 0.0000e+00
     0.0472   2.681290     75.290  555712650    31.9648    25.6543 0.0000e+00
     0.0473   2.681350     76.270  555712652    31.9649    25.6544 0.0000e+00
     0.0458   2.684880     76.360  555712653    32.0128    25.6931 0.0000e+00
     0.0393   2.682700     77.250  555712655    31.9904    25.6754 0.0000e+00
     0.0254   2.682920     77.900  555712656    32.0075    25.6897 0.0000e+00
     0.0279   2.683480     78.750  555712658    32.0117    25.6931 0.0000e+00
     0.0068   2.683910     79.590  555712659    32.0390    25.7160 0.0000e+00
     0.0295   2.687280     80.350  555712661    32.0591    25.7312 0.0000e+00
     0.1256   2.697540     81.050  555712662    32.0926    25.7538 0.0000e+00
     0.2896   2.713680     82.010  555712664    32.1314    25.7773 0.0000e+00
     0.3885   2.714000     82.190  555712665    32.0324    25.6926 0.0000e+00
     0.4053   2.728330     83.190  555712667    32.2006    25.8273 0.0000e+00
     0.4182   2.728460     83.620  555712668    32.1886    25.8169 0.0000e+00
     0.4322   2.732850     84.570  555712670    32.2304    25.8499 0.0000e+00
     0.4328   2.733320     85.230  555712671    32.2355    25.8540 0.0000e+00
     0.4364   2.734730     86.250  555712673    32.2495    25.8651 0.0000e+00
     0.4672   2.734850     86.440  555712674    32.2188    25.8387 0.0000e+00
     0.4745   2.739330     87.480  555712676    32.2687    25.8786 0.0000e+00
     0.5188   2.739070     87.610  555712678    32.2189    25.8362 0.0000e+00
     0.5366   2.744940     88.570  555712679    32.2759    25.8811 0.0000e+00
     0.5465   2.744350     88.950  555712681    32.2577    25.8659 0.0000e+00
     0.5418   2.745200     89.820  555712682    32.2731    25.8786 0.0000e+00
     0.5644   2.745590     90.240  555712684    32.2543    25.8623 0.0000e+00
     0.6101   2.753040     91.020  555712685    32.3025    25.8986 0.0000e+00
     0.6471   2.755950     91.700  555712687    32.3011    25.8955 0.0000e+00
     0.6509   2.757710     92.540  555712688    32.3194    25.9100 0.0000e+00
     0.6696   2.760760     93.490  555712690    32.3387    25.9245 0.0000e+00
     0.7556   2.766730     94.110  555712691    32.3255    25.9092 0.0000e+00
     0.7738   2.770940     94.960  555712693    32.3603    25.9361 0.0000e+00
     0.7806   2.772190     95.730  555712694    32.3688    25.9426 0.0000e+00
     0.7819   2.772720     96.510  555712696    32.3739    25.9466 0.0000e+00
     0.7833   2.773360     97.190  555712697    32.3803    25.9517 0.0000e+00
     0.7874   2.773700     97.920  555712699    32.3799    25.9512 0.0000e+00
     0.7932   2.773490     97.860  555712700    32.3712    25.9438 0.0000e+00
     0.7946   2.774780     98.270  555712702    32.3861    25.9557 0.0000e+00
     0.7955   2.774930     98.190  555712703    32.3872    25.9565 0.0000e+00
     0.7959   2.775360     98.590  555712705    32.3920    25.9604 0.0000e+00
     0.7960   2.774810     98.620  555712707    32.3848    25.9546 0.0000e+00
     0.7957   2.775410     98.560  555712708    32.3929    25.9611 0.0000e+00
     0.7973   2.776550     99.250  555712710    32.4055    25.9712 0.0000e+00
     0.8078   2.775680     99.500  555712711    32.3832    25.9527 0.0000e+00
     0.8109   2.778050    100.330  555712713    32.4100    25.9740 0.0000e+00
     0.8135   2.778130    100.820  555712714    32.4080    25.9723 0.0000e+00
     0.8236   2.779670    101.640  555712716    32.4168    25.9788 0.0000e+00
     0.8269   2.779890    102.150  555712717    32.4159    25.9779 0.0000e+00
     0.8286   2.780480    103.030  555712719    32.4212    25.9821 0.0000e+00
     0.8465   2.782080    103.600  555712720    32.4228    25.9823 0.0000e+00
     0.8926   2.786560    104.330  555712722    32.4318    25.9868 0.0000e+00
     0.9215   2.789750    105.130  555712723    32.4421    25.9935 0.0000e+00
     0.9311   2.790700    105.720  555712725    32.4439    25.9944 0.0000e+00
     0.9398   2.792810    106.610  555712726    32.4614    26.0079 0.0000e+00
     0.9508   2.792110    107.160  555712728    32.4406    25.9906 0.0000e+00
     0.9532   2.794740    107.940  555712729    32.4714    26.0151 0.0000e+00
     0.9593   2.794160    108.240  555712731    32.4574    26.0036 0.0000e+00
     0.9603   2.794530    108.100  555712733    32.4612    26.0065 0.0000e+00
     0.9603   2.794910    107.950  555712734    32.4661    26.0105 0.0000e+00
     0.9605   2.794720    107.760  555712736    32.4636    26.0085 0.0000e+00
     0.9591   2.795510    107.270  555712737    32.4755    26.0181 0.0000e+00
     0.9597   2.795050    107.020  555712739    32.4691    26.0129 0.0000e+00
     0.9552   2.794700    106.910  555712740    32.4693    26.0134 0.0000e+00
     0.9535   2.794900    106.690  555712742    32.4738    26.0171 0.0000e+00
     0.9522   2.795320    107.140  555712743    32.4803    26.0224 0.0000e+00
     0.9538   2.795660    107.680  555712745    32.4827    26.0242 0.0000e+00
     0.9583   2.796010    108.280  555712746    32.4821    26.0235 0.0000e+00
     0.9575   2.796200    108.880  555712748    32.4851    26.0259 0.0000e+00
     0.9675   2.796290    109.150  555712749    32.4756    26.0177 0.0000e+00
     0.9705   2.796590    109.240  555712751    32.4763    26.0181 0.0000e+00
     0.9709   2.797500    108.830  555712752    32.4877    26.0273 0.0000e+00
     0.9704   2.797240    108.280  555712754    32.4852    26.0253 0.0000e+00
     0.9693   2.797360    107.770  555712755    32.4882    26.0277 0.0000e+00
     0.9664   2.797020    107.120  555712757    32.4873    26.0271 0.0000e+00
     0.9626   2.796650    106.980  555712759    32.4866    26.0268 0.0000e+00
     0.9570   2.795940    106.250  555712760    32.4837    26.0249 0.0000e+00
     0.9500   2.795350    105.910  555712762    32.4837    26.0252 0.0000e+00
     0.9441   2.794960    105.330  555712763    32.4852    26.0268 0.0000e+00
     0.9437   2.794430    104.740  555712765    32.4791    26.0219 0.0000e+00
     0.9307   2.793170    104.080  555712766    32.4769    26.0209 0.0000e+00
     0.9263   2.792510    103.410  555712768    32.4734    26.0184 0.0000e+00
     0.9096   2.788140    102.620  555712769    32.4353    25.9887 0.0000e+00
     0.8462   2.782620    101.800  555712771    32.4310    25.9889 0.0000e+00
     0.8328   2.782150    100.980  555712772    32.4395    25.9965 0.0000e+00
     0.8267   2.781010    100.320  555712774    32.4316    25.9905 0.0000e+00
     0.8181   2.779940     99.580  555712775    32.4272    25.9875 0.0000e+00
     0.8084   2.779060     98.900  555712777    32.4264    25.9874 0.0000e+00
     0.8018   2.777900     98.160  555712778    32.4188    25.9816 0.0000e+00
     0.7953   2.777360     97.520  555712780    32.4190    25.9822 0.0000e+00
     0.7898   2.776630     96.800  555712781    32.4158    25.9799 0.0000e+00
     0.7853   2.775980     96.130  555712783    32.4125    25.9775 0.0000e+00
     0.7809   2.775530     95.550  555712785    32.4116    25.9770 0.0000e+00
     0.7783   2.775160     94.810  555712786    32.4100    25.9759 0.0000e+00
     0.7774   2.774920     94.240  555712788    32.4082    25.9745 0.0000e+00
     0.7754   2.774120     93.480  555712789    32.4004    25.9683 0.0000e+00
     0.7596   2.771200     92.950  555712791    32.3796    25.9525 0.0000e+00
     0.7062   2.763780     92.280  555712792    32.3401    25.9237 0.0000e+00
     0.6668   2.761560     91.650  555712794    32.3530    25.9362 0.0000e+00
     0.6558   2.760690     91.070  555712795    32.3536    25.9373 0.0000e+00
     0.6522   2.760100     90.360  555712797    32.3501    25.9347 0.0000e+00
     0.6385   2.755610     89.780  555712798    32.3068    25.9005 0.0000e+00
     0.5819   2.751000     89.180  555712800    32.3066    25.9035 0.0000e+00
     0.5499   2.748890     88.500  555712801    32.3132    25.9104 0.0000e+00
     0.5439   2.747900     87.790  555712803    32.3070    25.9058 0.0000e+00
     0.5271   2.744880     87.060  555712804    32.2859    25.8897 0.0000e+00
     0.5048   2.742730     86.310  555712806    32.2818    25.8875 0.0000e+00
     0.4721   2.739040     85.460  555712807    32.2686    25.8786 0.0000e+00
     0.4572   2.737830     84.810  555712809    32.2688    25.8796 0.0000e+00
     0.4446   2.736000     83.970  555712810    32.2587    25.8721 0.0000e+00
     0.4341   2.734350     83.480  555712812    32.2486    25.8644 0.0000e+00
     0.4151   2.732270     82.690  555712814    32.2419    25.8600 0.0000e+00
     0.4064   2.731400     82.220  555712815    32.2399    25.8589 0.0000e+00
     0.3983   2.730220     81.530  555712817    32.2334    25.8541 0.0000e+00
     0.3922   2.728460     80.970  555712818    32.2172    25.8414 0.0000e+00
     0.3341   2.712720     80.370  555712820    32.0734    25.7284 0.0000e+00
     0.2028   2.702090     79.830  555712821    32.0721    25.7336 0.0000e+00
     0.0728   2.689650     79.240  555712823    32.0455    25.7182 0.0000e+00
     0.0199   2.684280     78.720  555712824    32.0306    25.7087 0.0000e+00
     0.0061   2.683320     78.260  555712826    32.0327    25.7110 0.0000e+00
     0.0104   2.682960     77.750  555712827    32.0238    25.7036 0.0000e+00
     0.0214   2.682340     77.210  555712829    32.0044    25.6875 0.0000e+00
     0.0373   2.682100     76.680  555712830    31.9850    25.6710 0.0000e+00
     0.0436   2.681500     76.190  555712832    31.9708    25.6593 0.0000e+00
     0.0473   2.680270     75.570  555712833    31.9511    25.6433 0.0000e+00
     0.0471   2.680090     75.180  555712835    31.9492    25.6418 0.0000e+00
     0.0623   2.680350     74.620  555712836    31.9371    25.6313 0.0000e+00
     0.0616   2.676730     74.100  555712838    31.8906    25.5938 0.0000e+00
    -0.0166   2.669480     73.510  555712840    31.8773    25.5865 0.0000e+00
    -0.0580   2.666910     73.010  555712841    31.8870    25.5962 0.0000e+00
    -0.0930   2.663150     72.390  555712843    31.8743    25.5875 0.0000e+00
    -0.1028   2.662820     71.930  555712844    31.8805    25.5929 0.0000e+00
    -0.1001   2.662330     71.420  555712846    31.8715    25.5855 0.0000e+00
    -0.0976   2.662360     70.760  555712847    31.8697    25.5839 0.0000e+00
    -0.0932   2.662030     70.320  555712849    31.8610    25.5767 0.0000e+00
    -0.0758   2.662520     69.640  555712850    31.8497    25.5668 0.0000e+00
    -0.0855   2.659980     69.200  555712852    31.8266    25.5486 0.0000e+00
    -0.1333   2.655410     68.590  555712853    31.8166    25.5425 0.0000e+00
    -0.1615   2.653740     68.130  555712855    31.8242    25.5499 0.0000e+00
    -0.2071   2.648330     67.550  555712856    31.8007    25.5328 0.0000e+00
    -0.1967   2.651630     67.070  555712858    31.8337    25.5590 0.0000e+00
    -0.1175   2.656630     66.540  555712859    31.8173    25.5425 0.0000e+00
    -0.0530   2.655890     66.000  555712861    31.7408    25.4780 0.0000e+00
    -0.0711   2.654830     65.670  555712862    31.7458    25.4828 0.0000e+00
    -0.0715   2.654880     65.210  555712864    31.7472    25.4839 0.0000e+00
    -0.0633   2.655710     64.700  555712866    31.7499    25.4857 0.0000e+00
    -0.0488   2.655840     64.360  555712867    31.7367    25.4745 0.0000e+00
    -0.0431   2.655990     63.830  555712869    31.7331    25.4713 0.0000e+00
    -0.0424   2.655950     63.560  555712870    31.7320    25.4704 0.0000e+00
    -0.0320   2.657260     63.170  555712872    31.7386    25.4753 0.0000e+00
    -0.0039   2.658880     62.680  555712873    31.7310    25.4680 0.0000e+00
     0.0159   2.659810     62.310  555712875    31.7229    25.4605 0.0000e+00
     0.0303   2.660850     61.750  555712876    31.7219    25.4591 0.0000e+00
     0.0437   2.661210     61.520  555712878    31.7129    25.4513 0.0000e+00
     0.0421   2.660400     60.920  555712879    31.7042    25.4444 0.0000e+00
     0.0309   2.659390     60.660  555712881    31.7027    25.4437 0.0000e+00
     0.0444   2.661080     60.070  555712882    31.7113    25.4499 0.0000e+00
     0.0790   2.662730     59.820  555712884    31.6972    25.4370 0.0000e+00
     0.1049   2.662900     59.210  555712885    31.6730    25.4164 0.0000e+00
     0.0957   2.661200     59.070  555712887    31.6603    25.4066 0.0000e+00
     0.0905   2.658550     58.360  555712888    31.6314    25.3835 0.0000e+00
     0.0396   2.651700     58.170  555712890    31.5943    25.3558 0.0000e+00
     0.0272   2.650800     57.480  555712891    31.5957    25.3575 0.0000e+00
     0.0330   2.650820     57.160  555712893    31.5902    25.3527 0.0000e+00
     0.0474   2.651630     56.650  555712895    31.5862    25.3489 0.0000e+00
     0.0735   2.653520     56.240  555712896    31.5843    25.3462 0.0000e+00
     0.1189   2.655780     55.860  555712898    31.5673    25.3305 0.0000e+00
     0.1654   2.657060     55.430  555712899    31.5364    25.3035 0.0000e+00
     0.1936   2.658050     55.070  555712901    31.5205    25.2894 0.0000e+00
     0.2228   2.659020     54.710  555712902    31.5034    25.2743 0.0000e+00
     0.2466   2.659510     54.370  555712904    31.4855    25.2588 0.0000e+00
     0.2564   2.659180     54.130  555712905    31.4713    25.2469 0.0000e+00
     0.2693   2.659520     53.630  555712907    31.4628    25.2394 0.0000e+00
     0.2890   2.659760     53.560  555712908    31.4458    25.2248 0.0000e+00
     0.3287   2.662980     53.060  555712910    31.4474    25.2242 0.0000e+00
     0.3867   2.665730     52.920  555712911    31.4239    25.2025 0.0000e+00
     0.4412   2.668620     52.510  555712913    31.4060    25.1855 0.0000e+00
     0.5042   2.671440     52.220  555712914    31.3785    25.1602 0.0000e+00
     0.5347   2.672640     51.890  555712916    31.3632    25.1464 0.0000e+00
     0.5690   2.672500     51.710  555712917    31.3266    25.1153 0.0000e+00
     0.5991   2.675250     51.080  555712919    31.3319    25.1180 0.0000e+00
     0.6316   2.675590     51.110  555712921    31.3033    25.0934 0.0000e+00
     0.6431   2.677550     50.380  555712922    31.3173    25.1041 0.0000e+00
     0.6601   2.677900     50.190  555712924    31.3047    25.0930 0.0000e+00
     0.6743   2.679190     49.740  555712925    31.3072    25.0943 0.0000e+00
     0.7144   2.684920     49.220  555712927    31.3406    25.1191 0.0000e+00
     0.8422   2.688610     49.050  555712928    31.2589    25.0466 0.0000e+00
     0.8931   2.691120     48.590  555712930    31.2400    25.0287 0.0000e+00
     1.0187   2.698790     48.270  555712931    31.2119    24.9992 0.0000e+00
     1.1780   2.706340     47.880  555712933    31.1487    24.9393 0.0000e+00
     1.2490   2.709070     47.680  555712934    31.1126    24.9062 0.0000e+00
     1.3223   2.715370     47.280  555712936    31.1194    24.9073 0.0000e+00
     1.4189   2.720000     47.080  555712937    31.0819    24.8714 0.0000e+00
     1.5722   2.731500     46.800  555712939    31.0747    24.8561 0.0000e+00
     1.6783   2.736030     46.640  555712940    31.0267    24.8109 0.0000e+00
