Code/Hansen Zooplankton Code and Sample Data/data/ctd/gsl_16_SBE37SI-RS232_03706156_2017_08_12.cnv
* Sea-Bird SBE37SI-RS232  Data File:
* FileName = C:\Users\General Lab Use\Desktop\SHELAGH CTD 2017\gsl_16_SBE37SI-RS232_03706156_2017_08_12.cnv
* Software version 1.00d
* Temperature SN = 6156
* Conductivity SN = 6156
* System UpLoad Time = Aug 12 2017 09:50:57
* <ApplicationData>
* <Seaterm232>
# nquan = 5
# nvalues = 2003
# units = specified
# name 0 = t090C: Temperature [ITS-90, deg C]
# name 1 = c0S/m: Conductivity [S/m]
# name 2 = prM: Pressure [db]
# name 3 = timeK: Time, Seacat Plus [seconds]
# name 4 = flag: Flag
# span 0 =     -0.3058,    20.3803
# span 1 =    0.000301,   3.662445
# span 2 =      -0.257,     67.969
# span 3 =   555832670,  555835722
# span 4 =  0.0000e+00, 0.0000e+00
# interval = seconds: 6.000000
# start_time = Aug 12 2017 05:57:50
# bad_flag = -9.990e-29
*END*
[from data line 1143]
    17.8470    0.01208      -0.23  555834411 0.0000e+00
    17.8441    0.01205      -0.23  555834413 0.0000e+00
    17.8459    0.01208      -0.23  555834414 0.0000e+00
    17.8462    0.01205      -0.23  555834416 0.0000e+00
    17.8447    0.01208      -0.23  555834417 0.0000e+00
    17.8451    0.01206      -0.23  555834419 0.0000e+00
    17.8468    0.01207      -0.23  555834420 0.0000e+00
    17.8486    0.01206      -0.23  555834422 0.0000e+00
    17.8510    0.01206      -0.23  555834423 0.0000e+00
    17.8537    0.01206      -0.23  555834425 0.0000e+00
    17.8547    0.01206      -0.23  555834426 0.0000e+00
    17.8561    0.01206      -0.23  555834428 0.0000e+00
    17.8563    0.01224      -0.23  555834429 0.0000e+00
    17.8544    0.01222      -0.23  555834431 0.0000e+00
    17.8524    0.01218      -0.23  555834433 0.0000e+00
    17.8504    0.01228      -0.23  555834434 0.0000e+00
    17.8499    0.01232      -0.23  555834436 0.0000e+00
    17.8440    0.01238      -0.23  555834437 0.0000e+00
    17.8458    0.01231      -0.23  555834439 0.0000e+00
    17.8482    0.01234      -0.23  555834440 0.0000e+00
    17.8438    0.01224      -0.23  555834442 0.0000e+00
    17.8450    0.01223      -0.23  555834443 0.0000e+00
    17.8441    0.01225      -0.23  555834445 0.0000e+00
    17.8476    0.01231      -0.23  555834446 0.0000e+00
    17.8518    0.01233      -0.23  555834448 0.0000e+00
    17.8521    0.01240      -0.23  555834449 0.0000e+00
    17.8548    0.01241      -0.23  555834451 0.0000e+00
    17.8572    0.01250      -0.23  555834452 0.0000e+00
    17.8572    0.01250      -0.23  555834454 0.0000e+00
    17.8538    0.01254      -0.23  555834455 0.0000e+00
    17.8545    0.01256      -0.23  555834457 0.0000e+00
    17.8533    0.01252      -0.23  555834458 0.0000e+00
    17.8551    0.01257      -0.23  555834460 0.0000e+00
    17.8563    0.01253      -0.23  555834462 0.0000e+00
    17.8579    0.01258      -0.23  555834463 0.0000e+00
    17.8654    0.01252      -0.23  555834465 0.0000e+00
    17.8657    0.01242      -0.23  555834466 0.0000e+00
    17.8666    0.01225      -0.23  555834468 0.0000e+00
    17.8678    0.01223      -0.23  555834469 0.0000e+00
    17.8701    0.01222      -0.23  555834471 0.0000e+00
    17.8695    0.01224      -0.23  555834472 0.0000e+00
    17.8738    0.01224      -0.23  555834474 0.0000e+00
    17.8783    0.01225      -0.23  555834475 0.0000e+00
    17.8824    0.01221      -0.23  555834477 0.0000e+00
    17.8829    0.01220      -0.23  555834478 0.0000e+00
    17.8842    0.01216      -0.23  555834480 0.0000e+00
    17.8845    0.01220      -0.23  555834481 0.0000e+00
    17.8843    0.01219      -0.23  555834483 0.0000e+00
    17.8874    0.01220      -0.23  555834484 0.0000e+00
    17.8928    0.01223      -0.23  555834486 0.0000e+00
    17.8976    0.01222      -0.23  555834487 0.0000e+00
    17.8992    0.01224      -0.23  555834489 0.0000e+00
    17.8992    0.01224      -0.23  555834490 0.0000e+00
    17.8981    0.01221      -0.23  555834492 0.0000e+00
    17.8954    0.01220      -0.23  555834494 0.0000e+00
    17.8927    0.01205      -0.23  555834495 0.0000e+00
    17.8891    0.01199      -0.23  555834497 0.0000e+00
    17.8878    0.01198      -0.23  555834498 0.0000e+00
    17.8873    0.01201      -0.23  555834500 0.0000e+00
    17.8866    0.01203      -0.23  555834501 0.0000e+00
    17.8869    0.01203      -0.23  555834503 0.0000e+00
    17.8863    0.01203      -0.23  555834504 0.0000e+00
    17.8865    0.01202      -0.23  555834506 0.0000e+00
    17.8844    0.01201      -0.23  555834507 0.0000e+00
    17.8865    0.01202      -0.23  555834509 0.0000e+00
    17.8865    0.01203      -0.23  555834510 0.0000e+00
    17.8843    0.01199      -0.23  555834512 0.0000e+00
    17.8818    0.01199      -0.23  555834513 0.0000e+00
    17.8834    0.01198      -0.23  555834515 0.0000e+00
    17.8817    0.01198      -0.23  555834516 0.0000e+00
    17.8800    0.01198      -0.23  555834518 0.0000e+00
    17.8797    0.01199      -0.23  555834519 0.0000e+00
    17.8780    0.01197      -0.23  555834521 0.0000e+00
    17.8787    0.01195      -0.23  555834523 0.0000e+00
    17.8770    0.01189      -0.23  555834524 0.0000e+00
    17.8725    0.01183      -0.23  555834526 0.0000e+00
    17.8718    0.01182      -0.23  555834527 0.0000e+00
    17.8722    0.01183      -0.23  555834529 0.0000e+00
    17.8756    0.01185      -0.23  555834530 0.0000e+00
    17.8769    0.01192      -0.23  555834532 0.0000e+00
    17.8795    0.01191      -0.23  555834533 0.0000e+00
    17.8769    0.01191      -0.23  555834535 0.0000e+00
    17.8778    0.01187      -0.23  555834536 0.0000e+00
    17.8788    0.01188      -0.23  555834538 0.0000e+00
    17.8796    0.01182      -0.23  555834539 0.0000e+00
    17.8784    0.01183      -0.23  555834541 0.0000e+00
    17.8789    0.01179      -0.23  555834542 0.0000e+00
    17.8805    0.01181      -0.23  555834544 0.0000e+00
    17.8803    0.01181      -0.23  555834545 0.0000e+00
    17.8801    0.01177      -0.23  555834547 0.0000e+00
    17.8820    0.01178      -0.23  555834548 0.0000e+00
    17.8847    0.01234      -0.25  555834550 0.0000e+00
    17.8912    0.01647      -0.25  555834551 0.0000e+00
    17.8936    0.02003      -0.25  555834553 0.0000e+00
    17.8956    0.01892      -0.25  555834555 0.0000e+00
    17.9073    0.01728      -0.25  555834556 0.0000e+00
    17.9209    0.01608      -0.26  555834558 0.0000e+00
    17.9358    0.01568      -0.25  555834559 0.0000e+00
    17.9391    0.01471      -0.26  555834561 0.0000e+00
    17.9396    0.01419      -0.25  555834562 0.0000e+00
    17.9373    0.01358      -0.26  555834564 0.0000e+00
    17.9305    0.01268      -0.25  555834565 0.0000e+00
    17.9253    0.01208      -0.26  555834567 0.0000e+00
    17.9290    0.01169      -0.25  555834568 0.0000e+00
    17.9344    0.01131      -0.26  555834570 0.0000e+00
    17.9319    0.01080      -0.26  555834571 0.0000e+00
    17.9257    0.01040      -0.26  555834573 0.0000e+00
    17.9213    0.01012      -0.25  555834574 0.0000e+00
    17.9255    0.00984      -0.26  555834576 0.0000e+00
    17.9345    0.00981      -0.25  555834577 0.0000e+00
    17.9354    0.00961      -0.25  555834579 0.0000e+00
    17.9343    0.00960      -0.25  555834580 0.0000e+00
    17.9399    0.00944      -0.26  555834582 0.0000e+00
    17.9416    0.00930      -0.25  555834584 0.0000e+00
    17.9423    0.00906      -0.25  555834585 0.0000e+00
    17.9637    1.12427       0.03  555834587 0.0000e+00
    18.4690    3.65127       0.74  555834588 0.0000e+00
    18.4878    3.65298       1.54  555834590 0.0000e+00
    18.4905    3.65458       2.62  555834591 0.0000e+00
    18.4876    3.65432       3.33  555834593 0.0000e+00
    18.4888    3.65617       4.36  555834594 0.0000e+00
    18.4294    3.65335       5.42  555834596 0.0000e+00
    18.2079    3.64394       6.44  555834597 0.0000e+00
    17.8927    3.61821       7.53  555834599 0.0000e+00
    16.5008    3.57856       8.51  555834600 0.0000e+00
    15.8048    3.51225       9.37  555834602 0.0000e+00
    11.7905    3.31005      10.75  555834603 0.0000e+00
    11.4300    3.28675      11.74  555834605 0.0000e+00
     9.3849    3.19278      12.70  555834606 0.0000e+00
     8.5628    3.12955      13.68  555834608 0.0000e+00
     7.2471    3.01122      15.16  555834609 0.0000e+00
     6.4200    2.97255      16.39  555834611 0.0000e+00
     5.1232    2.90735      17.47  555834612 0.0000e+00
     4.6570    2.92597      17.94  555834614 0.0000e+00
     4.6523    2.93186      17.81  555834615 0.0000e+00
     4.6614    2.96186      17.96  555834617 0.0000e+00
     4.6892    2.97845      17.91  555834619 0.0000e+00
     4.7326    2.88958      18.75  555834620 0.0000e+00
     4.7231    2.87744      19.88  555834622 0.0000e+00
     4.1059    2.89116      20.64  555834623 0.0000e+00
     3.4229    2.81535      21.84  555834625 0.0000e+00
     2.7843    2.85913      22.32  555834626 0.0000e+00
     2.6038    2.77016      23.48  555834628 0.0000e+00
     2.2375    2.77422      24.29  555834629 0.0000e+00
     2.0846    2.74046      25.13  555834631 0.0000e+00
     2.0548    2.73926      26.10  555834632 0.0000e+00
     1.9708    2.72544      27.33  555834634 0.0000e+00
     1.4120    2.68842      28.69  555834635 0.0000e+00
     1.0216    2.69188      29.55  555834637 0.0000e+00
     0.7138    2.65562      30.57  555834638 0.0000e+00
     0.4469    2.65130      31.61  555834640 0.0000e+00
     0.3147    2.63975      32.67  555834641 0.0000e+00
     0.1860    2.63442      33.75  555834643 0.0000e+00
     0.1467    2.62971      34.76  555834644 0.0000e+00
     0.1388    2.63616      35.68  555834646 0.0000e+00
     0.6094    2.65778      36.57  555834648 0.0000e+00
     0.7691    2.66836      37.50  555834649 0.0000e+00
     0.8064    2.67869      37.68  555834651 0.0000e+00
     0.7963    2.67061      38.51  555834652 0.0000e+00
     0.7205    2.67327      38.85  555834654 0.0000e+00
     0.7292    2.66784      39.46  555834655 0.0000e+00
     0.5623    2.67198      39.92  555834657 0.0000e+00
     0.5402    2.65732      41.00  555834658 0.0000e+00
     0.5468    2.67075      41.62  555834660 0.0000e+00
     0.5496    2.66326      42.44  555834661 0.0000e+00
     0.5577    2.66978      42.61  555834663 0.0000e+00
     0.5286    2.66591      42.80  555834664 0.0000e+00
     0.4349    2.65948      42.59  555834666 0.0000e+00
     0.3935    2.65824      42.68  555834667 0.0000e+00
     0.3784    2.65438      42.39  555834669 0.0000e+00
     0.3913    2.65221      41.68  555834670 0.0000e+00
     0.4352    2.65618      41.20  555834672 0.0000e+00
     0.4495    2.65082      40.40  555834673 0.0000e+00
     0.5424    2.65725      39.74  555834675 0.0000e+00
     0.5389    2.65158      38.85  555834676 0.0000e+00
     0.6628    2.66588      38.44  555834678 0.0000e+00
     0.7724    2.66409      37.64  555834679 0.0000e+00
     0.7871    2.66307      36.94  555834681 0.0000e+00
     0.8524    2.66793      36.33  555834683 0.0000e+00
     0.7864    2.65001      35.62  555834684 0.0000e+00
     0.5360    2.64484      35.09  555834686 0.0000e+00
     0.3440    2.60776      34.26  555834687 0.0000e+00
     0.1492    2.61570      33.70  555834689 0.0000e+00
     0.1627    2.59739      32.65  555834690 0.0000e+00
     0.1847    2.61286      32.26  555834692 0.0000e+00
     0.2614    2.60034      31.18  555834693 0.0000e+00
     0.3083    2.60798      30.80  555834695 0.0000e+00
     0.3668    2.60530      30.02  555834696 0.0000e+00
     0.4746    2.61124      29.57  555834698 0.0000e+00
     0.6371    2.62058      29.03  555834699 0.0000e+00
     0.9853    2.62983      28.44  555834701 0.0000e+00
     1.1163    2.63900      27.69  555834702 0.0000e+00
     1.2669    2.64795      27.12  555834704 0.0000e+00
     1.5613    2.66751      26.33  555834705 0.0000e+00
     1.8291    2.67432      25.83  555834707 0.0000e+00
     1.9828    2.68408      25.17  555834708 0.0000e+00
     2.0495    2.68314      24.60  555834710 0.0000e+00
     2.0360    2.68345      24.03  555834711 0.0000e+00
     2.0690    2.68575      23.39  555834713 0.0000e+00
     2.2526    2.68896      22.81  555834714 0.0000e+00
     2.4505    2.70212      22.19  555834716 0.0000e+00
     2.5642    2.69973      21.69  555834718 0.0000e+00
     2.6365    2.70525      21.25  555834719 0.0000e+00
     2.8400    2.70544      21.27  555834721 0.0000e+00
     2.8579    2.71381      21.19  555834722 0.0000e+00
     2.8749    2.71252      21.30  555834724 0.0000e+00
     2.8463    2.71735      21.36  555834725 0.0000e+00
     2.8633    2.71843      21.28  555834727 0.0000e+00
     2.8554    2.71891      21.36  555834728 0.0000e+00
     2.8715    2.72424      20.86  555834730 0.0000e+00
     3.1345    2.72345      20.86  555834731 0.0000e+00
     3.3880    2.75092      20.04  555834733 0.0000e+00
     3.7521    2.75945      19.59  555834734 0.0000e+00
     4.4931    2.79021      18.92  555834736 0.0000e+00
     4.8978    2.81908      18.11  555834737 0.0000e+00
     4.7993    2.80083      17.65  555834739 0.0000e+00
     4.6051    2.78342      17.24  555834740 0.0000e+00
     4.7490    2.80619      16.39  555834742 0.0000e+00
     5.0591    2.81500      15.92  555834743 0.0000e+00
     6.0003    2.86194      15.22  555834745 0.0000e+00
     6.3861    2.90203      14.34  555834746 0.0000e+00
     6.8081    2.89346      13.90  555834748 0.0000e+00
     7.5434    2.92773      13.34  555834750 0.0000e+00
     8.2839    3.01224      12.64  555834751 0.0000e+00
     8.4829    3.02189      11.96  555834753 0.0000e+00
     8.7850    3.02904      11.68  555834754 0.0000e+00
     9.3777    3.09961      10.55  555834756 0.0000e+00
     9.6886    3.08511      10.18  555834757 0.0000e+00
    10.8303    3.19259       9.20  555834759 0.0000e+00
    12.6497    3.24074       8.73  555834760 0.0000e+00
    14.7951    3.33649       8.13  555834762 0.0000e+00
    16.0720    3.45654       7.49  555834763 0.0000e+00
    16.9360    3.53590       6.67  555834765 0.0000e+00
    17.7409    3.50674       6.47  555834766 0.0000e+00
    18.0620    3.60154       5.32  555834768 0.0000e+00
    18.1964    3.57148       5.05  555834769 0.0000e+00
    18.2933    3.61234       4.14  555834771 0.0000e+00
    18.4189    3.60124       3.60  555834772 0.0000e+00
    18.4641    3.60983       3.02  555834774 0.0000e+00
    18.4682    3.61607       2.35  555834775 0.0000e+00
    18.4720    3.61394       1.85  555834777 0.0000e+00
    18.4806    3.53148       1.36  555834778 0.0000e+00
    18.4722    3.21473       0.63  555834780 0.0000e+00
    18.4827    3.58853       0.62  555834782 0.0000e+00
    18.4750    3.60735       0.34  555834783 0.0000e+00
    18.4736    3.60888       0.33  555834785 0.0000e+00
    18.4801    3.60469       0.27  555834786 0.0000e+00
    18.4780    3.59645       0.28  555834788 0.0000e+00
    18.4744    3.59471       0.28  555834789 0.0000e+00
    18.4663    3.58173       0.26  555834791 0.0000e+00
    18.4734    3.58600       0.41  555834792 0.0000e+00
    18.4677    3.60668       0.11  555834794 0.0000e+00
    18.4859    3.59658       0.59  555834795 0.0000e+00
    18.4812    3.63390      -0.00  555834797 0.0000e+00
    18.4839    3.62202       0.64  555834798 0.0000e+00
    18.4801    3.62344       0.01  555834800 0.0000e+00
    18.4871    3.61614       0.54  555834801 0.0000e+00
    18.4818    3.62424      -0.08  555834803 0.0000e+00
    18.4840    2.10175      -0.06  555834804 0.0000e+00
    18.4747    0.82517      -0.24  555834806 0.0000e+00
    18.4304    0.18199      -0.24  555834807 0.0000e+00
    18.3430    0.16623      -0.24  555834809 0.0000e+00
    18.2636    0.14575      -0.24  555834810 0.0000e+00
    18.1777    0.13596      -0.24  555834812 0.0000e+00
    18.1068    0.12315      -0.24  555834814 0.0000e+00
    18.0386    0.10288      -0.24  555834815 0.0000e+00
    17.9844    0.07982      -0.24  555834817 0.0000e+00
    18.0265    0.07027      -0.24  555834818 0.0000e+00
    18.0892    0.06428      -0.24  555834820 0.0000e+00
    18.1078    0.06506      -0.24  555834821 0.0000e+00
    18.0491    0.05507      -0.24  555834823 0.0000e+00
    17.9928    0.04641      -0.24  555834824 0.0000e+00
    17.9708    0.04520      -0.24  555834826 0.0000e+00
    17.9394    0.04371      -0.24  555834827 0.0000e+00
    17.9150    0.04205      -0.24  555834829 0.0000e+00
    17.9065    0.04729      -0.24  555834830 0.0000e+00
    17.8981    0.06670      -0.24  555834832 0.0000e+00
    17.8944    0.06310      -0.24  555834833 0.0000e+00
    17.8925    0.06490      -0.24  555834835 0.0000e+00
    17.8925    0.06320      -0.24  555834836 0.0000e+00
    17.8897    0.06720      -0.23  555834838 0.0000e+00
    17.8881    0.06012      -0.24  555834839 0.0000e+00
    17.9026    0.07023      -0.23  555834841 0.0000e+00
    17.9079    0.05500      -0.24  555834842 0.0000e+00
    17.9251    0.06158      -0.23  555834844 0.0000e+00
