Code/Hansen Zooplankton Code and Sample Data/data/ctd/gsl_10_SBE37SI-RS232_03706156_2017_08_08.cnv
* Sea-Bird SBE37SI-RS232  Data File:
* FileName = C:\Users\General Lab Use\Desktop\SHELAGH CTD 2017\gsl_10_SBE37SI-RS232_03706156_2017_08_08.cnv
* Software version 1.00d
* Temperature SN = 6156
* Conductivity SN = 6156
* System UpLoad Time = Aug 08 2017 16:32:06
* <ApplicationData>
* <Seaterm232>
# nquan = 5
# nvalues = 1991
# units = specified
# name 0 = t090C: Temperature [ITS-90, deg C]
# name 1 = c0S/m: Conductivity [S/m]
# name 2 = prM: Pressure [db]
# name 3 = timeK: Time, Seacat Plus [seconds]
# name 4 = flag: Flag
# span 0 =      0.0970,    17.0813
# span 1 =    0.000294,   3.488435
# span 2 =      -0.311,    104.586
# span 3 =   555511157,  555514191
# span 4 =  0.0000e+00, 0.0000e+00
# interval = seconds: 6.000000
# start_time = Aug 08 2017 12:39:17
# bad_flag = -9.990e-29
*END*
[from data line 1143]
    15.4564    0.00784      -0.31  555512898 0.0000e+00
    15.4426    0.00781      -0.30  555512900 0.0000e+00
    15.4452    0.00781      -0.31  555512901 0.0000e+00
    15.4408    0.00779      -0.30  555512903 0.0000e+00
    15.4296    0.00777      -0.30  555512904 0.0000e+00
    15.4170    0.00774      -0.31  555512906 0.0000e+00
    15.4635    0.00772      -0.30  555512907 0.0000e+00
    15.5343    0.00771      -0.30  555512909 0.0000e+00
    15.5125    0.00770      -0.30  555512910 0.0000e+00
    15.5046    0.00769      -0.30  555512912 0.0000e+00
    15.4899    0.00768      -0.31  555512913 0.0000e+00
    15.4801    0.00769      -0.30  555512915 0.0000e+00
    15.4818    0.00768      -0.30  555512916 0.0000e+00
    15.4878    0.00766      -0.30  555512918 0.0000e+00
    15.4809    0.00766      -0.31  555512919 0.0000e+00
    15.4535    0.00767      -0.30  555512921 0.0000e+00
    15.4464    0.00764      -0.30  555512923 0.0000e+00
    15.4409    0.00764      -0.30  555512924 0.0000e+00
    15.4309    0.00763      -0.30  555512926 0.0000e+00
    15.4259    0.00762      -0.30  555512927 0.0000e+00
    15.4230    0.00759      -0.30  555512929 0.0000e+00
    15.4400    0.00759      -0.30  555512930 0.0000e+00
    15.4730    0.00757      -0.30  555512932 0.0000e+00
    15.4731    0.00758      -0.30  555512933 0.0000e+00
    15.4719    0.00758      -0.30  555512935 0.0000e+00
    15.4792    0.00758      -0.30  555512936 0.0000e+00
    15.5027    0.00757      -0.30  555512938 0.0000e+00
    15.4974    0.00756      -0.30  555512939 0.0000e+00
    15.5528    0.00756      -0.30  555512941 0.0000e+00
    15.6739    0.00755      -0.30  555512942 0.0000e+00
    15.7830    0.00754      -0.30  555512944 0.0000e+00
    15.7729    0.00754      -0.30  555512945 0.0000e+00
    15.7805    0.00753      -0.30  555512947 0.0000e+00
    15.7915    0.00751      -0.30  555512948 0.0000e+00
    15.7805    0.00747      -0.30  555512950 0.0000e+00
    15.7693    0.00744      -0.30  555512951 0.0000e+00
    15.7626    0.00741      -0.30  555512953 0.0000e+00
    15.7745    0.00738      -0.30  555512954 0.0000e+00
    15.8402    0.00735      -0.30  555512956 0.0000e+00
    15.8155    0.00732      -0.30  555512957 0.0000e+00
    15.8148    0.00730      -0.30  555512959 0.0000e+00
    15.8268    0.00729      -0.30  555512961 0.0000e+00
    15.8143    0.00727      -0.30  555512962 0.0000e+00
    15.7957    0.00725      -0.30  555512964 0.0000e+00
    15.7711    0.00724      -0.30  555512965 0.0000e+00
    15.8152    0.00721      -0.30  555512967 0.0000e+00
    15.7925    0.00720      -0.30  555512968 0.0000e+00
    15.7527    0.00719      -0.30  555512970 0.0000e+00
    15.7271    0.00719      -0.30  555512971 0.0000e+00
    15.7179    0.00718      -0.30  555512973 0.0000e+00
    15.6945    0.00717      -0.30  555512974 0.0000e+00
    15.6714    0.00715      -0.30  555512976 0.0000e+00
    15.6916    0.00715      -0.30  555512977 0.0000e+00
    15.7864    0.00714      -0.30  555512979 0.0000e+00
    15.8088    0.00715      -0.30  555512980 0.0000e+00
    15.8826    0.00713      -0.30  555512982 0.0000e+00
    15.8679    0.00714      -0.30  555512983 0.0000e+00
    15.8493    0.00713      -0.30  555512985 0.0000e+00
    15.8383    0.00713      -0.30  555512986 0.0000e+00
    15.8333    0.00712      -0.30  555512988 0.0000e+00
    15.8029    0.00711      -0.30  555512989 0.0000e+00
    15.7827    0.00709      -0.30  555512991 0.0000e+00
    15.7812    0.00708      -0.30  555512992 0.0000e+00
    15.7552    0.00706      -0.30  555512994 0.0000e+00
    15.7211    0.00705      -0.30  555512995 0.0000e+00
    15.6901    0.00704      -0.30  555512997 0.0000e+00
    15.6689    0.00704      -0.30  555512999 0.0000e+00
    15.6694    0.00702      -0.30  555513000 0.0000e+00
    15.6378    0.00702      -0.30  555513002 0.0000e+00
    15.6240    0.00700      -0.30  555513003 0.0000e+00
    15.6274    0.00700      -0.30  555513005 0.0000e+00
    15.6285    0.00700      -0.30  555513006 0.0000e+00
    15.6206    0.00698      -0.30  555513008 0.0000e+00
    15.6043    0.00697      -0.30  555513009 0.0000e+00
    15.5763    0.00697      -0.30  555513011 0.0000e+00
    15.6031    0.00696      -0.30  555513012 0.0000e+00
    15.5665    0.00697      -0.30  555513014 0.0000e+00
    15.5584    0.00696      -0.30  555513015 0.0000e+00
    15.5533    0.00697      -0.30  555513017 0.0000e+00
    15.5590    0.00698      -0.30  555513018 0.0000e+00
    15.6339    0.00698      -0.30  555513020 0.0000e+00
    15.6192    0.00696      -0.30  555513021 0.0000e+00
    15.6085    0.00695      -0.30  555513023 0.0000e+00
    15.5931    0.00695      -0.30  555513024 0.0000e+00
    15.5706    0.00695      -0.30  555513026 0.0000e+00
    15.5609    0.00693      -0.30  555513027 0.0000e+00
    15.5872    0.00693      -0.30  555513029 0.0000e+00
    15.6296    0.00693      -0.30  555513031 0.0000e+00
    15.6119    0.00692      -0.30  555513032 0.0000e+00
    15.5984    0.00691      -0.30  555513034 0.0000e+00
    15.5787    0.00690      -0.30  555513035 0.0000e+00
    15.6168    0.00688      -0.30  555513037 0.0000e+00
    15.5934    0.00683      -0.30  555513038 0.0000e+00
    15.5751    0.00681      -0.30  555513040 0.0000e+00
    15.6210    0.00680      -0.30  555513041 0.0000e+00
    15.6458    0.00679      -0.30  555513043 0.0000e+00
    15.6205    0.00677      -0.30  555513044 0.0000e+00
    15.6096    0.00675      -0.30  555513046 0.0000e+00
    15.6072    0.00674      -0.30  555513047 0.0000e+00
    15.5905    0.00673      -0.30  555513049 0.0000e+00
    15.5831    0.00672      -0.30  555513050 0.0000e+00
    15.5785    0.00670      -0.30  555513052 0.0000e+00
    15.6009    0.00669      -0.30  555513053 0.0000e+00
    15.6373    0.00669      -0.30  555513055 0.0000e+00
    15.6042    0.00667      -0.30  555513056 0.0000e+00
    15.5764    0.00666      -0.30  555513058 0.0000e+00
    15.5694    0.00665      -0.30  555513060 0.0000e+00
    15.5682    0.00664      -0.30  555513061 0.0000e+00
    15.6664    0.00663      -0.30  555513063 0.0000e+00
    15.6561    0.00661      -0.30  555513064 0.0000e+00
    15.6425    0.00661      -0.30  555513066 0.0000e+00
    15.6673    0.00659      -0.30  555513067 0.0000e+00
    15.7146    0.00658      -0.30  555513069 0.0000e+00
    15.7022    0.00657      -0.30  555513070 0.0000e+00
    15.6853    0.00656      -0.30  555513072 0.0000e+00
    15.6829    0.00655      -0.30  555513073 0.0000e+00
    15.6541    0.00655      -0.30  555513075 0.0000e+00
    15.6387    0.00654      -0.30  555513076 0.0000e+00
    15.6235    0.00652      -0.30  555513078 0.0000e+00
    15.7016    0.00652      -0.30  555513079 0.0000e+00
    15.6955    0.00651      -0.30  555513081 0.0000e+00
    15.6838    0.00651      -0.30  555513082 0.0000e+00
    15.6803    0.00652      -0.30  555513084 0.0000e+00
    15.6680    0.00651      -0.30  555513085 0.0000e+00
    15.6643    0.00650      -0.30  555513087 0.0000e+00
    15.7411    0.00650      -0.30  555513088 0.0000e+00
    15.8521    0.00649      -0.30  555513090 0.0000e+00
    15.8308    0.00649      -0.30  555513092 0.0000e+00
    15.8111    0.00648      -0.30  555513093 0.0000e+00
    15.8239    0.00648      -0.30  555513095 0.0000e+00
    15.8047    0.00648      -0.30  555513096 0.0000e+00
    15.8420    0.00647      -0.30  555513098 0.0000e+00
    15.8311    0.00647      -0.30  555513099 0.0000e+00
    15.8322    0.00647      -0.30  555513101 0.0000e+00
    15.8233    0.00646      -0.30  555513102 0.0000e+00
    15.8459    0.00646      -0.30  555513104 0.0000e+00
    15.8438    0.00646      -0.30  555513105 0.0000e+00
    15.8412    0.00645      -0.30  555513107 0.0000e+00
    15.8953    0.00645      -0.30  555513108 0.0000e+00
    15.9249    0.00646      -0.30  555513110 0.0000e+00
    15.9189    0.00644      -0.30  555513111 0.0000e+00
    15.8800    0.00644      -0.30  555513113 0.0000e+00
    15.8594    0.00644      -0.30  555513114 0.0000e+00
    15.8502    0.00643      -0.30  555513116 0.0000e+00
    15.9022    0.00643      -0.30  555513117 0.0000e+00
    15.9123    0.00642      -0.30  555513119 0.0000e+00
    15.8955    0.00641      -0.30  555513120 0.0000e+00
    15.8906    0.00641      -0.30  555513122 0.0000e+00
    15.8745    0.00641      -0.30  555513124 0.0000e+00
    15.8895    0.00640      -0.30  555513125 0.0000e+00
    15.8737    0.00640      -0.30  555513127 0.0000e+00
    15.8685    0.00639      -0.30  555513128 0.0000e+00
    15.8494    0.00639      -0.30  555513130 0.0000e+00
    15.8334    0.00640      -0.30  555513131 0.0000e+00
    15.8432    0.00638      -0.30  555513133 0.0000e+00
    15.8108    0.00638      -0.30  555513134 0.0000e+00
    15.7792    0.00638      -0.30  555513136 0.0000e+00
    15.7508    0.00637      -0.30  555513137 0.0000e+00
    15.7708    0.00636      -0.30  555513139 0.0000e+00
    15.7580    0.00634      -0.30  555513140 0.0000e+00
    15.7379    0.00634      -0.30  555513142 0.0000e+00
    15.7754    0.00634      -0.30  555513143 0.0000e+00
    15.8290    0.00633      -0.30  555513145 0.0000e+00
    15.8113    0.00633      -0.30  555513146 0.0000e+00
    15.8054    0.00633      -0.30  555513148 0.0000e+00
    15.7877    0.00633      -0.30  555513149 0.0000e+00
    15.7753    0.00633      -0.30  555513151 0.0000e+00
    15.7721    0.00632      -0.30  555513152 0.0000e+00
    15.7540    0.00631      -0.30  555513154 0.0000e+00
    15.7638    0.00631      -0.30  555513156 0.0000e+00
    15.7639    0.00631      -0.30  555513157 0.0000e+00
    15.7505    0.00630      -0.30  555513159 0.0000e+00
    15.7505    0.00629      -0.30  555513160 0.0000e+00
    15.7613    0.00629      -0.30  555513162 0.0000e+00
    15.8076    0.00630      -0.30  555513163 0.0000e+00
    15.7791    0.00629      -0.30  555513165 0.0000e+00
    15.7472    0.00629      -0.30  555513166 0.0000e+00
    15.7357    0.00629      -0.30  555513168 0.0000e+00
    15.7529    0.00628      -0.30  555513169 0.0000e+00
    15.7460    0.00628      -0.30  555513171 0.0000e+00
    15.7716    0.00627      -0.30  555513172 0.0000e+00
    15.7618    0.00628      -0.30  555513174 0.0000e+00
    15.7434    0.00627      -0.30  555513175 0.0000e+00
    15.7342    0.00627      -0.30  555513177 0.0000e+00
    15.7358    0.00626      -0.30  555513178 0.0000e+00
    15.7626    0.00626      -0.30  555513180 0.0000e+00
    15.7948    0.00626      -0.30  555513181 0.0000e+00
    15.7738    0.00625      -0.30  555513183 0.0000e+00
    15.7689    0.00624      -0.30  555513185 0.0000e+00
    15.7836    0.00625      -0.30  555513186 0.0000e+00
    15.8051    0.00624      -0.30  555513188 0.0000e+00
    15.8000    0.00624      -0.30  555513189 0.0000e+00
    15.8300    0.00623      -0.30  555513191 0.0000e+00
    15.8317    0.00624      -0.30  555513192 0.0000e+00
    15.8247    0.00623      -0.30  555513194 0.0000e+00
    15.8600    0.00622      -0.29  555513195 0.0000e+00
    15.8970    0.00622      -0.30  555513197 0.0000e+00
    15.9193    0.00622      -0.30  555513198 0.0000e+00
    15.9690    0.00623      -0.30  555513200 0.0000e+00
    15.9947    0.00622      -0.30  555513201 0.0000e+00
    15.9714    0.00621      -0.30  555513203 0.0000e+00
    15.9855    0.00622      -0.30  555513204 0.0000e+00
    15.9812    0.00621      -0.30  555513206 0.0000e+00
    15.9911    0.00621      -0.30  555513207 0.0000e+00
    15.9839    0.00620      -0.29  555513209 0.0000e+00
    15.9674    0.00620      -0.30  555513210 0.0000e+00
    15.9380    0.00620      -0.30  555513212 0.0000e+00
    15.9420    0.00620      -0.30  555513214 0.0000e+00
    15.9376    0.00620      -0.30  555513215 0.0000e+00
    15.9464    0.00619      -0.30  555513217 0.0000e+00
    15.9895    0.00620      -0.30  555513218 0.0000e+00
    16.0151    0.00620      -0.29  555513220 0.0000e+00
    16.0010    0.00619      -0.30  555513221 0.0000e+00
    15.9909    0.00619      -0.29  555513223 0.0000e+00
    16.0373    0.00619      -0.30  555513224 0.0000e+00
    16.0554    0.00619      -0.30  555513226 0.0000e+00
    16.0760    0.00619      -0.30  555513227 0.0000e+00
    16.0368    0.00617      -0.30  555513229 0.0000e+00
    16.1240    0.00618      -0.30  555513230 0.0000e+00
    16.1930    0.00618      -0.30  555513232 0.0000e+00
    16.1970    0.00617      -0.29  555513233 0.0000e+00
    16.2801    0.00617      -0.30  555513235 0.0000e+00
    16.2712    0.00617      -0.30  555513236 0.0000e+00
    16.2558    0.00617      -0.30  555513238 0.0000e+00
    16.2229    0.00617      -0.30  555513239 0.0000e+00
    16.1648    0.00617      -0.30  555513241 0.0000e+00
    16.1818    0.00617      -0.30  555513242 0.0000e+00
    16.2075    0.00618      -0.30  555513244 0.0000e+00
    16.1104    0.00617      -0.30  555513246 0.0000e+00
    16.1073    0.00617      -0.30  555513247 0.0000e+00
    16.0585    0.00617      -0.29  555513249 0.0000e+00
    16.0963    0.00618      -0.30  555513250 0.0000e+00
    16.1415    0.00618      -0.30  555513252 0.0000e+00
    16.1737    0.00617      -0.30  555513253 0.0000e+00
    16.1583    0.00617      -0.30  555513255 0.0000e+00
    16.1190    0.00618      -0.30  555513256 0.0000e+00
    16.1266    0.00618      -0.30  555513258 0.0000e+00
    16.1146    0.00618      -0.30  555513259 0.0000e+00
    16.1121    0.00617      -0.30  555513261 0.0000e+00
    16.1226    0.00617      -0.30  555513262 0.0000e+00
    16.1555    0.00617      -0.29  555513264 0.0000e+00
    16.1524    0.00617      -0.30  555513265 0.0000e+00
    16.1771    0.00617      -0.30  555513267 0.0000e+00
    16.1645    0.00616      -0.30  555513268 0.0000e+00
    16.1466    0.00616      -0.29  555513270 0.0000e+00
    16.0716    0.00617      -0.30  555513271 0.0000e+00
    16.0618    0.00616      -0.30  555513273 0.0000e+00
    16.0385    0.00615      -0.30  555513274 0.0000e+00
    16.0522    0.00616      -0.30  555513276 0.0000e+00
    16.0047    0.00616      -0.29  555513278 0.0000e+00
    15.9871    0.00616      -0.30  555513279 0.0000e+00
    15.9495    0.00615      -0.30  555513281 0.0000e+00
    15.9710    0.00615      -0.30  555513282 0.0000e+00
    15.9698    0.00615      -0.30  555513284 0.0000e+00
    15.9610    0.00615      -0.30  555513285 0.0000e+00
    15.9714    0.00614      -0.30  555513287 0.0000e+00
    15.9963    0.00614      -0.30  555513288 0.0000e+00
    15.9764    0.00614      -0.29  555513290 0.0000e+00
    15.9565    0.00614      -0.29  555513291 0.0000e+00
    15.9950    0.00613      -0.30  555513293 0.0000e+00
    15.9913    0.00613      -0.29  555513294 0.0000e+00
    16.0541    0.00613      -0.30  555513296 0.0000e+00
    16.1120    0.00613      -0.29  555513297 0.0000e+00
    16.1276    0.00613      -0.30  555513299 0.0000e+00
    16.1307    0.00612      -0.29  555513300 0.0000e+00
    16.1224    0.00613      -0.29  555513302 0.0000e+00
    16.1142    0.00612      -0.29  555513303 0.0000e+00
    16.1552    0.00611      -0.30  555513305 0.0000e+00
    16.1588    0.00611      -0.29  555513307 0.0000e+00
    16.1825    0.00611      -0.29  555513308 0.0000e+00
    16.2432    0.00611      -0.29  555513310 0.0000e+00
    16.2753    0.00610      -0.30  555513311 0.0000e+00
    16.4112    0.00610      -0.29  555513313 0.0000e+00
    16.5090    0.00610      -0.30  555513314 0.0000e+00
    16.4994    0.00609      -0.30  555513316 0.0000e+00
    16.5550    0.00609      -0.30  555513317 0.0000e+00
    16.5708    0.00608      -0.30  555513319 0.0000e+00
    16.5703    0.00609      -0.30  555513320 0.0000e+00
    16.5699    0.00608      -0.30  555513322 0.0000e+00
    16.6895    0.00607      -0.29  555513323 0.0000e+00
    16.7524    0.00608      -0.30  555513325 0.0000e+00
    16.7663    0.00607      -0.29  555513326 0.0000e+00
    16.7460    0.00606      -0.29  555513328 0.0000e+00
    16.7194    0.00606      -0.30  555513329 0.0000e+00
    16.7090    0.00606      -0.29  555513331 0.0000e+00
