Code/Hansen Zooplankton Code and Sample Data/data/ctd/gsl_11_SBE37SI-RS232_03706156_2017_08_10_final.cnv
* Sea-Bird SBE37SI-RS232  Data File:
* FileName = C:\Users\General Lab Use\Desktop\SHELAGH CTD 2017\gsl_11_SBE37SI-RS232_03706156_2017_08_10.cnv
* Software version 1.00d
* Temperature SN = 6156
* Conductivity SN = 6156
* System UpLoad Time = Aug 10 2017 15:50:10
* <ApplicationData>
* <Seaterm232>
# nquan = 7                                 
# nvalues = 2243                        
# units = specified
# name 0 = t090C: Temperature [ITS-90, deg C]
# name 1 = c0S/m: Conductivity [S/m]
# name 2 = prM: Pressure [db]
# name 3 = timeK: Time, Seacat Plus [seconds]
# name 4 = sal00: Salinity [PSU]
# name 5 = sigma-t00: Density [sigma-t, Kg/m^3 ]
# name 6 = flag: flag
# span 0 =     0.3286,    18.3628       
# span 1 =   0.000200,   3.405210       
# span 2 =     -0.230,     89.660       
# span 3 =  555681024,  555684453       
# span 4 =     0.0091,    32.2682       
# span 5 =    -1.4629,    25.8670       
# span 6 = 0.0000e+00, 0.0000e+00       
# interval = seconds: 6.000000
# start_time = Aug 10 2017 11:50:24
# bad_flag = -9.990e-29
*END*
[from data line 1436]
     0.5430   2.676180     45.200  555683219    31.4042    25.1790 0.0000e+00
     0.5418   2.676990     44.940  555683220    31.4160    25.1886 0.0000e+00
     0.5457   2.676260     44.550  555683222    31.4028    25.1778 0.0000e+00
     0.5554   2.677280     44.400  555683223    31.4062    25.1800 0.0000e+00
     0.5584   2.676590     44.100  555683225    31.3944    25.1704 0.0000e+00
     0.5606   2.675040     43.520  555683226    31.3725    25.1526 0.0000e+00
     0.5618   2.676120     43.240  555683228    31.3854    25.1629 0.0000e+00
     0.5735   2.674490     42.380  555683229    31.3529    25.1362 0.0000e+00
     0.5988   2.677900     42.100  555683231    31.3714    25.1498 0.0000e+00
     0.6930   2.678820     41.240  555683232    31.2882    25.0781 0.0000e+00
     0.6996   2.677280     40.950  555683234    31.2619    25.0566 0.0000e+00
     0.8901   2.687610     40.280  555683235    31.2028    24.9989 0.0000e+00
     1.0025   2.689360     40.030  555683237    31.1125    24.9202 0.0000e+00
     1.0358   2.691800     39.320  555683239    31.1107    24.9169 0.0000e+00
     1.0440   2.692090     38.800  555683240    31.1065    24.9131 0.0000e+00
     1.0493   2.692670     38.110  555683242    31.1089    24.9147 0.0000e+00
     1.0517   2.692480     37.890  555683243    31.1042    24.9108 0.0000e+00
     1.0560   2.693270     37.220  555683245    31.1104    24.9155 0.0000e+00
     1.0636   2.693270     36.720  555683246    31.1030    24.9092 0.0000e+00
     1.0693   2.693750     36.410  555683248    31.1036    24.9093 0.0000e+00
     1.0758   2.693670     35.850  555683249    31.0964    24.9032 0.0000e+00
     1.0849   2.693170     35.570  555683251    31.0811    24.8904 0.0000e+00
     1.0883   2.691600     35.070  555683252    31.0581    24.8717 0.0000e+00
     1.0912   2.690500     34.750  555683254    31.0414    24.8581 0.0000e+00
     1.0910   2.688100     34.190  555683255    31.0114    24.8340 0.0000e+00
     1.0340   2.684180     33.850  555683257    31.0185    24.8430 0.0000e+00
     1.1294   2.691250     33.440  555683258    31.0136    24.8336 0.0000e+00
     1.2765   2.695920     33.180  555683260    30.9269    24.7555 0.0000e+00
     1.3123   2.698820     32.630  555683261    30.9284    24.7546 0.0000e+00
     1.3511   2.698090     32.430  555683263    30.8810    24.7143 0.0000e+00
     1.3552   2.699580     31.910  555683264    30.8960    24.7261 0.0000e+00
     1.3663   2.699450     31.510  555683266    30.8836    24.7155 0.0000e+00
     1.3702   2.699670     31.140  555683268    30.8827    24.7146 0.0000e+00
     1.3752   2.700270     30.700  555683269    30.8856    24.7166 0.0000e+00
     1.3768   2.700090     30.220  555683271    30.8820    24.7136 0.0000e+00
     1.3768   2.700000     29.880  555683272    30.8810    24.7128 0.0000e+00
     1.3782   2.697600     29.480  555683274    30.8497    24.6876 0.0000e+00
     1.3717   2.696600     29.080  555683275    30.8437    24.6832 0.0000e+00
     1.4191   2.697210     28.800  555683277    30.8049    24.6492 0.0000e+00
     1.4635   2.701540     28.390  555683278    30.8159    24.6553 0.0000e+00
     1.6438   2.709250     28.050  555683280    30.7359    24.5801 0.0000e+00
     1.6896   2.706250     27.660  555683281    30.6540    24.5116 0.0000e+00
     1.6803   2.703020     27.270  555683283    30.6230    24.4873 0.0000e+00
     1.8085   2.706950     26.770  555683284    30.5478    24.4188 0.0000e+00
     1.9496   2.708490     26.470  555683286    30.4308    24.3160 0.0000e+00
     2.0055   2.711750     25.970  555683287    30.4176    24.3017 0.0000e+00
     2.0800   2.711400     25.660  555683289    30.3420    24.2362 0.0000e+00
     2.1696   2.715710     25.140  555683290    30.3096    24.2042 0.0000e+00
     2.1119   2.704070     25.010  555683292    30.2216    24.1378 0.0000e+00
     1.9493   2.692040     24.600  555683294    30.2287    24.1542 0.0000e+00
     1.9325   2.690450     24.540  555683295    30.2251    24.1525 0.0000e+00
     1.9601   2.689690     24.300  555683297    30.1895    24.1221 0.0000e+00
     2.0409   2.701980     23.800  555683298    30.2642    24.1766 0.0000e+00
     2.5073   2.717490     23.660  555683300    30.0122    23.9428 0.0000e+00
     2.9311   2.741420     23.290  555683301    29.9055    23.8260 0.0000e+00
     3.1308   2.753890     23.120  555683303    29.8698    23.7818 0.0000e+00
     3.5826   2.782890     22.750  555683304    29.7982    23.6875 0.0000e+00
     4.0394   2.787890     22.630  555683306    29.4425    23.3647 0.0000e+00
     4.3789   2.814360     22.090  555683307    29.4454    23.3356 0.0000e+00
     4.6878   2.818330     21.840  555683309    29.2170    23.1249 0.0000e+00
     5.0014   2.845110     21.400  555683310    29.2461    23.1168 0.0000e+00
     5.3036   2.854470     21.180  555683312    29.0880    22.9605 0.0000e+00
     5.5675   2.868080     20.880  555683313    29.0121    22.8725 0.0000e+00
     5.6790   2.877560     20.610  555683315    29.0217    22.8680 0.0000e+00
     5.9026   2.900010     20.240  555683316    29.0786    22.8881 0.0000e+00
     6.1009   2.901260     20.180  555683318    28.9227    22.7428 0.0000e+00
     6.1897   2.915250     19.800  555683320    29.0008    22.7942 0.0000e+00
     6.3102   2.895190     19.840  555683321    28.6790    22.5267 0.0000e+00
     6.3298   2.922220     19.350  555683323    28.9581    22.7443 0.0000e+00
     6.3963   2.905160     19.370  555683324    28.7156    22.5454 0.0000e+00
     6.4235   2.926920     18.960  555683326    28.9300    22.7112 0.0000e+00
     6.4311   2.923340     18.750  555683327    28.8847    22.6746 0.0000e+00
     6.4599   2.944800     18.280  555683329    29.0944    22.8363 0.0000e+00
     7.4222   3.007010     18.070  555683330    28.9529    22.6057 0.0000e+00
     8.4490   3.033860     18.030  555683332    28.3930    22.0286 0.0000e+00
     8.6858   3.054750     17.530  555683333    28.4182    22.0149 0.0000e+00
     8.9616   3.058180     17.160  555683335    28.2335    21.8308 0.0000e+00
     9.4046   3.095990     16.580  555683336    28.2668    21.7915 0.0000e+00
     9.7769   3.089090     16.230  555683338    27.9068    21.4543 0.0000e+00
    10.4686   3.167550     15.460  555683339    28.1495    21.5344 0.0000e+00
    11.1585   3.159670     15.180  555683341    27.5490    20.9544 0.0000e+00
    11.5768   3.227880     14.330  555683342    27.8905    21.1484 0.0000e+00
    12.1870   3.221770     14.100  555683344    27.3806    20.6465 0.0000e+00
    12.4105   3.268480     13.240  555683345    27.6552    20.8190 0.0000e+00
    12.6379   3.255980     13.050  555683347    27.3726    20.5592 0.0000e+00
    12.7853   3.288570     12.280  555683349    27.5684    20.6835 0.0000e+00
    12.8967   3.281900     12.030  555683350    27.4259    20.5528 0.0000e+00
    13.0690   3.308540     11.280  555683352    27.5472    20.6145 0.0000e+00
    13.2855   3.301920     11.170  555683353    27.3304    20.4065 0.0000e+00
    13.4417   3.331020     10.350  555683355    27.4847    20.4959 0.0000e+00
    13.5509   3.321980     10.170  555683356    27.3241    20.3512 0.0000e+00
    13.6387   3.342550      9.330  555683358    27.4488    20.4305 0.0000e+00
    13.7309   3.333290      9.090  555683359    27.2990    20.2972 0.0000e+00
    13.7995   3.343610      8.420  555683361    27.3440    20.3186 0.0000e+00
    13.7092   3.315290      8.250  555683362    27.1516    20.1877 0.0000e+00
    13.5501   3.293040      7.580  555683364    27.0623    20.1494 0.0000e+00
    13.4229   3.273150      7.240  555683365    26.9712    20.1033 0.0000e+00
    13.4062   3.272060      6.690  555683367    26.9732    20.1080 0.0000e+00
    13.5468   3.277250      6.170  555683368    26.9216    20.0415 0.0000e+00
    13.6329   3.282530      5.700  555683370    26.9092    20.0155 0.0000e+00
    13.8773   3.291950      5.340  555683371    26.8236    19.9025 0.0000e+00
    14.0600   3.312410      4.700  555683373    26.8806    19.9108 0.0000e+00
    14.6303   3.333060      4.340  555683375    26.6710    19.6365 0.0000e+00
    14.8063   3.347520      3.750  555683376    26.6786    19.6069 0.0000e+00
    14.9133   3.352020      3.240  555683378    26.6455    19.5597 0.0000e+00
    14.9590   3.354870      2.810  555683379    26.6396    19.5458 0.0000e+00
    15.0060   3.360160      2.220  555683381    26.6542    19.5475 0.0000e+00
    15.0413   3.362510      1.750  555683382    26.6510    19.5378 0.0000e+00
    15.1103   3.370400      1.150  555683384    26.6734    19.5409 0.0000e+00
    15.1689   3.370770      0.690  555683385    26.6370    19.5008 0.0000e+00
    15.3102   3.375810      0.550  555683387    26.5854    19.4320 0.0000e+00
    15.3472   3.370170      0.320  555683388    26.5114    19.3676 0.0000e+00
    15.3433   3.322560      0.540  555683390    26.0999    19.0525 0.0000e+00
    15.2738   3.352380     -0.180  555683391    26.4060    19.3018 0.0000e+00
    15.4175   3.383440      0.480  555683393    26.5795    19.4052 0.0000e+00
    15.4732   2.113210     -0.190  555683394    15.8246    11.1555 0.0000e+00
    15.4038   2.450950      0.110  555683396    18.6436    13.3259 0.0000e+00
    15.3916   1.032350     -0.190  555683397     7.2917     4.6425 0.0000e+00
    15.3779   3.305640     -0.150  555683399    25.9303    18.9152 0.0000e+00
    15.3689   0.323810     -0.200  555683401     2.1135     0.6749 0.0000e+00
    15.2698   0.134620     -0.190  555683402     0.8405    -0.2900 0.0000e+00
    15.2229   0.143210     -0.190  555683404     0.8978    -0.2385 0.0000e+00
    15.1793   0.381830     -0.160  555683405     2.5293     1.0249 0.0000e+00
    15.3688   1.992200     -0.190  555683407    14.8775    10.4505 0.0000e+00
    15.3462   0.237170     -0.190  555683408     1.5214     0.2229 0.0000e+00
    15.2886   0.099590     -0.200  555683410     0.6131    -0.4685 0.0000e+00
    15.2777   0.048600     -0.190  555683411     0.2916    -0.7154 0.0000e+00
    15.2145   0.046290     -0.200  555683413     0.2778    -0.7163 0.0000e+00
    15.1828   0.043060     -0.190  555683414     0.2581    -0.7267 0.0000e+00
    15.1275   0.034280     -0.200  555683416     0.2046    -0.7596 0.0000e+00
    15.0544   0.033150     -0.190  555683417     0.1981    -0.7535 0.0000e+00
    14.9881   0.027620     -0.200  555683419     0.1648    -0.7692 0.0000e+00
    14.9881   0.023110     -0.200  555683420     0.1377    -0.7903 0.0000e+00
    14.9908   0.021910     -0.190  555683422     0.1305    -0.7963 0.0000e+00
    15.0139   0.021190     -0.190  555683423     0.1261    -0.8032 0.0000e+00
    14.9950   0.024380     -0.190  555683425     0.1453    -0.7855 0.0000e+00
    15.0146   0.028020     -0.190  555683427     0.1672    -0.7715 0.0000e+00
    15.0201   0.031640     -0.200  555683428     0.1891    -0.7553 0.0000e+00
    15.0216   0.033610     -0.200  555683430     0.2011    -0.7462 0.0000e+00
    15.0330   0.032240     -0.190  555683431     0.1927    -0.7545 0.0000e+00
    15.0299   0.032340     -0.200  555683433     0.1933    -0.7535 0.0000e+00
    15.0175   0.031310     -0.200  555683434     0.1871    -0.7564 0.0000e+00
    15.0328   0.027480     -0.200  555683436     0.1638    -0.7768 0.0000e+00
    15.0378   0.025130     -0.200  555683437     0.1496    -0.7885 0.0000e+00
    15.0481   0.022700     -0.200  555683439     0.1350    -0.8014 0.0000e+00
    15.0553   0.021000     -0.200  555683440     0.1249    -0.8104 0.0000e+00
    15.0559   0.019750     -0.200  555683442     0.1175    -0.8163 0.0000e+00
    15.0594   0.018530     -0.200  555683443     0.1102    -0.8224 0.0000e+00
    15.0548   0.018150     -0.200  555683445     0.1080    -0.8234 0.0000e+00
    15.0659   0.017380     -0.200  555683446     0.1034    -0.8287 0.0000e+00
    15.0722   0.017360     -0.200  555683448     0.1033    -0.8297 0.0000e+00
    15.0628   0.016760     -0.200  555683449     0.0998    -0.8310 0.0000e+00
    15.0621   0.016840     -0.200  555683451     0.1002    -0.8305 0.0000e+00
    15.0616   0.016630     -0.200  555683453     0.0990    -0.8314 0.0000e+00
    15.0657   0.016480     -0.200  555683454     0.0981    -0.8327 0.0000e+00
    15.0738   0.015970     -0.200  555683456     0.0951    -0.8363 0.0000e+00
    15.0606   0.016020     -0.200  555683457     0.0954    -0.8341 0.0000e+00
    15.0571   0.015560     -0.200  555683459     0.0927    -0.8356 0.0000e+00
    15.0492   0.018110     -0.200  555683460     0.1078    -0.8228 0.0000e+00
    15.0710   0.018860     -0.200  555683462     0.1121    -0.8227 0.0000e+00
    15.1020   0.022310     -0.200  555683463     0.1326    -0.8116 0.0000e+00
    15.1039   0.021330     -0.200  555683465     0.1267    -0.8164 0.0000e+00
    15.0976   0.019450     -0.200  555683466     0.1156    -0.8241 0.0000e+00
    15.0966   0.017130     -0.200  555683468     0.1019    -0.8345 0.0000e+00
    15.1151   0.018380     -0.200  555683469     0.1092    -0.8317 0.0000e+00
    15.0940   0.018960     -0.200  555683471     0.1127    -0.8258 0.0000e+00
    15.0949   0.023450     -0.200  555683472     0.1394    -0.8052 0.0000e+00
    15.0928   0.022550     -0.200  555683474     0.1340    -0.8090 0.0000e+00
    15.0988   0.023270     -0.200  555683475     0.1383    -0.8066 0.0000e+00
    15.0955   0.019880     -0.200  555683477     0.1181    -0.8218 0.0000e+00
    15.0892   0.017210     -0.200  555683479     0.1024    -0.8330 0.0000e+00
    15.0845   0.015280     -0.180  555683480     0.0910    -0.8411 0.0000e+00
    15.0744   0.015070     -0.180  555683482     0.0898    -0.8405 0.0000e+00
    15.0609   0.014950     -0.180  555683483     0.0891    -0.8390 0.0000e+00
    15.0514   0.014750     -0.180  555683485     0.0880    -0.8384 0.0000e+00
    15.0419   0.014250     -0.180  555683486     0.0851    -0.8392 0.0000e+00
    15.0336   0.013820     -0.180  555683488     0.0826    -0.8399 0.0000e+00
    15.0194   0.013370     -0.180  555683489     0.0800    -0.8398 0.0000e+00
    15.0366   0.012910     -0.180  555683491     0.0773    -0.8445 0.0000e+00
    15.0301   0.012560     -0.180  555683492     0.0753    -0.8451 0.0000e+00
    15.0417   0.012170     -0.170  555683494     0.0730    -0.8486 0.0000e+00
    15.0343   0.011880     -0.180  555683495     0.0713    -0.8488 0.0000e+00
    15.0338   0.011580     -0.180  555683497     0.0696    -0.8500 0.0000e+00
    15.0069   0.011330     -0.170  555683498     0.0682    -0.8471 0.0000e+00
    14.9863   0.011080     -0.180  555683500     0.0668    -0.8450 0.0000e+00
    14.9760   0.010830     -0.180  555683501     0.0653    -0.8446 0.0000e+00
    14.9655   0.010580     -0.180  555683503     0.0639    -0.8441 0.0000e+00
    14.9605   0.010390     -0.180  555683505     0.0628    -0.8442 0.0000e+00
    14.9635   0.010170     -0.180  555683506     0.0615    -0.8457 0.0000e+00
    14.9545   0.010020     -0.180  555683508     0.0607    -0.8450 0.0000e+00
    14.9743   0.009650     -0.170  555683509     0.0586    -0.8496 0.0000e+00
    14.9552   0.009550     -0.180  555683511     0.0580    -0.8472 0.0000e+00
    14.9459   0.009360     -0.180  555683512     0.0569    -0.8466 0.0000e+00
    14.9315   0.009240     -0.180  555683514     0.0562    -0.8450 0.0000e+00
    14.9286   0.009100     -0.180  555683515     0.0554    -0.8451 0.0000e+00
    14.9242   0.008990     -0.180  555683517     0.0548    -0.8450 0.0000e+00
    14.9276   0.008870     -0.180  555683518     0.0541    -0.8460 0.0000e+00
    14.9466   0.008730     -0.180  555683520     0.0533    -0.8495 0.0000e+00
    14.9793   0.008630     -0.180  555683521     0.0527    -0.8549 0.0000e+00
    14.9925   0.008530     -0.180  555683523     0.0521    -0.8573 0.0000e+00
    14.9903   0.008470     -0.180  555683524     0.0518    -0.8573 0.0000e+00
    14.9805   0.008410     -0.180  555683526     0.0515    -0.8560 0.0000e+00
    14.9568   0.008380     -0.180  555683527     0.0513    -0.8526 0.0000e+00
    14.9375   0.008310     -0.180  555683529     0.0509    -0.8500 0.0000e+00
    14.9215   0.008260     -0.180  555683531     0.0507    -0.8478 0.0000e+00
