Code/Hansen Zooplankton Code and Sample Data/data/ctd/gsl_04_SBE37SI-RS232_03706156_2017_07_05_final.cnv
* Sea-Bird SBE37SI-RS232  Data File:
* FileName = C:\Users\General Lab Use\Desktop\SHELAGH CTD 2017\gsl_04_SBE37SI-RS232_03706156_2017_07_05.cnv
* Software version 1.00d
* Temperature SN = 6156
* Conductivity SN = 6156
* System UpLoad Time = Jul 05 2017 23:04:23
* <ApplicationData>
* <Seaterm232>
# nquan = 7                                 
# nvalues = 949                         
# units = specified
# name 0 = t090C: Temperature [ITS-90, deg C]
# name 1 = c0S/m: Conductivity [S/m]
# name 2 = prM: Pressure [db]
# name 3 = timeK: Time, Seacat Plus [seconds]
# name 4 = sal00: Salinity [PSU]
# name 5 = sigma-t00: Density [sigma-t, Kg/m^3 ]
# name 6 = flag: flag
# span 0 =    -1.1264,    20.2321       
# span 1 =   0.000640,   3.376330       
# span 2 =     -0.240,     67.460       
# span 3 =  552596726,  552598172       
# span 4 =     0.0112,    31.7641       
# span 5 =    -1.8222,    25.5276       
# span 6 = 0.0000e+00, 0.0000e+00       
# interval = seconds: 6.000000
# start_time = Jul 05 2017 19:05:26
# bad_flag = -9.990e-29
*END*
[from data line 616]
    -0.9004   2.522810     50.480  552597665    30.8557    24.7926 0.0000e+00
    -0.8734   2.522850     49.770  552597666    30.8290    24.7702 0.0000e+00
    -0.8958   2.521560     49.360  552597668    30.8348    24.7756 0.0000e+00
    -0.7590   2.534140     48.140  552597669    30.8641    24.7953 0.0000e+00
    -0.6062   2.538460     47.620  552597671    30.7661    24.7114 0.0000e+00
    -0.5556   2.536890     46.450  552597672    30.6945    24.6519 0.0000e+00
    -0.6164   2.530350     45.780  552597674    30.6696    24.6336 0.0000e+00
    -0.6861   2.527980     44.910  552597675    30.7093    24.6679 0.0000e+00
    -0.6310   2.530130     44.320  552597677    30.6823    24.6443 0.0000e+00
    -0.5002   2.539210     43.510  552597678    30.6709    24.6309 0.0000e+00
    -0.3019   2.557410     42.830  552597680    30.7116    24.6570 0.0000e+00
     0.1626   2.575940     42.160  552597681    30.4892    24.4595 0.0000e+00
     0.3364   2.591010     41.330  552597683    30.5126    24.4708 0.0000e+00
     0.5783   2.600210     40.800  552597684    30.3925    24.3631 0.0000e+00
     0.6937   2.606740     40.310  552597686    30.3632    24.3339 0.0000e+00
     0.9192   2.619810     39.720  552597687    30.3097    24.2796 0.0000e+00
     1.1025   2.631960     39.010  552597689    30.2858    24.2507 0.0000e+00
     1.3008   2.639320     38.490  552597690    30.1869    24.1603 0.0000e+00
     1.4275   2.643810     37.810  552597692    30.1216    24.1007 0.0000e+00
     1.4627   2.648780     37.260  552597693    30.1503    24.1217 0.0000e+00
     1.6881   2.660600     36.550  552597695    30.0822    24.0535 0.0000e+00
     1.6533   2.657980     36.060  552597696    30.0831    24.0564 0.0000e+00
     1.8255   2.674070     35.350  552597698    30.1189    24.0743 0.0000e+00
     1.9763   2.686940     34.810  552597700    30.1346    24.0772 0.0000e+00
     2.4931   2.697680     34.280  552597701    29.7794    23.7579 0.0000e+00
     2.5531   2.718800     33.450  552597703    29.9802    23.9139 0.0000e+00
     2.7225   2.729020     32.780  552597704    29.9458    23.8739 0.0000e+00
     2.8682   2.742120     31.950  552597706    29.9682    23.8808 0.0000e+00
     2.9968   2.736570     31.480  552597707    29.7823    23.7226 0.0000e+00
     3.0892   2.756150     30.390  552597709    29.9317    23.8345 0.0000e+00
     3.3329   2.755730     29.970  552597710    29.7021    23.6319 0.0000e+00
     3.6855   2.799140     28.800  552597712    29.8925    23.7536 0.0000e+00
     3.9653   2.803300     28.310  552597713    29.6863    23.5650 0.0000e+00
     4.3273   2.839190     27.490  552597715    29.7759    23.6027 0.0000e+00
     4.5459   2.837580     26.920  552597716    29.5611    23.4115 0.0000e+00
     4.3839   2.818570     26.180  552597718    29.4875    23.3686 0.0000e+00
     4.2478   2.811550     25.670  552597719    29.5286    23.4139 0.0000e+00
     4.3290   2.836920     24.930  552597721    29.7493    23.5815 0.0000e+00
     4.8097   2.883240     24.330  552597722    29.8488    23.6134 0.0000e+00
     5.3198   2.912920     23.750  552597724    29.7301    23.4665 0.0000e+00
     5.7249   2.928180     23.150  552597725    29.5441    23.2754 0.0000e+00
     5.8352   2.928720     22.590  552597727    29.4540    23.1919 0.0000e+00
     5.7855   2.922720     22.170  552597728    29.4308    23.1792 0.0000e+00
     5.9864   2.943260     21.540  552597730    29.4838    23.1984 0.0000e+00
     6.1234   2.950420     20.980  552597731    29.4441    23.1513 0.0000e+00
     6.2402   2.954060     20.420  552597733    29.3832    23.0898 0.0000e+00
     6.2897   2.964130     19.680  552597735    29.4513    23.1376 0.0000e+00
     6.4013   2.962870     19.070  552597736    29.3415    23.0380 0.0000e+00
     6.5645   2.983640     18.300  552597738    29.4281    23.0866 0.0000e+00
     6.8234   2.983890     17.700  552597739    29.2096    22.8831 0.0000e+00
     6.9632   2.945750     17.010  552597741    28.6812    22.4503 0.0000e+00
     6.5536   2.886840     16.490  552597742    28.3861    22.2675 0.0000e+00
     6.0129   2.843200     15.900  552597744    28.3604    22.3093 0.0000e+00
     5.9243   2.847950     15.340  552597745    28.4873    22.4192 0.0000e+00
     6.2261   2.869120     14.770  552597747    28.4668    22.3691 0.0000e+00
     6.5851   2.887180     14.260  552597748    28.3646    22.2469 0.0000e+00
     7.1203   2.919580     13.550  552597750    28.2726    22.1096 0.0000e+00
     7.7946   2.938560     13.100  552597751    27.9279    21.7529 0.0000e+00
     8.0343   2.938590     12.370  552597753    27.7378    21.5722 0.0000e+00
     8.1182   2.932160     11.900  552597754    27.6049    21.4569 0.0000e+00
     8.3840   2.944070     11.090  552597756    27.5203    21.3546 0.0000e+00
     8.5905   2.946470     10.590  552597757    27.3846    21.2200 0.0000e+00
     8.8301   2.958800      9.880  552597759    27.3260    21.1406 0.0000e+00
     9.0537   2.960060      9.360  552597760    27.1678    20.9852 0.0000e+00
     9.6039   3.003170      8.730  552597762    27.1840    20.9171 0.0000e+00
    12.8266   3.115010      8.180  552597763    25.9377    19.4161 0.0000e+00
    14.6780   3.160420      7.680  552597765    25.1164    18.4320 0.0000e+00
    15.1389   3.182780      7.270  552597767    25.0166    18.2629 0.0000e+00
    15.5116   3.217730      6.740  552597768    25.0820    18.2368 0.0000e+00
    15.8216   3.233280      6.210  552597770    25.0195    18.1245 0.0000e+00
    16.0079   3.239790      5.830  552597771    24.9580    18.0383 0.0000e+00
    16.1460   3.258160      5.220  552597773    25.0278    18.0624 0.0000e+00
    16.2417   3.258930      4.710  552597774    24.9745    18.0013 0.0000e+00
    16.3367   3.273350      3.980  552597776    25.0374    18.0291 0.0000e+00
    16.5834   3.285930      3.620  552597777    24.9896    17.9394 0.0000e+00
    17.1947   3.334180      2.780  552597779    25.0140    17.8238 0.0000e+00
    17.4400   3.326230      2.470  552597780    24.7979    17.6041 0.0000e+00
    17.5202   3.346530      1.710  552597782    24.9164    17.6765 0.0000e+00
    17.5392   3.323310      1.380  552597783    24.7139    17.5176 0.0000e+00
    17.5340   3.330950      0.860  552597785    24.7800    17.5693 0.0000e+00
    17.5319   3.286210      1.020  552597786    24.4136    17.2901 0.0000e+00
    17.5287   3.318830      0.730  552597788    24.6836    17.4969 0.0000e+00
    17.5406   3.300270      0.930  552597789    24.5239    17.3723 0.0000e+00
    17.5297   3.314870      0.520  552597791    24.6505    17.4714 0.0000e+00
    17.5432   3.337100      0.290  552597792    24.8252    17.6016 0.0000e+00
    17.5362   3.320000      0.250  552597794    24.6888    17.4992 0.0000e+00
    17.5432   3.336440      0.150  552597795    24.8198    17.5975 0.0000e+00
    17.5536   3.327330     -0.140  552597797    24.7387    17.5333 0.0000e+00
    17.5512   3.328300      0.110  552597799    24.7480    17.5409 0.0000e+00
    17.5528   3.338320     -0.130  552597800    24.8295    17.6028 0.0000e+00
    17.5497   3.134690      0.040  552597802    23.1639    16.3328 0.0000e+00
    17.5552   2.152620     -0.180  552597803    15.3332    10.3667 0.0000e+00
    17.5437   0.321470     -0.190  552597805     1.9879     0.2048 0.0000e+00
    17.4149   1.207340     -0.050  552597806     8.2110     4.9747 0.0000e+00
    17.5057   0.686700     -0.190  552597808     4.4654     2.1036 0.0000e+00
    17.3421   0.150620     -0.190  552597809     0.8986    -0.5929 0.0000e+00
    17.2663   0.098850     -0.190  552597811     0.5798    -0.8242 0.0000e+00
    17.1519   0.079200     -0.190  552597812     0.4618    -0.8947 0.0000e+00
    17.0422   0.065510     -0.190  552597814     0.3804    -0.9380 0.0000e+00
    16.9523   0.056320     -0.190  552597815     0.3261    -0.9641 0.0000e+00
    16.8328   0.052630     -0.180  552597817     0.3050    -0.9596 0.0000e+00
    16.6646   0.065070     -0.180  552597818     0.3811    -0.8721 0.0000e+00
    17.1865   0.051800     -0.180  552597820     0.2975    -1.0271 0.0000e+00
    17.1603   0.278640     -0.180  552597821     1.7247     0.0729 0.0000e+00
    16.9494   0.058970     -0.180  552597823     0.3420    -0.9514 0.0000e+00
    16.7617   0.049900     -0.180  552597824     0.2892    -0.9595 0.0000e+00
    16.6394   0.044950     -0.180  552597826     0.2605    -0.9607 0.0000e+00
    16.6149   0.052980     -0.180  552597828     0.3087    -0.9195 0.0000e+00
    16.6269   0.046010     -0.190  552597829     0.2669    -0.9537 0.0000e+00
    16.6009   0.039630     -0.190  552597831     0.2292    -0.9783 0.0000e+00
    16.5842   0.037370     -0.190  552597832     0.2160    -0.9857 0.0000e+00
    16.5545   0.038210     -0.190  552597834     0.2211    -0.9767 0.0000e+00
    16.5387   0.039200     -0.200  552597835     0.2270    -0.9695 0.0000e+00
    16.6340   0.037900     -0.200  552597837     0.2188    -0.9920 0.0000e+00
    16.6861   0.036810     -0.200  552597838     0.2122    -1.0060 0.0000e+00
    16.7141   0.034700     -0.190  552597840     0.1997    -1.0204 0.0000e+00
    16.7477   0.032110     -0.200  552597841     0.1844    -1.0379 0.0000e+00
    16.7727   0.028850     -0.200  552597843     0.1654    -1.0569 0.0000e+00
    16.8121   0.028090     -0.200  552597844     0.1608    -1.0672 0.0000e+00
    16.8816   0.026050     -0.190  552597846     0.1488    -1.0884 0.0000e+00
    16.9099   0.025430     -0.190  552597847     0.1452    -1.0961 0.0000e+00
    16.9456   0.024030     -0.200  552597849     0.1371    -1.1086 0.0000e+00
    16.9660   0.024270     -0.190  552597850     0.1384    -1.1111 0.0000e+00
    16.9813   0.023230     -0.200  552597852     0.1324    -1.1184 0.0000e+00
    17.0002   0.023300     -0.190  552597853     0.1327    -1.1214 0.0000e+00
    17.0009   0.023170     -0.190  552597855     0.1320    -1.1221 0.0000e+00
    16.9829   0.023200     -0.190  552597856     0.1322    -1.1188 0.0000e+00
    16.9718   0.023650     -0.190  552597858     0.1348    -1.1149 0.0000e+00
    16.9580   0.027080     -0.190  552597860     0.1545    -1.0973 0.0000e+00
    16.9440   0.028320     -0.180  552597861     0.1617    -1.0893 0.0000e+00
    16.9512   0.026010     -0.180  552597863     0.1484    -1.1008 0.0000e+00
    16.9600   0.024380     -0.180  552597864     0.1390    -1.1096 0.0000e+00
    16.9657   0.023380     -0.180  552597866     0.1333    -1.1150 0.0000e+00
    16.9654   0.022870     -0.180  552597867     0.1304    -1.1172 0.0000e+00
    16.9685   0.022400     -0.180  552597869     0.1277    -1.1198 0.0000e+00
    16.9659   0.022430     -0.180  552597870     0.1279    -1.1192 0.0000e+00
    16.9626   0.022720     -0.180  552597872     0.1295    -1.1173 0.0000e+00
    16.9486   0.023000     -0.180  552597873     0.1312    -1.1136 0.0000e+00
    16.9320   0.022780     -0.180  552597875     0.1300    -1.1117 0.0000e+00
    16.9208   0.022700     -0.180  552597876     0.1295    -1.1101 0.0000e+00
    16.9203   0.022520     -0.180  552597878     0.1285    -1.1108 0.0000e+00
    16.9251   0.022290     -0.180  552597879     0.1272    -1.1126 0.0000e+00
    16.9258   0.022030     -0.180  552597881     0.1257    -1.1139 0.0000e+00
    16.9295   0.021690     -0.180  552597882     0.1238    -1.1160 0.0000e+00
    16.9171   0.021220     -0.180  552597884     0.1211    -1.1159 0.0000e+00
    16.9135   0.020920     -0.180  552597885     0.1194    -1.1166 0.0000e+00
    16.9116   0.020560     -0.180  552597887     0.1174    -1.1179 0.0000e+00
    16.9037   0.020180     -0.180  552597888     0.1153    -1.1181 0.0000e+00
    16.8837   0.019990     -0.180  552597890     0.1142    -1.1155 0.0000e+00
    16.8768   0.019830     -0.180  552597892     0.1133    -1.1150 0.0000e+00
    16.8732   0.019540     -0.180  552597893     0.1117    -1.1156 0.0000e+00
    16.8670   0.019150     -0.180  552597895     0.1095    -1.1162 0.0000e+00
    16.8554   0.018800     -0.180  552597896     0.1076    -1.1157 0.0000e+00
    16.8495   0.018300     -0.180  552597898     0.1048    -1.1169 0.0000e+00
    16.8413   0.017860     -0.180  552597899     0.1023    -1.1174 0.0000e+00
    16.8350   0.017720     -0.180  552597901     0.1015    -1.1169 0.0000e+00
    16.8321   0.017470     -0.180  552597902     0.1001    -1.1175 0.0000e+00
    16.8211   0.017340     -0.180  552597904     0.0994    -1.1161 0.0000e+00
    16.8109   0.017290     -0.180  552597905     0.0991    -1.1146 0.0000e+00
    16.8007   0.017250     -0.180  552597907     0.0989    -1.1130 0.0000e+00
    16.7855   0.017080     -0.180  552597908     0.0980    -1.1111 0.0000e+00
    16.7751   0.016950     -0.180  552597910     0.0973    -1.1098 0.0000e+00
    16.7662   0.016850     -0.180  552597911     0.0968    -1.1087 0.0000e+00
    16.7628   0.016800     -0.180  552597913     0.0965    -1.1084 0.0000e+00
    16.7556   0.016740     -0.180  552597914     0.0962    -1.1074 0.0000e+00
    16.7516   0.016720     -0.180  552597916     0.0961    -1.1068 0.0000e+00
    16.7417   0.016700     -0.190  552597917     0.0960    -1.1052 0.0000e+00
    16.7356   0.016660     -0.190  552597919     0.0957    -1.1043 0.0000e+00
    16.7357   0.016610     -0.180  552597920     0.0955    -1.1045 0.0000e+00
    16.7401   0.016540     -0.190  552597922     0.0951    -1.1056 0.0000e+00
    16.7386   0.016450     -0.190  552597924     0.0946    -1.1057 0.0000e+00
    16.7281   0.016370     -0.190  552597925     0.0941    -1.1042 0.0000e+00
    16.7114   0.016290     -0.190  552597927     0.0937    -1.1017 0.0000e+00
    16.7090   0.016220     -0.190  552597928     0.0933    -1.1016 0.0000e+00
    16.7120   0.016110     -0.190  552597930     0.0927    -1.1026 0.0000e+00
    16.7149   0.016020     -0.190  552597931     0.0922    -1.1035 0.0000e+00
    16.7086   0.015920     -0.190  552597933     0.0916    -1.1028 0.0000e+00
    16.7086   0.015770     -0.190  552597934     0.0908    -1.1035 0.0000e+00
    16.7040   0.015610     -0.190  552597936     0.0899    -1.1034 0.0000e+00
    16.7029   0.015520     -0.190  552597937     0.0894    -1.1036 0.0000e+00
    16.7072   0.015360     -0.190  552597939     0.0885    -1.1050 0.0000e+00
    16.7066   0.015290     -0.190  552597940     0.0881    -1.1052 0.0000e+00
    16.7080   0.015170     -0.190  552597942     0.0874    -1.1060 0.0000e+00
    16.7126   0.014930     -0.190  552597943     0.0861    -1.1078 0.0000e+00
    16.7119   0.014850     -0.190  552597945     0.0856    -1.1080 0.0000e+00
    16.7018   0.014840     -0.190  552597946     0.0856    -1.1064 0.0000e+00
    16.6970   0.014800     -0.190  552597948     0.0854    -1.1057 0.0000e+00
    16.6962   0.014730     -0.190  552597949     0.0850    -1.1059 0.0000e+00
    16.6945   0.014600     -0.190  552597951     0.0842    -1.1061 0.0000e+00
    16.6941   0.014460     -0.190  552597953     0.0835    -1.1067 0.0000e+00
    16.6909   0.014400     -0.190  552597954     0.0831    -1.1064 0.0000e+00
    16.6986   0.014360     -0.190  552597956     0.0829    -1.1079 0.0000e+00
    16.7025   0.014200     -0.190  552597957     0.0820    -1.1092 0.0000e+00
    16.6958   0.014180     -0.190  552597959     0.0819    -1.1082 0.0000e+00
    16.6916   0.014060     -0.190  552597960     0.0812    -1.1080 0.0000e+00
    16.6909   0.014060     -0.190  552597962     0.0812    -1.1079 0.0000e+00
    16.6938   0.014010     -0.190  552597963     0.0809    -1.1086 0.0000e+00
    16.6908   0.013990     -0.190  552597965     0.0808    -1.1081 0.0000e+00
    16.6887   0.013940     -0.190  552597966     0.0806    -1.1080 0.0000e+00
    16.6849   0.013880     -0.190  552597968     0.0802    -1.1076 0.0000e+00
    16.6802   0.013810     -0.190  552597969     0.0799    -1.1071 0.0000e+00
    16.6832   0.013660     -0.200  552597971     0.0790    -1.1083 0.0000e+00
    16.6899   0.013520     -0.200  552597972     0.0782    -1.1100 0.0000e+00
    16.6855   0.013630     -0.200  552597974     0.0788    -1.1088 0.0000e+00
