Code/Hansen Zooplankton Code and Sample Data/data/ctd/gsl_08_SBE37SI-RS232_03706156_2017_08_02_final.cnv
* Sea-Bird SBE37SI-RS232  Data File:
* FileName = C:\Users\General Lab Use\Desktop\SHELAGH CTD 2017\gsl_08_SBE37SI-RS232_03706156_2017_08_02.cnv
* Software version 1.00d
* Temperature SN = 6156
* Conductivity SN = 6156
* System UpLoad Time = Aug 02 2017 21:22:44
* <ApplicationData>
* <Seaterm232>
# nquan = 7                                 
# nvalues = 1382                        
# units = specified
# name 0 = t090C: Temperature [ITS-90, deg C]
# name 1 = c0S/m: Conductivity [S/m]
# name 2 = prM: Pressure [db]
# name 3 = timeK: Time, Seacat Plus [seconds]
# name 4 = sal00: Salinity [PSU]
# name 5 = sigma-t00: Density [sigma-t, Kg/m^3 ]
# name 6 = flag: flag
# span 0 =     0.0964,    19.7346       
# span 1 =   0.000890,   3.456100       
# span 2 =     -0.230,     90.370       
# span 3 =  555010939,  555013044       
# span 4 =     0.0120,    32.4625       
# span 5 =    -1.6556,    26.0124       
# span 6 = 0.0000e+00, 0.0000e+00       
# interval = seconds: 6.000000
# start_time = Aug 02 2017 17:42:19
# bad_flag = -9.990e-29
*END*
    19.6954   0.192560     -0.200  555010939     1.0999    -0.8919 0.0000e+00
    19.6959   0.192650     -0.200  555010940     1.1005    -0.8916 0.0000e+00
    19.6931   0.192560     -0.210  555010942     1.1000    -0.8914 0.0000e+00
    19.6955   0.192630     -0.210  555010943     1.1004    -0.8916 0.0000e+00
    19.6942   0.192580     -0.210  555010945     1.1001    -0.8915 0.0000e+00
    19.6932   0.192570     -0.200  555010946     1.1001    -0.8913 0.0000e+00
    19.6910   0.192530     -0.200  555010948     1.0999    -0.8910 0.0000e+00
    19.6915   0.192010     -0.210  555010949     1.0967    -0.8935 0.0000e+00
    19.6931   0.191480     -0.210  555010951     1.0935    -0.8963 0.0000e+00
    19.6973   0.191470     -0.200  555010952     1.0934    -0.8973 0.0000e+00
    19.6997   0.191420     -0.210  555010954     1.0930    -0.8981 0.0000e+00
    19.7051   0.191100     -0.210  555010955     1.0909    -0.9007 0.0000e+00
    19.7059   0.190810     -0.210  555010957     1.0892    -0.9022 0.0000e+00
    19.7060   0.190590     -0.210  555010958     1.0879    -0.9033 0.0000e+00
    19.7054   0.190510     -0.210  555010960     1.0874    -0.9035 0.0000e+00
    19.7146   0.190480     -0.210  555010961     1.0870    -0.9057 0.0000e+00
    19.7194   0.189740     -0.210  555010963     1.0824    -0.9102 0.0000e+00
    19.7346   0.190710     -0.210  555010964     1.0879    -0.9091 0.0000e+00
    19.6879   0.191430     -0.210  555010967     1.0934    -0.8954 0.0000e+00
    19.6638   0.199940     -0.210  555010968     1.1452    -0.8509 0.0000e+00
    19.6285   0.105930     -0.220  555010970     0.5895    -1.2677 0.0000e+00
    19.5913   0.019390     -0.220  555010971     0.1048    -1.6308 0.0000e+00
    19.5321   0.017230     -0.210  555010973     0.0935    -1.6275 0.0000e+00
    19.4956   0.010540     -0.220  555010974     0.0588    -1.6468 0.0000e+00
    19.4911   0.008030     -0.210  555010976     0.0461    -1.6556 0.0000e+00
    19.4770   0.008050     -0.210  555010977     0.0462    -1.6527 0.0000e+00
    19.4155   0.006030     -0.210  555010979     0.0361    -1.6481 0.0000e+00
    19.3202   0.008010     -0.210  555010981     0.0461    -1.6214 0.0000e+00
    19.2837   0.009950     -0.210  555010982     0.0560    -1.6066 0.0000e+00
    19.2150   0.006150     -0.220  555010984     0.0368    -1.6076 0.0000e+00
    19.1714   0.004670     -0.210  555010985     0.0295    -1.6046 0.0000e+00
    19.1588   0.003960     -0.210  555010987     0.0261    -1.6048 0.0000e+00
    19.1355   0.003470     -0.220  555010988     0.0237    -1.6020 0.0000e+00
    19.0950   0.003390     -0.210  555010990     0.0234    -1.5943 0.0000e+00
    19.0470   0.003130     -0.210  555010991     0.0221    -1.5858 0.0000e+00
    19.0198   0.003020     -0.210  555010993     0.0216    -1.5808 0.0000e+00
    18.9838   0.003060     -0.210  555010994     0.0218    -1.5737 0.0000e+00
    18.9788   0.002920     -0.210  555010996     0.0211    -1.5732 0.0000e+00
    18.9900   0.002530     -0.220  555010997     0.0193    -1.5768 0.0000e+00
    19.0158   0.002270     -0.210  555010999     0.0181    -1.5827 0.0000e+00
    19.0577   0.002260     -0.210  555011000     0.0181    -1.5910 0.0000e+00
    19.0976   0.002360     -0.210  555011002     0.0185    -1.5985 0.0000e+00
    19.1342   0.002390     -0.220  555011003     0.0187    -1.6056 0.0000e+00
    19.1848   0.002280     -0.220  555011005     0.0182    -1.6160 0.0000e+00
    19.1856   0.002090     -0.220  555011006     0.0173    -1.6168 0.0000e+00
    19.1816   0.001970     -0.220  555011008     0.0168    -1.6164 0.0000e+00
    19.2263   0.001850     -0.220  555011009     0.0162    -1.6257 0.0000e+00
    19.2541   0.001740     -0.210  555011011     0.0158    -1.6316 0.0000e+00
    19.2253   0.001700     -0.220  555011013     0.0156    -1.6260 0.0000e+00
    19.1900   0.001620     -0.210  555011014     0.0152    -1.6193 0.0000e+00
    19.1375   0.001580     -0.210  555011016     0.0150    -1.6090 0.0000e+00
    19.1061   0.001490     -0.210  555011017     0.0146    -1.6032 0.0000e+00
    19.0604   0.001450     -0.220  555011019     0.0145    -1.5943 0.0000e+00
    19.0553   0.001400     -0.210  555011020     0.0142    -1.5935 0.0000e+00
    19.0287   0.001350     -0.210  555011022     0.0140    -1.5884 0.0000e+00
    19.0370   0.001350     -0.210  555011023     0.0140    -1.5900 0.0000e+00
    19.0456   0.001270     -0.220  555011025     0.0137    -1.5920 0.0000e+00
    18.9642   0.001240     -0.210  555011026     0.0135    -1.5762 0.0000e+00
    18.9470   0.001240     -0.220  555011028     0.0135    -1.5728 0.0000e+00
    18.9865   0.001270     -0.220  555011029     0.0137    -1.5804 0.0000e+00
    19.0119   0.001310     -0.220  555011031     0.0139    -1.5853 0.0000e+00
    18.9810   0.001320     -0.220  555011032     0.0139    -1.5792 0.0000e+00
    18.9802   0.001270     -0.220  555011034     0.0137    -1.5792 0.0000e+00
    19.0087   0.001260     -0.220  555011035     0.0136    -1.5848 0.0000e+00
    19.0333   0.001220     -0.220  555011037     0.0135    -1.5897 0.0000e+00
    19.0411   0.001210     -0.220  555011038     0.0134    -1.5913 0.0000e+00
    19.0374   0.001160     -0.220  555011040     0.0132    -1.5907 0.0000e+00
    19.0392   0.001120     -0.220  555011041     0.0131    -1.5912 0.0000e+00
    19.0422   0.001100     -0.220  555011043     0.0130    -1.5919 0.0000e+00
    19.0287   0.001060     -0.220  555011045     0.0128    -1.5894 0.0000e+00
    19.0039   0.001050     -0.220  555011046     0.0128    -1.5845 0.0000e+00
    19.0087   0.001030     -0.220  555011048     0.0127    -1.5855 0.0000e+00
    18.9889   0.001030     -0.220  555011049     0.0127    -1.5817 0.0000e+00
    18.9754   0.001020     -0.220  555011051     0.0126    -1.5791 0.0000e+00
    18.9590   0.001060     -0.220  555011052     0.0128    -1.5757 0.0000e+00
    18.9681   0.001060     -0.220  555011054     0.0128    -1.5775 0.0000e+00
    18.9829   0.001070     -0.220  555011055     0.0128    -1.5804 0.0000e+00
    19.0029   0.001080     -0.220  555011057     0.0129    -1.5842 0.0000e+00
    19.0234   0.001050     -0.220  555011058     0.0128    -1.5883 0.0000e+00
    19.0384   0.001030     -0.220  555011060     0.0127    -1.5913 0.0000e+00
    19.0543   0.001020     -0.220  555011061     0.0126    -1.5945 0.0000e+00
    19.0633   0.000990     -0.220  555011063     0.0125    -1.5964 0.0000e+00
    19.0797   0.000990     -0.220  555011064     0.0125    -1.5996 0.0000e+00
    19.0958   0.000970     -0.220  555011066     0.0125    -1.6028 0.0000e+00
    19.1102   0.000970     -0.220  555011067     0.0125    -1.6056 0.0000e+00
    19.1180   0.000950     -0.220  555011069     0.0124    -1.6072 0.0000e+00
    19.0330   0.000940     -0.220  555011070     0.0123    -1.5906 0.0000e+00
    18.9572   0.000940     -0.220  555011072     0.0123    -1.5758 0.0000e+00
    18.9454   0.000940     -0.220  555011073     0.0123    -1.5735 0.0000e+00
    18.9279   0.000930     -0.220  555011075     0.0122    -1.5701 0.0000e+00
    18.9372   0.000910     -0.220  555011077     0.0122    -1.5719 0.0000e+00
    18.9298   0.000890     -0.220  555011078     0.0121    -1.5706 0.0000e+00
    18.8008   0.000910     -0.220  555011080     0.0121    -1.5455 0.0000e+00
    18.6449   0.000900     -0.220  555011081     0.0120    -1.5155 0.0000e+00
    18.5698   0.000910     -0.220  555011083     0.0121    -1.5011 0.0000e+00
    18.5549   0.000920     -0.220  555011084     0.0121    -1.4982 0.0000e+00
    18.5357   0.000930     -0.220  555011086     0.0121    -1.4945 0.0000e+00
    18.5086   0.000940     -0.220  555011087     0.0122    -1.4893 0.0000e+00
    18.4944   0.000940     -0.220  555011089     0.0122    -1.4866 0.0000e+00
    18.4278   0.000950     -0.220  555011090     0.0122    -1.4739 0.0000e+00
    18.3644   0.001020     -0.220  555011092     0.0125    -1.4617 0.0000e+00
    18.4195   0.001070     -0.220  555011093     0.0127    -1.4720 0.0000e+00
    18.0302   1.737040      0.210  555011095    11.9977     7.7313 0.0000e+00
    15.9155   3.426970      1.410  555011096    26.6209    19.3320 0.0000e+00
    15.2709   3.413170      1.860  555011098    26.9378    19.7107 0.0000e+00
    15.1537   3.431640      1.980  555011099    27.1802    19.9212 0.0000e+00
    15.1032   3.414200      1.540  555011101    27.0622    19.8410 0.0000e+00
    15.0929   3.397850      2.170  555011102    26.9256    19.7381 0.0000e+00
    15.0955   3.392630      1.470  555011104    26.8783    19.7012 0.0000e+00
    15.4121   3.414110      2.150  555011105    26.8495    19.6135 0.0000e+00
    15.2953   3.410140      1.480  555011107    26.8948    19.6726 0.0000e+00
    15.1682   3.394670      2.130  555011109    26.8462    19.6616 0.0000e+00
    15.1216   3.393040      1.550  555011110    26.8640    19.6849 0.0000e+00
    15.3263   3.406340      1.970  555011112    26.8403    19.6243 0.0000e+00
    15.2952   3.408860      1.640  555011113    26.8836    19.6641 0.0000e+00
    15.6439   3.421040      1.960  555011115    26.7524    19.4904 0.0000e+00
    15.3809   3.414890      1.740  555011116    26.8777    19.6417 0.0000e+00
    15.1933   3.402430      1.780  555011118    26.8971    19.6955 0.0000e+00
    15.3081   3.406880      2.030  555011119    26.8574    19.6413 0.0000e+00
    15.2711   3.407990      1.590  555011121    26.8925    19.6759 0.0000e+00
    15.3163   3.405880      2.110  555011122    26.8431    19.6285 0.0000e+00
    15.3171   3.408550      1.600  555011124    26.8660    19.6460 0.0000e+00
    15.2465   3.401410      2.080  555011125    26.8517    19.6496 0.0000e+00
    15.2213   3.394770      1.700  555011127    26.8109    19.6236 0.0000e+00
    15.1839   3.392950      2.050  555011128    26.8204    19.6386 0.0000e+00
    15.1693   3.394970      1.740  555011130    26.8482    19.6629 0.0000e+00
    15.2567   3.396520      1.840  555011131    26.8021    19.6094 0.0000e+00
    15.3446   3.397430      1.820  555011133    26.7502    19.5514 0.0000e+00
    15.3085   3.403630      1.630  555011134    26.8289    19.6193 0.0000e+00
    15.5558   3.409370      1.880  555011136    26.7109    19.4771 0.0000e+00
    15.4177   3.409830      1.820  555011137    26.8085    19.5809 0.0000e+00
    15.6038   3.414260      1.740  555011139    26.7209    19.4746 0.0000e+00
    15.6711   3.414170      1.800  555011141    26.6746    19.4250 0.0000e+00
    15.7780   3.418950      1.910  555011142    26.6440    19.3789 0.0000e+00
    15.8183   3.433660      1.800  555011144    26.7438    19.4469 0.0000e+00
    15.8003   3.439980      2.110  555011145    26.8104    19.5017 0.0000e+00
    15.5617   3.414650      2.280  555011147    26.7526    19.5078 0.0000e+00
    15.2517   3.401320      2.340  555011148    26.8472    19.6452 0.0000e+00
    15.4106   3.416340      2.370  555011150    26.8699    19.6295 0.0000e+00
    15.3598   3.410660      2.320  555011151    26.8550    19.6287 0.0000e+00
    15.4136   3.397660      2.740  555011153    26.7051    19.5024 0.0000e+00
    15.1002   3.389110      3.020  555011154    26.8437    19.6737 0.0000e+00
    15.0485   3.382110      3.810  555011156    26.8174    19.6641 0.0000e+00
    14.9434   3.384590      4.360  555011157    26.9111    19.7577 0.0000e+00
    14.9404   3.390320      4.130  555011159    26.9637    19.7987 0.0000e+00
    14.9254   3.391840      4.730  555011160    26.9872    19.8198 0.0000e+00
    14.9154   3.393830      4.410  555011162    27.0118    19.8407 0.0000e+00
    14.9078   3.394420      4.640  555011163    27.0221    19.8502 0.0000e+00
    14.9234   3.387890      4.250  555011165    26.9540    19.7947 0.0000e+00
    14.9212   3.389960      4.610  555011166    26.9736    19.8102 0.0000e+00
    14.9228   3.389580      4.400  555011168    26.9692    19.8065 0.0000e+00
    14.9042   3.391340      4.990  555011169    26.9974    19.8319 0.0000e+00
    14.9040   3.391440      4.310  555011171    26.9986    19.8329 0.0000e+00
    14.9122   3.390310      4.910  555011172    26.9828    19.8191 0.0000e+00
    14.9184   3.386120      4.060  555011174    26.9419    19.7864 0.0000e+00
    14.9270   3.384960      4.640  555011176    26.9256    19.7721 0.0000e+00
    14.9364   3.380050      3.420  555011177    26.8763    19.7323 0.0000e+00
    14.9543   3.378510      4.460  555011179    26.8501    19.7085 0.0000e+00
    14.9435   3.379240      3.420  555011180    26.8643    19.7216 0.0000e+00
    14.9605   3.378210      4.360  555011182    26.8432    19.7020 0.0000e+00
    14.9451   3.378790      3.550  555011183    26.8592    19.7174 0.0000e+00
    14.9576   3.378580      4.090  555011185    26.8486    19.7067 0.0000e+00
    14.9778   3.377020      2.300  555011186    26.8216    19.6818 0.0000e+00
    15.2158   3.381350      1.890  555011188    26.6973    19.5375 0.0000e+00
    16.0768   3.451820      0.240  555011189    26.7266    19.3784 0.0000e+00
    16.2540   3.455710      1.030  555011191    26.6410    19.2747 0.0000e+00
    16.2487   3.452690      1.280  555011192    26.6187    19.2587 0.0000e+00
    16.2579   3.455180      2.750  555011194    26.6334    19.2680 0.0000e+00
    15.4158   3.431070      3.230  555011195    26.9944    19.7239 0.0000e+00
    15.0894   3.383800      4.550  555011197    26.8040    19.6455 0.0000e+00
    14.9206   3.392270      5.550  555011198    26.9941    19.8261 0.0000e+00
    14.8662   3.396930      6.600  555011200    27.0724    19.8974 0.0000e+00
    14.8491   3.397960      7.920  555011201    27.0929    19.9166 0.0000e+00
    14.6445   3.385560      9.090  555011203    27.1250    19.9828 0.0000e+00
    14.3817   3.367610     10.440  555011204    27.1483    20.0534 0.0000e+00
    14.2620   3.359920     11.210  555011206    27.1632    20.0886 0.0000e+00
    13.1080   3.282290     12.880  555011208    27.2769    20.3985 0.0000e+00
    12.5189   3.290030     13.510  555011209    27.7768    20.8934 0.0000e+00
    12.3760   3.267360     15.270  555011211    27.6694    20.8362 0.0000e+00
    12.3031   3.279170     16.080  555011212    27.8337    20.9765 0.0000e+00
    12.1666   3.263210     17.780  555011214    27.7842    20.9626 0.0000e+00
    11.5901   3.254890     18.150  555011215    28.1373    21.3375 0.0000e+00
    11.2015   3.223970     19.910  555011217    28.1350    21.4021 0.0000e+00
    10.7471   3.215070     20.590  555011218    28.3977    21.6820 0.0000e+00
    10.7295   3.208300     21.680  555011220    28.3448    21.6438 0.0000e+00
    10.3004   3.194060     22.720  555011221    28.5389    21.8645 0.0000e+00
    10.2406   3.187420     23.560  555011223    28.5198    21.8592 0.0000e+00
     9.0183   3.129330     25.030  555011224    28.9110    22.3519 0.0000e+00
     8.6576   3.116560     25.730  555011226    29.0741    22.5319 0.0000e+00
     8.1293   3.109610     27.110  555011227    29.4398    22.8928 0.0000e+00
     8.1706   3.124160     28.040  555011229    29.5569    22.9789 0.0000e+00
     6.9087   3.077730     29.580  555011230    30.1459    23.6091 0.0000e+00
     6.0114   3.038420     30.560  555011232    30.5117    24.0065 0.0000e+00
     3.7661   2.887810     32.170  555011233    30.8603    24.5161 0.0000e+00
     3.0223   2.860310     33.390  555011235    31.2443    24.8863 0.0000e+00
     2.7872   2.853110     34.840  555011236    31.3855    25.0180 0.0000e+00
     3.3361   2.889440     36.000  555011238    31.2887    24.8952 0.0000e+00
     2.6598   2.893950     36.950  555011239    32.0074    25.5247 0.0000e+00
     2.5390   2.858720     38.140  555011241    31.6966    25.2859 0.0000e+00
     2.6390   2.860160     39.360  555011243    31.6145    25.2126 0.0000e+00
     2.3445   2.838100     40.640  555011244    31.6355    25.2519 0.0000e+00
     2.3240   2.862460     41.530  555011246    31.9553    25.5092 0.0000e+00
     2.2270   2.822910     43.010  555011247    31.5639    25.2034 0.0000e+00
     1.9026   2.814740     44.630  555011249    31.7861    25.4043 0.0000e+00
     1.4398   2.788820     45.940  555011250    31.9288    25.5496 0.0000e+00
