Code/Hansen Zooplankton Code and Sample Data/data/ctd/gsl_13_SBE37SI-RS232_03706156_2017_08_11.cnv
* Sea-Bird SBE37SI-RS232  Data File:
* FileName = C:\Users\General Lab Use\Desktop\SHELAGH CTD 2017\gsl_13_SBE37SI-RS232_03706156_2017_08_11.cnv
* Software version 1.00d
* Temperature SN = 6156
* Conductivity SN = 6156
* System UpLoad Time = Aug 11 2017 10:09:36
* <ApplicationData>
* <Seaterm232>
# nquan = 5
# nvalues = 2684
# units = specified
# name 0 = t090C: Temperature [ITS-90, deg C]
# name 1 = c0S/m: Conductivity [S/m]
# name 2 = prM: Pressure [db]
# name 3 = timeK: Time, Seacat Plus [seconds]
# name 4 = flag: Flag
# span 0 =      0.1630,    17.8244
# span 1 =    0.000454,   3.535161
# span 2 =      -0.227,     68.693
# span 3 =   555746365,  555750454
# span 4 =  0.0000e+00, 0.0000e+00
# interval = seconds: 6.000000
# start_time = Aug 11 2017 05:59:25
# bad_flag = -9.990e-29
*END*
[from data line 2572]
    16.9635    0.08935      -0.19  555750283 0.0000e+00
    16.9733    0.08839      -0.19  555750285 0.0000e+00
    16.9681    0.09070      -0.19  555750287 0.0000e+00
    16.9668    0.08643      -0.20  555750288 0.0000e+00
    16.9616    0.10293      -0.19  555750290 0.0000e+00
    16.9669    0.09887      -0.19  555750291 0.0000e+00
    16.9694    0.10841      -0.19  555750293 0.0000e+00
    16.9684    0.10149      -0.19  555750294 0.0000e+00
    16.9740    0.10218      -0.19  555750296 0.0000e+00
    16.9621    0.09774      -0.19  555750297 0.0000e+00
    16.9625    0.10061      -0.19  555750299 0.0000e+00
    16.9487    0.09975      -0.19  555750300 0.0000e+00
    16.9523    0.09817      -0.20  555750302 0.0000e+00
    16.9457    0.10735      -0.19  555750303 0.0000e+00
    16.9523    0.11055      -0.20  555750305 0.0000e+00
    16.9503    0.11169      -0.19  555750306 0.0000e+00
    16.9598    0.11131      -0.20  555750308 0.0000e+00
    16.9624    0.10569      -0.19  555750309 0.0000e+00
    16.9665    0.09808      -0.20  555750311 0.0000e+00
    16.9651    0.10515      -0.19  555750312 0.0000e+00
    16.9657    0.09424      -0.20  555750314 0.0000e+00
    16.9621    0.10245      -0.19  555750315 0.0000e+00
    16.9548    0.09696      -0.20  555750317 0.0000e+00
    16.9492    0.09726      -0.19  555750318 0.0000e+00
    16.9431    0.09229      -0.19  555750320 0.0000e+00
    16.9522    0.09068      -0.20  555750321 0.0000e+00
    16.9450    0.08951      -0.19  555750323 0.0000e+00
    16.9380    0.08555      -0.19  555750325 0.0000e+00
    16.9345    0.08667      -0.19  555750326 0.0000e+00
    16.9349    0.08373      -0.19  555750328 0.0000e+00
    16.9428    0.08596      -0.19  555750329 0.0000e+00
    16.9495    0.08557      -0.19  555750331 0.0000e+00
    16.9507    0.08913      -0.19  555750332 0.0000e+00
    16.9563    0.08128      -0.19  555750334 0.0000e+00
    16.9611    0.08642      -0.19  555750335 0.0000e+00
    16.9613    0.08110      -0.20  555750337 0.0000e+00
    16.9512    0.09321      -0.19  555750338 0.0000e+00
    16.9439    0.08855      -0.19  555750340 0.0000e+00
    16.9472    0.09165      -0.20  555750341 0.0000e+00
    16.9408    0.08967      -0.19  555750343 0.0000e+00
    16.9371    0.08746      -0.20  555750344 0.0000e+00
    16.9300    0.08351      -0.19  555750346 0.0000e+00
    16.9266    0.07738      -0.19  555750347 0.0000e+00
    16.9284    0.08057      -0.19  555750349 0.0000e+00
    16.9302    0.07784      -0.19  555750350 0.0000e+00
    16.9285    0.08077      -0.19  555750352 0.0000e+00
    16.9260    0.07795      -0.19  555750353 0.0000e+00
    16.9270    0.08314      -0.19  555750355 0.0000e+00
    16.9310    0.08002      -0.20  555750356 0.0000e+00
    16.9299    0.08472      -0.19  555750358 0.0000e+00
    16.9328    0.07775      -0.19  555750360 0.0000e+00
    16.9334    0.08062      -0.19  555750361 0.0000e+00
    16.9323    0.07439      -0.19  555750363 0.0000e+00
    16.9286    0.07416      -0.19  555750364 0.0000e+00
    16.9298    0.07437      -0.19  555750366 0.0000e+00
    16.9245    0.09440      -0.19  555750367 0.0000e+00
    16.9322    0.10934      -0.19  555750369 0.0000e+00
    16.9250    0.07885      -0.20  555750370 0.0000e+00
    16.9395    0.05982      -0.20  555750372 0.0000e+00
    16.9865    0.05959      -0.21  555750373 0.0000e+00
    17.0286    0.04390      -0.21  555750375 0.0000e+00
    17.0532    0.03431      -0.20  555750376 0.0000e+00
    17.0713    0.03118      -0.19  555750378 0.0000e+00
    17.1105    0.03462      -0.19  555750379 0.0000e+00
    17.1172    0.04009      -0.19  555750381 0.0000e+00
    17.1267    0.04421      -0.19  555750382 0.0000e+00
    17.1341    0.04727      -0.20  555750384 0.0000e+00
    17.1419    0.04574      -0.19  555750385 0.0000e+00
    17.1665    0.05215      -0.19  555750387 0.0000e+00
    17.1677    0.04672      -0.19  555750388 0.0000e+00
    17.1549    0.04907      -0.20  555750390 0.0000e+00
    17.1547    0.04376      -0.20  555750391 0.0000e+00
    17.1943    0.04253      -0.19  555750393 0.0000e+00
    17.2002    0.04200      -0.20  555750394 0.0000e+00
    17.2370    0.03913      -0.20  555750396 0.0000e+00
    17.2750    0.03742      -0.19  555750397 0.0000e+00
    17.3169    0.03982      -0.19  555750399 0.0000e+00
    17.3473    0.04247      -0.20  555750401 0.0000e+00
    17.3387    0.03767      -0.20  555750402 0.0000e+00
    17.3351    0.03450      -0.20  555750404 0.0000e+00
    17.3725    0.04068      -0.19  555750405 0.0000e+00
    17.3880    0.05494      -0.19  555750407 0.0000e+00
    17.3505    0.05540      -0.21  555750408 0.0000e+00
    17.3635    0.03979      -0.21  555750410 0.0000e+00
    17.3452    0.03005      -0.20  555750411 0.0000e+00
    17.3411    0.02409      -0.20  555750413 0.0000e+00
    17.3777    0.02169      -0.20  555750414 0.0000e+00
    17.4477    0.02095      -0.20  555750416 0.0000e+00
    17.4695    0.01920      -0.20  555750417 0.0000e+00
    17.4680    0.01918      -0.20  555750419 0.0000e+00
    17.4435    0.01975      -0.20  555750420 0.0000e+00
    17.4351    0.01973      -0.20  555750422 0.0000e+00
    17.4315    0.01992      -0.20  555750423 0.0000e+00
    17.4341    0.02098      -0.21  555750425 0.0000e+00
    17.4291    0.02064      -0.20  555750426 0.0000e+00
    17.3789    0.01820      -0.20  555750428 0.0000e+00
    17.3565    0.01829      -0.19  555750429 0.0000e+00
    17.3437    0.01882      -0.20  555750431 0.0000e+00
    17.3300    0.01889      -0.20  555750432 0.0000e+00
    17.3212    0.01928      -0.20  555750434 0.0000e+00
    17.3218    0.01934      -0.20  555750435 0.0000e+00
    17.3110    0.01969      -0.19  555750437 0.0000e+00
    17.3086    0.01970      -0.19  555750439 0.0000e+00
    17.3007    0.01986      -0.19  555750440 0.0000e+00
    17.3067    0.01988      -0.19  555750442 0.0000e+00
    17.3141    0.02012      -0.19  555750443 0.0000e+00
    17.3042    0.01992      -0.19  555750445 0.0000e+00
    17.3006    0.02008      -0.20  555750446 0.0000e+00
    17.3029    0.01992      -0.19  555750448 0.0000e+00
    17.2926    0.01983      -0.19  555750451 0.0000e+00
    17.2799    0.01978      -0.20  555750452 0.0000e+00
    17.2693    0.02005      -0.20  555750454 0.0000e+00
