Code/Hansen Zooplankton Code and Sample Data/data/ctd/gsl_04_SBE37SI-RS232_03706156_2017_07_05_final.cnv
* Sea-Bird SBE37SI-RS232  Data File:
* FileName = C:\Users\General Lab Use\Desktop\SHELAGH CTD 2017\gsl_04_SBE37SI-RS232_03706156_2017_07_05.cnv
* Software version 1.00d
* Temperature SN = 6156
* Conductivity SN = 6156
* System UpLoad Time = Jul 05 2017 23:04:23
* <ApplicationData>
* <Seaterm232>
# nquan = 7                                 
# nvalues = 949                         
# units = specified
# name 0 = t090C: Temperature [ITS-90, deg C]
# name 1 = c0S/m: Conductivity [S/m]
# name 2 = prM: Pressure [db]
# name 3 = timeK: Time, Seacat Plus [seconds]
# name 4 = sal00: Salinity [PSU]
# name 5 = sigma-t00: Density [sigma-t, Kg/m^3 ]
# name 6 = flag: flag
# span 0 =    -1.1264,    20.2321       
# span 1 =   0.000640,   3.376330       
# span 2 =     -0.240,     67.460       
# span 3 =  552596726,  552598172       
# span 4 =     0.0112,    31.7641       
# span 5 =    -1.8222,    25.5276       
# span 6 = 0.0000e+00, 0.0000e+00       
# interval = seconds: 6.000000
# start_time = Jul 05 2017 19:05:26
# bad_flag = -9.990e-29
*END*
[from data line 206]
    17.5388   3.363980      2.590  552597040    25.0485    17.7730 0.0000e+00
    17.5323   3.366380      2.570  552597041    25.0722    17.7926 0.0000e+00
    17.5322   3.357100      2.600  552597043    24.9959    17.7344 0.0000e+00
    17.5313   3.366610      2.520  552597044    25.0748    17.7948 0.0000e+00
    17.5310   3.352680      2.670  552597046    24.9602    17.7074 0.0000e+00
    17.5265   3.366190      2.470  552597047    25.0743    17.7955 0.0000e+00
    17.5271   3.359150      2.670  552597049    25.0158    17.7508 0.0000e+00
    17.5269   3.364330      2.560  552597051    25.0587    17.7835 0.0000e+00
    17.5284   3.363900      2.590  552597052    25.0542    17.7798 0.0000e+00
    17.5284   3.365010      2.640  552597054    25.0633    17.7867 0.0000e+00
    17.5274   3.368140      2.480  552597055    25.0898    17.8071 0.0000e+00
    17.5331   3.334080      2.830  552597057    24.8058    17.5891 0.0000e+00
    17.5389   3.367870      2.350  552597058    25.0805    17.7975 0.0000e+00
    17.5372   3.366000      2.880  552597060    25.0660    17.7868 0.0000e+00
    17.5402   3.368960      2.260  552597061    25.0887    17.8034 0.0000e+00
    17.5337   3.368890      2.970  552597063    25.0919    17.8074 0.0000e+00
    17.5324   3.367580      2.310  552597064    25.0821    17.8002 0.0000e+00
    17.5292   3.369080      2.810  552597066    25.0963    17.8117 0.0000e+00
    17.5305   3.367970      2.410  552597067    25.0865    17.8039 0.0000e+00
    17.5282   3.369420      2.700  552597069    25.0998    17.8146 0.0000e+00
    17.5278   3.367970      1.760  552597070    25.0883    17.8059 0.0000e+00
    17.5223   3.368180      1.020  552597072    25.0937    17.8112 0.0000e+00
    17.5246   3.367680      0.340  552597073    25.0883    17.8066 0.0000e+00
    17.5217   3.367900      0.770  552597075    25.0918    17.8100 0.0000e+00
    17.5327   3.369110      1.610  552597076    25.0947    17.8097 0.0000e+00
    17.5488   3.369900      2.810  552597078    25.0910    17.8032 0.0000e+00
    17.5288   3.360730      4.300  552597079    25.0274    17.7592 0.0000e+00
    16.5785   3.321590      5.130  552597081    25.2922    18.1719 0.0000e+00
    16.3522   3.295410      6.460  552597083    25.2134    18.1605 0.0000e+00
    16.1398   3.289660      7.370  552597084    25.2987    18.2712 0.0000e+00
    15.1900   3.240130      8.530  552597086    25.4815    18.6094 0.0000e+00
    13.3211   3.186690      9.350  552597087    26.2538    19.5691 0.0000e+00
     9.4828   3.087460     10.230  552597089    28.1218    21.6666 0.0000e+00
     9.0029   3.018420     11.560  552597090    27.7983    21.4849 0.0000e+00
     8.6631   3.045510     12.450  552597092    28.3435    21.9597 0.0000e+00
     8.1292   2.991040     13.960  552597093    28.2076    21.9275 0.0000e+00
     7.4736   3.003390     14.770  552597095    28.8730    22.5363 0.0000e+00
     6.2235   2.895760     16.300  552597096    28.7599    22.6005 0.0000e+00
     6.1537   2.933780     17.750  552597098    29.2362    22.9839 0.0000e+00
     6.8838   3.027400     18.910  552597099    29.6277    23.2045 0.0000e+00
     6.5828   3.020510     20.010  552597101    29.8133    23.3877 0.0000e+00
     6.3706   3.006030     21.430  552597102    29.8396    23.4341 0.0000e+00
     6.2456   3.034430     22.270  552597104    30.2617    23.7817 0.0000e+00
     5.9062   2.979480     23.890  552597105    29.9544    23.5789 0.0000e+00
     5.8025   2.984480     24.900  552597107    30.1017    23.7070 0.0000e+00
     4.7719   2.895220     26.390  552597108    30.0188    23.7519 0.0000e+00
     4.3834   2.913700     27.380  552597110    30.5870    24.2409 0.0000e+00
     4.5065   2.893290     28.740  552597111    30.2370    23.9512 0.0000e+00
     4.0657   2.858870     30.030  552597113    30.2421    23.9973 0.0000e+00
     3.5684   2.816830     31.460  552597114    30.2079    24.0147 0.0000e+00
     3.1755   2.830210     32.490  552597116    30.7360    24.4684 0.0000e+00
     3.1925   2.812060     33.590  552597118    30.5021    24.2807 0.0000e+00
     2.7182   2.770250     34.960  552597119    30.4475    24.2747 0.0000e+00
     2.5831   2.765530     36.060  552597121    30.5183    24.3414 0.0000e+00
     1.9420   2.729810     37.360  552597122    30.6963    24.5291 0.0000e+00
     1.7864   2.732650     38.180  552597124    30.8829    24.6887 0.0000e+00
     1.5272   2.705710     39.340  552597125    30.7998    24.6385 0.0000e+00
     1.3939   2.685280     40.460  552597127    30.6734    24.5452 0.0000e+00
     0.9025   2.683670     41.390  552597128    31.1394    24.9473 0.0000e+00
     0.6758   2.642220     42.670  552597130    30.8345    24.7140 0.0000e+00
     0.1949   2.618430     43.980  552597131    31.0089    24.8770 0.0000e+00
    -0.3336   2.586610     45.180  552597133    31.1283    24.9947 0.0000e+00
    -0.5829   2.573270     46.390  552597134    31.2067    25.0668 0.0000e+00
    -0.6697   2.566110     47.750  552597136    31.1999    25.0642 0.0000e+00
    -0.5431   2.581950     48.770  552597137    31.2799    25.1247 0.0000e+00
    -0.5636   2.566670     50.140  552597139    31.0968    24.9773 0.0000e+00
    -0.8053   2.578080     51.010  552597140    31.4993    25.3108 0.0000e+00
    -0.8569   2.551480     52.440  552597142    31.1948    25.0659 0.0000e+00
    -0.9090   2.553060     53.580  552597143    31.2695    25.1279 0.0000e+00
    -1.0125   2.555260     54.560  552597145    31.4065    25.2418 0.0000e+00
    -1.0451   2.537610     56.020  552597146    31.2012    25.0764 0.0000e+00
    -1.0618   2.544130     57.070  552597148    31.3061    25.1619 0.0000e+00
    -1.0997   2.533110     58.590  552597150    31.1957    25.0734 0.0000e+00
    -1.1122   2.539510     59.510  552597151    31.2948    25.1540 0.0000e+00
    -1.1220   2.537520     60.610  552597153    31.2774    25.1402 0.0000e+00
    -1.1022   2.539630     61.810  552597154    31.2846    25.1455 0.0000e+00
    -1.0465   2.549800     62.800  552597156    31.3635    25.2079 0.0000e+00
    -1.0063   2.558560     63.960  552597157    31.4391    25.2680 0.0000e+00
    -0.9329   2.568870     64.890  552597159    31.5008    25.3159 0.0000e+00
    -0.9045   2.573820     66.200  552597160    31.5369    25.3443 0.0000e+00
    -0.8945   2.581290     66.580  552597162    31.6268    25.4168 0.0000e+00
    -0.8946   2.581200     67.430  552597163    31.6252    25.4155 0.0000e+00
    -0.8826   2.590660     67.450  552597165    31.7400    25.5081 0.0000e+00
    -0.8841   2.592330     67.460  552597166    31.7641    25.5276 0.0000e+00
    -0.8845   2.583460     66.400  552597168    31.6457    25.4317 0.0000e+00
    -0.8902   2.574120     65.550  552597169    31.5264    25.3353 0.0000e+00
    -0.8999   2.572950     64.760  552597171    31.5212    25.3315 0.0000e+00
    -0.9020   2.570320     63.590  552597172    31.4887    25.3052 0.0000e+00
    -0.9270   2.568850     62.970  552597174    31.4954    25.3114 0.0000e+00
    -0.9874   2.547560     61.270  552597175    31.2725    25.1325 0.0000e+00
    -1.0648   2.540250     60.930  552597177    31.2546    25.1202 0.0000e+00
    -1.0969   2.526610     59.430  552597178    31.1044    24.9993 0.0000e+00
    -1.1213   2.524950     59.380  552597180    31.1073    25.0023 0.0000e+00
    -1.1206   2.520900     58.340  552597182    31.0524    24.9578 0.0000e+00
    -1.1165   2.523010     57.840  552597183    31.0769    24.9776 0.0000e+00
    -1.1051   2.519470     55.910  552597185    31.0184    24.9299 0.0000e+00
    -1.0668   2.523270     54.950  552597186    31.0307    24.9388 0.0000e+00
    -1.0706   2.522690     54.400  552597188    31.0271    24.9360 0.0000e+00
    -1.0555   2.522730     54.460  552597189    31.0120    24.9234 0.0000e+00
    -1.0447   2.519700     53.380  552597191    30.9606    24.8814 0.0000e+00
    -1.0187   2.525170     52.360  552597192    31.0081    24.9193 0.0000e+00
    -0.9346   2.526130     50.940  552597194    30.9352    24.8579 0.0000e+00
    -0.8760   2.526250     49.540  552597195    30.8774    24.8095 0.0000e+00
    -0.7157   2.536960     48.320  552597197    30.8574    24.7886 0.0000e+00
    -0.5513   2.539810     47.220  552597198    30.7285    24.6792 0.0000e+00
    -0.6000   2.532670     45.910  552597200    30.6837    24.6446 0.0000e+00
    -0.6600   2.531480     44.850  552597201    30.7294    24.6834 0.0000e+00
    -0.5652   2.540310     43.340  552597203    30.7515    24.6982 0.0000e+00
    -0.0941   2.554710     42.470  552597204    30.4676    24.4523 0.0000e+00
     0.3194   2.597620     40.680  552597206    30.6155    24.5544 0.0000e+00
     0.7790   2.595610     39.870  552597207    30.1378    24.1485 0.0000e+00
     1.1496   2.643690     38.360  552597209    30.3887    24.3307 0.0000e+00
     1.4820   2.636800     37.570  552597210    29.9818    23.9854 0.0000e+00
     1.6392   2.663500     36.030  552597212    30.1654    24.1232 0.0000e+00
     2.0685   2.703140     34.760  552597213    30.2465    24.1606 0.0000e+00
     2.5893   2.715650     33.580  552597215    29.9080    23.8536 0.0000e+00
     2.9706   2.752130     31.780  552597217    29.9931    23.8928 0.0000e+00
     3.0863   2.738260     31.070  552597218    29.7201    23.6661 0.0000e+00
     3.3310   2.775130     29.300  552597220    29.9346    23.8172 0.0000e+00
     3.8142   2.781640     28.650  552597221    29.5698    23.4858 0.0000e+00
     4.3481   2.841450     26.720  552597223    29.7836    23.6069 0.0000e+00
     4.3834   2.824240     26.430  552597224    29.5533    23.4208 0.0000e+00
     4.3432   2.831610     24.380  552597226    29.6754    23.5215 0.0000e+00
     5.3663   2.878990     23.940  552597227    29.3075    23.1274 0.0000e+00
     5.8006   2.925630     22.310  552597229    29.4499    23.1926 0.0000e+00
     5.8333   2.923290     21.350  552597230    29.3959    23.1463 0.0000e+00
     6.1898   2.950190     19.920  552597232    29.3845    23.0967 0.0000e+00
     6.3093   2.951470     18.990  552597233    29.2959    23.0129 0.0000e+00
     6.6251   2.978580     17.750  552597235    29.3212    22.9952 0.0000e+00
     6.8905   2.952210     16.400  552597236    28.8117    22.5618 0.0000e+00
     6.1735   2.864630     15.340  552597238    28.4614    22.3709 0.0000e+00
     6.0926   2.872240     13.890  552597239    28.6135    22.4999 0.0000e+00
     7.2131   2.887590     12.910  552597241    27.8564    21.7712 0.0000e+00
     8.0411   2.934300     11.320  552597242    27.6882    21.5325 0.0000e+00
     8.5556   2.913890     10.530  552597244    27.0776    20.9848 0.0000e+00
     8.9501   2.969570      8.940  552597245    27.3437    21.1374 0.0000e+00
    11.4979   2.983400      8.320  552597247    25.6231    19.4041 0.0000e+00
    14.5629   3.196520      6.630  552597249    25.5090    18.7566 0.0000e+00
    15.8123   3.205730      6.160  552597250    24.7899    17.9505 0.0000e+00
    16.2118   3.245700      4.590  552597252    24.8812    17.9362 0.0000e+00
    16.3559   3.247850      3.770  552597253    24.8101    17.8510 0.0000e+00
    17.3998   3.323130      2.590  552597255    24.7969    17.6122 0.0000e+00
    17.5755   3.316210      2.300  552597256    24.6334    17.4480 0.0000e+00
    17.6070   3.320980      2.030  552597258    24.6536    17.4563 0.0000e+00
    17.6146   3.348540      0.880  552597259    24.8756    17.6240 0.0000e+00
    17.6054   3.336330      1.020  552597261    24.7808    17.5538 0.0000e+00
    17.6020   3.325360      0.730  552597262    24.6929    17.4874 0.0000e+00
    17.5951   3.316640      1.090  552597264    24.6254    17.4375 0.0000e+00
    17.5868   3.307720      0.900  552597265    24.5572    17.3874 0.0000e+00
    17.6129   3.281120      0.950  552597267    24.3235    17.2032 0.0000e+00
    17.6097   3.317170      0.600  552597268    24.6211    17.4309 0.0000e+00
    17.5998   2.710340     -0.120  552597270    19.7124    13.6913 0.0000e+00
    17.5820   0.382760     -0.220  552597271     2.3899     0.5050 0.0000e+00
    17.4414   0.325020     -0.220  552597273     2.0162     0.2452 0.0000e+00
    17.3161   0.328480     -0.220  552597274     2.0451     0.2901 0.0000e+00
    17.1076   0.283570     -0.210  552597276     1.7593     0.1088 0.0000e+00
    16.9609   0.185870     -0.210  552597277     1.1310    -0.3469 0.0000e+00
    16.8782   0.169850     -0.200  552597279     1.0309    -0.4093 0.0000e+00
    16.8111   0.132250     -0.200  552597281     0.7943    -0.5794 0.0000e+00
    16.7648   0.175750     -0.190  552597282     1.0715    -0.3584 0.0000e+00
    16.7304   0.194260     -0.190  552597284     1.1914    -0.2603 0.0000e+00
    16.7050   0.111620     -0.190  552597285     0.6670    -0.6589 0.0000e+00
    16.6801   0.088910     -0.190  552597287     0.5266    -0.7627 0.0000e+00
    16.6543   0.080370     -0.190  552597288     0.4745    -0.7984 0.0000e+00
    16.6251   0.078000     -0.190  552597290     0.4603    -0.8044 0.0000e+00
    16.6009   0.072730     -0.180  552597291     0.4283    -0.8249 0.0000e+00
    16.5789   0.063400     -0.180  552597293     0.3718    -0.8647 0.0000e+00
    16.5753   0.062260     -0.180  552597294     0.3649    -0.8694 0.0000e+00
    16.5694   0.062640     -0.180  552597296     0.3673    -0.8666 0.0000e+00
    16.5691   0.057890     -0.180  552597297     0.3385    -0.8886 0.0000e+00
    16.5625   0.055130     -0.180  552597299     0.3220    -0.9003 0.0000e+00
    16.5550   0.049560     -0.180  552597300     0.2886    -0.9248 0.0000e+00
    16.5359   0.050290     -0.180  552597302     0.2931    -0.9181 0.0000e+00
    16.5342   0.049170     -0.180  552597303     0.2864    -0.9229 0.0000e+00
    16.5173   0.049840     -0.180  552597305     0.2905    -0.9169 0.0000e+00
    16.5047   0.046550     -0.180  552597306     0.2709    -0.9299 0.0000e+00
    16.5074   0.046410     -0.180  552597308     0.2701    -0.9310 0.0000e+00
    16.5093   0.045880     -0.180  552597309     0.2669    -0.9338 0.0000e+00
    16.5081   0.045500     -0.180  552597311     0.2646    -0.9353 0.0000e+00
    16.5186   0.043990     -0.180  552597313     0.2556    -0.9441 0.0000e+00
    16.5247   0.044530     -0.180  552597314     0.2587    -0.9427 0.0000e+00
    16.5180   0.043280     -0.180  552597316     0.2513    -0.9472 0.0000e+00
    16.5089   0.040880     -0.180  552597317     0.2371    -0.9567 0.0000e+00
    16.4964   0.037620     -0.180  552597319     0.2179    -0.9694 0.0000e+00
    16.4925   0.036640     -0.190  552597320     0.2121    -0.9732 0.0000e+00
    16.4891   0.035460     -0.190  552597322     0.2052    -0.9780 0.0000e+00
    16.4748   0.036670     -0.190  552597323     0.2124    -0.9700 0.0000e+00
    16.4541   0.034810     -0.190  552597325     0.2015    -0.9749 0.0000e+00
    16.4424   0.034700     -0.190  552597326     0.2009    -0.9734 0.0000e+00
    16.4352   0.033750     -0.190  552597328     0.1954    -0.9765 0.0000e+00
    16.4281   0.033720     -0.180  552597329     0.1952    -0.9754 0.0000e+00
    16.4138   0.033010     -0.180  552597331     0.1911    -0.9762 0.0000e+00
    16.4130   0.032450     -0.180  552597332     0.1878    -0.9786 0.0000e+00
    16.4092   0.031880     -0.180  552597334     0.1845    -0.9805 0.0000e+00
    16.4157   0.033760     -0.180  552597335     0.1955    -0.9731 0.0000e+00
    16.4109   0.032750     -0.180  552597337     0.1896    -0.9769 0.0000e+00
    16.4048   0.031640     -0.180  552597338     0.1831    -0.9809 0.0000e+00
    16.3884   0.032890     -0.180  552597340     0.1905    -0.9724 0.0000e+00
    16.3637   0.032720     -0.180  552597341     0.1896    -0.9689 0.0000e+00
    16.3464   0.032600     -0.180  552597343     0.1890    -0.9665 0.0000e+00
    16.3474   0.031240     -0.180  552597345     0.1810    -0.9729 0.0000e+00
    16.3494   0.030710     -0.180  552597346     0.1779    -0.9756 0.0000e+00
    16.3624   0.030460     -0.180  552597348     0.1763    -0.9790 0.0000e+00
    16.3774   0.029770     -0.180  552597349     0.1722    -0.9847 0.0000e+00
