Code/Hansen Zooplankton Code and Sample Data/data/ctd/gsl_07_SBE37SI-RS232_03706156_2017_08_02.cnv
* Sea-Bird SBE37SI-RS232  Data File:
* FileName = C:\Users\General Lab Use\Desktop\SHELAGH CTD 2017\gsl_07_SBE37SI-RS232_03706156_2017_08_02.cnv
* Software version 1.00d
* Temperature SN = 6156
* Conductivity SN = 6156
* System UpLoad Time = Aug 02 2017 18:17:22
* <ApplicationData>
* <Seaterm232>
# nquan = 5
# nvalues = 1319
# units = specified
# name 0 = t090C: Temperature [ITS-90, deg C]
# name 1 = c0S/m: Conductivity [S/m]
# name 2 = prM: Pressure [db]
# name 3 = timeK: Time, Seacat Plus [seconds]
# name 4 = flag: Flag
# span 0 =      0.0424,    20.8527
# span 1 =   -0.013528,   3.627842
# span 2 =      -0.227,    107.692
# span 3 =   554998957,  555000967
# span 4 =  0.0000e+00, 0.0000e+00
# interval = seconds: 6.000000
# start_time = Aug 02 2017 14:22:37
# bad_flag = -9.990e-29
*END*
    20.7534    0.02638      -0.20  554998957 0.0000e+00
    20.7571    0.02636      -0.20  554998958 0.0000e+00
    20.7687    0.02636      -0.20  554998960 0.0000e+00
    20.7713    0.02636      -0.20  554998961 0.0000e+00
    20.7770    0.02635      -0.20  554998963 0.0000e+00
    20.7820    0.02635      -0.20  554998964 0.0000e+00
    20.7990    0.02756      -0.20  554998966 0.0000e+00
    20.8211    0.02745      -0.20  554998967 0.0000e+00
    20.8385    0.02747      -0.20  554998969 0.0000e+00
    20.8430    0.02774      -0.20  554998971 0.0000e+00
    20.8417    0.02747      -0.20  554998972 0.0000e+00
    20.8449    0.02770      -0.20  554998974 0.0000e+00
    20.8527    0.02749      -0.20  554998975 0.0000e+00
    20.8411    0.02780      -0.20  554998977 0.0000e+00
    20.7542    0.02779      -0.20  554998978 0.0000e+00
    20.6266    0.02793      -0.20  554998980 0.0000e+00
    20.5198    0.02785      -0.20  554998981 0.0000e+00
    20.4177    0.02786      -0.20  554998983 0.0000e+00
    20.2763    0.02793      -0.20  554998985 0.0000e+00
    20.2034    0.02779      -0.20  554998987 0.0000e+00
    20.1354    0.02759      -0.20  554998988 0.0000e+00
    20.0807    0.02749      -0.20  554998990 0.0000e+00
    20.0215    0.02753      -0.20  554998991 0.0000e+00
    19.9626    0.02767      -0.20  554998993 0.0000e+00
    19.9165    0.02778      -0.20  554998994 0.0000e+00
    19.8958    0.02057      -0.20  554998996 0.0000e+00
    19.8329    0.00349      -0.20  554998997 0.0000e+00
    19.7955    0.00242      -0.20  554998999 0.0000e+00
    19.7673    0.00192      -0.20  554999000 0.0000e+00
    19.7351    0.00161      -0.20  554999002 0.0000e+00
    19.6919    0.00135      -0.20  554999003 0.0000e+00
    19.6237    0.00122      -0.20  554999005 0.0000e+00
    19.5712    0.00114      -0.20  554999006 0.0000e+00
    19.5355    0.00111      -0.20  554999008 0.0000e+00
    19.4949    0.00102      -0.20  554999009 0.0000e+00
    19.4596    0.00103      -0.20  554999011 0.0000e+00
    19.4282    0.00095      -0.20  554999012 0.0000e+00
    19.3952    0.00097      -0.20  554999014 0.0000e+00
    19.3767    0.00091      -0.20  554999016 0.0000e+00
    19.3522    0.00094      -0.20  554999017 0.0000e+00
    19.3665    0.00087      -0.20  554999019 0.0000e+00
    19.3798    0.00088      -0.20  554999020 0.0000e+00
    19.3825    0.00083      -0.20  554999022 0.0000e+00
    19.3807    0.00084      -0.20  554999023 0.0000e+00
    19.3930    0.00080      -0.20  554999025 0.0000e+00
    19.4038    0.00080      -0.20  554999026 0.0000e+00
    19.3812    0.00076      -0.20  554999028 0.0000e+00
    19.3636    0.00080      -0.20  554999029 0.0000e+00
    19.3513    0.00077      -0.20  554999031 0.0000e+00
    19.3513    0.00079      -0.20  554999032 0.0000e+00
    19.3505    0.00074      -0.20  554999034 0.0000e+00
    19.3573    0.00076      -0.20  554999035 0.0000e+00
    19.3508    0.00073      -0.20  554999037 0.0000e+00
    19.3456    0.00073      -0.20  554999038 0.0000e+00
    19.3381    0.00070      -0.20  554999040 0.0000e+00
    19.3320    0.00072      -0.20  554999041 0.0000e+00
    19.3396    0.00070      -0.20  554999043 0.0000e+00
    19.3495    0.00071      -0.20  554999045 0.0000e+00
    19.3601    0.00069      -0.20  554999046 0.0000e+00
    19.3634    0.00069      -0.20  554999048 0.0000e+00
    19.3742    0.00094      -0.20  554999049 0.0000e+00
    19.3911    0.00105      -0.20  554999051 0.0000e+00
    19.4059    0.00078      -0.20  554999052 0.0000e+00
    19.4368    0.00068      -0.20  554999054 0.0000e+00
    19.4619    0.00065      -0.20  554999055 0.0000e+00
    19.4911    0.00062      -0.20  554999057 0.0000e+00
    19.5043    0.00057      -0.20  554999058 0.0000e+00
    19.5231    0.00054      -0.20  554999060 0.0000e+00
    19.5453    0.00053      -0.20  554999061 0.0000e+00
    19.5571    0.00051      -0.20  554999063 0.0000e+00
    19.5462    0.00049      -0.20  554999064 0.0000e+00
    19.5610    0.00048      -0.20  554999066 0.0000e+00
    19.5541    0.00047      -0.20  554999067 0.0000e+00
    19.5796    0.00046      -0.20  554999069 0.0000e+00
    19.5998    0.00045      -0.20  554999070 0.0000e+00
    19.6070    0.00044      -0.20  554999072 0.0000e+00
    19.6019    0.00043      -0.20  554999073 0.0000e+00
    19.5830    0.00042      -0.20  554999075 0.0000e+00
    19.5510    0.00041      -0.20  554999077 0.0000e+00
    19.5351    0.00040      -0.20  554999078 0.0000e+00
    19.5550    0.00039      -0.20  554999080 0.0000e+00
    19.5771    0.00038      -0.20  554999081 0.0000e+00
    19.5886    0.00036      -0.20  554999083 0.0000e+00
    19.5917    0.00035      -0.20  554999084 0.0000e+00
    19.5948    0.00034      -0.20  554999086 0.0000e+00
    19.5884    0.00033      -0.20  554999087 0.0000e+00
    19.6032    0.00032      -0.20  554999089 0.0000e+00
    19.6153    0.00032      -0.20  554999090 0.0000e+00
    19.5300    0.00032      -0.20  554999092 0.0000e+00
    19.4723    0.00033      -0.20  554999093 0.0000e+00
    19.3801    0.00033      -0.20  554999095 0.0000e+00
    19.3070    0.00033      -0.20  554999096 0.0000e+00
    19.2364    0.00034      -0.20  554999098 0.0000e+00
    19.1802    0.00034      -0.20  554999099 0.0000e+00
    19.1511    0.00035      -0.20  554999101 0.0000e+00
    19.1593    0.00035      -0.20  554999102 0.0000e+00
    19.1815    0.00035      -0.20  554999104 0.0000e+00
    19.1845    0.00035      -0.20  554999105 0.0000e+00
    19.1546    0.00036      -0.20  554999107 0.0000e+00
    19.1147    0.00037      -0.20  554999109 0.0000e+00
    19.1067    0.00038      -0.20  554999110 0.0000e+00
    19.1114    0.00038      -0.20  554999112 0.0000e+00
    19.1575    0.00046      -0.20  554999113 0.0000e+00
    19.2175    0.00045      -0.20  554999115 0.0000e+00
    19.2566    0.00044      -0.20  554999116 0.0000e+00
    19.3273    0.00042      -0.20  554999118 0.0000e+00
    19.4101    0.00042      -0.20  554999119 0.0000e+00
    19.4612    0.00042      -0.20  554999121 0.0000e+00
    19.5209    0.00041      -0.20  554999122 0.0000e+00
    19.5845    0.00041      -0.20  554999124 0.0000e+00
    19.6378    0.00041      -0.20  554999125 0.0000e+00
    19.6894    0.00040      -0.20  554999127 0.0000e+00
    19.7296    0.00040      -0.20  554999128 0.0000e+00
    19.7776    0.00039      -0.20  554999130 0.0000e+00
    19.8149    0.00039      -0.20  554999131 0.0000e+00
    19.8404    0.00039      -0.20  554999133 0.0000e+00
    19.8618    0.00038      -0.20  554999134 0.0000e+00
    19.8900    0.00037      -0.20  554999136 0.0000e+00
    19.9382    0.00036      -0.20  554999137 0.0000e+00
    19.9719    0.00036      -0.20  554999139 0.0000e+00
    20.0098    0.00035      -0.20  554999141 0.0000e+00
    20.0373    0.00036      -0.20  554999142 0.0000e+00
    20.0645    0.00036      -0.20  554999144 0.0000e+00
    20.1044    0.00035      -0.20  554999145 0.0000e+00
    20.1418    0.00034      -0.20  554999147 0.0000e+00
    20.1837    0.00035      -0.20  554999148 0.0000e+00
    20.2172    0.00034      -0.20  554999150 0.0000e+00
    20.2770    0.00033      -0.20  554999151 0.0000e+00
    20.3129    0.00033      -0.20  554999153 0.0000e+00
    20.3401    0.00033      -0.20  554999154 0.0000e+00
    20.3766    0.00032      -0.20  554999156 0.0000e+00
    20.3944    0.00033      -0.20  554999157 0.0000e+00
    20.4257    0.00034      -0.20  554999159 0.0000e+00
    20.4277    0.00034      -0.20  554999160 0.0000e+00
    20.4177    0.00034      -0.20  554999162 0.0000e+00
    20.3968    0.00034      -0.20  554999163 0.0000e+00
    20.3880    0.00034      -0.20  554999165 0.0000e+00
    20.3732    0.00034      -0.20  554999166 0.0000e+00
    20.3906    0.00033      -0.20  554999168 0.0000e+00
    20.4002    0.00033      -0.20  554999170 0.0000e+00
    20.4344    0.00032      -0.20  554999171 0.0000e+00
    20.4685    0.00032      -0.20  554999173 0.0000e+00
    20.4960    0.00031      -0.20  554999174 0.0000e+00
    20.5017    0.00032      -0.20  554999176 0.0000e+00
    20.4635    0.00032      -0.20  554999177 0.0000e+00
    20.4227    0.00032      -0.20  554999179 0.0000e+00
    20.3952    0.00032      -0.20  554999180 0.0000e+00
    20.3542    0.00041      -0.21  554999182 0.0000e+00
    20.3114    0.00047      -0.21  554999183 0.0000e+00
    20.2907    0.00041      -0.21  554999185 0.0000e+00
    20.2273    0.00037      -0.21  554999186 0.0000e+00
    20.1934    0.00033      -0.21  554999188 0.0000e+00
    20.0979    0.00030      -0.21  554999189 0.0000e+00
    20.0202    0.00030      -0.21  554999191 0.0000e+00
    19.9693    0.00029      -0.21  554999192 0.0000e+00
    19.9420   -0.01353      -0.19  554999194 0.0000e+00
    18.3376    3.48825       0.36  554999195 0.0000e+00
    18.0071    3.60502       1.33  554999197 0.0000e+00
    17.9805    3.61302       1.60  554999198 0.0000e+00
    17.9778    3.61849       1.85  554999200 0.0000e+00
    17.9796    3.62330       1.57  554999202 0.0000e+00
    17.9771    3.62755       1.86  554999203 0.0000e+00
    17.9812    3.62784       1.51  554999205 0.0000e+00
    17.9797    3.62770       1.91  554999206 0.0000e+00
    17.9812    3.62684       1.49  554999208 0.0000e+00
    17.9854    3.62585       1.92  554999209 0.0000e+00
    17.9777    3.62570       1.45  554999211 0.0000e+00
    17.9774    3.62202       1.93  554999212 0.0000e+00
    17.9832    3.62376       1.52  554999214 0.0000e+00
    17.9847    3.62244       1.89  554999215 0.0000e+00
    17.9942    3.62531       1.48  554999217 0.0000e+00
    17.9985    3.62122       2.09  554999218 0.0000e+00
    17.9939    3.62061       1.35  554999220 0.0000e+00
    17.9914    3.62128       2.04  554999221 0.0000e+00
    17.9822    3.62251       1.40  554999223 0.0000e+00
    17.9849    3.61858       2.02  554999224 0.0000e+00
    17.9942    3.62188       1.33  554999226 0.0000e+00
    17.9928    3.61959       2.07  554999227 0.0000e+00
    17.9921    3.62177       1.27  554999229 0.0000e+00
    17.9911    3.62166       2.03  554999230 0.0000e+00
    17.9957    3.62295       1.36  554999232 0.0000e+00
    17.9924    3.62383       1.92  554999233 0.0000e+00
    17.9939    3.62352       1.28  554999235 0.0000e+00
    17.9928    3.62412       0.86  554999237 0.0000e+00
    17.9874    3.62247       0.16  554999238 0.0000e+00
    17.9856    3.62303       0.63  554999240 0.0000e+00
    17.9855    3.62419       0.85  554999241 0.0000e+00
    17.9849    3.62217       2.12  554999243 0.0000e+00
    17.9672    3.62242       2.51  554999244 0.0000e+00
    17.9235    3.61849       3.80  554999246 0.0000e+00
    17.8311    3.61457       4.66  554999247 0.0000e+00
    17.4706    3.59152       6.28  554999249 0.0000e+00
    17.3824    3.58997       6.66  554999250 0.0000e+00
    17.2579    3.57398       8.17  554999252 0.0000e+00
    16.9468    3.56278       8.72  554999253 0.0000e+00
    16.3267    3.51068      10.04  554999255 0.0000e+00
    15.3699    3.41448      10.87  554999256 0.0000e+00
    10.2704    3.22516      12.08  554999258 0.0000e+00
     8.9085    3.10729      13.13  554999259 0.0000e+00
     7.8456    3.04806      14.20  554999261 0.0000e+00
     6.7109    2.98218      15.49  554999262 0.0000e+00
     5.9999    2.96273      16.11  554999264 0.0000e+00
     5.3760    2.91672      17.35  554999265 0.0000e+00
     5.0242    2.89584      18.25  554999267 0.0000e+00
     4.1714    2.86283      19.39  554999269 0.0000e+00
     4.0568    2.84555      20.51  554999270 0.0000e+00
     3.6120    2.86285      21.33  554999272 0.0000e+00
     3.0116    2.78655      22.72  554999273 0.0000e+00
     2.4408    2.83231      23.34  554999275 0.0000e+00
     2.2258    2.75651      24.89  554999276 0.0000e+00
     2.0207    2.76640      25.50  554999278 0.0000e+00
     1.6727    2.72923      26.79  554999279 0.0000e+00
     1.5612    2.71881      27.82  554999281 0.0000e+00
     1.4468    2.72947      28.67  554999282 0.0000e+00
     1.4369    2.71414      29.83  554999284 0.0000e+00
     1.3712    2.73024      30.50  554999285 0.0000e+00
     1.2939    2.70188      31.77  554999287 0.0000e+00
     1.1273    2.72377      32.63  554999288 0.0000e+00
     1.0834    2.70066      33.75  554999290 0.0000e+00
     1.0486    2.70805      34.03  554999291 0.0000e+00
     0.8992    2.68261      35.80  554999293 0.0000e+00
     0.7775    2.68224      35.84  554999294 0.0000e+00
     0.5981    2.67462      37.65  554999296 0.0000e+00
     0.5521    2.68795      37.99  554999297 0.0000e+00
     0.4814    2.67411      39.47  554999299 0.0000e+00
     0.4474    2.68376      39.94  554999301 0.0000e+00
     0.4023    2.66835      41.51  554999302 0.0000e+00
     0.3256    2.67729      41.83  554999304 0.0000e+00
     0.2350    2.66345      43.32  554999305 0.0000e+00
     0.2174    2.67664      43.68  554999307 0.0000e+00
     0.2175    2.66699      44.73  554999308 0.0000e+00
     0.3450    2.68161      45.49  554999310 0.0000e+00
     0.4145    2.68305      46.55  554999311 0.0000e+00
     0.2653    2.68204      47.07  554999313 0.0000e+00
     0.1680    2.66573      48.29  554999314 0.0000e+00
     0.1355    2.66469      48.00  554999316 0.0000e+00
     0.1330    2.66120      48.82  554999317 0.0000e+00
     0.1567    2.67262      49.35  554999319 0.0000e+00
     0.1635    2.66803      50.49  554999320 0.0000e+00
     0.1640    2.67281      50.91  554999322 0.0000e+00
     0.1430    2.66523      52.35  554999323 0.0000e+00
     0.0865    2.66723      52.59  554999325 0.0000e+00
     0.0645    2.66416      53.94  554999326 0.0000e+00
     0.0627    2.67013      54.44  554999328 0.0000e+00
     0.0657    2.67228      55.50  554999329 0.0000e+00
     0.0824    2.67608      56.09  554999331 0.0000e+00
     0.0925    2.67610      57.25  554999332 0.0000e+00
     0.1040    2.67771      58.34  554999334 0.0000e+00
     0.1067    2.68135      59.47  554999336 0.0000e+00
     0.1612    2.68925      60.50  554999337 0.0000e+00
     0.2401    2.69686      61.59  554999339 0.0000e+00
     0.3210    2.70431      63.03  554999340 0.0000e+00
     0.3905    2.70902      63.83  554999342 0.0000e+00
     0.4492    2.71756      65.15  554999343 0.0000e+00
     0.4692    2.72053      66.31  554999345 0.0000e+00
     0.4581    2.72314      67.36  554999346 0.0000e+00
     0.5188    2.73078      68.69  554999348 0.0000e+00
     0.5766    2.73303      69.44  554999349 0.0000e+00
     0.5953    2.74005      70.73  554999351 0.0000e+00
     0.6078    2.74194      71.61  554999352 0.0000e+00
     0.6228    2.74613      73.05  554999354 0.0000e+00
     0.6692    2.74964      74.05  554999355 0.0000e+00
     0.7116    2.75707      75.49  554999357 0.0000e+00
     0.7258    2.75929      76.70  554999358 0.0000e+00
     0.7393    2.76086      77.83  554999360 0.0000e+00
     0.7674    2.76422      78.97  554999361 0.0000e+00
     0.7769    2.76582      80.38  554999363 0.0000e+00
     0.7784    2.76622      81.14  554999364 0.0000e+00
     0.7828    2.76734      82.63  554999366 0.0000e+00
     0.7873    2.76766      82.92  554999367 0.0000e+00
     0.7908    2.76855      84.60  554999369 0.0000e+00
     0.7975    2.77004      84.33  554999371 0.0000e+00
     0.8040    2.77050      85.74  554999372 0.0000e+00
     0.8124    2.77124      86.01  554999374 0.0000e+00
     0.8186    2.77182      87.04  554999375 0.0000e+00
     0.8226    2.77264      87.96  554999377 0.0000e+00
     0.8272    2.77320      89.11  554999378 0.0000e+00
     0.8314    2.77414      90.15  554999380 0.0000e+00
     0.8451    2.77492      90.93  554999381 0.0000e+00
     0.8529    2.77685      92.61  554999383 0.0000e+00
     0.8617    2.77728      93.33  554999384 0.0000e+00
     0.8649    2.77838      94.96  554999386 0.0000e+00
     0.8755    2.77945      96.02  554999387 0.0000e+00
     0.8848    2.78073      97.17  554999389 0.0000e+00
     0.8969    2.78199      98.35  554999390 0.0000e+00
