Code/Hansen Zooplankton Code and Sample Data/data/ctd/gsl_09_SBE37SI-RS232_03706156_2017_08_08.cnv
* Sea-Bird SBE37SI-RS232  Data File:
* FileName = C:\Users\General Lab Use\Desktop\SHELAGH CTD 2017\gsl_09_SBE37SI-RS232_03706156_2017_08_08.cnv
* Software version 1.00d
* Temperature SN = 6156
* Conductivity SN = 6156
* System UpLoad Time = Aug 08 2017 10:00:07
* <ApplicationData>
* <Seaterm232>
# nquan = 5
# nvalues = 2463
# units = specified
# name 0 = t090C: Temperature [ITS-90, deg C]
# name 1 = c0S/m: Conductivity [S/m]
# name 2 = prM: Pressure [db]
# name 3 = timeK: Time, Seacat Plus [seconds]
# name 4 = flag: Flag
# span 0 =     -0.7449,    17.6751
# span 1 =    0.000196,   3.563643
# span 2 =      -0.307,     77.385
# span 3 =   555485108,  555488848
# span 4 =  0.0000e+00, 0.0000e+00
# interval = seconds: 6.000000
# start_time = Aug 08 2017 05:25:08
# bad_flag = -9.990e-29
*END*
[from data line 2001]
    14.2739    0.01236      -0.29  555488146 0.0000e+00
    14.5449    0.01227      -0.29  555488148 0.0000e+00
    14.9151    0.01189      -0.29  555488150 0.0000e+00
    14.9752    0.01181      -0.29  555488151 0.0000e+00
    14.9871    0.01173      -0.29  555488153 0.0000e+00
    14.9845    0.01160      -0.29  555488154 0.0000e+00
    14.9967    0.01144      -0.29  555488156 0.0000e+00
    15.0505    0.01151      -0.29  555488157 0.0000e+00
    15.1178    0.01149      -0.29  555488159 0.0000e+00
    15.1304    0.01141      -0.29  555488160 0.0000e+00
    15.1274    0.01136      -0.29  555488162 0.0000e+00
    15.1456    0.01142      -0.29  555488163 0.0000e+00
    15.1418    0.01133      -0.29  555488165 0.0000e+00
    15.1493    0.01145      -0.29  555488166 0.0000e+00
    15.1454    0.01133      -0.29  555488168 0.0000e+00
    15.1321    0.01129      -0.29  555488169 0.0000e+00
    15.1129    0.01113      -0.29  555488171 0.0000e+00
    15.0857    0.01109      -0.29  555488172 0.0000e+00
    15.0366    0.01094      -0.29  555488174 0.0000e+00
    14.9974    0.01099      -0.29  555488175 0.0000e+00
    14.9806    0.01102      -0.29  555488177 0.0000e+00
    14.9742    0.01111      -0.29  555488178 0.0000e+00
    14.9667    0.01117      -0.29  555488180 0.0000e+00
    14.9539    0.01112      -0.29  555488181 0.0000e+00
    14.9509    0.01120      -0.29  555488183 0.0000e+00
    14.9445    0.01131      -0.29  555488184 0.0000e+00
    14.9500    0.01132      -0.29  555488186 0.0000e+00
    14.9566    0.01143      -0.29  555488187 0.0000e+00
    14.9520    0.01146      -0.29  555488189 0.0000e+00
    14.9474    0.01171      -0.29  555488191 0.0000e+00
    14.9425    0.01620      -0.30  555488192 0.0000e+00
    14.9014    0.02511      -0.30  555488194 0.0000e+00
    14.8543    0.02404      -0.30  555488195 0.0000e+00
    14.8315    0.02350      -0.30  555488197 0.0000e+00
    14.7909    0.02240      -0.30  555488198 0.0000e+00
    14.7943    0.02019      -0.30  555488200 0.0000e+00
    14.7687    0.01762      -0.30  555488201 0.0000e+00
    14.7669    0.01473      -0.30  555488203 0.0000e+00
    14.7563    0.01269      -0.30  555488204 0.0000e+00
    14.7285    0.01205      -0.30  555488206 0.0000e+00
    14.7034    0.01154      -0.30  555488207 0.0000e+00
    14.6526    0.01096      -0.30  555488209 0.0000e+00
    14.6131    0.01079      -0.31  555488210 0.0000e+00
    14.5816    0.01015      -0.30  555488212 0.0000e+00
    14.5574    0.01001      -0.31  555488213 0.0000e+00
    14.5197    0.01013      -0.30  555488215 0.0000e+00
    14.5013    0.00993      -0.30  555488216 0.0000e+00
    14.5091    0.00998      -0.30  555488218 0.0000e+00
    14.4896    0.00988      -0.30  555488219 0.0000e+00
    14.4705    0.00985      -0.30  555488221 0.0000e+00
    14.4872    0.00979      -0.30  555488222 0.0000e+00
    14.5199    0.00995      -0.30  555488224 0.0000e+00
    14.5443    0.00970      -0.30  555488226 0.0000e+00
    14.5365    0.01014      -0.30  555488227 0.0000e+00
    14.5405    0.00994      -0.30  555488229 0.0000e+00
    14.5657    0.00973      -0.30  555488230 0.0000e+00
    14.6196    0.00961      -0.30  555488232 0.0000e+00
    14.6785    0.01027      -0.30  555488233 0.0000e+00
    14.7222    0.00989      -0.30  555488235 0.0000e+00
    14.7686    0.00988      -0.30  555488236 0.0000e+00
    14.8371    0.61029      -0.14  555488238 0.0000e+00
    17.4157    3.53212       0.54  555488239 0.0000e+00
    17.6000    3.53239       1.05  555488241 0.0000e+00
    17.6102    3.53986       2.22  555488242 0.0000e+00
    17.6086    3.54428       2.07  555488244 0.0000e+00
    17.6134    3.54309       2.71  555488245 0.0000e+00
    17.6092    3.54510       3.33  555488247 0.0000e+00
    17.6126    3.54708       3.34  555488248 0.0000e+00
    17.6151    3.55138       3.73  555488250 0.0000e+00
    17.6156    3.52781       4.36  555488251 0.0000e+00
    17.6154    3.54896       4.91  555488253 0.0000e+00
    17.6153    3.55387       5.74  555488254 0.0000e+00
    17.6151    3.55451       6.48  555488256 0.0000e+00
    17.6149    3.55044       6.81  555488257 0.0000e+00
    17.6126    3.55188       7.31  555488259 0.0000e+00
    17.6122    3.54961       7.20  555488260 0.0000e+00
    17.6100    3.55204       7.72  555488262 0.0000e+00
    17.6066    3.55076       8.25  555488263 0.0000e+00
    17.5960    3.55150       8.72  555488265 0.0000e+00
    17.5828    3.54424       9.23  555488267 0.0000e+00
    13.0257    3.41450       9.81  555488268 0.0000e+00
    12.2839    3.35298       9.91  555488270 0.0000e+00
    10.0286    3.16648      10.56  555488271 0.0000e+00
     9.1991    3.15505      11.06  555488273 0.0000e+00
     8.2839    3.05747      11.89  555488274 0.0000e+00
     8.1202    3.06751      12.32  555488276 0.0000e+00
     7.6030    3.06049      12.97  555488277 0.0000e+00
     7.2260    3.06615      13.54  555488279 0.0000e+00
     6.2804    2.98473      14.06  555488280 0.0000e+00
     5.9101    2.95952      14.52  555488282 0.0000e+00
     5.3999    2.89042      15.54  555488283 0.0000e+00
     5.2448    2.91162      16.15  555488285 0.0000e+00
     4.9709    2.86660      16.86  555488286 0.0000e+00
     4.5449    2.92701      17.06  555488288 0.0000e+00
     4.4061    2.82840      18.01  555488289 0.0000e+00
     4.1808    2.84082      17.76  555488291 0.0000e+00
     4.1532    2.79496      18.93  555488292 0.0000e+00
     3.9361    2.80098      19.00  555488294 0.0000e+00
     3.8709    2.78987      20.03  555488295 0.0000e+00
     3.8860    2.81235      20.47  555488297 0.0000e+00
     3.9200    2.80008      21.56  555488298 0.0000e+00
     3.6522    2.83372      21.78  555488300 0.0000e+00
     3.6459    2.79240      22.48  555488301 0.0000e+00
     3.6305    2.80792      22.95  555488303 0.0000e+00
     3.4845    2.77803      23.81  555488304 0.0000e+00
     3.0078    2.77404      24.51  555488306 0.0000e+00
     2.9404    2.75473      25.21  555488308 0.0000e+00
     3.1165    2.77399      26.41  555488309 0.0000e+00
     2.8422    2.77750      26.06  555488311 0.0000e+00
     2.7805    2.75261      27.21  555488312 0.0000e+00
     2.7534    2.76466      27.55  555488314 0.0000e+00
     2.6905    2.75328      28.72  555488315 0.0000e+00
     2.5202    2.77246      29.08  555488317 0.0000e+00
     2.4455    2.74541      29.82  555488318 0.0000e+00
     2.1252    2.72816      30.62  555488320 0.0000e+00
     1.9423    2.73902      30.84  555488321 0.0000e+00
     1.8912    2.70667      31.76  555488323 0.0000e+00
     1.4321    2.67954      32.47  555488324 0.0000e+00
     1.3458    2.66858      32.73  555488326 0.0000e+00
     1.3249    2.68119      33.29  555488327 0.0000e+00
     1.3520    2.67054      34.10  555488329 0.0000e+00
     1.1922    2.67941      34.54  555488330 0.0000e+00
     1.1232    2.68495      35.00  555488332 0.0000e+00
     1.0087    2.66507      36.00  555488333 0.0000e+00
     0.9741    2.67105      36.15  555488335 0.0000e+00
     0.9503    2.65866      36.82  555488336 0.0000e+00
     0.9367    2.66389      37.49  555488338 0.0000e+00
     0.9276    2.66079      38.10  555488339 0.0000e+00
     0.8940    2.66034      38.70  555488341 0.0000e+00
     0.8548    2.65111      39.67  555488342 0.0000e+00
     0.8240    2.66457      40.18  555488344 0.0000e+00
     0.7982    2.65050      40.92  555488345 0.0000e+00
     0.7664    2.66427      41.33  555488347 0.0000e+00
     0.7473    2.64917      42.33  555488348 0.0000e+00
     0.7436    2.64607      41.69  555488350 0.0000e+00
     0.7395    2.65046      42.03  555488352 0.0000e+00
     0.7444    2.64486      41.56  555488353 0.0000e+00
     0.7447    2.64599      41.61  555488355 0.0000e+00
     0.7441    2.64530      41.29  555488356 0.0000e+00
     0.7465    2.64770      41.29  555488358 0.0000e+00
     0.7478    2.64338      41.08  555488359 0.0000e+00
     0.7495    2.64637      41.06  555488361 0.0000e+00
     0.7509    2.64538      40.98  555488362 0.0000e+00
     0.7562    2.64205      40.33  555488364 0.0000e+00
     0.7707    2.64208      41.13  555488365 0.0000e+00
     0.7621    2.63885      39.85  555488367 0.0000e+00
     0.8321    2.64062      40.54  555488368 0.0000e+00
     0.7809    2.63964      39.71  555488370 0.0000e+00
     0.8305    2.64336      39.69  555488371 0.0000e+00
     0.8439    2.64309      39.60  555488373 0.0000e+00
     0.8453    2.64264      39.44  555488374 0.0000e+00
     0.8471    2.64258      39.26  555488376 0.0000e+00
     0.8497    2.64274      39.05  555488377 0.0000e+00
     0.8509    2.64379      39.09  555488379 0.0000e+00
     0.8484    2.64199      38.86  555488380 0.0000e+00
     0.8400    2.63976      38.41  555488382 0.0000e+00
     0.8511    2.64478      38.68  555488383 0.0000e+00
     0.8606    2.63982      37.71  555488385 0.0000e+00
     0.9085    2.64243      37.67  555488386 0.0000e+00
     0.9283    2.64166      36.58  555488388 0.0000e+00
     0.9384    2.64285      36.65  555488389 0.0000e+00
     0.9451    2.64075      35.65  555488391 0.0000e+00
     1.0285    2.64291      35.34  555488393 0.0000e+00
     0.9891    2.63606      34.87  555488394 0.0000e+00
     0.9964    2.63654      34.57  555488396 0.0000e+00
     1.1008    2.64145      33.77  555488397 0.0000e+00
     1.2088    2.64210      33.69  555488399 0.0000e+00
     1.2935    2.64857      33.25  555488400 0.0000e+00
     1.3440    2.64759      32.81  555488402 0.0000e+00
     1.3156    2.64582      32.22  555488403 0.0000e+00
     1.3649    2.65140      31.76  555488405 0.0000e+00
     1.5685    2.66626      30.75  555488406 0.0000e+00
     1.8406    2.67857      30.45  555488408 0.0000e+00
     2.0027    2.68877      29.90  555488409 0.0000e+00
     2.0942    2.69855      29.32  555488411 0.0000e+00
     2.3309    2.71643      28.77  555488412 0.0000e+00
     2.5376    2.72490      28.18  555488414 0.0000e+00
     2.6114    2.72171      27.97  555488415 0.0000e+00
     2.6741    2.73229      27.02  555488417 0.0000e+00
     2.7598    2.72668      26.99  555488418 0.0000e+00
     2.7516    2.73663      25.93  555488420 0.0000e+00
     3.0664    2.74206      25.69  555488421 0.0000e+00
     3.0892    2.73314      24.71  555488423 0.0000e+00
     3.0437    2.71601      24.48  555488424 0.0000e+00
     2.9875    2.71356      23.60  555488426 0.0000e+00
     3.1079    2.71615      23.26  555488427 0.0000e+00
     3.3377    2.73578      22.70  555488429 0.0000e+00
     3.5399    2.74601      22.31  555488430 0.0000e+00
     3.6771    2.75032      21.82  555488432 0.0000e+00
     3.6608    2.74607      21.27  555488433 0.0000e+00
     3.6441    2.74483      21.09  555488435 0.0000e+00
     3.8263    2.75638      20.34  555488437 0.0000e+00
     3.7978    2.74937      20.11  555488438 0.0000e+00
     3.7809    2.74812      19.54  555488440 0.0000e+00
     3.8239    2.74937      19.13  555488441 0.0000e+00
     3.9320    2.74999      18.87  555488443 0.0000e+00
     3.9977    2.75732      18.30  555488444 0.0000e+00
     4.1515    2.76002      17.94  555488446 0.0000e+00
     4.2568    2.76897      17.49  555488447 0.0000e+00
     4.4216    2.77413      16.94  555488449 0.0000e+00
     4.5405    2.78124      16.56  555488450 0.0000e+00
     4.8089    2.79449      16.10  555488452 0.0000e+00
     4.9641    2.80593      15.56  555488453 0.0000e+00
     5.1232    2.80896      15.25  555488455 0.0000e+00
     5.2068    2.81565      14.77  555488456 0.0000e+00
     5.3281    2.82545      14.10  555488458 0.0000e+00
     5.5258    2.82526      14.09  555488459 0.0000e+00
     5.8839    2.87495      13.22  555488461 0.0000e+00
     6.7302    2.89085      13.04  555488462 0.0000e+00
     7.0293    2.92438      12.29  555488464 0.0000e+00
     7.3898    2.92332      12.12  555488465 0.0000e+00
     7.8221    2.96573      11.25  555488467 0.0000e+00
     8.0413    2.96076      11.00  555488468 0.0000e+00
     8.4223    2.99893      10.48  555488470 0.0000e+00
     9.0538    3.02514      10.01  555488471 0.0000e+00
     9.8756    3.06615       9.81  555488473 0.0000e+00
    10.8689    3.17462       9.25  555488474 0.0000e+00
    13.8148    3.23529       9.21  555488476 0.0000e+00
    16.0442    3.46872       8.44  555488478 0.0000e+00
    17.3718    3.47020       8.20  555488479 0.0000e+00
    17.5783    3.51118       7.51  555488481 0.0000e+00
    17.5788    3.50930       7.10  555488482 0.0000e+00
    17.5904    3.51898       6.47  555488484 0.0000e+00
    17.5835    3.50427       6.43  555488485 0.0000e+00
    17.5981    3.53276       5.74  555488487 0.0000e+00
    17.5847    3.52573       5.39  555488488 0.0000e+00
    17.5972    3.53037       5.03  555488490 0.0000e+00
    17.5939    3.53290       4.72  555488491 0.0000e+00
    17.5980    3.53891       4.04  555488493 0.0000e+00
    17.5936    3.52536       3.96  555488494 0.0000e+00
    17.5957    3.54235       3.44  555488496 0.0000e+00
    17.5949    3.53278       3.18  555488497 0.0000e+00
    17.5843    3.54339       2.63  555488499 0.0000e+00
    17.5925    3.54258       2.30  555488500 0.0000e+00
    17.5934    3.54414       1.99  555488502 0.0000e+00
    17.5973    3.54390       1.62  555488503 0.0000e+00
    17.5956    3.54352       1.37  555488505 0.0000e+00
    17.5970    3.54522       0.93  555488506 0.0000e+00
    17.5943    3.54108       0.92  555488508 0.0000e+00
    17.5896    3.54767       0.27  555488509 0.0000e+00
    17.5930    3.55001      -0.18  555488511 0.0000e+00
    17.5897    3.54659       0.19  555488512 0.0000e+00
    17.5824    2.51221      -0.21  555488514 0.0000e+00
    17.5765    3.44361       0.04  555488515 0.0000e+00
    17.5760    2.17956      -0.02  555488517 0.0000e+00
    17.5848    3.54407       0.20  555488519 0.0000e+00
    17.5853    3.26759      -0.22  555488520 0.0000e+00
    17.5847    3.54338      -0.16  555488522 0.0000e+00
    17.5348    0.89431      -0.23  555488523 0.0000e+00
    17.5396    2.63537      -0.25  555488525 0.0000e+00
    17.3347    0.47264      -0.25  555488526 0.0000e+00
    17.2257    1.99907      -0.10  555488528 0.0000e+00
    17.5423    1.12894      -0.24  555488529 0.0000e+00
    17.3675    0.31641      -0.24  555488531 0.0000e+00
    17.0612    1.58043      -0.12  555488532 0.0000e+00
    17.5788    3.02705      -0.25  555488534 0.0000e+00
    17.2648    1.02913      -0.24  555488535 0.0000e+00
    17.5133    0.65721      -0.25  555488537 0.0000e+00
    16.9950    0.24353      -0.25  555488538 0.0000e+00
    16.3653    0.19093      -0.25  555488540 0.0000e+00
    16.1229    0.13257      -0.24  555488541 0.0000e+00
    16.3704    1.42584      -0.23  555488543 0.0000e+00
    17.0697    0.32670      -0.25  555488544 0.0000e+00
    16.3266    0.18658      -0.25  555488546 0.0000e+00
    15.7231    0.15710      -0.25  555488547 0.0000e+00
    15.3455    0.15880      -0.25  555488549 0.0000e+00
    15.0825    0.14711      -0.26  555488550 0.0000e+00
    14.9097    0.14789      -0.26  555488552 0.0000e+00
    14.8275    0.13112      -0.26  555488553 0.0000e+00
    14.7372    0.13312      -0.26  555488555 0.0000e+00
    14.7094    0.08370      -0.26  555488557 0.0000e+00
    14.7718    0.09381      -0.26  555488558 0.0000e+00
    14.7495    0.11649      -0.26  555488560 0.0000e+00
    14.7699    0.09322      -0.26  555488561 0.0000e+00
    14.7744    0.09438      -0.26  555488563 0.0000e+00
    14.6743    0.07799      -0.26  555488564 0.0000e+00
    14.6568    0.06424      -0.26  555488566 0.0000e+00
    14.6593    0.07509      -0.26  555488567 0.0000e+00
    14.5836    0.07824      -0.27  555488569 0.0000e+00
    14.5461    0.06438      -0.27  555488570 0.0000e+00
    14.4545    0.05668      -0.27  555488572 0.0000e+00
    14.3618    0.05756      -0.26  555488573 0.0000e+00
    14.2942    0.04772      -0.26  555488575 0.0000e+00
    14.2505    0.06702      -0.26  555488576 0.0000e+00
