Code/Hansen Zooplankton Code and Sample Data/data/ctd/gsl_07_SBE37SI-RS232_03706156_2017_08_02.cnv
* Sea-Bird SBE37SI-RS232  Data File:
* FileName = C:\Users\General Lab Use\Desktop\SHELAGH CTD 2017\gsl_07_SBE37SI-RS232_03706156_2017_08_02.cnv
* Software version 1.00d
* Temperature SN = 6156
* Conductivity SN = 6156
* System UpLoad Time = Aug 02 2017 18:17:22
* <ApplicationData>
* <Seaterm232>
# nquan = 5
# nvalues = 1319
# units = specified
# name 0 = t090C: Temperature [ITS-90, deg C]
# name 1 = c0S/m: Conductivity [S/m]
# name 2 = prM: Pressure [db]
# name 3 = timeK: Time, Seacat Plus [seconds]
# name 4 = flag: Flag
# span 0 =      0.0424,    20.8527
# span 1 =   -0.013528,   3.627842
# span 2 =      -0.227,    107.692
# span 3 =   554998957,  555000967
# span 4 =  0.0000e+00, 0.0000e+00
# interval = seconds: 6.000000
# start_time = Aug 02 2017 14:22:37
# bad_flag = -9.990e-29
*END*
[from data line 572]
     6.1116    3.00957      15.04  554999829 0.0000e+00
     5.7749    2.98046      15.69  554999831 0.0000e+00
     5.4798    2.99553      16.30  554999832 0.0000e+00
     5.1401    2.92633      17.04  554999834 0.0000e+00
     4.7842    2.89743      17.60  554999835 0.0000e+00
     4.3150    2.88125      18.24  554999837 0.0000e+00
     4.0479    2.88715      18.72  554999838 0.0000e+00
     4.0090    2.85257      19.48  554999840 0.0000e+00
     3.9202    2.85777      20.02  554999841 0.0000e+00
     3.7798    2.87108      20.52  554999843 0.0000e+00
     3.6514    2.83863      21.26  554999844 0.0000e+00
     3.3340    2.84343      21.76  554999846 0.0000e+00
     3.0521    2.79456      22.71  554999848 0.0000e+00
     2.5887    2.83452      23.02  554999849 0.0000e+00
     2.3652    2.75738      24.10  554999851 0.0000e+00
     1.9253    2.77133      24.51  554999852 0.0000e+00
     1.7019    2.73787      25.59  554999854 0.0000e+00
     1.5907    2.74894      26.06  554999855 0.0000e+00
     1.5179    2.73375      26.91  554999857 0.0000e+00
     1.4748    2.72364      27.63  554999858 0.0000e+00
     1.4645    2.71976      28.46  554999860 0.0000e+00
     1.4668    2.71853      29.25  554999861 0.0000e+00
     1.4337    2.71632      30.07  554999863 0.0000e+00
     1.3571    2.72015      30.64  554999864 0.0000e+00
     1.1684    2.70798      31.49  554999866 0.0000e+00
     1.0390    2.70427      32.22  554999867 0.0000e+00
     1.0260    2.70078      33.10  554999869 0.0000e+00
     0.9820    2.69998      33.83  554999870 0.0000e+00
     0.9457    2.69844      34.60  554999872 0.0000e+00
     0.9213    2.69012      35.47  554999873 0.0000e+00
     0.8311    2.70637      36.03  554999875 0.0000e+00
     0.7588    2.67912      36.87  554999876 0.0000e+00
     0.6138    2.68223      37.52  554999878 0.0000e+00
     0.5422    2.67356      38.57  554999880 0.0000e+00
     0.4701    2.67723      39.18  554999881 0.0000e+00
     0.4394    2.67109      40.23  554999883 0.0000e+00
     0.4065    2.67304      40.90  554999884 0.0000e+00
     0.3813    2.66942      41.97  554999886 0.0000e+00
     0.3395    2.67482      42.63  554999887 0.0000e+00
     0.2483    2.66647      43.70  554999889 0.0000e+00
     0.2199    2.66526      44.10  554999890 0.0000e+00
     0.2352    2.66724      45.16  554999892 0.0000e+00
     0.3085    2.67223      45.70  554999893 0.0000e+00
     0.1957    2.67045      46.51  554999895 0.0000e+00
     0.1494    2.66406      47.05  554999896 0.0000e+00
     0.1355    2.66313      47.72  554999898 0.0000e+00
     0.1273    2.66269      48.46  554999899 0.0000e+00
     0.1219    2.66288      49.18  554999901 0.0000e+00
     0.1299    2.66404      49.91  554999902 0.0000e+00
     0.1403    2.66466      50.86  554999904 0.0000e+00
     0.1761    2.66790      51.77  554999905 0.0000e+00
     0.2019    2.66886      52.83  554999907 0.0000e+00
     0.1109    2.66681      53.63  554999908 0.0000e+00
     0.0764    2.66688      54.52  554999910 0.0000e+00
     0.0647    2.66670      55.16  554999911 0.0000e+00
     0.0503    2.67007      56.15  554999913 0.0000e+00
     0.0478    2.66961      56.83  554999915 0.0000e+00
     0.0658    2.67295      57.94  554999916 0.0000e+00
     0.0656    2.67466      58.69  554999918 0.0000e+00
     0.1094    2.68187      59.65  554999919 0.0000e+00
     0.1554    2.68638      60.04  554999921 0.0000e+00
     0.2020    2.69185      60.86  554999922 0.0000e+00
     0.2836    2.69926      61.67  554999924 0.0000e+00
     0.3432    2.70489      62.54  554999925 0.0000e+00
     0.3554    2.70696      63.33  554999927 0.0000e+00
     0.3649    2.70886      64.23  554999928 0.0000e+00
     0.4203    2.71318      64.90  554999930 0.0000e+00
     0.4606    2.71620      65.39  554999931 0.0000e+00
     0.4758    2.71696      65.77  554999933 0.0000e+00
     0.4864    2.72099      66.43  554999934 0.0000e+00
     0.4909    2.72171      66.87  554999936 0.0000e+00
     0.4689    2.72174      67.49  554999937 0.0000e+00
     0.4369    2.72115      68.18  554999939 0.0000e+00
     0.4656    2.72353      68.75  554999940 0.0000e+00
     0.5026    2.72540      69.19  554999942 0.0000e+00
     0.5166    2.72708      69.54  554999943 0.0000e+00
     0.5319    2.72940      69.96  554999945 0.0000e+00
     0.5563    2.73315      70.61  554999947 0.0000e+00
     0.5757    2.73673      71.34  554999948 0.0000e+00
     0.5887    2.73916      72.10  554999950 0.0000e+00
     0.6155    2.74267      72.82  554999951 0.0000e+00
     0.6345    2.74582      73.73  554999953 0.0000e+00
     0.6637    2.74820      74.29  554999954 0.0000e+00
     0.6787    2.75157      75.19  554999956 0.0000e+00
     0.6985    2.75259      75.68  554999957 0.0000e+00
     0.7145    2.75708      76.69  554999959 0.0000e+00
     0.7322    2.75745      77.20  554999960 0.0000e+00
     0.7355    2.75985      78.15  554999962 0.0000e+00
     0.7439    2.75994      78.75  554999963 0.0000e+00
     0.7483    2.76176      79.68  554999965 0.0000e+00
     0.7535    2.76248      80.37  554999966 0.0000e+00
     0.7621    2.76353      81.14  554999968 0.0000e+00
     0.7694    2.76467      82.03  554999969 0.0000e+00
     0.7735    2.76517      82.61  554999971 0.0000e+00
     0.7751    2.76554      83.30  554999972 0.0000e+00
     0.7810    2.76584      83.74  554999974 0.0000e+00
     0.7840    2.76659      84.31  554999975 0.0000e+00
     0.7878    2.76720      84.98  554999977 0.0000e+00
     0.7940    2.76843      85.88  554999979 0.0000e+00
     0.8035    2.76959      86.72  554999980 0.0000e+00
     0.8124    2.77108      87.90  554999982 0.0000e+00
     0.8241    2.77156      88.53  554999983 0.0000e+00
     0.8288    2.77286      89.49  554999985 0.0000e+00
     0.8306    2.77297      90.15  554999986 0.0000e+00
     0.8317    2.77353      91.13  554999988 0.0000e+00
     0.8349    2.77401      91.89  554999989 0.0000e+00
     0.8414    2.77494      93.00  554999991 0.0000e+00
     0.8472    2.77522      93.66  554999992 0.0000e+00
     0.8542    2.77613      94.43  554999994 0.0000e+00
     0.8690    2.77819      95.25  554999995 0.0000e+00
     0.8815    2.77969      96.17  554999997 0.0000e+00
     0.8915    2.78091      97.11  554999998 0.0000e+00
     0.8971    2.78177      98.03  555000000 0.0000e+00
     0.9042    2.78301      99.11  555000001 0.0000e+00
     0.9143    2.78383      99.93  555000003 0.0000e+00
     0.9197    2.78490     100.95  555000004 0.0000e+00
     0.9248    2.78545     101.77  555000006 0.0000e+00
     0.9267    2.78587     102.60  555000007 0.0000e+00
     0.9279    2.78585     103.28  555000009 0.0000e+00
     0.9292    2.78593     103.47  555000010 0.0000e+00
     0.9289    2.78586     103.79  555000012 0.0000e+00
     0.9298    2.78615     103.59  555000014 0.0000e+00
     0.9294    2.78580     103.76  555000015 0.0000e+00
     0.9290    2.78605     103.43  555000017 0.0000e+00
     0.9286    2.78595     103.55  555000018 0.0000e+00
     0.9297    2.78598     103.07  555000020 0.0000e+00
     0.9295    2.78601     103.18  555000021 0.0000e+00
     0.9289    2.78626     102.67  555000023 0.0000e+00
     0.9285    2.78614     102.59  555000024 0.0000e+00
     0.9290    2.78622     102.01  555000026 0.0000e+00
     0.9281    2.78617     101.76  555000027 0.0000e+00
     0.9265    2.78617     101.28  555000029 0.0000e+00
     0.9264    2.78606     101.04  555000030 0.0000e+00
     0.9256    2.78617     100.70  555000032 0.0000e+00
     0.9258    2.78604     100.49  555000033 0.0000e+00
     0.9246    2.78598     100.36  555000035 0.0000e+00
     0.9239    2.78594     100.36  555000036 0.0000e+00
     0.9233    2.78592     100.60  555000038 0.0000e+00
     0.9243    2.78589     100.83  555000039 0.0000e+00
     0.9248    2.78600     101.11  555000041 0.0000e+00
     0.9245    2.78611     101.54  555000042 0.0000e+00
     0.9266    2.78643     102.08  555000044 0.0000e+00
     0.9280    2.78656     102.61  555000046 0.0000e+00
     0.9286    2.78676     103.08  555000047 0.0000e+00
     0.9288    2.78679     103.54  555000049 0.0000e+00
     0.9290    2.78696     104.27  555000050 0.0000e+00
     0.9287    2.78700     105.25  555000052 0.0000e+00
     0.9284    2.78708     106.26  555000053 0.0000e+00
     0.9275    2.78711     106.47  555000055 0.0000e+00
     0.9246    2.78706     106.47  555000056 0.0000e+00
     0.9232    2.78699     106.47  555000058 0.0000e+00
     0.9227    2.78695     106.47  555000059 0.0000e+00
     0.9223    2.78694     106.47  555000061 0.0000e+00
     0.9241    2.78693     106.47  555000062 0.0000e+00
     0.9255    2.78692     106.47  555000064 0.0000e+00
     0.9284    2.78689     106.47  555000065 0.0000e+00
     0.9279    2.78683     106.46  555000067 0.0000e+00
     0.9293    2.78685     106.45  555000068 0.0000e+00
     0.9298    2.78683     106.46  555000070 0.0000e+00
     0.9293    2.78682     106.47  555000071 0.0000e+00
     0.9290    2.78682     106.46  555000073 0.0000e+00
     0.9307    2.78682     106.46  555000074 0.0000e+00
     0.9314    2.78686     106.46  555000076 0.0000e+00
     0.9322    2.78684     106.45  555000078 0.0000e+00
     0.9325    2.78685     106.45  555000079 0.0000e+00
     0.9325    2.78686     106.45  555000081 0.0000e+00
     0.9334    2.78687     106.45  555000082 0.0000e+00
     0.9338    2.78689     106.45  555000084 0.0000e+00
     0.9346    2.78690     106.44  555000085 0.0000e+00
     0.9351    2.78691     106.44  555000087 0.0000e+00
     0.9372    2.78693     106.44  555000088 0.0000e+00
     0.9401    2.78694     106.43  555000090 0.0000e+00
     0.9432    2.78695     106.43  555000091 0.0000e+00
     0.9587    2.78697     106.43  555000093 0.0000e+00
     0.9444    2.78699     106.43  555000094 0.0000e+00
     0.9442    2.78701     106.43  555000096 0.0000e+00
     0.9448    2.78702     106.43  555000097 0.0000e+00
     0.9462    2.78703     106.42  555000099 0.0000e+00
     0.9472    2.78705     106.42  555000100 0.0000e+00
     0.9457    2.78707     106.41  555000102 0.0000e+00
     0.9445    2.78708     106.41  555000103 0.0000e+00
     0.9442    2.78710     106.41  555000105 0.0000e+00
     0.9442    2.78710     106.41  555000106 0.0000e+00
     0.9416    2.78468     106.37  555000108 0.0000e+00
     0.9428    2.78382     106.20  555000110 0.0000e+00
     0.9471    2.78448     105.93  555000111 0.0000e+00
     0.9404    2.78491     105.60  555000113 0.0000e+00
     0.9493    2.78407     105.42  555000114 0.0000e+00
     0.9389    2.78396     105.40  555000116 0.0000e+00
     0.9357    2.78331     105.69  555000117 0.0000e+00
     0.9358    2.78489     105.68  555000119 0.0000e+00
     0.9325    2.78366     106.08  555000120 0.0000e+00
     0.9340    2.78416     106.19  555000122 0.0000e+00
     0.9309    2.77302     106.38  555000123 0.0000e+00
     0.9306    2.77381     106.37  555000125 0.0000e+00
     0.9310    2.77415     106.37  555000126 0.0000e+00
     0.9314    2.77431     106.36  555000128 0.0000e+00
     0.9323    2.77445     106.36  555000129 0.0000e+00
     0.9314    2.77449     106.36  555000131 0.0000e+00
     0.9294    2.77450     106.36  555000132 0.0000e+00
     0.9299    2.77454     106.36  555000134 0.0000e+00
     0.9301    2.77456     106.35  555000135 0.0000e+00
     0.9308    2.77459     106.35  555000137 0.0000e+00
     0.9311    2.77462     106.35  555000138 0.0000e+00
     0.9316    2.77463     106.35  555000140 0.0000e+00
     0.9322    2.77464     106.34  555000141 0.0000e+00
     0.9330    2.77466     106.34  555000143 0.0000e+00
     0.9344    2.77468     106.34  555000145 0.0000e+00
     0.9335    2.77471     106.34  555000146 0.0000e+00
     0.9326    2.77473     106.33  555000148 0.0000e+00
     0.9333    2.77475     106.33  555000149 0.0000e+00
     0.9352    2.77477     106.33  555000151 0.0000e+00
     0.9365    2.77477     106.32  555000152 0.0000e+00
     0.9368    2.77479     106.32  555000154 0.0000e+00
     0.9378    2.77480     106.32  555000155 0.0000e+00
     0.9366    2.77481     106.32  555000157 0.0000e+00
     0.9373    2.77481     106.32  555000158 0.0000e+00
     0.9387    2.77484     106.31  555000160 0.0000e+00
     0.9375    2.77484     106.31  555000161 0.0000e+00
     0.9376    2.77486     106.31  555000163 0.0000e+00
     0.9365    2.77486     106.31  555000164 0.0000e+00
     0.9372    2.77489     106.31  555000166 0.0000e+00
     0.9368    2.77489     106.30  555000167 0.0000e+00
     0.9372    2.77490     106.30  555000169 0.0000e+00
     0.9386    2.77492     106.30  555000170 0.0000e+00
     0.9398    2.77492     106.30  555000172 0.0000e+00
     0.9406    2.77493     106.29  555000173 0.0000e+00
     0.9409    2.77494     106.29  555000175 0.0000e+00
     0.9414    2.77495     106.29  555000177 0.0000e+00
     0.9415    2.77496     106.29  555000178 0.0000e+00
     0.9416    2.77497     106.29  555000180 0.0000e+00
     0.9417    2.77498     106.28  555000181 0.0000e+00
     0.9428    2.77499     106.28  555000183 0.0000e+00
     0.9425    2.77500     106.28  555000184 0.0000e+00
     0.9404    2.77505     106.27  555000186 0.0000e+00
     0.9407    2.77513     106.25  555000187 0.0000e+00
     0.9505    2.77558     105.42  555000189 0.0000e+00
     0.9329    2.77623     105.21  555000190 0.0000e+00
     0.9315    2.77708     104.54  555000192 0.0000e+00
     0.9311    2.77813     104.11  555000193 0.0000e+00
     0.9305    2.77925     103.68  555000195 0.0000e+00
     0.9293    2.78019     103.14  555000196 0.0000e+00
     0.9287    2.78085     102.58  555000198 0.0000e+00
     0.9286    2.78148     102.50  555000199 0.0000e+00
     0.9287    2.78204     102.43  555000201 0.0000e+00
     0.9288    2.78222     102.30  555000202 0.0000e+00
     0.9287    2.78239     102.24  555000204 0.0000e+00
     0.9286    2.78262     102.20  555000205 0.0000e+00
     0.9278    2.78290     102.18  555000207 0.0000e+00
     0.9281    2.78302     101.69  555000209 0.0000e+00
     0.9277    2.78311     101.50  555000210 0.0000e+00
     0.9275    2.78321     101.28  555000212 0.0000e+00
     0.9275    2.78343     101.10  555000213 0.0000e+00
     0.9274    2.78369     101.20  555000215 0.0000e+00
     0.9264    2.78379     100.80  555000216 0.0000e+00
     0.9253    2.78384     100.72  555000218 0.0000e+00
     0.9250    2.78398     100.34  555000219 0.0000e+00
     0.9246    2.78404     100.22  555000221 0.0000e+00
     0.9239    2.78416      99.96  555000222 0.0000e+00
     0.9230    2.78426      99.77  555000224 0.0000e+00
     0.9223    2.78427      99.42  555000225 0.0000e+00
     0.9207    2.78426      99.08  555000227 0.0000e+00
     0.9199    2.78426      98.77  555000228 0.0000e+00
     0.9192    2.78431      98.56  555000230 0.0000e+00
     0.9180    2.78435      98.27  555000231 0.0000e+00
     0.9172    2.78434      98.05  555000233 0.0000e+00
     0.9156    2.78438      98.30  555000234 0.0000e+00
     0.9147    2.78447      98.55  555000236 0.0000e+00
     0.9150    2.78448      98.29  555000237 0.0000e+00
     0.9145    2.78441      97.90  555000239 0.0000e+00
     0.9140    2.78428      97.42  555000241 0.0000e+00
     0.9133    2.78422      97.01  555000242 0.0000e+00
     0.9127    2.78419      96.54  555000244 0.0000e+00
     0.9111    2.78417      95.91  555000245 0.0000e+00
     0.9089    2.78410      95.29  555000247 0.0000e+00
     0.9052    2.78403      94.68  555000248 0.0000e+00
     0.9007    2.78396      94.07  555000250 0.0000e+00
     0.8969    2.78388      93.50  555000251 0.0000e+00
     0.8935    2.78390      92.96  555000253 0.0000e+00
     0.8866    2.78385      92.25  555000254 0.0000e+00
     0.8603    2.78380      91.76  555000256 0.0000e+00
     0.8414    2.78374      91.13  555000257 0.0000e+00
     0.8354    2.78368      90.67  555000259 0.0000e+00
     0.8333    2.78360      90.16  555000260 0.0000e+00
     0.8319    2.78350      89.65  555000262 0.0000e+00
