Code/Hansen Zooplankton Code and Sample Data/data/ctd/gsl_11_SBE37SI-RS232_03706156_2017_08_10_final.cnv
* Sea-Bird SBE37SI-RS232  Data File:
* FileName = C:\Users\General Lab Use\Desktop\SHELAGH CTD 2017\gsl_11_SBE37SI-RS232_03706156_2017_08_10.cnv
* Software version 1.00d
* Temperature SN = 6156
* Conductivity SN = 6156
* System UpLoad Time = Aug 10 2017 15:50:10
* <ApplicationData>
* <Seaterm232>
# nquan = 7                                 
# nvalues = 2243                        
# units = specified
# name 0 = t090C: Temperature [ITS-90, deg C]
# name 1 = c0S/m: Conductivity [S/m]
# name 2 = prM: Pressure [db]
# name 3 = timeK: Time, Seacat Plus [seconds]
# name 4 = sal00: Salinity [PSU]
# name 5 = sigma-t00: Density [sigma-t, Kg/m^3 ]
# name 6 = flag: flag
# span 0 =     0.3286,    18.3628       
# span 1 =   0.000200,   3.405210       
# span 2 =     -0.230,     89.660       
# span 3 =  555681024,  555684453       
# span 4 =     0.0091,    32.2682       
# span 5 =    -1.4629,    25.8670       
# span 6 = 0.0000e+00, 0.0000e+00       
# interval = seconds: 6.000000
# start_time = Aug 10 2017 11:50:24
# bad_flag = -9.990e-29
*END*
[from data line 1642]
    14.9238   0.008130     -0.180  555683534     0.0499    -0.8487 0.0000e+00
    14.9371   0.008070     -0.180  555683535     0.0496    -0.8510 0.0000e+00
    14.9215   0.008020     -0.180  555683537     0.0493    -0.8489 0.0000e+00
    14.9246   0.007960     -0.180  555683538     0.0490    -0.8496 0.0000e+00
    14.9081   0.007920     -0.180  555683540     0.0487    -0.8473 0.0000e+00
    14.9169   0.007870     -0.180  555683541     0.0485    -0.8488 0.0000e+00
    14.9047   0.007840     -0.180  555683543     0.0483    -0.8471 0.0000e+00
    14.8898   0.007790     -0.180  555683544     0.0480    -0.8451 0.0000e+00
    14.8679   0.007750     -0.180  555683546     0.0478    -0.8420 0.0000e+00
    14.8704   0.007700     -0.180  555683547     0.0475    -0.8426 0.0000e+00
    14.8596   0.007640     -0.180  555683549     0.0472    -0.8412 0.0000e+00
    14.8699   0.007590     -0.180  555683550     0.0469    -0.8430 0.0000e+00
    14.8603   0.007540     -0.180  555683552     0.0466    -0.8418 0.0000e+00
    14.8691   0.007490     -0.180  555683553     0.0463    -0.8433 0.0000e+00
    14.8609   0.007450     -0.190  555683555     0.0461    -0.8423 0.0000e+00
    14.8641   0.007400     -0.180  555683557     0.0458    -0.8430 0.0000e+00
    14.8773   0.007370     -0.190  555683558     0.0457    -0.8451 0.0000e+00
    14.8630   0.007290     -0.180  555683560     0.0452    -0.8433 0.0000e+00
    14.8609   0.007250     -0.190  555683561     0.0450    -0.8431 0.0000e+00
    14.8435   0.007180     -0.180  555683563     0.0446    -0.8408 0.0000e+00
    14.8315   0.007160     -0.180  555683564     0.0445    -0.8391 0.0000e+00
    14.8283   0.007080     -0.180  555683566     0.0440    -0.8390 0.0000e+00
    14.8376   0.007040     -0.190  555683567     0.0438    -0.8406 0.0000e+00
    14.8312   0.006970     -0.180  555683569     0.0434    -0.8399 0.0000e+00
    14.8386   0.006940     -0.190  555683570     0.0432    -0.8412 0.0000e+00
    14.8255   0.006890     -0.190  555683572     0.0430    -0.8394 0.0000e+00
    14.8152   0.006860     -0.190  555683573     0.0428    -0.8380 0.0000e+00
    14.8072   0.006810     -0.190  555683575     0.0425    -0.8370 0.0000e+00
    14.7997   0.006760     -0.190  555683576     0.0423    -0.8361 0.0000e+00
    14.8018   0.006530     -0.190  555683578     0.0410    -0.8375 0.0000e+00
    14.8085   0.006160     -0.190  555683579     0.0389    -0.8401 0.0000e+00
    14.8344   0.005600     -0.190  555683581     0.0357    -0.8464 0.0000e+00
    14.8352   0.005450     -0.190  555683583     0.0349    -0.8471 0.0000e+00
    14.8347   0.005340     -0.190  555683584     0.0343    -0.8475 0.0000e+00
    14.8421   0.005320     -0.190  555683586     0.0342    -0.8487 0.0000e+00
    14.8424   0.005280     -0.190  555683587     0.0340    -0.8489 0.0000e+00
    14.8299   0.005270     -0.190  555683589     0.0339    -0.8471 0.0000e+00
    14.8475   0.005230     -0.190  555683590     0.0337    -0.8499 0.0000e+00
    14.8469   0.005220     -0.190  555683592     0.0336    -0.8499 0.0000e+00
    14.8353   0.005190     -0.190  555683593     0.0335    -0.8483 0.0000e+00
    14.8422   0.005190     -0.190  555683595     0.0335    -0.8493 0.0000e+00
    14.8347   0.005160     -0.190  555683596     0.0333    -0.8483 0.0000e+00
    14.8596   0.005140     -0.190  555683598     0.0332    -0.8521 0.0000e+00
    14.8669   0.005130     -0.190  555683599     0.0331    -0.8533 0.0000e+00
    14.8791   0.005130     -0.190  555683601     0.0331    -0.8551 0.0000e+00
    14.8860   0.005100     -0.190  555683602     0.0329    -0.8562 0.0000e+00
    14.8810   0.005080     -0.190  555683604     0.0328    -0.8556 0.0000e+00
    14.8941   0.005060     -0.190  555683605     0.0327    -0.8576 0.0000e+00
    14.8829   0.005050     -0.190  555683607     0.0327    -0.8560 0.0000e+00
    14.8929   0.005010     -0.190  555683609     0.0324    -0.8577 0.0000e+00
    14.8881   0.005020     -0.190  555683610     0.0325    -0.8569 0.0000e+00
    14.8872   0.004990     -0.190  555683612     0.0323    -0.8569 0.0000e+00
    14.8848   0.004990     -0.190  555683613     0.0323    -0.8565 0.0000e+00
    14.8826   0.004970     -0.190  555683615     0.0322    -0.8563 0.0000e+00
    14.8762   0.004950     -0.200  555683616     0.0321    -0.8554 0.0000e+00
    14.8912   0.004920     -0.190  555683618     0.0319    -0.8578 0.0000e+00
    14.8851   0.004890     -0.190  555683619     0.0318    -0.8570 0.0000e+00
    14.8841   0.004880     -0.190  555683621     0.0317    -0.8569 0.0000e+00
    14.8748   0.004880     -0.200  555683622     0.0317    -0.8555 0.0000e+00
    14.8611   0.004870     -0.190  555683624     0.0317    -0.8535 0.0000e+00
    14.8522   0.004860     -0.200  555683625     0.0316    -0.8522 0.0000e+00
    14.8553   0.004850     -0.190  555683627     0.0316    -0.8527 0.0000e+00
    14.8573   0.004850     -0.200  555683628     0.0316    -0.8530 0.0000e+00
    14.8537   0.004840     -0.200  555683630     0.0315    -0.8525 0.0000e+00
    14.8547   0.004840     -0.200  555683631     0.0315    -0.8527 0.0000e+00
    14.8520   0.004830     -0.200  555683633     0.0315    -0.8523 0.0000e+00
    14.8747   0.004820     -0.200  555683635     0.0314    -0.8558 0.0000e+00
    14.8948   0.004810     -0.200  555683636     0.0313    -0.8588 0.0000e+00
    14.8957   0.004910     -0.210  555683638     0.0319    -0.8585 0.0000e+00
    14.9055   0.005600     -0.210  555683639     0.0357    -0.8570 0.0000e+00
    14.9150   0.005710     -0.200  555683641     0.0363    -0.8580 0.0000e+00
    14.9189   0.005570     -0.200  555683642     0.0355    -0.8592 0.0000e+00
    14.9146   0.005470     -0.200  555683644     0.0350    -0.8589 0.0000e+00
    14.9085   0.005400     -0.200  555683645     0.0346    -0.8583 0.0000e+00
    14.9058   0.005360     -0.200  555683647     0.0344    -0.8581 0.0000e+00
    14.8966   0.005300     -0.200  555683648     0.0340    -0.8570 0.0000e+00
    14.8939   0.005270     -0.200  555683650     0.0339    -0.8567 0.0000e+00
    14.8875   0.005230     -0.200  555683651     0.0337    -0.8559 0.0000e+00
    14.8858   0.005200     -0.200  555683653     0.0335    -0.8558 0.0000e+00
    14.8835   0.005180     -0.200  555683654     0.0334    -0.8555 0.0000e+00
    14.8790   0.005150     -0.200  555683656     0.0332    -0.8550 0.0000e+00
    14.8816   0.005150     -0.200  555683657     0.0332    -0.8554 0.0000e+00
    14.8838   0.005120     -0.210  555683659     0.0331    -0.8558 0.0000e+00
    14.8883   0.005120     -0.200  555683661     0.0331    -0.8565 0.0000e+00
    14.8895   0.005100     -0.210  555683662     0.0329    -0.8568 0.0000e+00
    14.8864   0.005110     -0.200  555683664     0.0330    -0.8563 0.0000e+00
    14.8880   0.005080     -0.200  555683665     0.0328    -0.8566 0.0000e+00
    14.8881   0.005080     -0.200  555683667     0.0328    -0.8566 0.0000e+00
    14.8903   0.005060     -0.200  555683668     0.0327    -0.8571 0.0000e+00
    14.8917   0.005040     -0.200  555683670     0.0326    -0.8574 0.0000e+00
    14.8978   0.005020     -0.200  555683671     0.0325    -0.8584 0.0000e+00
    14.9018   0.005010     -0.200  555683673     0.0324    -0.8590 0.0000e+00
    14.9025   0.004990     -0.200  555683674     0.0323    -0.8592 0.0000e+00
    14.9056   0.004990     -0.200  555683676     0.0323    -0.8597 0.0000e+00
    14.8954   0.004970     -0.210  555683677     0.0322    -0.8582 0.0000e+00
    14.8983   0.004960     -0.210  555683679     0.0322    -0.8587 0.0000e+00
    14.8997   0.004950     -0.210  555683680     0.0321    -0.8589 0.0000e+00
    14.9009   0.004940     -0.210  555683682     0.0321    -0.8592 0.0000e+00
    14.9036   0.004930     -0.200  555683683     0.0320    -0.8596 0.0000e+00
    14.9030   0.004930     -0.210  555683685     0.0320    -0.8595 0.0000e+00
    14.9003   0.004930     -0.200  555683687     0.0320    -0.8591 0.0000e+00
    14.8962   0.004930     -0.210  555683688     0.0320    -0.8585 0.0000e+00
    14.9066   0.004920     -0.200  555683690     0.0319    -0.8601 0.0000e+00
    14.9072   0.004900     -0.210  555683691     0.0318    -0.8603 0.0000e+00
    14.9115   0.004890     -0.210  555683693     0.0318    -0.8610 0.0000e+00
    14.9091   0.004900     -0.210  555683694     0.0318    -0.8606 0.0000e+00
    14.9036   0.004890     -0.210  555683696     0.0318    -0.8598 0.0000e+00
    14.9065   0.004900     -0.210  555683697     0.0318    -0.8602 0.0000e+00
    14.9086   0.004890     -0.210  555683699     0.0318    -0.8605 0.0000e+00
    14.9124   0.004870     -0.210  555683700     0.0317    -0.8612 0.0000e+00
    14.9160   0.004860     -0.210  555683702     0.0316    -0.8618 0.0000e+00
    14.9198   0.004850     -0.210  555683703     0.0316    -0.8624 0.0000e+00
    14.9251   0.004840     -0.210  555683705     0.0315    -0.8632 0.0000e+00
    14.9230   0.004820     -0.210  555683706     0.0314    -0.8630 0.0000e+00
    14.9274   0.004810     -0.210  555683708     0.0313    -0.8637 0.0000e+00
    14.9320   0.004790     -0.210  555683709     0.0312    -0.8645 0.0000e+00
    14.9307   0.004790     -0.210  555683711     0.0312    -0.8643 0.0000e+00
    14.9289   0.004780     -0.210  555683713     0.0312    -0.8641 0.0000e+00
    14.9324   0.004770     -0.210  555683714     0.0311    -0.8646 0.0000e+00
    14.9358   0.004770     -0.210  555683716     0.0311    -0.8651 0.0000e+00
    14.9386   0.004760     -0.210  555683717     0.0311    -0.8656 0.0000e+00
    14.9398   0.004750     -0.210  555683719     0.0310    -0.8658 0.0000e+00
    14.9396   0.004750     -0.210  555683720     0.0310    -0.8658 0.0000e+00
    14.9437   0.004740     -0.210  555683722     0.0309    -0.8664 0.0000e+00
    14.9464   0.004740     -0.210  555683723     0.0309    -0.8669 0.0000e+00
    14.9486   0.004730     -0.210  555683725     0.0309    -0.8672 0.0000e+00
    14.9451   0.004740     -0.210  555683726     0.0309    -0.8667 0.0000e+00
    14.9428   0.004730     -0.210  555683728     0.0309    -0.8664 0.0000e+00
    14.9482   0.004720     -0.210  555683729     0.0308    -0.8672 0.0000e+00
    14.9514   0.004710     -0.210  555683731     0.0308    -0.8677 0.0000e+00
    14.9575   0.004700     -0.210  555683732     0.0307    -0.8687 0.0000e+00
    14.9574   0.004700     -0.210  555683734     0.0307    -0.8687 0.0000e+00
    14.9584   0.004690     -0.210  555683735     0.0307    -0.8689 0.0000e+00
    14.9626   0.004690     -0.210  555683737     0.0307    -0.8695 0.0000e+00
    14.9620   0.004680     -0.210  555683739     0.0306    -0.8695 0.0000e+00
    14.9622   0.004680     -0.210  555683740     0.0306    -0.8695 0.0000e+00
    14.9629   0.004660     -0.210  555683742     0.0305    -0.8697 0.0000e+00
    14.9622   0.004660     -0.210  555683743     0.0305    -0.8696 0.0000e+00
    14.9630   0.004660     -0.210  555683745     0.0305    -0.8697 0.0000e+00
    14.9625   0.004650     -0.210  555683746     0.0304    -0.8697 0.0000e+00
    14.9632   0.004640     -0.210  555683748     0.0304    -0.8698 0.0000e+00
    14.9644   0.004640     -0.210  555683749     0.0304    -0.8700 0.0000e+00
    14.9646   0.004630     -0.210  555683751     0.0303    -0.8701 0.0000e+00
    14.9625   0.004620     -0.210  555683752     0.0303    -0.8698 0.0000e+00
    14.9679   0.004620     -0.210  555683754     0.0303    -0.8706 0.0000e+00
    14.9745   0.004620     -0.210  555683755     0.0303    -0.8716 0.0000e+00
    14.9796   0.004610     -0.210  555683757     0.0302    -0.8724 0.0000e+00
    14.9855   0.004610     -0.210  555683758     0.0302    -0.8733 0.0000e+00
    14.9889   0.004600     -0.210  555683760     0.0302    -0.8739 0.0000e+00
    14.9864   0.004600     -0.210  555683762     0.0302    -0.8735 0.0000e+00
    14.9902   0.004590     -0.210  555683763     0.0301    -0.8741 0.0000e+00
    14.9942   0.004590     -0.210  555683765     0.0301    -0.8747 0.0000e+00
    14.9984   0.004580     -0.210  555683766     0.0300    -0.8754 0.0000e+00
    14.9980   0.004580     -0.210  555683768     0.0300    -0.8753 0.0000e+00
    14.9969   0.004570     -0.210  555683769     0.0300    -0.8752 0.0000e+00
    14.9970   0.004570     -0.210  555683771     0.0300    -0.8752 0.0000e+00
    15.0008   0.004570     -0.210  555683772     0.0300    -0.8758 0.0000e+00
    15.0044   0.004570     -0.210  555683774     0.0300    -0.8763 0.0000e+00
    15.0071   0.004560     -0.210  555683775     0.0299    -0.8768 0.0000e+00
    15.0053   0.004570     -0.210  555683777     0.0300    -0.8765 0.0000e+00
    15.0077   0.004550     -0.210  555683778     0.0299    -0.8769 0.0000e+00
    15.0107   0.004550     -0.210  555683780     0.0299    -0.8774 0.0000e+00
    15.0120   0.004540     -0.210  555683781     0.0298    -0.8776 0.0000e+00
    15.0110   0.004540     -0.210  555683783     0.0298    -0.8775 0.0000e+00
    15.0160   0.004530     -0.210  555683784     0.0298    -0.8783 0.0000e+00
    15.0163   0.004550     -0.210  555683786     0.0299    -0.8782 0.0000e+00
    15.0217   0.004540     -0.210  555683787     0.0298    -0.8791 0.0000e+00
    15.0243   0.004540     -0.210  555683789     0.0298    -0.8795 0.0000e+00
    15.0285   0.004540     -0.210  555683791     0.0298    -0.8801 0.0000e+00
    15.0347   0.004530     -0.210  555683792     0.0298    -0.8811 0.0000e+00
    15.0381   0.004520     -0.210  555683794     0.0297    -0.8816 0.0000e+00
    15.0415   0.004520     -0.210  555683795     0.0297    -0.8822 0.0000e+00
    15.0444   0.004510     -0.210  555683797     0.0297    -0.8826 0.0000e+00
    15.0408   0.004510     -0.210  555683798     0.0297    -0.8821 0.0000e+00
    15.0491   0.004510     -0.210  555683800     0.0297    -0.8834 0.0000e+00
    15.0529   0.004500     -0.210  555683801     0.0296    -0.8840 0.0000e+00
    15.0518   0.004500     -0.210  555683803     0.0296    -0.8838 0.0000e+00
    15.0481   0.004500     -0.210  555683804     0.0296    -0.8832 0.0000e+00
    15.0491   0.004500     -0.210  555683806     0.0296    -0.8834 0.0000e+00
    15.0572   0.004490     -0.210  555683807     0.0295    -0.8847 0.0000e+00
    15.0542   0.004490     -0.210  555683809     0.0295    -0.8842 0.0000e+00
    15.0563   0.004480     -0.210  555683810     0.0295    -0.8846 0.0000e+00
    15.0535   0.004480     -0.210  555683812     0.0295    -0.8841 0.0000e+00
    15.0570   0.004480     -0.210  555683814     0.0295    -0.8847 0.0000e+00
    15.0655   0.004470     -0.210  555683815     0.0294    -0.8860 0.0000e+00
    15.0742   0.004460     -0.210  555683817     0.0294    -0.8874 0.0000e+00
    15.0717   0.004460     -0.210  555683818     0.0294    -0.8870 0.0000e+00
    15.0788   0.004470     -0.210  555683820     0.0294    -0.8880 0.0000e+00
    15.0799   0.004470     -0.210  555683821     0.0294    -0.8882 0.0000e+00
    15.0827   0.004480     -0.210  555683823     0.0295    -0.8886 0.0000e+00
    15.0876   0.004470     -0.210  555683824     0.0294    -0.8894 0.0000e+00
    15.0879   0.004480     -0.210  555683826     0.0295    -0.8894 0.0000e+00
    15.0875   0.004460     -0.210  555683827     0.0294    -0.8894 0.0000e+00
    15.0895   0.004470     -0.210  555683829     0.0294    -0.8897 0.0000e+00
    15.0987   0.004460     -0.210  555683830     0.0294    -0.8911 0.0000e+00
    15.1037   0.004450     -0.210  555683832     0.0293    -0.8919 0.0000e+00
    15.1067   0.004450     -0.210  555683833     0.0293    -0.8924 0.0000e+00
    15.1071   0.004450     -0.210  555683835     0.0293    -0.8924 0.0000e+00
    15.1071   0.004440     -0.210  555683836     0.0293    -0.8925 0.0000e+00
    15.1070   0.004440     -0.210  555683838     0.0293    -0.8924 0.0000e+00
    15.1074   0.004430     -0.210  555683839     0.0292    -0.8926 0.0000e+00
    15.1089   0.004440     -0.210  555683841     0.0293    -0.8927 0.0000e+00
    15.1133   0.004430     -0.210  555683843     0.0292    -0.8935 0.0000e+00
    15.1193   0.004430     -0.210  555683844     0.0292    -0.8944 0.0000e+00
