Code/Hansen Zooplankton Code and Sample Data/data/ctd/gsl_02_SBE37SI-RS232_03706156_2017_07_05_final.cnv
* Sea-Bird SBE37SI-RS232  Data File:
* FileName = C:\Users\General Lab Use\Desktop\SHELAGH CTD 2017\gsl_02_SBE37SI-RS232_03706156_2017_07_05.cnv
* Software version 1.00d
* Temperature SN = 6156
* Conductivity SN = 6156
* System UpLoad Time = Jul 05 2017 03:39:18
* <ApplicationData>
* <Seaterm232>
# nquan = 7                                 
# nvalues = 2305                        
# units = specified
# name 0 = t090C: Temperature [ITS-90, deg C]
# name 1 = c0S/m: Conductivity [S/m]
# name 2 = prM: Pressure [db]
# name 3 = timeK: Time, Seacat Plus [seconds]
# name 4 = sal00: Salinity [PSU]
# name 5 = sigma-t00: Density [sigma-t, Kg/m^3 ]
# name 6 = flag: flag
# span 0 =    -1.0350,    18.0956       
# span 1 =   0.001330,   3.291290       
# span 2 =     -0.250,     69.240       
# span 3 =  552524350,  552527860       
# span 4 =     0.0134,    32.8304       
# span 5 =    -1.3336,    26.3516       
# span 6 = 0.0000e+00, 0.0000e+00       
# interval = seconds: 6.000000
# start_time = Jul 04 2017 22:59:10
# bad_flag = -9.990e-29
*END*
    17.7488   0.131700     -0.230  552524350     0.7732    -0.7630 0.0000e+00
    17.7487   0.131700     -0.230  552524351     0.7732    -0.7630 0.0000e+00
    17.7471   0.131700     -0.230  552524353     0.7733    -0.7626 0.0000e+00
    17.7429   0.131700     -0.230  552524354     0.7734    -0.7618 0.0000e+00
    17.7467   0.131690     -0.230  552524356     0.7732    -0.7626 0.0000e+00
    17.7524   0.131690     -0.230  552524357     0.7731    -0.7637 0.0000e+00
    17.7583   0.131730     -0.230  552524359     0.7733    -0.7647 0.0000e+00
    17.7611   0.131730     -0.230  552524361     0.7732    -0.7653 0.0000e+00
    17.7777   0.131740     -0.230  552524362     0.7730    -0.7685 0.0000e+00
    17.7859   0.131740     -0.230  552524364     0.7728    -0.7701 0.0000e+00
    17.8014   0.131730     -0.230  552524365     0.7725    -0.7733 0.0000e+00
    17.8069   0.131640     -0.230  552524367     0.7718    -0.7748 0.0000e+00
    17.8150   0.131660     -0.240  552524368     0.7718    -0.7763 0.0000e+00
    17.8157   0.131500     -0.230  552524370     0.7708    -0.7772 0.0000e+00
    17.8170   0.139150     -0.230  552524371     0.8177    -0.7414 0.0000e+00
    17.8176   0.135690     -0.230  552524373     0.7965    -0.7578 0.0000e+00
    17.8252   0.128120     -0.230  552524374     0.7499    -0.7949 0.0000e+00
    17.8417   0.126680     -0.230  552524376     0.7408    -0.8049 0.0000e+00
    17.8621   0.126820     -0.230  552524378     0.7413    -0.8083 0.0000e+00
    17.8743   0.126890     -0.230  552524380     0.7415    -0.8104 0.0000e+00
    17.8794   0.126940     -0.230  552524381     0.7417    -0.8112 0.0000e+00
    17.8794   0.113290     -0.230  552524383     0.6586    -0.8749 0.0000e+00
    17.8868   0.095910     -0.230  552524384     0.5536    -0.9568 0.0000e+00
    17.8961   0.095620     -0.230  552524386     0.5518    -0.9600 0.0000e+00
    17.9179   0.094420     -0.230  552524387     0.5443    -0.9698 0.0000e+00
    17.9287   0.093260     -0.230  552524389     0.5372    -0.9772 0.0000e+00
    17.9444   0.093230     -0.230  552524390     0.5368    -0.9804 0.0000e+00
    17.9525   0.104080     -0.230  552524392     0.6019    -0.9320 0.0000e+00
    17.9545   0.124190     -0.230  552524393     0.7237    -0.8390 0.0000e+00
    17.9583   0.124520     -0.230  552524395     0.7256    -0.8382 0.0000e+00
    17.9661   0.124550     -0.230  552524396     0.7256    -0.8396 0.0000e+00
    17.9741   0.124670     -0.230  552524398     0.7262    -0.8407 0.0000e+00
    17.9797   0.124550     -0.240  552524399     0.7254    -0.8423 0.0000e+00
    17.9859   0.124460     -0.240  552524401     0.7248    -0.8440 0.0000e+00
    17.9917   0.109950     -0.240  552524402     0.6367    -0.9126 0.0000e+00
    17.9914   0.103000     -0.240  552524404     0.5948    -0.9446 0.0000e+00
    18.0019   0.099360     -0.240  552524406     0.5728    -0.9635 0.0000e+00
    18.0150   0.103690     -0.240  552524407     0.5986    -0.9461 0.0000e+00
    18.0152   0.104100     -0.230  552524409     0.6011    -0.9443 0.0000e+00
    18.0175   0.102210     -0.230  552524410     0.5897    -0.9534 0.0000e+00
    18.0286   0.100830     -0.230  552524412     0.5813    -0.9620 0.0000e+00
    18.0382   0.124400     -0.240  552524413     0.7235    -0.8547 0.0000e+00
    18.0608   0.124460     -0.230  552524415     0.7235    -0.8590 0.0000e+00
    18.0607   0.124450     -0.240  552524416     0.7234    -0.8590 0.0000e+00
    18.0757   0.124470     -0.240  552524418     0.7233    -0.8619 0.0000e+00
    18.0819   0.124520     -0.240  552524419     0.7235    -0.8629 0.0000e+00
    18.0800   0.124520     -0.230  552524421     0.7235    -0.8625 0.0000e+00
    18.0782   0.124550     -0.240  552524422     0.7237    -0.8620 0.0000e+00
    18.0768   0.124530     -0.240  552524424     0.7236    -0.8618 0.0000e+00
    18.0825   0.124370     -0.240  552524425     0.7226    -0.8637 0.0000e+00
    18.0862   0.124420     -0.240  552524427     0.7228    -0.8642 0.0000e+00
    18.0953   0.124400     -0.240  552524428     0.7225    -0.8661 0.0000e+00
    18.0956   0.124370     -0.240  552524430     0.7223    -0.8663 0.0000e+00
    18.0701   0.124430     -0.240  552524431     0.7231    -0.8610 0.0000e+00
    18.0082   0.124050     -0.240  552524433     0.7219    -0.8504 0.0000e+00
    17.8823   0.033930     -0.240  552524434     0.1901    -1.2352 0.0000e+00
    17.7850   0.006470     -0.240  552524436     0.0391    -1.3336 0.0000e+00
    17.6849   0.006470     -0.240  552524437     0.0391    -1.3153 0.0000e+00
    17.6387   0.006520     -0.230  552524439     0.0394    -1.3067 0.0000e+00
    17.6064   0.007070     -0.240  552524440     0.0423    -1.2987 0.0000e+00
    17.5308   0.006200     -0.240  552524442     0.0378    -1.2885 0.0000e+00
    17.4409   0.006290     -0.240  552524444     0.0383    -1.2720 0.0000e+00
    17.4006   0.006330     -0.240  552524445     0.0385    -1.2646 0.0000e+00
    17.3814   0.007540     -0.230  552524447     0.0449    -1.2563 0.0000e+00
    17.3592   0.005840     -0.240  552524448     0.0360    -1.2592 0.0000e+00
    17.3243   0.004190     -0.230  552524450     0.0275    -1.2596 0.0000e+00
    17.2998   0.003500     -0.230  552524451     0.0240    -1.2579 0.0000e+00
    17.2738   0.003140     -0.230  552524453     0.0222    -1.2547 0.0000e+00
    17.2595   0.002970     -0.230  552524454     0.0214    -1.2528 0.0000e+00
    17.2356   0.002850     -0.230  552524456     0.0208    -1.2491 0.0000e+00
    17.2189   0.002760     -0.240  552524457     0.0203    -1.2464 0.0000e+00
    17.2038   0.002740     -0.240  552524459     0.0202    -1.2439 0.0000e+00
    17.1735   0.002660     -0.230  552524460     0.0198    -1.2388 0.0000e+00
    17.1533   0.002630     -0.230  552524462     0.0197    -1.2354 0.0000e+00
    17.1491   0.002660     -0.230  552524463     0.0198    -1.2345 0.0000e+00
    17.1210   0.002630     -0.230  552524465     0.0197    -1.2297 0.0000e+00
    17.1079   0.002610     -0.230  552524466     0.0196    -1.2275 0.0000e+00
    17.0874   0.002600     -0.230  552524468     0.0195    -1.2240 0.0000e+00
    17.0714   0.002570     -0.240  552524469     0.0194    -1.2213 0.0000e+00
    17.0570   0.002570     -0.230  552524471     0.0194    -1.2188 0.0000e+00
    17.0432   0.002580     -0.230  552524472     0.0194    -1.2163 0.0000e+00
    17.0441   0.002600     -0.230  552524474     0.0195    -1.2164 0.0000e+00
    17.0356   0.002620     -0.240  552524475     0.0196    -1.2149 0.0000e+00
    17.0385   0.002640     -0.240  552524477     0.0197    -1.2153 0.0000e+00
    17.0361   0.002670     -0.230  552524478     0.0199    -1.2148 0.0000e+00
    17.0329   0.002680     -0.230  552524480     0.0199    -1.2142 0.0000e+00
    17.0212   0.002720     -0.230  552524481     0.0201    -1.2120 0.0000e+00
    17.0189   0.002900     -0.240  552524483     0.0210    -1.2109 0.0000e+00
    17.0186   0.002990     -0.230  552524485     0.0215    -1.2105 0.0000e+00
    17.0192   0.003100     -0.240  552524486     0.0220    -1.2102 0.0000e+00
    17.0170   0.003150     -0.240  552524488     0.0223    -1.2096 0.0000e+00
    17.0179   0.003510     -0.230  552524489     0.0241    -1.2083 0.0000e+00
    17.0125   0.003650     -0.230  552524491     0.0248    -1.2068 0.0000e+00
    17.0012   0.003600     -0.240  552524492     0.0245    -1.2051 0.0000e+00
    16.9966   0.003610     -0.230  552524494     0.0246    -1.2042 0.0000e+00
    16.9883   0.003580     -0.240  552524495     0.0244    -1.2029 0.0000e+00
    16.9731   0.003470     -0.240  552524497     0.0239    -1.2007 0.0000e+00
    16.9574   0.003580     -0.240  552524498     0.0244    -1.1975 0.0000e+00
    16.9457   0.003550     -0.240  552524500     0.0243    -1.1956 0.0000e+00
    16.9391   0.003530     -0.240  552524501     0.0242    -1.1946 0.0000e+00
    16.9290   0.003450     -0.230  552524503     0.0238    -1.1931 0.0000e+00
    16.9173   0.003550     -0.230  552524504     0.0243    -1.1907 0.0000e+00
    16.9075   0.003480     -0.230  552524506     0.0239    -1.1893 0.0000e+00
    16.8963   0.003430     -0.240  552524507     0.0237    -1.1876 0.0000e+00
    16.8844   0.003440     -0.240  552524509     0.0237    -1.1855 0.0000e+00
    16.8699   0.003670     -0.240  552524510     0.0249    -1.1821 0.0000e+00
    16.8766   0.004420     -0.240  552524512     0.0288    -1.1802 0.0000e+00
    16.8824   0.002790     -0.240  552524513     0.0205    -1.1876 0.0000e+00
    16.8879   0.002120     -0.240  552524515     0.0172    -1.1911 0.0000e+00
    16.9037   0.001820     -0.240  552524516     0.0157    -1.1950 0.0000e+00
    16.9298   0.001580     -0.240  552524518     0.0146    -1.2004 0.0000e+00
    16.9466   0.001450     -0.240  552524519     0.0140    -1.2037 0.0000e+00
    16.9573   0.001330     -0.240  552524521     0.0134    -1.2060 0.0000e+00
    16.9642   0.002090     -0.240  552524523     0.0170    -1.2044 0.0000e+00
    16.9747   0.002480     -0.240  552524524     0.0189    -1.2048 0.0000e+00
    16.9807   0.002710     -0.240  552524526     0.0201    -1.2050 0.0000e+00
    16.9818   0.002680     -0.240  552524527     0.0199    -1.2053 0.0000e+00
    16.9846   0.002730     -0.240  552524529     0.0202    -1.2056 0.0000e+00
    16.9877   0.002660     -0.240  552524530     0.0198    -1.2064 0.0000e+00
    16.9950   0.002580     -0.240  552524532     0.0194    -1.2079 0.0000e+00
    17.0022   0.002580     -0.240  552524533     0.0194    -1.2092 0.0000e+00
    17.0053   0.002520     -0.240  552524535     0.0191    -1.2100 0.0000e+00
    17.0084   0.002350     -0.240  552524536     0.0183    -1.2111 0.0000e+00
    17.0127   0.002290     -0.240  552524538     0.0180    -1.2121 0.0000e+00
    17.0173   0.002340     -0.240  552524539     0.0182    -1.2127 0.0000e+00
    17.0261   0.002500     -0.240  552524541     0.0190    -1.2137 0.0000e+00
    17.0306   0.002430     -0.240  552524542     0.0187    -1.2147 0.0000e+00
    17.0388   0.002330     -0.240  552524544     0.0182    -1.2165 0.0000e+00
    17.0435   0.002180     -0.240  552524545     0.0175    -1.2179 0.0000e+00
    17.0441   0.002170     -0.240  552524547     0.0174    -1.2180 0.0000e+00
    17.0417   0.002270     -0.240  552524548     0.0179    -1.2172 0.0000e+00
    17.0388   0.002370     -0.240  552524550     0.0184    -1.2164 0.0000e+00
    17.0359   0.002260     -0.240  552524551     0.0179    -1.2163 0.0000e+00
    17.0330   0.002230     -0.240  552524553     0.0177    -1.2159 0.0000e+00
    17.0319   0.002160     -0.240  552524554     0.0174    -1.2159 0.0000e+00
    17.0276   0.002110     -0.240  552524556     0.0171    -1.2154 0.0000e+00
    17.0191   0.002030     -0.240  552524557     0.0167    -1.2142 0.0000e+00
    17.0157   0.002060     -0.240  552524559     0.0169    -1.2135 0.0000e+00
    17.0120   0.002050     -0.240  552524561     0.0168    -1.2129 0.0000e+00
    17.0081   0.002050     -0.240  552524562     0.0168    -1.2122 0.0000e+00
    17.0029   0.002050     -0.240  552524564     0.0168    -1.2113 0.0000e+00
    16.9957   0.002010     -0.240  552524565     0.0167    -1.2102 0.0000e+00
    16.9936   0.001960     -0.240  552524567     0.0164    -1.2100 0.0000e+00
    16.9911   0.001980     -0.240  552524568     0.0165    -1.2095 0.0000e+00
    16.9915   0.001920     -0.240  552524570     0.0162    -1.2098 0.0000e+00
    16.9909   0.001920     -0.240  552524571     0.0162    -1.2097 0.0000e+00
    16.9930   0.001900     -0.240  552524573     0.0161    -1.2101 0.0000e+00
    16.9973   0.001860     -0.240  552524574     0.0159    -1.2110 0.0000e+00
    17.0085   0.001820     -0.240  552524576     0.0157    -1.2131 0.0000e+00
    17.0060   0.001810     -0.240  552524577     0.0157    -1.2127 0.0000e+00
    17.0057   0.001750     -0.240  552524579     0.0154    -1.2129 0.0000e+00
    16.9970   0.001610     -0.240  552524580     0.0148    -1.2119 0.0000e+00
    16.9853   0.001450     -0.240  552524582     0.0140    -1.2104 0.0000e+00
    16.9936   0.001500     -0.240  552524583     0.0142    -1.2117 0.0000e+00
    16.9985   0.001960     -0.240  552524585     0.0164    -1.2109 0.0000e+00
    16.9826   0.002040     -0.240  552524586     0.0168    -1.2078 0.0000e+00
    16.9712   0.002050     -0.240  552524588     0.0168    -1.2058 0.0000e+00
    16.9611   0.001870     -0.240  552524589     0.0160    -1.2047 0.0000e+00
    16.9403   0.859410      0.010  552524591     5.7595     3.1962 0.0000e+00
    16.4605   3.147130      0.400  552524592    23.9002    17.1327 0.0000e+00
    16.4322   3.240210      1.180  552524594    24.6992    17.7499 0.0000e+00
    16.4320   3.270610      1.790  552524595    24.9554    17.9459 0.0000e+00
    16.4319   3.278830      2.650  552524597    25.0245    17.9988 0.0000e+00
    16.3977   3.287190      3.190  552524598    25.1163    18.0764 0.0000e+00
    16.3485   3.277110      3.410  552524600    25.0619    18.0453 0.0000e+00
    16.1892   3.282220      3.400  552524602    25.2054    18.1892 0.0000e+00
    16.1965   3.278840      3.330  552524603    25.1721    18.1622 0.0000e+00
    16.1681   3.280970      3.350  552524605    25.2081    18.1958 0.0000e+00
    16.1522   3.277170      3.420  552524606    25.1858    18.1821 0.0000e+00
    16.1452   3.284850      3.310  552524608    25.2556    18.2370 0.0000e+00
    16.1597   3.280920      3.390  552524609    25.2130    18.2013 0.0000e+00
    16.1759   3.283640      3.330  552524611    25.2259    18.2077 0.0000e+00
    16.1656   3.279610      3.450  552524612    25.1981    18.1887 0.0000e+00
    16.1811   3.278750      3.230  552524614    25.1811    18.1723 0.0000e+00
    16.1521   3.274060      3.430  552524615    25.1595    18.1620 0.0000e+00
    16.1482   3.269930      3.250  552524617    25.1269    18.1379 0.0000e+00
    16.1463   3.270620      3.480  552524618    25.1339    18.1436 0.0000e+00
    16.1177   3.273820      3.610  552524620    25.1791    18.1843 0.0000e+00
    16.0935   3.276560      3.620  552524621    25.2177    18.2190 0.0000e+00
    16.0572   3.274730      3.680  552524623    25.2251    18.2324 0.0000e+00
    16.0527   3.276130      3.520  552524624    25.2399    18.2447 0.0000e+00
    16.0486   3.267820      3.810  552524626    25.1716    18.1933 0.0000e+00
    16.0442   3.266620      3.440  552524627    25.1643    18.1886 0.0000e+00
    16.0616   3.265220      3.750  552524629    25.1413    18.1673 0.0000e+00
    16.0627   3.267210      3.580  552524630    25.1576    18.1795 0.0000e+00
    16.0594   3.266830      3.620  552524632    25.1565    18.1793 0.0000e+00
    16.0638   3.267430      3.660  552524633    25.1588    18.1802 0.0000e+00
    16.0623   3.269240      3.570  552524635    25.1751    18.1930 0.0000e+00
    16.0737   3.267330      3.700  552524636    25.1517    18.1726 0.0000e+00
    16.0777   3.267740      3.540  552524638    25.1527    18.1726 0.0000e+00
    16.0746   3.266680      3.710  552524640    25.1456    18.1678 0.0000e+00
    16.0680   3.268440      3.610  552524641    25.1647    18.1839 0.0000e+00
    16.0546   3.268160      3.550  552524643    25.1708    18.1914 0.0000e+00
    16.0556   3.265300      3.770  552524644    25.1458    18.1720 0.0000e+00
    16.0529   3.265370      3.500  552524646    25.1482    18.1744 0.0000e+00
    16.0529   3.263540      3.680  552524647    25.1325    18.1624 0.0000e+00
    16.0488   3.264660      3.700  552524649    25.1446    18.1725 0.0000e+00
    16.0435   3.264990      3.440  552524650    25.1509    18.1784 0.0000e+00
    16.0570   3.263420      3.880  552524652    25.1289    18.1587 0.0000e+00
    16.0476   3.263210      3.480  552524653    25.1331    18.1640 0.0000e+00
    16.0611   3.262820      3.620  552524655    25.1213    18.1520 0.0000e+00
    16.0536   3.263490      3.750  552524656    25.1316    18.1616 0.0000e+00
    16.0411   3.264030      3.520  552524658    25.1442    18.1738 0.0000e+00
    16.0549   3.263010      3.720  552524659    25.1267    18.1575 0.0000e+00
    16.0555   3.264050      3.570  552524661    25.1353    18.1639 0.0000e+00
