Code/Hansen Zooplankton Code and Sample Data/data/ctd/gsl_16_SBE37SI-RS232_03706156_2017_08_12.cnv
* Sea-Bird SBE37SI-RS232  Data File:
* FileName = C:\Users\General Lab Use\Desktop\SHELAGH CTD 2017\gsl_16_SBE37SI-RS232_03706156_2017_08_12.cnv
* Software version 1.00d
* Temperature SN = 6156
* Conductivity SN = 6156
* System UpLoad Time = Aug 12 2017 09:50:57
* <ApplicationData>
* <Seaterm232>
# nquan = 5
# nvalues = 2003
# units = specified
# name 0 = t090C: Temperature [ITS-90, deg C]
# name 1 = c0S/m: Conductivity [S/m]
# name 2 = prM: Pressure [db]
# name 3 = timeK: Time, Seacat Plus [seconds]
# name 4 = flag: Flag
# span 0 =     -0.3058,    20.3803
# span 1 =    0.000301,   3.662445
# span 2 =      -0.257,     67.969
# span 3 =   555832670,  555835722
# span 4 =  0.0000e+00, 0.0000e+00
# interval = seconds: 6.000000
# start_time = Aug 12 2017 05:57:50
# bad_flag = -9.990e-29
*END*
[from data line 1429]
    17.9267    0.06174      -0.23  555834847 0.0000e+00
    17.9238    0.05337      -0.23  555834849 0.0000e+00
    17.9290    0.05087      -0.23  555834850 0.0000e+00
    17.9320    0.04641      -0.23  555834852 0.0000e+00
    17.9408    0.04833      -0.23  555834853 0.0000e+00
    17.9443    0.04496      -0.23  555834855 0.0000e+00
    17.9443    0.05074      -0.23  555834856 0.0000e+00
    17.9360    0.04648      -0.23  555834858 0.0000e+00
    17.9300    0.04786      -0.20  555834859 0.0000e+00
    17.9170    0.04408      -0.20  555834861 0.0000e+00
    17.8947    0.04287      -0.20  555834862 0.0000e+00
    17.8488    0.04125      -0.20  555834864 0.0000e+00
    17.8293    0.03985      -0.20  555834865 0.0000e+00
    17.8041    0.03809      -0.20  555834867 0.0000e+00
    17.7626    0.03639      -0.20  555834868 0.0000e+00
    17.7269    0.03483      -0.20  555834870 0.0000e+00
    17.6951    0.03334      -0.20  555834871 0.0000e+00
    17.6718    0.03201      -0.20  555834873 0.0000e+00
    17.6382    0.03068      -0.20  555834874 0.0000e+00
    17.6090    0.02935      -0.20  555834876 0.0000e+00
    17.5774    0.02823      -0.20  555834878 0.0000e+00
    17.5582    0.02716      -0.20  555834879 0.0000e+00
    17.5388    0.02622      -0.20  555834881 0.0000e+00
    17.5205    0.02539      -0.20  555834882 0.0000e+00
    17.5129    0.02460      -0.20  555834884 0.0000e+00
    17.4962    0.02389      -0.20  555834885 0.0000e+00
    17.4885    0.02325      -0.20  555834887 0.0000e+00
    17.4805    0.02265      -0.20  555834888 0.0000e+00
    17.4642    0.02218      -0.20  555834890 0.0000e+00
    17.4519    0.02175      -0.20  555834891 0.0000e+00
    17.4356    0.02137      -0.20  555834893 0.0000e+00
    17.4210    0.02102      -0.20  555834894 0.0000e+00
    17.4146    0.02074      -0.20  555834896 0.0000e+00
    17.4074    0.02045      -0.20  555834897 0.0000e+00
    17.3966    0.02022      -0.20  555834899 0.0000e+00
    17.3806    0.02002      -0.20  555834900 0.0000e+00
    17.3710    0.01992      -0.20  555834902 0.0000e+00
    17.3598    0.01976      -0.20  555834903 0.0000e+00
    17.3610    0.01972      -0.20  555834905 0.0000e+00
    17.3789    0.01949      -0.20  555834907 0.0000e+00
    17.3833    0.01946      -0.20  555834908 0.0000e+00
    17.3756    0.01935      -0.20  555834910 0.0000e+00
    17.3651    0.01933      -0.20  555834911 0.0000e+00
    17.3538    0.01922      -0.20  555834913 0.0000e+00
    17.3561    0.01921      -0.20  555834914 0.0000e+00
    17.3530    0.01915      -0.20  555834916 0.0000e+00
    17.3597    0.01916      -0.20  555834917 0.0000e+00
    17.3780    0.01918      -0.20  555834919 0.0000e+00
    17.3818    0.01925      -0.20  555834920 0.0000e+00
    17.3775    0.01929      -0.20  555834922 0.0000e+00
    17.3618    0.01942      -0.20  555834923 0.0000e+00
    17.3537    0.01953      -0.20  555834925 0.0000e+00
    17.3505    0.01970      -0.20  555834926 0.0000e+00
    17.3468    0.01979      -0.20  555834928 0.0000e+00
    17.3354    0.01996      -0.20  555834929 0.0000e+00
    17.3368    0.01996      -0.20  555834931 0.0000e+00
    17.3350    0.02005      -0.20  555834932 0.0000e+00
    17.3398    0.02016      -0.20  555834934 0.0000e+00
    17.3345    0.02026      -0.20  555834935 0.0000e+00
    17.3283    0.02040      -0.20  555834937 0.0000e+00
    17.3362    0.02048      -0.20  555834939 0.0000e+00
    17.3472    0.02062      -0.20  555834940 0.0000e+00
    17.3361    0.02064      -0.20  555834942 0.0000e+00
    17.3328    0.02076      -0.20  555834943 0.0000e+00
    17.3359    0.02085      -0.20  555834945 0.0000e+00
    17.3233    0.02100      -0.20  555834946 0.0000e+00
    17.3210    0.02111      -0.20  555834948 0.0000e+00
    17.3245    0.02142      -0.20  555834949 0.0000e+00
    17.3187    0.02149      -0.20  555834951 0.0000e+00
    17.3224    0.02179      -0.20  555834952 0.0000e+00
    17.3161    0.02189      -0.20  555834954 0.0000e+00
    17.3063    0.02223      -0.20  555834955 0.0000e+00
    17.2977    0.02220      -0.20  555834957 0.0000e+00
    17.2906    0.02255      -0.20  555834958 0.0000e+00
    17.2940    0.02278      -0.20  555834960 0.0000e+00
    17.2973    0.02315      -0.20  555834961 0.0000e+00
    17.2877    0.02336      -0.20  555834963 0.0000e+00
    17.2840    0.02366      -0.20  555834964 0.0000e+00
    17.2771    0.02379      -0.21  555834966 0.0000e+00
    17.2717    0.02386      -0.21  555834968 0.0000e+00
    17.3018    0.02379      -0.21  555834969 0.0000e+00
    17.3308    0.02378      -0.20  555834971 0.0000e+00
    17.3246    0.02423      -0.21  555834972 0.0000e+00
    17.3307    0.02453      -0.21  555834974 0.0000e+00
    17.3411    0.02473      -0.21  555834975 0.0000e+00
    17.3515    0.02453      -0.21  555834977 0.0000e+00
    17.3520    0.02466      -0.21  555834978 0.0000e+00
    17.3515    0.02454      -0.21  555834980 0.0000e+00
    17.3462    0.02446      -0.21  555834981 0.0000e+00
    17.3507    0.02438      -0.21  555834983 0.0000e+00
    17.3445    0.02427      -0.21  555834984 0.0000e+00
    17.3509    0.02426      -0.21  555834986 0.0000e+00
    17.3641    0.02423      -0.21  555834987 0.0000e+00
    17.3485    0.02437      -0.21  555834989 0.0000e+00
    17.3365    0.02433      -0.21  555834990 0.0000e+00
    17.3212    0.02418      -0.21  555834992 0.0000e+00
    17.3049    0.02433      -0.21  555834993 0.0000e+00
    17.2928    0.02423      -0.22  555834995 0.0000e+00
    17.2991    0.02411      -0.22  555834996 0.0000e+00
    17.2991    0.02395      -0.22  555834998 0.0000e+00
    17.3112    0.02398      -0.22  555835000 0.0000e+00
    17.3217    0.02381      -0.22  555835001 0.0000e+00
    17.3335    0.02399      -0.21  555835003 0.0000e+00
    17.3449    0.02395      -0.22  555835004 0.0000e+00
    17.3377    0.02369      -0.22  555835006 0.0000e+00
    17.3370    0.02326      -0.22  555835007 0.0000e+00
    17.3312    0.02366      -0.22  555835009 0.0000e+00
    17.3495    0.02342      -0.22  555835010 0.0000e+00
    17.3462    0.02369      -0.22  555835012 0.0000e+00
    17.3504    0.02352      -0.22  555835013 0.0000e+00
    17.3449    0.02347      -0.22  555835015 0.0000e+00
    17.3439    0.02333      -0.22  555835016 0.0000e+00
    17.3449    0.02333      -0.22  555835018 0.0000e+00
    17.3495    0.02312      -0.22  555835019 0.0000e+00
    17.3501    0.02336      -0.22  555835021 0.0000e+00
    17.3441    0.02344      -0.22  555835022 0.0000e+00
    17.3433    0.02347      -0.22  555835024 0.0000e+00
    17.3466    0.02332      -0.22  555835025 0.0000e+00
    17.3404    0.02328      -0.22  555835027 0.0000e+00
    17.3440    0.02313      -0.22  555835028 0.0000e+00
    17.3428    0.02307      -0.22  555835030 0.0000e+00
    17.3610    0.02279      -0.22  555835032 0.0000e+00
    17.3696    0.02294      -0.22  555835033 0.0000e+00
    17.3782    0.02265      -0.22  555835035 0.0000e+00
    17.3812    0.02288      -0.22  555835036 0.0000e+00
    17.3842    0.02281      -0.22  555835038 0.0000e+00
    17.3756    0.02274      -0.22  555835039 0.0000e+00
    17.3946    0.02235      -0.22  555835041 0.0000e+00
    17.3857    0.02238      -0.22  555835042 0.0000e+00
    17.4000    0.02207      -0.22  555835044 0.0000e+00
    17.3921    0.02196      -0.22  555835045 0.0000e+00
    17.3738    0.02193      -0.22  555835047 0.0000e+00
    17.3663    0.02183      -0.22  555835048 0.0000e+00
    17.3575    0.02205      -0.22  555835050 0.0000e+00
    17.3549    0.02194      -0.22  555835051 0.0000e+00
    17.3577    0.02205      -0.22  555835053 0.0000e+00
    17.3593    0.02192      -0.22  555835054 0.0000e+00
    17.3588    0.02206      -0.22  555835056 0.0000e+00
    17.3627    0.02191      -0.22  555835057 0.0000e+00
    17.3655    0.02186      -0.22  555835059 0.0000e+00
    17.3729    0.02164      -0.22  555835061 0.0000e+00
    17.3904    0.02162      -0.22  555835062 0.0000e+00
    17.3881    0.02127      -0.22  555835064 0.0000e+00
    17.4018    0.02113      -0.22  555835065 0.0000e+00
    17.3975    0.02109      -0.22  555835067 0.0000e+00
    17.4017    0.02113      -0.22  555835068 0.0000e+00
    17.4000    0.02097      -0.22  555835070 0.0000e+00
    17.3974    0.02088      -0.23  555835071 0.0000e+00
    17.4096    0.02076      -0.23  555835073 0.0000e+00
    17.4080    0.02078      -0.22  555835074 0.0000e+00
    17.3975    0.02068      -0.22  555835076 0.0000e+00
    17.3978    0.02082      -0.22  555835077 0.0000e+00
    17.3982    0.02072      -0.22  555835079 0.0000e+00
    17.3933    0.02069      -0.23  555835080 0.0000e+00
    17.4039    0.02060      -0.23  555835082 0.0000e+00
    17.4060    0.02039      -0.23  555835083 0.0000e+00
    17.4031    0.02021      -0.22  555835085 0.0000e+00
    17.3960    0.02022      -0.23  555835086 0.0000e+00
    17.3930    0.02003      -0.23  555835088 0.0000e+00
    17.3920    0.02003      -0.23  555835090 0.0000e+00
    17.3839    0.01978      -0.22  555835091 0.0000e+00
    17.3917    0.01994      -0.23  555835093 0.0000e+00
    17.3868    0.01980      -0.23  555835094 0.0000e+00
    17.3957    0.01973      -0.23  555835096 0.0000e+00
    17.4184    0.01946      -0.23  555835097 0.0000e+00
    17.4249    0.01953      -0.23  555835099 0.0000e+00
    17.4169    0.01942      -0.23  555835100 0.0000e+00
    17.4140    0.01956      -0.23  555835102 0.0000e+00
    17.4222    0.01946      -0.23  555835103 0.0000e+00
    17.4252    0.01964      -0.23  555835105 0.0000e+00
    17.4229    0.01943      -0.23  555835106 0.0000e+00
    17.4189    0.01958      -0.23  555835108 0.0000e+00
    17.4119    0.01944      -0.23  555835109 0.0000e+00
    17.4040    0.01958      -0.23  555835111 0.0000e+00
    17.4223    0.01919      -0.23  555835112 0.0000e+00
    17.4332    0.01944      -0.23  555835114 0.0000e+00
    17.4400    0.01920      -0.23  555835115 0.0000e+00
    17.4381    0.01936      -0.23  555835117 0.0000e+00
    17.4378    0.01922      -0.23  555835118 0.0000e+00
    17.4300    0.01932      -0.23  555835120 0.0000e+00
    17.4368    0.01926      -0.23  555835122 0.0000e+00
    17.4391    0.01933      -0.23  555835123 0.0000e+00
    17.4401    0.01928      -0.23  555835125 0.0000e+00
    17.4384    0.01915      -0.23  555835126 0.0000e+00
    17.4347    0.01904      -0.23  555835128 0.0000e+00
    17.4302    0.01895      -0.23  555835129 0.0000e+00
    17.4204    0.01878      -0.23  555835131 0.0000e+00
    17.4141    0.01868      -0.23  555835132 0.0000e+00
    17.4393    0.01858      -0.23  555835134 0.0000e+00
    17.4357    0.01867      -0.23  555835135 0.0000e+00
    17.4361    0.01844      -0.23  555835137 0.0000e+00
    17.4327    0.01854      -0.23  555835138 0.0000e+00
    17.4431    0.01837      -0.23  555835140 0.0000e+00
    17.4365    0.01848      -0.23  555835141 0.0000e+00
    17.4467    0.01832      -0.23  555835143 0.0000e+00
    17.4412    0.01844      -0.23  555835144 0.0000e+00
    17.4419    0.01851      -0.23  555835146 0.0000e+00
    17.4505    0.01842      -0.23  555835147 0.0000e+00
    17.4559    0.01843      -0.23  555835149 0.0000e+00
    17.4528    0.01835      -0.23  555835150 0.0000e+00
    17.4492    0.01833      -0.23  555835152 0.0000e+00
    17.4744    0.01806      -0.23  555835154 0.0000e+00
    17.4696    0.01814      -0.23  555835155 0.0000e+00
    17.4654    0.01795      -0.23  555835157 0.0000e+00
    17.4576    0.01799      -0.23  555835158 0.0000e+00
    17.4600    0.01785      -0.23  555835160 0.0000e+00
    17.4559    0.01771      -0.23  555835161 0.0000e+00
    17.4703    0.01758      -0.23  555835163 0.0000e+00
    17.4780    0.01757      -0.23  555835164 0.0000e+00
    17.4862    0.01758      -0.23  555835166 0.0000e+00
    17.4822    0.01746      -0.23  555835167 0.0000e+00
    17.4786    0.01745      -0.23  555835169 0.0000e+00
    17.4859    0.01740      -0.23  555835170 0.0000e+00
    17.5063    0.01748      -0.23  555835172 0.0000e+00
    17.5086    0.01744      -0.23  555835173 0.0000e+00
    17.4995    0.01749      -0.23  555835175 0.0000e+00
    17.4982    0.01741      -0.23  555835176 0.0000e+00
    17.4987    0.01734      -0.23  555835178 0.0000e+00
    17.4870    0.01731      -0.23  555835179 0.0000e+00
    17.4920    0.01719      -0.23  555835181 0.0000e+00
    17.4942    0.01699      -0.23  555835183 0.0000e+00
    17.4872    0.01681      -0.23  555835184 0.0000e+00
    17.4826    0.01673      -0.23  555835186 0.0000e+00
    17.4809    0.01672      -0.23  555835187 0.0000e+00
    17.4811    0.01692      -0.23  555835189 0.0000e+00
    17.4896    0.01687      -0.23  555835190 0.0000e+00
    17.4958    0.01713      -0.23  555835192 0.0000e+00
    17.4910    0.01705      -0.23  555835193 0.0000e+00
    17.4860    0.01725      -0.23  555835195 0.0000e+00
    17.4832    0.01706      -0.23  555835196 0.0000e+00
    17.4918    0.01718      -0.23  555835198 0.0000e+00
    17.4907    0.01697      -0.23  555835199 0.0000e+00
    17.4889    0.01703      -0.23  555835201 0.0000e+00
    17.4940    0.01689      -0.23  555835202 0.0000e+00
    17.5009    0.01690      -0.23  555835204 0.0000e+00
    17.5168    0.01668      -0.23  555835205 0.0000e+00
    17.5153    0.01652      -0.23  555835207 0.0000e+00
    17.5143    0.01638      -0.23  555835208 0.0000e+00
    17.5194    0.01630      -0.23  555835210 0.0000e+00
    17.5221    0.01625      -0.23  555835211 0.0000e+00
    17.5274    0.01623      -0.23  555835213 0.0000e+00
    17.5283    0.01613      -0.23  555835215 0.0000e+00
    17.5230    0.01609      -0.23  555835216 0.0000e+00
    17.5233    0.01604      -0.23  555835218 0.0000e+00
    17.5257    0.01601      -0.23  555835219 0.0000e+00
    17.5284    0.01595      -0.23  555835221 0.0000e+00
    17.5341    0.01601      -0.23  555835222 0.0000e+00
    17.5289    0.01602      -0.23  555835224 0.0000e+00
    17.5283    0.01609      -0.23  555835225 0.0000e+00
    17.5318    0.01596      -0.23  555835227 0.0000e+00
    17.5357    0.01601      -0.23  555835228 0.0000e+00
    17.5443    0.01563      -0.23  555835230 0.0000e+00
    17.5569    0.01552      -0.23  555835231 0.0000e+00
    17.5576    0.01523      -0.23  555835233 0.0000e+00
    17.5626    0.01506      -0.23  555835234 0.0000e+00
    17.5629    0.01475      -0.23  555835236 0.0000e+00
    17.5649    0.01474      -0.23  555835237 0.0000e+00
    17.5663    0.01467      -0.23  555835239 0.0000e+00
    17.5618    0.01469      -0.23  555835240 0.0000e+00
    17.5610    0.01449      -0.23  555835242 0.0000e+00
    17.5544    0.01437      -0.23  555835243 0.0000e+00
    17.5541    0.01423      -0.23  555835245 0.0000e+00
    17.5564    0.01423      -0.23  555835247 0.0000e+00
    17.5703    0.01425      -0.23  555835248 0.0000e+00
    17.5697    0.01419      -0.23  555835250 0.0000e+00
    17.5752    0.01413      -0.23  555835251 0.0000e+00
    17.5736    0.01422      -0.23  555835253 0.0000e+00
    17.5782    0.01414      -0.23  555835254 0.0000e+00
    17.5796    0.01423      -0.23  555835256 0.0000e+00
    17.5779    0.01409      -0.23  555835257 0.0000e+00
    17.5786    0.01408      -0.23  555835259 0.0000e+00
    17.5954    0.01407      -0.23  555835260 0.0000e+00
    17.5956    0.01406      -0.23  555835262 0.0000e+00
    17.5937    0.01406      -0.23  555835263 0.0000e+00
    17.5941    0.01399      -0.23  555835265 0.0000e+00
    17.5934    0.01400      -0.23  555835266 0.0000e+00
    17.6060    0.01388      -0.23  555835268 0.0000e+00
    17.6171    0.01391      -0.23  555835269 0.0000e+00
    17.6128    0.01392      -0.23  555835271 0.0000e+00
    17.6130    0.01398      -0.23  555835272 0.0000e+00
    17.6127    0.01397      -0.23  555835274 0.0000e+00
    17.6130    0.01399      -0.23  555835275 0.0000e+00
    17.6113    0.01396      -0.23  555835277 0.0000e+00
    17.6187    0.01401      -0.23  555835279 0.0000e+00
    17.6165    0.01391      -0.23  555835280 0.0000e+00
