Code/Hansen Zooplankton Code and Sample Data/data/ctd/gsl_03_SBE37SI-RS232_03706156_2017_07_05.cnv
* Sea-Bird SBE37SI-RS232  Data File:
* FileName = C:\Users\General Lab Use\Desktop\SHELAGH CTD 2017\gsl_03_SBE37SI-RS232_03706156_2017_07_05.cnv
* Software version 1.00d
* Temperature SN = 6156
* Conductivity SN = 6156
* System UpLoad Time = Jul 05 2017 12:41:05
* <ApplicationData>
* <Seaterm232>
# nquan = 5
# nvalues = 1164
# units = specified
# name 0 = t090C: Temperature [ITS-90, deg C]
# name 1 = c0S/m: Conductivity [S/m]
# name 2 = prM: Pressure [db]
# name 3 = timeK: Time, Seacat Plus [seconds]
# name 4 = flag: Flag
# span 0 =     -0.1974,    15.7360
# span 1 =    0.001344,   3.148847
# span 2 =      -0.237,     87.605
# span 3 =   552546502,  552548270
# span 4 =  0.0000e+00, 0.0000e+00
# interval = seconds: 6.000000
# start_time = Jul 05 2017 05:08:22
# bad_flag = -9.990e-29
*END*
[from data line 858]
    14.2803    3.12292       2.19  552547805 0.0000e+00
    14.2864    3.10098       1.93  552547807 0.0000e+00
    14.2856    3.12108       1.38  552547808 0.0000e+00
    14.2910    3.11644       0.94  552547810 0.0000e+00
    14.2911    3.11557       0.58  552547811 0.0000e+00
    14.2942    3.09540       0.59  552547813 0.0000e+00
    14.2798    3.10199       0.71  552547814 0.0000e+00
    14.2854    3.10985       0.60  552547816 0.0000e+00
    14.2769    3.10417       0.69  552547817 0.0000e+00
    14.2887    3.10107       0.71  552547819 0.0000e+00
    14.2835    3.10580       0.65  552547820 0.0000e+00
    14.2813    3.10553       0.75  552547822 0.0000e+00
    14.2843    3.11187       0.66  552547824 0.0000e+00
    14.2786    3.11146       0.77  552547825 0.0000e+00
    14.2879    3.11178       0.70  552547827 0.0000e+00
    14.2919    3.10836       0.72  552547828 0.0000e+00
    14.2882    3.11236       0.68  552547830 0.0000e+00
    14.2938    3.12424       0.36  552547831 0.0000e+00
    14.2877    3.09704      -0.13  552547833 0.0000e+00
    14.2619    0.44926      -0.19  552547834 0.0000e+00
    14.2436    0.32646      -0.20  552547836 0.0000e+00
    14.2253    0.28017      -0.20  552547837 0.0000e+00
    14.1876    0.24235      -0.20  552547839 0.0000e+00
    14.1499    0.16200      -0.20  552547840 0.0000e+00
    13.9745    0.18038      -0.20  552547842 0.0000e+00
    13.8652    0.11348      -0.20  552547843 0.0000e+00
    13.8354    0.10462      -0.20  552547845 0.0000e+00
    13.8240    0.08512      -0.20  552547846 0.0000e+00
    13.8006    0.12846      -0.20  552547848 0.0000e+00
    13.7868    0.11003      -0.20  552547849 0.0000e+00
    13.7852    0.08566      -0.20  552547851 0.0000e+00
    13.7792    0.08256      -0.20  552547852 0.0000e+00
    13.7779    0.08963      -0.20  552547854 0.0000e+00
    13.7737    0.08002      -0.20  552547855 0.0000e+00
    13.7731    0.07688      -0.20  552547857 0.0000e+00
    13.7776    0.07080      -0.20  552547858 0.0000e+00
    13.7792    0.07016      -0.20  552547860 0.0000e+00
    13.7826    0.06211      -0.20  552547862 0.0000e+00
    13.7878    0.06326      -0.20  552547863 0.0000e+00
    13.7942    0.05872      -0.20  552547865 0.0000e+00
    13.7862    0.06260      -0.20  552547866 0.0000e+00
    13.7900    0.05860      -0.20  552547868 0.0000e+00
    13.7830    0.05741      -0.20  552547869 0.0000e+00
    13.7886    0.06360      -0.20  552547871 0.0000e+00
    13.7694    0.07370      -0.20  552547872 0.0000e+00
    13.7639    0.08026      -0.20  552547874 0.0000e+00
    13.7509    0.08671      -0.20  552547875 0.0000e+00
    13.7342    0.08612      -0.20  552547877 0.0000e+00
    13.7175    0.07386      -0.20  552547878 0.0000e+00
    13.7020    0.06968      -0.20  552547880 0.0000e+00
    13.6905    0.07699      -0.19  552547881 0.0000e+00
    13.6887    0.07226      -0.19  552547883 0.0000e+00
    13.6795    0.06502      -0.19  552547884 0.0000e+00
    13.6683    0.18611      -0.19  552547886 0.0000e+00
    13.6597    0.20445      -0.19  552547887 0.0000e+00
    13.6446    0.19265      -0.19  552547889 0.0000e+00
    13.6298    0.15924      -0.19  552547890 0.0000e+00
    13.6113    0.14983      -0.19  552547892 0.0000e+00
    13.5853    0.14692      -0.19  552547893 0.0000e+00
    13.5697    0.11837      -0.19  552547895 0.0000e+00
    13.5566    0.12646      -0.19  552547896 0.0000e+00
    13.5334    0.11028      -0.19  552547898 0.0000e+00
    13.5220    0.11263      -0.19  552547899 0.0000e+00
    13.5167    0.10572      -0.19  552547901 0.0000e+00
    13.4991    0.10730      -0.19  552547903 0.0000e+00
    13.4779    0.10475      -0.19  552547904 0.0000e+00
    13.4814    0.09599      -0.19  552547906 0.0000e+00
    13.4755    0.09925      -0.19  552547907 0.0000e+00
    13.4684    0.08830      -0.19  552547909 0.0000e+00
    13.4567    0.09636      -0.19  552547910 0.0000e+00
    13.4393    0.07759      -0.19  552547912 0.0000e+00
    13.4124    0.09474      -0.19  552547913 0.0000e+00
    13.3971    0.08604      -0.19  552547915 0.0000e+00
    13.3876    0.08718      -0.19  552547916 0.0000e+00
    13.3699    0.08262      -0.19  552547918 0.0000e+00
    13.3497    0.08190      -0.19  552547919 0.0000e+00
    13.3330    0.08129      -0.19  552547921 0.0000e+00
    13.3282    0.07750      -0.19  552547922 0.0000e+00
    13.3289    0.08241      -0.19  552547924 0.0000e+00
    13.3177    0.07608      -0.19  552547925 0.0000e+00
    13.3124    0.07920      -0.19  552547927 0.0000e+00
    13.3005    0.07698      -0.19  552547928 0.0000e+00
    13.2858    0.07653      -0.19  552547930 0.0000e+00
    13.2891    0.07472      -0.19  552547931 0.0000e+00
    13.2761    0.07865      -0.19  552547933 0.0000e+00
    13.2628    0.07210      -0.19  552547934 0.0000e+00
    13.2633    0.08758      -0.20  552547936 0.0000e+00
    13.2645    0.14557      -0.20  552547937 0.0000e+00
    13.2762    0.08639      -0.20  552547939 0.0000e+00
    13.2779    0.09764      -0.20  552547941 0.0000e+00
    13.2755    0.07347      -0.21  552547942 0.0000e+00
    13.2660    0.05562      -0.20  552547944 0.0000e+00
    13.3127    0.05249      -0.20  552547945 0.0000e+00
    13.3192    0.04544      -0.20  552547947 0.0000e+00
    13.3131    0.07657      -0.20  552547948 0.0000e+00
    13.3051    0.11656      -0.20  552547950 0.0000e+00
    13.3017    0.12032      -0.20  552547951 0.0000e+00
    13.2910    0.11449      -0.20  552547953 0.0000e+00
    13.2822    0.11337      -0.20  552547954 0.0000e+00
    13.2863    0.10428      -0.20  552547956 0.0000e+00
    13.2740    0.10158      -0.20  552547957 0.0000e+00
    13.2770    0.09420      -0.20  552547959 0.0000e+00
    13.3008    0.06076      -0.20  552547960 0.0000e+00
    13.3081    0.04868      -0.20  552547962 0.0000e+00
    13.3041    0.05170      -0.20  552547963 0.0000e+00
    13.2939    0.04490      -0.20  552547965 0.0000e+00
    13.3042    0.04760      -0.20  552547966 0.0000e+00
    13.2846    0.04337      -0.20  552547968 0.0000e+00
    13.2848    0.04392      -0.20  552547969 0.0000e+00
    13.2733    0.04087      -0.20  552547971 0.0000e+00
    13.2771    0.04152      -0.20  552547972 0.0000e+00
    13.2639    0.03831      -0.20  552547974 0.0000e+00
    13.2627    0.03918      -0.20  552547976 0.0000e+00
    13.2557    0.03738      -0.20  552547977 0.0000e+00
    13.2477    0.03609      -0.20  552547979 0.0000e+00
    13.2307    0.03666      -0.20  552547980 0.0000e+00
    13.2262    0.03494      -0.21  552547982 0.0000e+00
    13.2212    0.03500      -0.20  552547983 0.0000e+00
    13.2166    0.03401      -0.21  552547985 0.0000e+00
    13.1993    0.03400      -0.21  552547986 0.0000e+00
    13.1928    0.03297      -0.21  552547988 0.0000e+00
    13.1920    0.03306      -0.21  552547989 0.0000e+00
    13.1958    0.03251      -0.21  552547991 0.0000e+00
    13.1912    0.03206      -0.21  552547992 0.0000e+00
    13.2026    0.03224      -0.21  552547994 0.0000e+00
    13.2013    0.03162      -0.21  552547995 0.0000e+00
    13.1984    0.03178      -0.21  552547997 0.0000e+00
    13.1884    0.03115      -0.21  552547998 0.0000e+00
    13.1726    0.03175      -0.21  552548000 0.0000e+00
    13.1520    0.03099      -0.21  552548001 0.0000e+00
    13.1479    0.03148      -0.21  552548003 0.0000e+00
    13.1452    0.03092      -0.21  552548004 0.0000e+00
    13.1371    0.03093      -0.21  552548006 0.0000e+00
    13.1198    0.03048      -0.21  552548007 0.0000e+00
    13.1114    0.03068      -0.21  552548009 0.0000e+00
    13.1103    0.03035      -0.21  552548010 0.0000e+00
    13.1084    0.03068      -0.21  552548012 0.0000e+00
    13.1137    0.03034      -0.21  552548014 0.0000e+00
    13.1715    0.03002      -0.21  552548015 0.0000e+00
    13.1842    0.03034      -0.21  552548017 0.0000e+00
    13.1991    0.03009      -0.21  552548018 0.0000e+00
    13.2094    0.03016      -0.21  552548020 0.0000e+00
    13.2280    0.03012      -0.21  552548021 0.0000e+00
    13.2269    0.03038      -0.21  552548023 0.0000e+00
    13.2493    0.03011      -0.21  552548024 0.0000e+00
    13.2515    0.03016      -0.21  552548026 0.0000e+00
    13.2595    0.02977      -0.21  552548027 0.0000e+00
    13.2567    0.02978      -0.21  552548029 0.0000e+00
    13.2407    0.02935      -0.21  552548030 0.0000e+00
    13.2608    0.02935      -0.21  552548032 0.0000e+00
    13.2615    0.02920      -0.21  552548033 0.0000e+00
    13.3100    0.02896      -0.21  552548035 0.0000e+00
    13.3240    0.02879      -0.22  552548036 0.0000e+00
    13.3081    0.02893      -0.22  552548038 0.0000e+00
    13.3245    0.02847      -0.22  552548039 0.0000e+00
    13.3327    0.02855      -0.22  552548041 0.0000e+00
    13.3240    0.02836      -0.21  552548042 0.0000e+00
    13.3195    0.02814      -0.22  552548044 0.0000e+00
    13.3304    0.02802      -0.22  552548045 0.0000e+00
    13.3430    0.02795      -0.22  552548047 0.0000e+00
    13.3472    0.02780      -0.22  552548048 0.0000e+00
    13.3637    0.02767      -0.22  552548050 0.0000e+00
    13.3747    0.02745      -0.22  552548051 0.0000e+00
    13.3697    0.02755      -0.22  552548053 0.0000e+00
    13.3853    0.02730      -0.22  552548055 0.0000e+00
    13.3798    0.02739      -0.22  552548056 0.0000e+00
    13.3921    0.02722      -0.22  552548058 0.0000e+00
    13.3936    0.02713      -0.22  552548059 0.0000e+00
    13.4178    0.02713      -0.22  552548061 0.0000e+00
    13.4451    0.02726      -0.22  552548062 0.0000e+00
    13.4315    0.02702      -0.22  552548064 0.0000e+00
    13.4161    0.02722      -0.22  552548065 0.0000e+00
    13.4042    0.02721      -0.22  552548067 0.0000e+00
    13.3864    0.02713      -0.22  552548068 0.0000e+00
    13.4143    0.02725      -0.22  552548070 0.0000e+00
    13.4243    0.02746      -0.22  552548071 0.0000e+00
    13.4175    0.02726      -0.22  552548073 0.0000e+00
    13.4299    0.02760      -0.22  552548074 0.0000e+00
    13.4562    0.02746      -0.22  552548076 0.0000e+00
    13.4472    0.02765      -0.22  552548077 0.0000e+00
    13.4572    0.02745      -0.22  552548079 0.0000e+00
    13.4527    0.02776      -0.22  552548080 0.0000e+00
    13.4563    0.02772      -0.22  552548082 0.0000e+00
    13.4603    0.02778      -0.22  552548083 0.0000e+00
    13.4598    0.02797      -0.22  552548085 0.0000e+00
    13.4440    0.02803      -0.22  552548086 0.0000e+00
    13.4336    0.02806      -0.22  552548088 0.0000e+00
    13.4336    0.02833      -0.22  552548090 0.0000e+00
    13.4243    0.02833      -0.22  552548091 0.0000e+00
    13.4158    0.02885      -0.22  552548093 0.0000e+00
    13.4231    0.02901      -0.22  552548094 0.0000e+00
    13.4303    0.02969      -0.22  552548096 0.0000e+00
    13.4344    0.02968      -0.22  552548097 0.0000e+00
    13.4479    0.03112      -0.22  552548099 0.0000e+00
    13.4479    0.03077      -0.22  552548100 0.0000e+00
    13.4365    0.03207      -0.22  552548102 0.0000e+00
    13.4368    0.03166      -0.22  552548103 0.0000e+00
    13.4429    0.03200      -0.22  552548105 0.0000e+00
    13.4595    0.03832      -0.23  552548106 0.0000e+00
    13.4780    0.03658      -0.23  552548108 0.0000e+00
    13.4783    0.03509      -0.23  552548109 0.0000e+00
    13.4211    0.02948      -0.23  552548111 0.0000e+00
    13.3479    0.02666      -0.23  552548112 0.0000e+00
    13.3220    0.02564      -0.23  552548114 0.0000e+00
    13.3072    0.02403      -0.23  552548115 0.0000e+00
    13.3051    0.02326      -0.23  552548117 0.0000e+00
    13.3116    0.02280      -0.23  552548118 0.0000e+00
    13.3254    0.02264      -0.22  552548120 0.0000e+00
    13.3222    0.02259      -0.23  552548121 0.0000e+00
    13.3242    0.02235      -0.23  552548123 0.0000e+00
    13.3301    0.02234      -0.23  552548124 0.0000e+00
    13.3340    0.02206      -0.23  552548126 0.0000e+00
    13.3198    0.02240      -0.23  552548127 0.0000e+00
    13.3066    0.02205      -0.23  552548129 0.0000e+00
    13.3068    0.02194      -0.23  552548131 0.0000e+00
    13.3083    0.02187      -0.23  552548132 0.0000e+00
    13.3025    0.02209      -0.23  552548134 0.0000e+00
    13.2908    0.02186      -0.23  552548135 0.0000e+00
    13.2786    0.02215      -0.23  552548137 0.0000e+00
    13.2658    0.02201      -0.23  552548138 0.0000e+00
    13.2677    0.02221      -0.23  552548140 0.0000e+00
    13.2608    0.02179      -0.23  552548141 0.0000e+00
    13.2636    0.02201      -0.23  552548143 0.0000e+00
    13.2673    0.02189      -0.22  552548144 0.0000e+00
    13.2610    0.02138      -0.23  552548146 0.0000e+00
    13.2492    0.02151      -0.22  552548147 0.0000e+00
    13.2388    0.02136      -0.23  552548149 0.0000e+00
    13.2452    0.02151      -0.23  552548150 0.0000e+00
    13.2561    0.02114      -0.23  552548152 0.0000e+00
    13.2639    0.02170      -0.22  552548153 0.0000e+00
    13.2568    0.02107      -0.23  552548155 0.0000e+00
    13.2490    0.02199      -0.23  552548156 0.0000e+00
    13.2647    0.02151      -0.23  552548158 0.0000e+00
    13.2936    0.02176      -0.23  552548159 0.0000e+00
    13.3072    0.02128      -0.23  552548161 0.0000e+00
    13.3100    0.02182      -0.23  552548162 0.0000e+00
    13.3190    0.04159      -0.23  552548164 0.0000e+00
    13.3541    0.09740      -0.23  552548166 0.0000e+00
    13.3925    0.12495      -0.23  552548167 0.0000e+00
    13.4300    0.14609      -0.23  552548169 0.0000e+00
    13.4885    0.10353      -0.23  552548170 0.0000e+00
    13.5600    0.08331      -0.23  552548172 0.0000e+00
    13.6215    0.06772      -0.23  552548173 0.0000e+00
    13.6413    0.05673      -0.23  552548175 0.0000e+00
    13.6857    0.05031      -0.23  552548176 0.0000e+00
    13.7385    0.04796      -0.23  552548178 0.0000e+00
    13.7804    0.05871      -0.23  552548179 0.0000e+00
    13.7759    0.04867      -0.23  552548181 0.0000e+00
    13.8211    0.04459      -0.23  552548182 0.0000e+00
    13.8240    0.05367      -0.23  552548184 0.0000e+00
    13.9009    0.04825      -0.23  552548185 0.0000e+00
    13.9740    0.04593      -0.23  552548187 0.0000e+00
    14.0455    0.04269      -0.23  552548188 0.0000e+00
    14.1209    0.04480      -0.23  552548190 0.0000e+00
    14.1507    0.05376      -0.24  552548191 0.0000e+00
    14.1879    0.05009      -0.24  552548193 0.0000e+00
    14.1641    0.04043      -0.24  552548194 0.0000e+00
    14.1607    0.03738      -0.24  552548196 0.0000e+00
    14.1609    0.03439      -0.24  552548197 0.0000e+00
    14.1389    0.03206      -0.24  552548199 0.0000e+00
    14.1259    0.03028      -0.24  552548200 0.0000e+00
    14.1135    0.02921      -0.23  552548202 0.0000e+00
    14.1021    0.02824      -0.24  552548203 0.0000e+00
    14.0970    0.02704      -0.24  552548205 0.0000e+00
    14.1204    0.02613      -0.24  552548207 0.0000e+00
    14.1351    0.02548      -0.24  552548208 0.0000e+00
    14.1526    0.02484      -0.24  552548210 0.0000e+00
    14.1353    0.02417      -0.24  552548211 0.0000e+00
    14.1233    0.02395      -0.24  552548213 0.0000e+00
    14.1188    0.02324      -0.24  552548214 0.0000e+00
    14.1115    0.02531      -0.24  552548216 0.0000e+00
    14.1074    0.02514      -0.23  552548217 0.0000e+00
    14.1167    0.02418      -0.23  552548219 0.0000e+00
    14.1184    0.02336      -0.23  552548220 0.0000e+00
    14.1566    0.02345      -0.23  552548222 0.0000e+00
    14.1827    0.02378      -0.23  552548223 0.0000e+00
    14.1693    0.02422      -0.23  552548225 0.0000e+00
    14.1683    0.02384      -0.23  552548226 0.0000e+00
    14.1637    0.02387      -0.23  552548228 0.0000e+00
    14.1368    0.02625      -0.23  552548229 0.0000e+00
    14.1341    0.02552      -0.23  552548231 0.0000e+00
    14.1319    0.02498      -0.23  552548232 0.0000e+00
    14.1168    0.02489      -0.23  552548234 0.0000e+00
    14.1526    0.02465      -0.23  552548235 0.0000e+00
