Code/Hansen Zooplankton Code and Sample Data/data/ctd/gsl_12_SBE37SI-RS232_03706156_2017_08_11.cnv
* Sea-Bird SBE37SI-RS232  Data File:
* FileName = C:\Users\General Lab Use\Desktop\SHELAGH CTD 2017\gsl_12_SBE37SI-RS232_03706156_2017_08_11.cnv
* Software version 1.00d
* Temperature SN = 6156
* Conductivity SN = 6156
* System UpLoad Time = Aug 11 2017 00:43:36
* <ApplicationData>
* <Seaterm232>
# nquan = 5
# nvalues = 2318
# units = specified
# name 0 = t090C: Temperature [ITS-90, deg C]
# name 1 = c0S/m: Conductivity [S/m]
# name 2 = prM: Pressure [db]
# name 3 = timeK: Time, Seacat Plus [seconds]
# name 4 = flag: Flag
# span 0 =     -0.2584,    20.6000
# span 1 =    0.000002,   3.665880
# span 2 =      -0.248,    121.875
# span 3 =   555711688,  555715230
# span 4 =  0.0000e+00, 0.0000e+00
# interval = seconds: 6.000000
# start_time = Aug 10 2017 20:21:28
# bad_flag = -9.990e-29
*END*
[from data line 858]
     1.7328    2.74413      45.72  555713000 0.0000e+00
     1.8280    2.74973      45.78  555713001 0.0000e+00
     1.9416    2.75825      45.63  555713003 0.0000e+00
     2.0232    2.76150      45.66  555713005 0.0000e+00
     2.0743    2.76634      45.52  555713006 0.0000e+00
     2.1425    2.77000      45.52  555713008 0.0000e+00
     2.1895    2.77154      45.52  555713009 0.0000e+00
     2.2244    2.77731      45.39  555713011 0.0000e+00
     2.2805    2.77914      45.44  555713012 0.0000e+00
     2.2477    2.77833      45.67  555713014 0.0000e+00
     2.2324    2.78048      45.30  555713015 0.0000e+00
     2.3023    2.77516      45.72  555713017 0.0000e+00
     2.2184    2.78044      45.27  555713018 0.0000e+00
     2.2947    2.77828      45.52  555713020 0.0000e+00
     2.2766    2.77859      45.04  555713021 0.0000e+00
     2.2258    2.77271      44.92  555713023 0.0000e+00
     2.1958    2.76890      44.55  555713024 0.0000e+00
     2.1568    2.76637      44.36  555713026 0.0000e+00
     2.1338    2.76442      43.91  555713027 0.0000e+00
     2.1456    2.76407      43.81  555713029 0.0000e+00
     2.1581    2.76463      43.32  555713031 0.0000e+00
     2.1810    2.76435      43.29  555713032 0.0000e+00
     2.1919    2.76555      42.91  555713034 0.0000e+00
     2.2344    2.76492      43.07  555713035 0.0000e+00
     2.2176    2.76454      43.47  555713037 0.0000e+00
     2.1814    2.76445      43.77  555713038 0.0000e+00
     2.1665    2.76382      43.77  555713040 0.0000e+00
     2.1603    2.76381      44.36  555713041 0.0000e+00
     2.1448    2.76345      44.49  555713043 0.0000e+00
     2.1413    2.76452      44.15  555713044 0.0000e+00
     2.1381    2.76431      43.64  555713046 0.0000e+00
     2.1506    2.76439      43.35  555713047 0.0000e+00
     2.1819    2.76581      42.62  555713049 0.0000e+00
     2.2410    2.76561      42.58  555713050 0.0000e+00
     2.2969    2.76889      41.66  555713052 0.0000e+00
     2.3563    2.77117      41.05  555713053 0.0000e+00
     2.6326    2.78242      40.72  555713055 0.0000e+00
     3.3466    2.82653      39.71  555713056 0.0000e+00
     3.6799    2.82997      39.38  555713058 0.0000e+00
     4.0132    2.86268      38.27  555713060 0.0000e+00
     4.4851    2.86354      37.90  555713061 0.0000e+00
     4.7898    2.90890      36.53  555713063 0.0000e+00
     5.1754    2.89363      36.53  555713064 0.0000e+00
     5.2866    2.93445      35.27  555713066 0.0000e+00
     5.6280    2.93227      34.86  555713067 0.0000e+00
     5.9897    2.96893      33.59  555713069 0.0000e+00
     6.5666    2.98113      33.17  555713070 0.0000e+00
     7.2260    3.03361      32.30  555713072 0.0000e+00
     7.9634    3.07268      31.62  555713073 0.0000e+00
     8.6079    3.06394      31.05  555713075 0.0000e+00
     8.8487    3.10908      30.16  555713076 0.0000e+00
     8.9627    3.10047      29.56  555713078 0.0000e+00
     9.0775    3.10821      28.91  555713079 0.0000e+00
     9.1284    3.11766      28.26  555713081 0.0000e+00
     9.4132    3.13050      27.36  555713082 0.0000e+00
     9.7237    3.13327      27.00  555713084 0.0000e+00
     9.9508    3.15827      26.07  555713085 0.0000e+00
    10.1154    3.15588      25.50  555713087 0.0000e+00
    10.1537    3.16355      24.89  555713089 0.0000e+00
    10.3299    3.16884      24.27  555713090 0.0000e+00
    10.4125    3.18641      23.48  555713092 0.0000e+00
    10.6330    3.18410      23.11  555713093 0.0000e+00
    10.8136    3.21271      21.97  555713095 0.0000e+00
    10.9639    3.20374      21.84  555713096 0.0000e+00
    11.1213    3.23241      20.54  555713098 0.0000e+00
    11.3377    3.22310      20.14  555713099 0.0000e+00
    11.4289    3.25340      19.22  555713101 0.0000e+00
    12.0562    3.26696      18.73  555713102 0.0000e+00
    12.3087    3.27713      17.91  555713104 0.0000e+00
    12.3348    3.26927      17.53  555713105 0.0000e+00
    12.6663    3.30248      16.54  555713107 0.0000e+00
    13.2413    3.29911      16.27  555713108 0.0000e+00
    13.4334    3.31723      15.19  555713110 0.0000e+00
    13.8703    3.32129      14.69  555713111 0.0000e+00
    14.2791    3.36963      13.82  555713113 0.0000e+00
    15.5619    3.45247      13.25  555713115 0.0000e+00
    16.2637    3.49343      12.54  555713116 0.0000e+00
    16.5442    3.52183      11.69  555713118 0.0000e+00
    16.7390    3.51657      11.44  555713119 0.0000e+00
    16.8159    3.53681      10.40  555713121 0.0000e+00
    16.8154    3.52685      10.10  555713122 0.0000e+00
    16.8110    3.53689       9.26  555713124 0.0000e+00
    16.8001    3.53078       8.88  555713125 0.0000e+00
    16.7937    3.53132       8.21  555713127 0.0000e+00
    16.7950    3.53259       7.61  555713128 0.0000e+00
    16.8413    3.53559       7.15  555713130 0.0000e+00
    16.8776    3.54067       6.47  555713131 0.0000e+00
    16.9551    3.54155       5.92  555713133 0.0000e+00
    16.9679    3.54420       5.45  555713134 0.0000e+00
    17.0256    3.55033       4.85  555713136 0.0000e+00
    17.0566    3.55127       4.53  555713137 0.0000e+00
    17.1394    3.57762       3.94  555713139 0.0000e+00
    17.5707    3.59981       3.82  555713141 0.0000e+00
    17.8449    3.62704       3.32  555713142 0.0000e+00
    17.9247    3.62895       2.99  555713144 0.0000e+00
    17.9048    3.62455       2.53  555713145 0.0000e+00
    17.9036    3.62240       2.70  555713147 0.0000e+00
    17.9575    3.63784       1.96  555713148 0.0000e+00
    18.0365    3.63235       2.09  555713150 0.0000e+00
    18.0828    3.64832       1.55  555713151 0.0000e+00
    18.1295    3.63924       2.07  555713153 0.0000e+00
    18.1282    3.64967       1.51  555713154 0.0000e+00
    18.1342    3.64620       1.72  555713156 0.0000e+00
    18.1283    3.65046       1.35  555713157 0.0000e+00
    18.1311    3.64795       1.38  555713159 0.0000e+00
    18.1320    3.65264       0.87  555713160 0.0000e+00
    18.1313    3.65173       0.61  555713162 0.0000e+00
    18.1311    3.65057       0.42  555713163 0.0000e+00
    18.1298    3.65364       0.09  555713165 0.0000e+00
    18.1126    2.48292      -0.12  555713166 0.0000e+00
    18.1238    3.48475      -0.11  555713168 0.0000e+00
    18.1071    1.83560      -0.08  555713170 0.0000e+00
    18.0940    1.25385      -0.18  555713171 0.0000e+00
    17.7654    1.31186      -0.18  555713173 0.0000e+00
    17.9300    0.50502      -0.17  555713174 0.0000e+00
    17.5631    0.21492      -0.16  555713176 0.0000e+00
    17.3896    0.13642      -0.16  555713177 0.0000e+00
    17.2981    0.08575      -0.16  555713179 0.0000e+00
    17.2389    0.07559      -0.16  555713180 0.0000e+00
    17.1627    0.18038      -0.17  555713182 0.0000e+00
    18.0054    0.38435      -0.18  555713183 0.0000e+00
    17.7944    0.08074      -0.18  555713185 0.0000e+00
    18.0266    2.69267      -0.17  555713186 0.0000e+00
    18.0023    0.41479      -0.18  555713188 0.0000e+00
    17.8775    1.43957      -0.07  555713189 0.0000e+00
    18.0291    0.51777      -0.19  555713191 0.0000e+00
    17.6865    1.69475      -0.16  555713193 0.0000e+00
    17.9258    0.23480      -0.19  555713194 0.0000e+00
    17.6052    0.11861      -0.19  555713196 0.0000e+00
    17.3158    0.07032      -0.19  555713197 0.0000e+00
    17.1507    0.07941      -0.19  555713199 0.0000e+00
    17.0524    0.06330      -0.19  555713200 0.0000e+00
    16.9787    0.06464      -0.19  555713202 0.0000e+00
    16.9310    0.05638      -0.19  555713203 0.0000e+00
    16.8719    0.05343      -0.21  555713205 0.0000e+00
    16.8281    0.05042      -0.20  555713206 0.0000e+00
    16.8154    0.04219      -0.21  555713208 0.0000e+00
    16.8293    0.03921      -0.20  555713209 0.0000e+00
    16.8638    0.04732      -0.21  555713211 0.0000e+00
    16.8949    0.06608      -0.21  555713212 0.0000e+00
    16.9064    0.06306      -0.21  555713214 0.0000e+00
    16.8883    0.07849      -0.21  555713215 0.0000e+00
    16.9030    0.06905      -0.21  555713217 0.0000e+00
    16.8970    0.07364      -0.21  555713219 0.0000e+00
    16.8949    0.05322      -0.20  555713220 0.0000e+00
    16.8926    0.04485      -0.21  555713222 0.0000e+00
    16.9030    0.04839      -0.20  555713223 0.0000e+00
    16.9113    0.04448      -0.21  555713225 0.0000e+00
    16.9182    0.04622      -0.21  555713226 0.0000e+00
    16.9098    0.04811      -0.21  555713228 0.0000e+00
    16.9140    0.04358      -0.21  555713229 0.0000e+00
    16.9258    0.05384      -0.21  555713231 0.0000e+00
    16.9292    0.05294      -0.21  555713232 0.0000e+00
    16.9455    0.05416      -0.21  555713234 0.0000e+00
    16.9546    0.05135      -0.21  555713235 0.0000e+00
    16.9614    0.04972      -0.20  555713237 0.0000e+00
    16.9611    0.04707      -0.21  555713238 0.0000e+00
    16.9714    0.05626      -0.21  555713240 0.0000e+00
    16.9790    0.05094      -0.21  555713241 0.0000e+00
    17.0143    0.04699      -0.21  555713243 0.0000e+00
    17.0163    0.04069      -0.20  555713244 0.0000e+00
    17.0433    0.02885      -0.19  555713246 0.0000e+00
    17.0602    0.02586      -0.19  555713248 0.0000e+00
    17.0651    0.02470      -0.19  555713249 0.0000e+00
    17.0757    0.02435      -0.19  555713251 0.0000e+00
    17.0707    0.02362      -0.18  555713252 0.0000e+00
    17.0855    0.02272      -0.19  555713254 0.0000e+00
    17.0901    0.02175      -0.18  555713255 0.0000e+00
    17.0891    0.02117      -0.18  555713257 0.0000e+00
    17.0864    0.02062      -0.18  555713258 0.0000e+00
    17.0927    0.01994      -0.19  555713260 0.0000e+00
    17.0978    0.01919      -0.18  555713261 0.0000e+00
    17.1029    0.01836      -0.19  555713263 0.0000e+00
    17.1048    0.01696      -0.19  555713264 0.0000e+00
    17.1050    0.01628      -0.19  555713266 0.0000e+00
    17.1095    0.01567      -0.19  555713267 0.0000e+00
    17.1206    0.01479      -0.19  555713269 0.0000e+00
    17.1458    0.01482      -0.19  555713271 0.0000e+00
    17.1530    0.01415      -0.19  555713272 0.0000e+00
    17.1544    0.01363      -0.19  555713274 0.0000e+00
    17.1482    0.01359      -0.19  555713275 0.0000e+00
    17.1760    0.01335      -0.19  555713277 0.0000e+00
    17.1818    0.01358      -0.19  555713278 0.0000e+00
    17.1801    0.01367      -0.19  555713280 0.0000e+00
    17.1702    0.01374      -0.19  555713281 0.0000e+00
    17.1767    0.01334      -0.19  555713283 0.0000e+00
    17.1667    0.01285      -0.19  555713284 0.0000e+00
    17.1677    0.01253      -0.19  555713286 0.0000e+00
    17.1540    0.01220      -0.19  555713287 0.0000e+00
    17.1423    0.01202      -0.19  555713289 0.0000e+00
    17.1367    0.01172      -0.19  555713290 0.0000e+00
    17.1308    0.01149      -0.19  555713292 0.0000e+00
    17.1163    0.01144      -0.19  555713293 0.0000e+00
    17.1136    0.01161      -0.19  555713295 0.0000e+00
    17.1157    0.01164      -0.19  555713296 0.0000e+00
    17.1298    0.01167      -0.19  555713298 0.0000e+00
    17.1354    0.01145      -0.19  555713300 0.0000e+00
    17.1352    0.01147      -0.19  555713301 0.0000e+00
    17.1401    0.01129      -0.20  555713303 0.0000e+00
    17.1368    0.01147      -0.19  555713304 0.0000e+00
    17.1300    0.01158      -0.20  555713306 0.0000e+00
    17.1279    0.01164      -0.19  555713307 0.0000e+00
    17.1488    0.01158      -0.20  555713309 0.0000e+00
    17.1559    0.01115      -0.20  555713310 0.0000e+00
    17.1481    0.01107      -0.20  555713312 0.0000e+00
    17.1583    0.01111      -0.20  555713313 0.0000e+00
    17.1503    0.01092      -0.20  555713315 0.0000e+00
    17.1542    0.01074      -0.20  555713316 0.0000e+00
    17.1480    0.01037      -0.20  555713318 0.0000e+00
    17.1353    0.01021      -0.20  555713319 0.0000e+00
    17.1306    0.01007      -0.20  555713321 0.0000e+00
    17.1193    0.01009      -0.20  555713323 0.0000e+00
    17.1257    0.01009      -0.20  555713324 0.0000e+00
    17.1326    0.01005      -0.20  555713326 0.0000e+00
    17.1326    0.00986      -0.20  555713327 0.0000e+00
    17.1451    0.00962      -0.20  555713329 0.0000e+00
    17.1522    0.00955      -0.20  555713330 0.0000e+00
    17.1580    0.00951      -0.20  555713332 0.0000e+00
    17.1528    0.00964      -0.21  555713333 0.0000e+00
    17.1347    0.00951      -0.21  555713335 0.0000e+00
    17.1220    0.00950      -0.21  555713336 0.0000e+00
    17.1003    0.00942      -0.21  555713338 0.0000e+00
    17.0880    0.00939      -0.21  555713339 0.0000e+00
    17.0743    0.00939      -0.21  555713341 0.0000e+00
    17.0565    0.00933      -0.21  555713342 0.0000e+00
    17.0313    0.00927      -0.21  555713344 0.0000e+00
    17.0160    0.00919      -0.21  555713345 0.0000e+00
    17.0078    0.00920      -0.21  555713347 0.0000e+00
    17.0085    0.00913      -0.21  555713349 0.0000e+00
    17.0155    0.00919      -0.21  555713350 0.0000e+00
    17.0223    0.00917      -0.21  555713352 0.0000e+00
    17.0310    0.00922      -0.21  555713353 0.0000e+00
    17.0318    0.00917      -0.21  555713355 0.0000e+00
    17.0378    0.00915      -0.21  555713356 0.0000e+00
    17.0428    0.00912      -0.21  555713358 0.0000e+00
    17.0508    0.00910      -0.21  555713359 0.0000e+00
    17.0499    0.00892      -0.21  555713361 0.0000e+00
    17.0566    0.00891      -0.21  555713362 0.0000e+00
    17.0516    0.00881      -0.21  555713364 0.0000e+00
    17.0522    0.00871      -0.21  555713365 0.0000e+00
    17.0577    0.00849      -0.21  555713367 0.0000e+00
    17.0614    0.00854      -0.21  555713368 0.0000e+00
    17.0622    0.00835      -0.21  555713370 0.0000e+00
    17.0638    0.00838      -0.21  555713371 0.0000e+00
    17.0677    0.00834      -0.22  555713373 0.0000e+00
    17.0637    0.00818      -0.21  555713375 0.0000e+00
    17.0618    0.00811      -0.22  555713376 0.0000e+00
    17.0729    0.00805      -0.22  555713378 0.0000e+00
    17.0764    0.00799      -0.22  555713379 0.0000e+00
    17.0737    0.00795      -0.22  555713381 0.0000e+00
    17.0693    0.00792      -0.22  555713382 0.0000e+00
    17.0653    0.00784      -0.22  555713384 0.0000e+00
    17.0701    0.00781      -0.22  555713385 0.0000e+00
    17.0713    0.00778      -0.22  555713387 0.0000e+00
    17.0707    0.00768      -0.22  555713388 0.0000e+00
    17.0681    0.00764      -0.22  555713390 0.0000e+00
    17.0711    0.00769      -0.22  555713391 0.0000e+00
    17.0674    0.00761      -0.22  555713393 0.0000e+00
    17.0662    0.00760      -0.22  555713394 0.0000e+00
    17.0629    0.00756      -0.22  555713396 0.0000e+00
    17.0632    0.00759      -0.22  555713397 0.0000e+00
    17.0550    0.00753      -0.22  555713399 0.0000e+00
    17.0506    0.00745      -0.22  555713401 0.0000e+00
    17.0526    0.00741      -0.22  555713402 0.0000e+00
    17.0534    0.00735      -0.22  555713404 0.0000e+00
    17.0525    0.00730      -0.22  555713405 0.0000e+00
    17.0523    0.00722      -0.22  555713407 0.0000e+00
    17.0471    0.00726      -0.22  555713408 0.0000e+00
    17.0477    0.00727      -0.22  555713410 0.0000e+00
    17.0451    0.00718      -0.22  555713411 0.0000e+00
    17.0438    0.00718      -0.22  555713413 0.0000e+00
    17.0488    0.00717      -0.22  555713414 0.0000e+00
    17.0522    0.00711      -0.22  555713416 0.0000e+00
    17.0524    0.00710      -0.22  555713417 0.0000e+00
    17.0450    0.00703      -0.22  555713419 0.0000e+00
    17.0454    0.00705      -0.22  555713420 0.0000e+00
    17.0351    0.00697      -0.22  555713422 0.0000e+00
    17.0301    0.00699      -0.22  555713423 0.0000e+00
    17.0296    0.00695      -0.22  555713425 0.0000e+00
    17.0363    0.00694      -0.22  555713427 0.0000e+00
    17.0491    0.00689      -0.22  555713428 0.0000e+00
    17.0538    0.00695      -0.22  555713430 0.0000e+00
    17.0601    0.00699      -0.22  555713431 0.0000e+00
    17.0716    0.00697      -0.22  555713433 0.0000e+00
