Code/Hansen Zooplankton Code and Sample Data/data/ctd/gsl_04_SBE37SI-RS232_03706156_2017_07_05_final.cnv
* Sea-Bird SBE37SI-RS232  Data File:
* FileName = C:\Users\General Lab Use\Desktop\SHELAGH CTD 2017\gsl_04_SBE37SI-RS232_03706156_2017_07_05.cnv
* Software version 1.00d
* Temperature SN = 6156
* Conductivity SN = 6156
* System UpLoad Time = Jul 05 2017 23:04:23
* <ApplicationData>
* <Seaterm232>
# nquan = 7                                 
# nvalues = 949                         
# units = specified
# name 0 = t090C: Temperature [ITS-90, deg C]
# name 1 = c0S/m: Conductivity [S/m]
# name 2 = prM: Pressure [db]
# name 3 = timeK: Time, Seacat Plus [seconds]
# name 4 = sal00: Salinity [PSU]
# name 5 = sigma-t00: Density [sigma-t, Kg/m^3 ]
# name 6 = flag: flag
# span 0 =    -1.1264,    20.2321       
# span 1 =   0.000640,   3.376330       
# span 2 =     -0.240,     67.460       
# span 3 =  552596726,  552598172       
# span 4 =     0.0112,    31.7641       
# span 5 =    -1.8222,    25.5276       
# span 6 = 0.0000e+00, 0.0000e+00       
# interval = seconds: 6.000000
# start_time = Jul 05 2017 19:05:26
# bad_flag = -9.990e-29
*END*
    20.0535   0.002590     -0.210  552596726     0.0197    -1.7907 0.0000e+00
    20.0570   0.002610     -0.210  552596727     0.0197    -1.7913 0.0000e+00
    20.0650   0.002630     -0.210  552596729     0.0198    -1.7929 0.0000e+00
    20.0658   0.002580     -0.210  552596731     0.0196    -1.7932 0.0000e+00
    20.0742   0.002660     -0.210  552596732     0.0200    -1.7947 0.0000e+00
    20.0729   0.002580     -0.210  552596734     0.0196    -1.7947 0.0000e+00
    20.0731   0.002630     -0.220  552596735     0.0198    -1.7946 0.0000e+00
    20.0774   0.002590     -0.210  552596737     0.0197    -1.7956 0.0000e+00
    20.0824   0.002670     -0.210  552596738     0.0200    -1.7964 0.0000e+00
    20.0885   0.002540     -0.210  552596740     0.0194    -1.7981 0.0000e+00
    20.0912   0.002670     -0.210  552596741     0.0200    -1.7982 0.0000e+00
    20.0942   0.002580     -0.220  552596743     0.0196    -1.7991 0.0000e+00
    20.1019   0.002770     -0.210  552596744     0.0205    -1.8001 0.0000e+00
    20.1049   0.002570     -0.220  552596746     0.0196    -1.8014 0.0000e+00
    20.1132   0.002730     -0.220  552596747     0.0203    -1.8025 0.0000e+00
    20.1121   0.002620     -0.210  552596749     0.0198    -1.8027 0.0000e+00
    20.1160   0.002650     -0.220  552596750     0.0199    -1.8034 0.0000e+00
    20.1192   0.002690     -0.220  552596752     0.0201    -1.8039 0.0000e+00
    20.1302   0.002470     -0.220  552596754     0.0191    -1.8070 0.0000e+00
    20.1334   0.002810     -0.220  552596756     0.0207    -1.8065 0.0000e+00
    20.1367   0.002460     -0.220  552596757     0.0191    -1.8084 0.0000e+00
    20.1434   0.002810     -0.210  552596759     0.0207    -1.8085 0.0000e+00
    20.1489   0.005750     -0.220  552596760     0.0345    -1.7991 0.0000e+00
    20.1674   0.009960     -0.210  552596762     0.0553    -1.7870 0.0000e+00
    20.1831   0.005840     -0.210  552596763     0.0349    -1.8059 0.0000e+00
    20.2028   0.004770     -0.180  552596765     0.0298    -1.8139 0.0000e+00
    20.2258   0.004720     -0.240  552596766     0.0295    -1.8189 0.0000e+00
    20.2321   0.004180     -0.220  552596768     0.0270    -1.8222 0.0000e+00
    20.1833   0.004910     -0.210  552596769     0.0305    -1.8093 0.0000e+00
    20.1090   0.004890     -0.220  552596771     0.0304    -1.7939 0.0000e+00
    20.0444   0.003860     -0.220  552596772     0.0255    -1.7843 0.0000e+00
    19.9838   0.003010     -0.220  552596774     0.0216    -1.7748 0.0000e+00
    19.9225   0.002500     -0.220  552596775     0.0192    -1.7639 0.0000e+00
    19.8621   0.003350     -0.220  552596777     0.0231    -1.7486 0.0000e+00
    19.8242   0.004500     -0.220  552596778     0.0286    -1.7366 0.0000e+00
    19.7772   0.005240     -0.220  552596780     0.0321    -1.7243 0.0000e+00
    19.7254   0.005560     -0.220  552596781     0.0337    -1.7125 0.0000e+00
    19.6787   0.005510     -0.220  552596783     0.0335    -1.7032 0.0000e+00
    19.6391   0.005520     -0.220  552596784     0.0335    -1.6951 0.0000e+00
    19.6083   0.005280     -0.220  552596786     0.0324    -1.6898 0.0000e+00
    19.5803   0.004370     -0.220  552596788     0.0280    -1.6875 0.0000e+00
    19.5191   0.003610     -0.220  552596789     0.0244    -1.6779 0.0000e+00
    19.3986   0.004570     -0.220  552596791     0.0290    -1.6502 0.0000e+00
    19.3045   0.004760     -0.220  552596792     0.0299    -1.6307 0.0000e+00
    19.2280   0.002720     -0.220  552596794     0.0202    -1.6230 0.0000e+00
    19.1508   0.002340     -0.220  552596795     0.0185    -1.6090 0.0000e+00
    19.0823   0.001840     -0.220  552596797     0.0162    -1.5973 0.0000e+00
    19.0436   0.002480     -0.220  552596798     0.0191    -1.5875 0.0000e+00
    19.0395   0.002680     -0.220  552596800     0.0200    -1.5859 0.0000e+00
    19.0383   0.002500     -0.220  552596801     0.0192    -1.5863 0.0000e+00
    19.0193   0.002110     -0.220  552596803     0.0174    -1.5840 0.0000e+00
    18.9917   0.001850     -0.220  552596804     0.0162    -1.5795 0.0000e+00
    18.9547   0.001700     -0.220  552596806     0.0155    -1.5728 0.0000e+00
    18.9221   0.001550     -0.220  552596807     0.0149    -1.5669 0.0000e+00
    18.8974   0.001490     -0.210  552596809     0.0146    -1.5623 0.0000e+00
    18.8527   0.001380     -0.220  552596810     0.0141    -1.5540 0.0000e+00
    18.8137   0.001300     -0.210  552596812     0.0138    -1.5467 0.0000e+00
    18.7920   0.001250     -0.210  552596813     0.0135    -1.5427 0.0000e+00
    18.7730   0.001250     -0.220  552596815     0.0135    -1.5390 0.0000e+00
    18.7499   0.001180     -0.220  552596816     0.0132    -1.5348 0.0000e+00
    18.7274   0.001170     -0.220  552596818     0.0132    -1.5305 0.0000e+00
    18.7036   0.001090     -0.210  552596819     0.0128    -1.5261 0.0000e+00
    18.6942   0.001130     -0.210  552596821     0.0130    -1.5242 0.0000e+00
    18.6761   0.001080     -0.220  552596822     0.0128    -1.5209 0.0000e+00
    18.6718   0.001110     -0.220  552596824     0.0129    -1.5200 0.0000e+00
    18.6678   0.001060     -0.220  552596825     0.0127    -1.5194 0.0000e+00
    18.6776   0.001030     -0.210  552596827     0.0126    -1.5213 0.0000e+00
    18.6773   0.001000     -0.220  552596829     0.0125    -1.5214 0.0000e+00
    18.6632   0.000980     -0.220  552596830     0.0124    -1.5187 0.0000e+00
    18.6421   0.000960     -0.210  552596832     0.0123    -1.5147 0.0000e+00
    18.6404   0.000920     -0.220  552596833     0.0121    -1.5145 0.0000e+00
    18.6426   0.000920     -0.220  552596835     0.0121    -1.5150 0.0000e+00
    18.6460   0.000890     -0.220  552596836     0.0120    -1.5157 0.0000e+00
    18.6427   0.000890     -0.220  552596838     0.0120    -1.5151 0.0000e+00
    18.6313   0.000870     -0.220  552596839     0.0119    -1.5130 0.0000e+00
    18.6169   0.000870     -0.220  552596841     0.0119    -1.5102 0.0000e+00
    18.5986   0.000850     -0.220  552596842     0.0118    -1.5068 0.0000e+00
    18.5870   0.000840     -0.220  552596844     0.0118    -1.5046 0.0000e+00
    18.5804   0.000830     -0.220  552596845     0.0117    -1.5033 0.0000e+00
    18.5710   0.000810     -0.210  552596847     0.0117    -1.5016 0.0000e+00
    18.5770   0.000810     -0.220  552596848     0.0117    -1.5028 0.0000e+00
    18.5814   0.000800     -0.220  552596850     0.0116    -1.5036 0.0000e+00
    18.5834   0.000800     -0.210  552596851     0.0116    -1.5040 0.0000e+00
    18.5881   0.000790     -0.220  552596853     0.0116    -1.5049 0.0000e+00
    18.5827   0.000780     -0.220  552596854     0.0115    -1.5039 0.0000e+00
    18.5876   0.000790     -0.220  552596856     0.0116    -1.5048 0.0000e+00
    18.5896   0.000780     -0.220  552596857     0.0115    -1.5053 0.0000e+00
    18.5956   0.000760     -0.220  552596859     0.0115    -1.5065 0.0000e+00
    18.5975   0.000760     -0.220  552596860     0.0115    -1.5068 0.0000e+00
    18.5936   0.000760     -0.220  552596862     0.0115    -1.5061 0.0000e+00
    18.5872   0.000760     -0.220  552596864     0.0115    -1.5049 0.0000e+00
    18.5877   0.000770     -0.220  552596865     0.0115    -1.5049 0.0000e+00
    18.5954   0.000760     -0.220  552596867     0.0115    -1.5064 0.0000e+00
    18.5997   0.000760     -0.220  552596868     0.0115    -1.5072 0.0000e+00
    18.6070   0.000760     -0.220  552596870     0.0115    -1.5086 0.0000e+00
    18.6138   0.000770     -0.220  552596871     0.0115    -1.5099 0.0000e+00
    18.6177   0.000770     -0.220  552596873     0.0115    -1.5107 0.0000e+00
    18.6256   0.000790     -0.220  552596874     0.0116    -1.5121 0.0000e+00
    18.6237   0.000770     -0.220  552596876     0.0115    -1.5118 0.0000e+00
    18.6255   0.000770     -0.220  552596877     0.0115    -1.5122 0.0000e+00
    18.6251   0.000780     -0.220  552596879     0.0116    -1.5120 0.0000e+00
    18.6296   0.000780     -0.220  552596880     0.0116    -1.5129 0.0000e+00
    18.6326   0.000820     -0.220  552596882     0.0117    -1.5134 0.0000e+00
    18.6210   0.000820     -0.220  552596883     0.0117    -1.5111 0.0000e+00
    18.6126   0.000880     -0.220  552596885     0.0120    -1.5093 0.0000e+00
    18.6154   0.000850     -0.220  552596886     0.0118    -1.5100 0.0000e+00
    18.6006   0.000900     -0.220  552596888     0.0120    -1.5070 0.0000e+00
    18.5974   0.000870     -0.220  552596889     0.0119    -1.5065 0.0000e+00
    18.5919   0.000930     -0.220  552596891     0.0121    -1.5052 0.0000e+00
    18.5882   0.000900     -0.220  552596892     0.0120    -1.5046 0.0000e+00
    18.5912   0.000880     -0.220  552596894     0.0119    -1.5053 0.0000e+00
    18.5899   0.000890     -0.220  552596895     0.0120    -1.5050 0.0000e+00
    18.5948   0.000860     -0.220  552596897     0.0119    -1.5060 0.0000e+00
    18.5973   0.000850     -0.220  552596898     0.0118    -1.5065 0.0000e+00
    18.5975   0.000860     -0.220  552596900     0.0119    -1.5065 0.0000e+00
    18.5961   0.000850     -0.220  552596901     0.0118    -1.5063 0.0000e+00
    18.5926   0.000870     -0.220  552596903     0.0119    -1.5056 0.0000e+00
    18.5965   0.000850     -0.220  552596905     0.0118    -1.5064 0.0000e+00
    18.6024   0.000890     -0.220  552596906     0.0120    -1.5074 0.0000e+00
    18.6088   0.000850     -0.220  552596908     0.0118    -1.5087 0.0000e+00
    18.6088   0.000880     -0.220  552596909     0.0120    -1.5086 0.0000e+00
    18.6048   0.000840     -0.220  552596911     0.0118    -1.5080 0.0000e+00
    18.5810   0.000860     -0.220  552596912     0.0119    -1.5034 0.0000e+00
    18.5777   0.000840     -0.220  552596914     0.0118    -1.5028 0.0000e+00
    18.5702   0.000850     -0.220  552596915     0.0118    -1.5013 0.0000e+00
    18.5716   0.000840     -0.220  552596917     0.0118    -1.5016 0.0000e+00
    18.5693   0.000840     -0.220  552596918     0.0118    -1.5012 0.0000e+00
    18.5648   0.000850     -0.220  552596920     0.0118    -1.5003 0.0000e+00
    18.5661   0.000840     -0.220  552596921     0.0118    -1.5006 0.0000e+00
    18.5760   0.000830     -0.220  552596923     0.0117    -1.5025 0.0000e+00
    18.5896   0.000820     -0.220  552596924     0.0117    -1.5051 0.0000e+00
    18.6009   0.000810     -0.220  552596926     0.0117    -1.5073 0.0000e+00
    18.6110   0.000800     -0.220  552596927     0.0116    -1.5093 0.0000e+00
    18.6211   0.000800     -0.220  552596929     0.0116    -1.5112 0.0000e+00
    18.6263   0.000800     -0.220  552596930     0.0116    -1.5122 0.0000e+00
    18.6338   0.000790     -0.220  552596932     0.0116    -1.5137 0.0000e+00
    18.6451   0.000780     -0.220  552596933     0.0116    -1.5159 0.0000e+00
    18.6554   0.001150     -0.220  552596935     0.0131    -1.5167 0.0000e+00
    18.6554   0.001790     -0.220  552596936     0.0159    -1.5145 0.0000e+00
    18.6579   0.001310     -0.220  552596938     0.0138    -1.5166 0.0000e+00
    18.6804   0.001090     -0.220  552596939     0.0128    -1.5217 0.0000e+00
    18.7107   0.000980     -0.220  552596941     0.0124    -1.5279 0.0000e+00
    18.7306   0.000930     -0.220  552596943     0.0122    -1.5318 0.0000e+00
    18.7558   0.000870     -0.220  552596944     0.0120    -1.5369 0.0000e+00
    18.7802   0.000840     -0.220  552596946     0.0118    -1.5417 0.0000e+00
    18.8069   0.000780     -0.220  552596947     0.0116    -1.5470 0.0000e+00
    18.8366   0.000760     -0.220  552596949     0.0115    -1.5529 0.0000e+00
    18.8627   0.000740     -0.220  552596950     0.0115    -1.5580 0.0000e+00
    18.8920   0.000740     -0.220  552596952     0.0115    -1.5637 0.0000e+00
    18.9241   0.000710     -0.220  552596953     0.0114    -1.5700 0.0000e+00
    18.9563   0.000690     -0.220  552596955     0.0113    -1.5763 0.0000e+00
    18.9925   0.000670     -0.220  552596956     0.0113    -1.5835 0.0000e+00
    19.0180   0.000650     -0.220  552596958     0.0112    -1.5885 0.0000e+00
    19.0383   0.000640     -0.220  552596959     0.0112    -1.5925 0.0000e+00
    19.0739   0.000670     -0.220  552596961     0.0113    -1.5994 0.0000e+00
    19.1036   0.000980     -0.220  552596962     0.0125    -1.6043 0.0000e+00
    19.1306   0.002680     -0.220  552596964     0.0200    -1.6039 0.0000e+00
    19.1478   0.003130     -0.220  552596965     0.0221    -1.6056 0.0000e+00
    19.1766   0.003150     -0.220  552596967     0.0222    -1.6112 0.0000e+00
    19.1927   0.003040     -0.220  552596968     0.0217    -1.6148 0.0000e+00
    19.2020   0.002710     -0.220  552596970     0.0202    -1.6178 0.0000e+00
    19.2099   0.002750     -0.220  552596971     0.0203    -1.6193 0.0000e+00
    19.2241   0.002460     -0.220  552596973     0.0190    -1.6231 0.0000e+00
    19.2152   0.003290     -0.220  552596974     0.0229    -1.6184 0.0000e+00
    19.1260   0.002930     -0.220  552596976     0.0212    -1.6020 0.0000e+00
    19.0993   0.002390     -0.220  552596977     0.0187    -1.5987 0.0000e+00
    19.0795   0.001710     -0.220  552596979     0.0156    -1.5972 0.0000e+00
    19.0701   0.001710     -0.220  552596980     0.0156    -1.5953 0.0000e+00
    19.0822   0.001400     -0.220  552596982     0.0143    -1.5987 0.0000e+00
    19.0936   0.001260     -0.220  552596984     0.0137    -1.6014 0.0000e+00
    19.1093   0.001160     -0.220  552596985     0.0132    -1.6049 0.0000e+00
    19.1342   0.001100     -0.220  552596987     0.0130    -1.6100 0.0000e+00
    19.1391   0.001170     -0.220  552596988     0.0133    -1.6107 0.0000e+00
    19.1243   0.001330     -0.220  552596990     0.0140    -1.6073 0.0000e+00
    19.1119   0.001370     -0.220  552596991     0.0141    -1.6047 0.0000e+00
    19.1037   0.001390     -0.220  552596993     0.0142    -1.6030 0.0000e+00
    19.0506   0.001210     -0.220  552596994     0.0134    -1.5932 0.0000e+00
    18.9810   0.001050     -0.220  552596996     0.0128    -1.5801 0.0000e+00
    18.9518   0.000990     -0.220  552596997     0.0125    -1.5745 0.0000e+00
    18.9138   0.001010     -0.220  552596999     0.0126    -1.5671 0.0000e+00
    18.8486   0.001100     -0.220  552597000     0.0129    -1.5541 0.0000e+00
    18.8015   0.001080     -0.220  552597002     0.0128    -1.5451 0.0000e+00
    18.7832   0.001120     -0.220  552597003     0.0130    -1.5414 0.0000e+00
    18.7384   0.001140     -0.220  552597005     0.0131    -1.5327 0.0000e+00
    18.7279   0.001110     -0.220  552597006     0.0129    -1.5308 0.0000e+00
    18.7204   0.001090     -0.220  552597008     0.0128    -1.5294 0.0000e+00
    18.7034   0.001070     -0.220  552597009     0.0128    -1.5262 0.0000e+00
    18.6857   0.001030     -0.220  552597011     0.0126    -1.5229 0.0000e+00
    18.6785   0.001000     -0.220  552597012     0.0125    -1.5216 0.0000e+00
    18.6484   0.000970     -0.220  552597014     0.0123    -1.5159 0.0000e+00
    18.6281   0.000950     -0.220  552597015     0.0122    -1.5121 0.0000e+00
    18.6031   0.000910     -0.220  552597017     0.0121    -1.5074 0.0000e+00
    18.5924   0.000870     -0.220  552597019     0.0119    -1.5055 0.0000e+00
    18.5723   0.000830     -0.220  552597020     0.0117    -1.5018 0.0000e+00
    18.5711   0.000780     -0.220  552597022     0.0115    -1.5017 0.0000e+00
    18.5777   0.000760     -0.220  552597023     0.0115    -1.5030 0.0000e+00
    18.5608   0.874890      0.040  552597025     5.6446     2.7957 0.0000e+00
    17.5593   3.342990      1.110  552597026    24.8636    17.6273 0.0000e+00
    17.5166   3.360170      2.320  552597028    25.0308    17.7646 0.0000e+00
    17.5351   3.368890      2.450  552597029    25.0912    17.8065 0.0000e+00
    17.5383   3.375190      2.660  552597031    25.1411    17.8438 0.0000e+00
    17.5411   3.376330      2.590  552597032    25.1488    17.8491 0.0000e+00
    17.5316   3.375780      2.470  552597034    25.1501    17.8523 0.0000e+00
    17.5330   3.370380      2.740  552597035    25.1047    17.8173 0.0000e+00
    17.5360   3.370550      2.450  552597037    25.1043    17.8163 0.0000e+00
