Code/Hansen Zooplankton Code and Sample Data/data/ctd/gsl_06_SBE37SI-RS232_03706156_2017_08_02_final.cnv
* Sea-Bird SBE37SI-RS232  Data File:
* FileName = C:\Users\General Lab Use\Desktop\SHELAGH CTD 2017\gsl_06_SBE37SI-RS232_03706156_2017_08_02.cnv
* Software version 1.00d
* Temperature SN = 6156
* Conductivity SN = 6156
* System UpLoad Time = Aug 02 2017 10:18:34
* <ApplicationData>
* <Seaterm232>
# nquan = 7                                 
# nvalues = 1764                        
# units = specified
# name 0 = t090C: Temperature [ITS-90, deg C]
# name 1 = c0S/m: Conductivity [S/m]
# name 2 = prM: Pressure [db]
# name 3 = timeK: Time, Seacat Plus [seconds]
# name 4 = sal00: Salinity [PSU]
# name 5 = sigma-t00: Density [sigma-t, Kg/m^3 ]
# name 6 = flag: flag
# span 0 =    -0.0117,    18.8960       
# span 1 =   0.001400,   3.550750       
# span 2 =     -0.240,     61.140       
# span 3 =  554968864,  554971543       
# span 4 =     0.0140,    32.1004       
# span 5 =    -1.5334,    25.7594       
# span 6 = 0.0000e+00, 0.0000e+00       
# interval = seconds: 6.000000
# start_time = Aug 02 2017 06:01:04
# bad_flag = -9.990e-29
*END*
[from data line 1642]
    15.9706   0.065460     -0.190  554971357     0.3899    -0.7494 0.0000e+00
    15.9740   0.065740     -0.190  554971359     0.3916    -0.7487 0.0000e+00
    15.9576   0.064560     -0.190  554971360     0.3845    -0.7515 0.0000e+00
    15.9310   0.065100     -0.190  554971362     0.3881    -0.7444 0.0000e+00
    15.9199   0.063920     -0.190  554971363     0.3809    -0.7482 0.0000e+00
    15.9087   0.064220     -0.190  554971365     0.3829    -0.7448 0.0000e+00
    15.8913   0.063160     -0.190  554971366     0.3765    -0.7469 0.0000e+00
    15.8876   0.063660     -0.190  554971368     0.3796    -0.7439 0.0000e+00
    15.8883   0.062780     -0.190  554971369     0.3742    -0.7482 0.0000e+00
    15.8896   0.062950     -0.200  554971371     0.3752    -0.7477 0.0000e+00
    15.9415   0.062080     -0.190  554971372     0.3694    -0.7606 0.0000e+00
    15.9564   0.062150     -0.200  554971374     0.3697    -0.7628 0.0000e+00
    15.9962   0.062070     -0.200  554971376     0.3688    -0.7699 0.0000e+00
    16.0313   0.061590     -0.200  554971377     0.3656    -0.7782 0.0000e+00
    16.0382   0.061010     -0.200  554971379     0.3620    -0.7821 0.0000e+00
    16.0255   0.061120     -0.200  554971380     0.3628    -0.7794 0.0000e+00
    16.0332   0.066380     -0.200  554971382     0.3950    -0.7558 0.0000e+00
    16.0963   0.091500     -0.200  554971383     0.5503    -0.6463 0.0000e+00
    16.1488   0.081420     -0.200  554971385     0.4868    -0.7040 0.0000e+00
    16.1539   0.070240     -0.200  554971386     0.4176    -0.7582 0.0000e+00
    16.1700   0.066130     -0.200  554971388     0.3922    -0.7804 0.0000e+00
    16.1785   0.063810     -0.200  554971389     0.3779    -0.7929 0.0000e+00
    16.2104   0.062360     -0.200  554971391     0.3687    -0.8052 0.0000e+00
    16.2032   0.061290     -0.200  554971392     0.3622    -0.8090 0.0000e+00
    16.2007   0.060870     -0.200  554971394     0.3597    -0.8106 0.0000e+00
    16.1880   0.060200     -0.200  554971395     0.3557    -0.8115 0.0000e+00
    16.1592   0.059440     -0.200  554971397     0.3513    -0.8102 0.0000e+00
    16.1602   0.058520     -0.200  554971398     0.3457    -0.8147 0.0000e+00
    16.1865   0.057420     -0.200  554971400     0.3388    -0.8244 0.0000e+00
    16.1921   0.056570     -0.200  554971401     0.3336    -0.8293 0.0000e+00
    16.1709   0.055650     -0.200  554971403     0.3281    -0.8300 0.0000e+00
    16.1692   0.055090     -0.200  554971404     0.3248    -0.8323 0.0000e+00
    16.1501   0.054290     -0.200  554971406     0.3200    -0.8328 0.0000e+00
    16.1168   0.053450     -0.200  554971407     0.3152    -0.8311 0.0000e+00
    16.0866   0.052690     -0.200  554971409     0.3108    -0.8295 0.0000e+00
    16.0746   0.051990     -0.200  554971410     0.3066    -0.8308 0.0000e+00
    16.0467   0.051300     -0.200  554971412     0.3026    -0.8293 0.0000e+00
    16.0200   0.050510     -0.200  554971414     0.2980    -0.8285 0.0000e+00
    16.0141   0.049940     -0.200  554971415     0.2946    -0.8301 0.0000e+00
    16.0092   0.049390     -0.200  554971417     0.2913    -0.8319 0.0000e+00
    16.0037   0.048470     -0.200  554971418     0.2858    -0.8353 0.0000e+00
    16.0012   0.047950     -0.200  554971420     0.2826    -0.8373 0.0000e+00
    15.9898   0.047480     -0.200  554971421     0.2799    -0.8376 0.0000e+00
    15.9862   0.046710     -0.200  554971423     0.2752    -0.8406 0.0000e+00
    16.0068   0.046190     -0.200  554971424     0.2720    -0.8464 0.0000e+00
    16.0169   0.045680     -0.200  554971426     0.2688    -0.8505 0.0000e+00
    16.0260   0.045280     -0.200  554971427     0.2663    -0.8539 0.0000e+00
    16.0131   0.044720     -0.200  554971429     0.2630    -0.8544 0.0000e+00
    16.0085   0.044340     -0.200  554971430     0.2608    -0.8554 0.0000e+00
    16.0141   0.043930     -0.200  554971432     0.2583    -0.8582 0.0000e+00
    16.0174   0.043290     -0.200  554971433     0.2544    -0.8617 0.0000e+00
    16.0425   0.042940     -0.200  554971435     0.2521    -0.8676 0.0000e+00
    16.0577   0.042560     -0.200  554971436     0.2498    -0.8719 0.0000e+00
    16.0640   0.042160     -0.200  554971438     0.2473    -0.8748 0.0000e+00
    16.0559   0.041830     -0.200  554971439     0.2454    -0.8750 0.0000e+00
    16.0463   0.041400     -0.200  554971441     0.2428    -0.8754 0.0000e+00
    16.0229   0.041140     -0.200  554971442     0.2414    -0.8727 0.0000e+00
    15.9996   0.041080     -0.200  554971444     0.2412    -0.8690 0.0000e+00
    16.0063   0.068430     -0.200  554971445     0.4079    -0.7414 0.0000e+00
    16.0861   0.119800     -0.200  554971447     0.7291    -0.5069 0.0000e+00
    16.1562   0.088390     -0.200  554971448     0.5301    -0.6718 0.0000e+00
    16.2128   0.065890     -0.200  554971450     0.3903    -0.7890 0.0000e+00
    16.2205   0.054790     -0.200  554971451     0.3225    -0.8425 0.0000e+00
    16.2164   0.055080     -0.200  554971453     0.3243    -0.8405 0.0000e+00
    16.2478   0.055360     -0.200  554971455     0.3258    -0.8446 0.0000e+00
    16.3136   0.047150     -0.200  554971456     0.2757    -0.8941 0.0000e+00
    16.3766   0.043570     -0.200  554971458     0.2539    -0.9215 0.0000e+00
    16.4145   0.043810     -0.200  554971459     0.2551    -0.9269 0.0000e+00
    16.4165   0.043160     -0.200  554971461     0.2512    -0.9302 0.0000e+00
    16.4548   0.040420     -0.210  554971462     0.2347    -0.9494 0.0000e+00
    16.4712   0.036260     -0.210  554971464     0.2100    -0.9712 0.0000e+00
    16.4782   0.033700     -0.210  554971465     0.1949    -0.9841 0.0000e+00
    16.4788   0.032590     -0.210  554971467     0.1883    -0.9892 0.0000e+00
    16.4809   0.033630     -0.210  554971468     0.1944    -0.9849 0.0000e+00
    16.5464   0.035910     -0.210  554971470     0.2076    -0.9858 0.0000e+00
    16.6604   0.042660     -0.210  554971471     0.2468    -0.9749 0.0000e+00
    16.7326   0.037680     -0.210  554971473     0.2171    -1.0102 0.0000e+00
    16.8043   0.033430     -0.210  554971474     0.1918    -1.0419 0.0000e+00
    16.8433   0.038080     -0.210  554971476     0.2188    -1.0278 0.0000e+00
    16.8959   0.033880     -0.210  554971477     0.1941    -1.0560 0.0000e+00
    16.9481   0.030230     -0.210  554971479     0.1727    -1.0816 0.0000e+00
    16.9661   0.027990     -0.210  554971480     0.1597    -1.0947 0.0000e+00
    16.9561   0.026180     -0.210  554971482     0.1493    -1.1009 0.0000e+00
    17.0027   0.025460     -0.210  554971483     0.1451    -1.1123 0.0000e+00
    16.9702   0.025180     -0.210  554971485     0.1436    -1.1078 0.0000e+00
    16.9500   0.023900     -0.210  554971486     0.1363    -1.1099 0.0000e+00
    16.9395   0.035310     -0.210  554971488     0.2022    -1.0573 0.0000e+00
    16.9252   0.036070     -0.210  554971490     0.2067    -1.0514 0.0000e+00
    16.8951   0.032000     -0.210  554971491     0.1831    -1.0643 0.0000e+00
    16.8828   0.027910     -0.210  554971493     0.1595    -1.0804 0.0000e+00
    16.8643   0.025790     -0.210  554971494     0.1474    -1.0865 0.0000e+00
    16.8485   0.024850     -0.210  554971496     0.1420    -1.0879 0.0000e+00
    16.8337   0.023440     -0.210  554971497     0.1340    -1.0916 0.0000e+00
    16.8411   0.022430     -0.210  554971499     0.1282    -1.0973 0.0000e+00
    16.8140   0.022450     -0.210  554971500     0.1284    -1.0925 0.0000e+00
    16.7876   0.022670     -0.210  554971502     0.1297    -1.0869 0.0000e+00
    16.7865   0.023190     -0.210  554971503     0.1327    -1.0845 0.0000e+00
    16.8291   0.023820     -0.210  554971505     0.1362    -1.0891 0.0000e+00
    16.8321   0.024260     -0.210  554971506     0.1387    -1.0877 0.0000e+00
    16.8071   0.024520     -0.210  554971508     0.1403    -1.0822 0.0000e+00
    16.8014   0.024590     -0.210  554971509     0.1407    -1.0809 0.0000e+00
    16.7845   0.024540     -0.210  554971511     0.1405    -1.0781 0.0000e+00
    16.7635   0.024340     -0.210  554971512     0.1394    -1.0754 0.0000e+00
    16.7535   0.024130     -0.210  554971514     0.1382    -1.0746 0.0000e+00
    16.7305   0.023880     -0.210  554971515     0.1368    -1.0717 0.0000e+00
    16.7125   0.023630     -0.210  554971517     0.1355    -1.0697 0.0000e+00
    16.6879   0.023400     -0.210  554971518     0.1342    -1.0664 0.0000e+00
    16.6921   0.023140     -0.210  554971520     0.1327    -1.0683 0.0000e+00
    16.6737   0.022880     -0.210  554971521     0.1313    -1.0663 0.0000e+00
    16.6668   0.022690     -0.210  554971523     0.1302    -1.0659 0.0000e+00
    16.6598   0.022440     -0.210  554971524     0.1288    -1.0658 0.0000e+00
    16.6643   0.022240     -0.210  554971526     0.1276    -1.0675 0.0000e+00
    16.6649   0.022040     -0.210  554971527     0.1265    -1.0685 0.0000e+00
    16.6727   0.021850     -0.210  554971529     0.1254    -1.0707 0.0000e+00
    16.6597   0.021680     -0.210  554971531     0.1244    -1.0692 0.0000e+00
    16.6617   0.021510     -0.210  554971532     0.1235    -1.0703 0.0000e+00
    16.6556   0.021320     -0.210  554971534     0.1224    -1.0701 0.0000e+00
    16.6382   0.021150     -0.220  554971535     0.1215    -1.0678 0.0000e+00
    16.6231   0.020850     -0.220  554971538     0.1198    -1.0665 0.0000e+00
    16.6072   0.020660     -0.210  554971540     0.1187    -1.0647 0.0000e+00
    16.5973   0.020470     -0.210  554971541     0.1177    -1.0638 0.0000e+00
    16.5946   0.020320     -0.210  554971543     0.1168    -1.0640 0.0000e+00
