Code/Hansen Zooplankton Code and Sample Data/data/ctd/gsl_06_SBE37SI-RS232_03706156_2017_08_02_final.cnv
* Sea-Bird SBE37SI-RS232  Data File:
* FileName = C:\Users\General Lab Use\Desktop\SHELAGH CTD 2017\gsl_06_SBE37SI-RS232_03706156_2017_08_02.cnv
* Software version 1.00d
* Temperature SN = 6156
* Conductivity SN = 6156
* System UpLoad Time = Aug 02 2017 10:18:34
* <ApplicationData>
* <Seaterm232>
# nquan = 7                                 
# nvalues = 1764                        
# units = specified
# name 0 = t090C: Temperature [ITS-90, deg C]
# name 1 = c0S/m: Conductivity [S/m]
# name 2 = prM: Pressure [db]
# name 3 = timeK: Time, Seacat Plus [seconds]
# name 4 = sal00: Salinity [PSU]
# name 5 = sigma-t00: Density [sigma-t, Kg/m^3 ]
# name 6 = flag: flag
# span 0 =    -0.0117,    18.8960       
# span 1 =   0.001400,   3.550750       
# span 2 =     -0.240,     61.140       
# span 3 =  554968864,  554971543       
# span 4 =     0.0140,    32.1004       
# span 5 =    -1.5334,    25.7594       
# span 6 = 0.0000e+00, 0.0000e+00       
# interval = seconds: 6.000000
# start_time = Aug 02 2017 06:01:04
# bad_flag = -9.990e-29
*END*
    18.5903   0.214280     -0.220  554968864     1.2632    -0.5468 0.0000e+00
    18.5904   0.213560     -0.220  554968865     1.2587    -0.5502 0.0000e+00
    18.5914   0.214370     -0.220  554968867     1.2637    -0.5466 0.0000e+00
    18.5921   0.213350     -0.220  554968868     1.2574    -0.5516 0.0000e+00
    18.5912   0.214350     -0.220  554968870     1.2636    -0.5467 0.0000e+00
    18.5908   0.213650     -0.220  554968871     1.2593    -0.5499 0.0000e+00
    18.5909   0.213850     -0.220  554968873     1.2605    -0.5490 0.0000e+00
    18.5919   0.214760     -0.220  554968874     1.2661    -0.5449 0.0000e+00
    18.6002   0.211340     -0.220  554968876     1.2447    -0.5629 0.0000e+00
    18.6455   0.145800     -0.220  554968877     0.8420    -0.8795 0.0000e+00
    18.6772   0.140700     -0.220  554968879     0.8106    -0.9097 0.0000e+00
    18.7001   0.128480     -0.220  554968880     0.7367    -0.9706 0.0000e+00
    18.7209   0.129490     -0.220  554968882     0.7424    -0.9703 0.0000e+00
    18.7412   0.129680     -0.220  554968883     0.7432    -0.9736 0.0000e+00
    18.7643   0.133460     -0.220  554968885     0.7654    -0.9611 0.0000e+00
    18.7944   0.129700     -0.220  554968886     0.7424    -0.9846 0.0000e+00
    18.8388   0.123200     -0.220  554968888     0.7028    -1.0235 0.0000e+00
    18.8542   0.120450     -0.220  554968889     0.6862    -1.0393 0.0000e+00
    18.8895   0.128680     -0.220  554968892     0.7346    -1.0091 0.0000e+00
    18.8960   0.125200     -0.220  554968893     0.7138    -1.0263 0.0000e+00
    18.8761   0.123170     -0.220  554968895     0.7020    -1.0314 0.0000e+00
    18.8296   0.118400     -0.220  554968896     0.6744    -1.0435 0.0000e+00
    18.7953   0.159390     -0.220  554968898     0.9211    -0.8481 0.0000e+00
    18.7626   0.180260     -0.220  554968899     1.0489    -0.7441 0.0000e+00
    18.7417   0.177970     -0.220  554968901     1.0354    -0.7503 0.0000e+00
    18.7140   0.177390     -0.220  554968902     1.0326    -0.7471 0.0000e+00
    18.7036   0.173970     -0.220  554968904     1.0119    -0.7608 0.0000e+00
    18.6695   0.183620     -0.220  554968905     1.0718    -0.7084 0.0000e+00
    18.6562   0.192490     -0.220  554968907     1.1267    -0.6639 0.0000e+00
    18.6379   0.188210     -0.220  554968908     1.1008    -0.6801 0.0000e+00
    18.6283   0.194020     -0.220  554968910     1.1368    -0.6507 0.0000e+00
    18.6071   0.197280     -0.220  554968911     1.1575    -0.6308 0.0000e+00
    18.5981   0.194930     -0.220  554968913     1.1432    -0.6400 0.0000e+00
    18.5875   0.197810     -0.220  554968914     1.1613    -0.6241 0.0000e+00
    18.5564   0.200200     -0.220  554968916     1.1769    -0.6062 0.0000e+00
    18.5547   0.212970     -0.220  554968917     1.2561    -0.5453 0.0000e+00
    18.5577   0.213070     -0.220  554968919     1.2567    -0.5455 0.0000e+00
    18.5482   0.213660     -0.220  554968920     1.2606    -0.5406 0.0000e+00
    18.5460   0.175440     -0.220  554968922     1.0247    -0.7205 0.0000e+00
    18.5380   0.038490     -0.220  554968924     0.2129    -1.3407 0.0000e+00
    18.5179   0.011290     -0.220  554968925     0.0637    -1.4514 0.0000e+00
    18.5106   0.008280     -0.220  554968927     0.0480    -1.4621 0.0000e+00
    18.4954   0.006450     -0.220  554968928     0.0386    -1.4664 0.0000e+00
    18.4739   0.006300     -0.220  554968930     0.0379    -1.4629 0.0000e+00
    18.4573   0.005540     -0.220  554968931     0.0340    -1.4627 0.0000e+00
    18.4192   0.005000     -0.220  554968933     0.0313    -1.4576 0.0000e+00
    18.3842   0.004590     -0.220  554968934     0.0293    -1.4525 0.0000e+00
    18.3468   0.004210     -0.220  554968936     0.0274    -1.4469 0.0000e+00
    18.3315   0.004190     -0.220  554968937     0.0273    -1.4441 0.0000e+00
    18.3248   0.004080     -0.220  554968939     0.0268    -1.4432 0.0000e+00
    18.3153   0.004020     -0.220  554968940     0.0265    -1.4417 0.0000e+00
    18.3101   0.003920     -0.220  554968942     0.0260    -1.4411 0.0000e+00
    18.3073   0.003940     -0.220  554968943     0.0261    -1.4405 0.0000e+00
    18.3023   0.003850     -0.220  554968945     0.0256    -1.4399 0.0000e+00
    18.2958   0.003740     -0.220  554968946     0.0251    -1.4391 0.0000e+00
    18.2956   0.003640     -0.220  554968948     0.0246    -1.4394 0.0000e+00
    18.2975   0.003560     -0.220  554968949     0.0242    -1.4401 0.0000e+00
    18.2952   0.003490     -0.220  554968951     0.0239    -1.4399 0.0000e+00
    18.2963   0.003420     -0.220  554968952     0.0235    -1.4404 0.0000e+00
    18.2940   0.003360     -0.220  554968954     0.0232    -1.4401 0.0000e+00
    18.2917   0.003300     -0.220  554968955     0.0230    -1.4399 0.0000e+00
    18.2673   0.004880     -0.220  554968957     0.0308    -1.4293 0.0000e+00
    18.2348   0.004330     -0.220  554968958     0.0280    -1.4253 0.0000e+00
    18.1986   0.003830     -0.220  554968960     0.0256    -1.4205 0.0000e+00
    18.1707   0.003840     -0.220  554968961     0.0256    -1.4152 0.0000e+00
    18.1600   0.003770     -0.220  554968963     0.0253    -1.4135 0.0000e+00
    18.1382   0.003420     -0.220  554968964     0.0235    -1.4107 0.0000e+00
    18.1093   0.003370     -0.220  554968966     0.0233    -1.4055 0.0000e+00
    18.0842   0.003330     -0.220  554968967     0.0231    -1.4010 0.0000e+00
    18.0478   0.003320     -0.220  554968969     0.0231    -1.3943 0.0000e+00
    18.0125   0.003270     -0.220  554968970     0.0228    -1.3879 0.0000e+00
    17.9944   0.003210     -0.220  554968972     0.0225    -1.3848 0.0000e+00
    17.9798   0.003150     -0.220  554968973     0.0222    -1.3823 0.0000e+00
    17.9599   0.003100     -0.220  554968975     0.0220    -1.3789 0.0000e+00
    17.9503   0.003050     -0.220  554968977     0.0218    -1.3773 0.0000e+00
    17.9325   0.003000     -0.220  554968978     0.0215    -1.3742 0.0000e+00
    17.8965   0.002960     -0.220  554968980     0.0213    -1.3677 0.0000e+00
    17.8874   0.002900     -0.220  554968981     0.0210    -1.3663 0.0000e+00
    17.8643   0.002860     -0.220  554968983     0.0208    -1.3622 0.0000e+00
    17.8367   0.002820     -0.220  554968984     0.0206    -1.3573 0.0000e+00
    17.8225   0.002790     -0.220  554968986     0.0205    -1.3548 0.0000e+00
    17.7915   0.002740     -0.220  554968987     0.0202    -1.3493 0.0000e+00
    17.7703   0.002710     -0.220  554968989     0.0201    -1.3455 0.0000e+00
    17.7540   0.002680     -0.220  554968990     0.0200    -1.3427 0.0000e+00
    17.7345   0.002650     -0.220  554968992     0.0198    -1.3392 0.0000e+00
    17.7162   0.002630     -0.220  554968993     0.0197    -1.3360 0.0000e+00
    17.6942   0.002590     -0.220  554968995     0.0195    -1.3321 0.0000e+00
    17.6809   0.002580     -0.220  554968996     0.0195    -1.3298 0.0000e+00
    17.6837   0.002540     -0.220  554968998     0.0193    -1.3304 0.0000e+00
    17.6805   0.002520     -0.220  554968999     0.0192    -1.3299 0.0000e+00
    17.6681   0.002490     -0.220  554969001     0.0190    -1.3278 0.0000e+00
    17.6710   0.002480     -0.220  554969002     0.0190    -1.3283 0.0000e+00
    17.6580   0.002450     -0.220  554969004     0.0188    -1.3261 0.0000e+00
    17.6490   0.002450     -0.220  554969005     0.0188    -1.3245 0.0000e+00
    17.6439   0.002420     -0.220  554969007     0.0187    -1.3236 0.0000e+00
    17.6342   0.002410     -0.220  554969008     0.0186    -1.3219 0.0000e+00
    17.6275   0.002390     -0.220  554969010     0.0185    -1.3208 0.0000e+00
    17.6173   0.002370     -0.220  554969011     0.0184    -1.3190 0.0000e+00
    17.6219   0.002340     -0.220  554969013     0.0183    -1.3200 0.0000e+00
    17.6170   0.002330     -0.220  554969014     0.0183    -1.3191 0.0000e+00
    17.6202   0.002310     -0.220  554969016     0.0182    -1.3198 0.0000e+00
    17.6049   0.002290     -0.220  554969017     0.0181    -1.3171 0.0000e+00
    17.5998   0.002280     -0.220  554969019     0.0180    -1.3162 0.0000e+00
    17.6010   0.002260     -0.220  554969020     0.0179    -1.3165 0.0000e+00
    17.5873   0.002250     -0.220  554969022     0.0179    -1.3140 0.0000e+00
    17.5805   0.002230     -0.220  554969023     0.0178    -1.3129 0.0000e+00
    17.5760   0.002220     -0.220  554969025     0.0177    -1.3121 0.0000e+00
    17.5764   0.002210     -0.220  554969027     0.0177    -1.3122 0.0000e+00
    17.5708   0.002190     -0.220  554969028     0.0176    -1.3113 0.0000e+00
    17.5710   0.002190     -0.220  554969030     0.0176    -1.3113 0.0000e+00
    17.5688   0.002170     -0.220  554969031     0.0175    -1.3110 0.0000e+00
    17.5661   0.002160     -0.220  554969033     0.0174    -1.3106 0.0000e+00
    17.5679   0.002140     -0.220  554969034     0.0173    -1.3110 0.0000e+00
    17.5741   0.002140     -0.220  554969036     0.0173    -1.3121 0.0000e+00
    17.5686   0.002130     -0.220  554969037     0.0173    -1.3111 0.0000e+00
    17.5583   0.002120     -0.220  554969039     0.0172    -1.3093 0.0000e+00
    17.5524   0.002110     -0.220  554969040     0.0172    -1.3083 0.0000e+00
    17.5476   0.002100     -0.220  554969042     0.0172    -1.3074 0.0000e+00
    17.5526   0.002090     -0.220  554969043     0.0171    -1.3084 0.0000e+00
    17.5524   0.002080     -0.220  554969045     0.0171    -1.3084 0.0000e+00
    17.5518   0.002070     -0.220  554969046     0.0170    -1.3083 0.0000e+00
    17.5495   0.002050     -0.220  554969048     0.0169    -1.3080 0.0000e+00
    17.5379   0.002050     -0.220  554969049     0.0169    -1.3059 0.0000e+00
    17.5306   0.002030     -0.220  554969051     0.0168    -1.3046 0.0000e+00
    17.5291   0.002030     -0.220  554969052     0.0168    -1.3044 0.0000e+00
    17.5262   0.002020     -0.220  554969054     0.0168    -1.3039 0.0000e+00
    17.5149   0.002010     -0.220  554969055     0.0167    -1.3019 0.0000e+00
    17.5147   0.002000     -0.220  554969057     0.0167    -1.3019 0.0000e+00
    17.5084   0.002000     -0.220  554969058     0.0167    -1.3008 0.0000e+00
    17.4977   0.001990     -0.220  554969060     0.0166    -1.2989 0.0000e+00
    17.4950   0.001980     -0.220  554969061     0.0166    -1.2984 0.0000e+00
    17.4913   0.002290     -0.220  554969063     0.0181    -1.2966 0.0000e+00
    17.4988   0.003310     -0.220  554969064     0.0230    -1.2941 0.0000e+00
    17.5052   0.002750     -0.220  554969066     0.0203    -1.2974 0.0000e+00
    17.5034   0.002570     -0.220  554969067     0.0194    -1.2978 0.0000e+00
    17.5388   0.002490     -0.220  554969069     0.0190    -1.3044 0.0000e+00
    17.5781   0.002660     -0.220  554969070     0.0198    -1.3109 0.0000e+00
    17.5969   0.002740     -0.220  554969072     0.0202    -1.3140 0.0000e+00
    17.6279   0.002710     -0.220  554969073     0.0201    -1.3197 0.0000e+00
    17.6685   0.002730     -0.220  554969075     0.0202    -1.3269 0.0000e+00
    17.7081   0.002720     -0.220  554969076     0.0201    -1.3342 0.0000e+00
    17.7521   0.002630     -0.220  554969078     0.0197    -1.3425 0.0000e+00
    17.8051   0.002570     -0.220  554969080     0.0194    -1.3524 0.0000e+00
    17.8620   0.002480     -0.220  554969081     0.0190    -1.3632 0.0000e+00
    17.9121   0.002420     -0.220  554969083     0.0187    -1.3726 0.0000e+00
    17.9824   0.002300     -0.220  554969084     0.0182    -1.3860 0.0000e+00
    18.0418   0.002320     -0.220  554969086     0.0183    -1.3969 0.0000e+00
    18.0790   0.002260     -0.220  554969087     0.0180    -1.4040 0.0000e+00
    18.1150   0.002230     -0.220  554969089     0.0178    -1.4108 0.0000e+00
    18.1460   0.002230     -0.220  554969090     0.0178    -1.4166 0.0000e+00
    18.1798   0.002140     -0.220  554969092     0.0174    -1.4232 0.0000e+00
    18.2793   0.002190     -0.220  554969093     0.0177    -1.4417 0.0000e+00
    18.2981   0.002100     -0.220  554969095     0.0172    -1.4455 0.0000e+00
    18.3277   0.002120     -0.220  554969096     0.0173    -1.4510 0.0000e+00
    18.3516   0.002040     -0.220  554969098     0.0170    -1.4558 0.0000e+00
    18.3737   0.002090     -0.220  554969099     0.0172    -1.4598 0.0000e+00
    18.3900   0.002030     -0.220  554969101     0.0169    -1.4631 0.0000e+00
    18.3899   0.002030     -0.220  554969102     0.0169    -1.4631 0.0000e+00
    18.4111   0.001990     -0.220  554969104     0.0168    -1.4673 0.0000e+00
    18.4406   0.001970     -0.220  554969105     0.0167    -1.4729 0.0000e+00
    18.4639   0.001940     -0.220  554969107     0.0165    -1.4774 0.0000e+00
    18.5059   0.001920     -0.220  554969108     0.0165    -1.4855 0.0000e+00
    18.5267   0.001880     -0.220  554969110     0.0163    -1.4896 0.0000e+00
    18.5428   0.001840     -0.220  554969111     0.0161    -1.4928 0.0000e+00
    18.4797   0.001790     -0.220  554969113     0.0159    -1.4810 0.0000e+00
    18.4873   0.001770     -0.220  554969114     0.0158    -1.4825 0.0000e+00
    18.5041   0.001740     -0.220  554969116     0.0156    -1.4858 0.0000e+00
    18.5320   0.001720     -0.220  554969117     0.0155    -1.4912 0.0000e+00
    18.5541   0.001690     -0.220  554969119     0.0154    -1.4955 0.0000e+00
    18.5767   0.001680     -0.220  554969120     0.0154    -1.4998 0.0000e+00
    18.5992   0.001650     -0.220  554969122     0.0152    -1.5042 0.0000e+00
    18.6285   0.001640     -0.220  554969123     0.0152    -1.5099 0.0000e+00
    18.6541   0.001620     -0.220  554969125     0.0151    -1.5149 0.0000e+00
    18.6755   0.001620     -0.220  554969126     0.0151    -1.5190 0.0000e+00
    18.6852   0.001590     -0.220  554969128     0.0150    -1.5209 0.0000e+00
    18.6720   0.001610     -0.220  554969130     0.0151    -1.5183 0.0000e+00
    18.6561   0.001590     -0.220  554969131     0.0150    -1.5154 0.0000e+00
    18.6665   0.001600     -0.220  554969133     0.0150    -1.5173 0.0000e+00
    18.6887   0.001580     -0.220  554969134     0.0150    -1.5216 0.0000e+00
    18.7003   0.001610     -0.220  554969136     0.0151    -1.5238 0.0000e+00
    18.7107   0.001610     -0.220  554969137     0.0151    -1.5258 0.0000e+00
    18.7229   0.001730     -0.220  554969139     0.0156    -1.5277 0.0000e+00
    18.7374   0.001750     -0.220  554969140     0.0157    -1.5304 0.0000e+00
    18.7380   0.001800     -0.220  554969142     0.0159    -1.5304 0.0000e+00
    18.7428   0.001800     -0.220  554969143     0.0159    -1.5313 0.0000e+00
    18.7354   0.001780     -0.220  554969145     0.0159    -1.5300 0.0000e+00
    18.7353   0.001780     -0.220  554969146     0.0159    -1.5299 0.0000e+00
    18.7416   0.001760     -0.220  554969148     0.0158    -1.5312 0.0000e+00
    18.7522   0.001730     -0.220  554969149     0.0156    -1.5334 0.0000e+00
    18.7485   0.001680     -0.220  554969151     0.0154    -1.5328 0.0000e+00
    18.7208   0.001640     -0.220  554969152     0.0152    -1.5276 0.0000e+00
    18.6720   0.001610     -0.220  554969154     0.0151    -1.5183 0.0000e+00
    18.6655   0.001620     -0.220  554969155     0.0151    -1.5171 0.0000e+00
    18.6507   0.001620     -0.220  554969157     0.0151    -1.5142 0.0000e+00
    18.6239   0.001740     -0.220  554969158     0.0157    -1.5087 0.0000e+00
    18.5958   0.001690     -0.220  554969160     0.0154    -1.5035 0.0000e+00
    18.5640   0.001660     -0.220  554969161     0.0153    -1.4975 0.0000e+00
    18.5331   0.001650     -0.220  554969163     0.0152    -1.4916 0.0000e+00
    18.5106   0.001660     -0.220  554969164     0.0153    -1.4873 0.0000e+00
    18.4942   0.001670     -0.220  554969166     0.0153    -1.4841 0.0000e+00
    18.4306   0.001680     -0.220  554969167     0.0154    -1.4720 0.0000e+00
    18.3848   0.001670     -0.220  554969169     0.0153    -1.4634 0.0000e+00
    18.3743   0.001670     -0.220  554969170     0.0153    -1.4614 0.0000e+00
    18.3761   0.001650     -0.220  554969172     0.0152    -1.4618 0.0000e+00
    18.3502   0.001620     -0.220  554969173     0.0151    -1.4570 0.0000e+00
