Code/Hansen Zooplankton Code and Sample Data/data/ctd/gsl_10_SBE37SI-RS232_03706156_2017_08_08_final.cnv
* Sea-Bird SBE37SI-RS232  Data File:
* FileName = C:\Users\General Lab Use\Desktop\SHELAGH CTD 2017\gsl_10_SBE37SI-RS232_03706156_2017_08_08.cnv
* Software version 1.00d
* Temperature SN = 6156
* Conductivity SN = 6156
* System UpLoad Time = Aug 08 2017 16:32:06
* <ApplicationData>
* <Seaterm232>
# nquan = 7                                 
# nvalues = 1991                        
# units = specified
# name 0 = t090C: Temperature [ITS-90, deg C]
# name 1 = c0S/m: Conductivity [S/m]
# name 2 = prM: Pressure [db]
# name 3 = timeK: Time, Seacat Plus [seconds]
# name 4 = sal00: Salinity [PSU]
# name 5 = sigma-t00: Density [sigma-t, Kg/m^3 ]
# name 6 = flag: flag
# span 0 =     0.0970,    17.0813       
# span 1 =   0.000290,   3.488430       
# span 2 =     -0.310,    104.590       
# span 3 =  555511157,  555514191       
# span 4 =     0.0089,    32.4197       
# span 5 =    -1.2125,    25.9767       
# span 6 = 0.0000e+00, 0.0000e+00       
# interval = seconds: 6.000000
# start_time = Aug 08 2017 12:39:17
# bad_flag = -9.990e-29
*END*
[from data line 1642]
    16.7769   0.005230     -0.290  555513659     0.0330    -1.1598 0.0000e+00
    16.7592   0.005220     -0.290  555513660     0.0330    -1.1568 0.0000e+00
    16.7517   0.005230     -0.290  555513662     0.0330    -1.1555 0.0000e+00
    16.7726   0.005210     -0.290  555513663     0.0329    -1.1592 0.0000e+00
    16.7669   0.005220     -0.290  555513665     0.0330    -1.1581 0.0000e+00
    16.7406   0.005220     -0.290  555513666     0.0330    -1.1536 0.0000e+00
    16.7951   0.005220     -0.290  555513668     0.0329    -1.1630 0.0000e+00
    16.8234   0.005220     -0.290  555513669     0.0329    -1.1678 0.0000e+00
    16.8148   0.005220     -0.290  555513671     0.0329    -1.1664 0.0000e+00
    16.7638   0.005210     -0.290  555513673     0.0329    -1.1576 0.0000e+00
    16.8397   0.005200     -0.290  555513674     0.0328    -1.1707 0.0000e+00
    16.8526   0.005250     -0.300  555513676     0.0331    -1.1728 0.0000e+00
    16.7764   0.005320     -0.300  555513677     0.0335    -1.1594 0.0000e+00
    16.7403   0.005350     -0.300  555513679     0.0336    -1.1530 0.0000e+00
    16.7155   0.005540     -0.310  555513680     0.0347    -1.1480 0.0000e+00
    16.6486   0.006000     -0.300  555513682     0.0371    -1.1347 0.0000e+00
    16.5662   0.006320     -0.280  555513683     0.0389    -1.1194 0.0000e+00
    16.4974   0.051910     -0.280  555513685     0.3031    -0.9038 0.0000e+00
    16.4116   0.124540     -0.270  555513686     0.7533    -0.5426 0.0000e+00
    16.3536   0.078690     -0.270  555513688     0.4675    -0.7529 0.0000e+00
    16.3794   0.069180     -0.280  555513689     0.4088    -0.8025 0.0000e+00
    16.4002   0.052630     -0.290  555513691     0.3081    -0.8836 0.0000e+00
    16.4019   0.039790     -0.300  555513692     0.2312    -0.9432 0.0000e+00
    16.4003   0.030430     -0.310  555513694     0.1760    -0.9856 0.0000e+00
    16.3976   0.024790     -0.310  555513695     0.1431    -1.0105 0.0000e+00
    16.3787   0.022340     -0.310  555513697     0.1290    -1.0183 0.0000e+00
    16.3641   0.021630     -0.310  555513698     0.1250    -1.0189 0.0000e+00
    16.3504   0.029650     -0.310  555513700     0.1716    -0.9806 0.0000e+00
    16.3560   0.051960     -0.310  555513701     0.3044    -0.8791 0.0000e+00
    16.3731   0.040170     -0.300  555513703     0.2337    -0.9365 0.0000e+00
    16.3875   0.033000     -0.310  555513705     0.1912    -0.9717 0.0000e+00
    16.3762   0.042000     -0.310  555513706     0.2445    -0.9286 0.0000e+00
    16.3844   0.053180     -0.310  555513708     0.3116    -0.8783 0.0000e+00
    16.3920   0.067790     -0.310  555513709     0.4002    -0.8112 0.0000e+00
    16.3929   0.069200     -0.310  555513711     0.4088    -0.8047 0.0000e+00
    16.3988   0.067510     -0.310  555513712     0.3984    -0.8137 0.0000e+00
    16.4006   0.057730     -0.310  555513714     0.3389    -0.8599 0.0000e+00
    16.4115   0.048090     -0.310  555513715     0.2807    -0.9066 0.0000e+00
    16.4244   0.033170     -0.300  555513717     0.1920    -0.9773 0.0000e+00
    16.4398   0.032420     -0.300  555513718     0.1875    -0.9833 0.0000e+00
    16.4489   0.033950     -0.310  555513720     0.1965    -0.9779 0.0000e+00
    16.4635   0.036170     -0.310  555513721     0.2095    -0.9703 0.0000e+00
    16.4823   0.029430     -0.300  555513723     0.1698    -1.0041 0.0000e+00
    16.4795   0.028290     -0.280  555513724     0.1632    -1.0088 0.0000e+00
    16.4806   0.052990     -0.290  555513726     0.3097    -0.8959 0.0000e+00
    16.4519   0.042530     -0.280  555513727     0.2473    -0.9392 0.0000e+00
    16.4501   0.033060     -0.290  555513729     0.1912    -0.9822 0.0000e+00
    16.4305   0.029290     -0.290  555513730     0.1692    -0.9959 0.0000e+00
    16.4227   0.024650     -0.290  555513732     0.1422    -1.0154 0.0000e+00
    16.4353   0.021310     -0.290  555513734     0.1229    -1.0324 0.0000e+00
    16.4396   0.020210     -0.290  555513735     0.1166    -1.0380 0.0000e+00
    16.4430   0.019580     -0.290  555513737     0.1130    -1.0414 0.0000e+00
    16.4411   0.019520     -0.290  555513738     0.1126    -1.0413 0.0000e+00
    16.4428   0.020340     -0.290  555513740     0.1173    -1.0380 0.0000e+00
    16.4440   0.020190     -0.290  555513741     0.1165    -1.0389 0.0000e+00
    16.4675   0.020420     -0.290  555513743     0.1177    -1.0418 0.0000e+00
    16.5006   0.020880     -0.300  555513744     0.1203    -1.0454 0.0000e+00
    16.5036   0.019220     -0.300  555513746     0.1108    -1.0533 0.0000e+00
    16.4936   0.017160     -0.300  555513747     0.0991    -1.0607 0.0000e+00
    16.4738   0.016000     -0.300  555513749     0.0925    -1.0624 0.0000e+00
    16.4648   0.015010     -0.300  555513750     0.0869    -1.0652 0.0000e+00
    16.4632   0.014370     -0.300  555513752     0.0833    -1.0677 0.0000e+00
    16.4730   0.014060     -0.300  555513753     0.0816    -1.0707 0.0000e+00
    16.4558   0.013650     -0.300  555513755     0.0793    -1.0696 0.0000e+00
    16.4503   0.013680     -0.300  555513756     0.0795    -1.0685 0.0000e+00
    16.4505   0.013450     -0.290  555513758     0.0782    -1.0695 0.0000e+00
    16.4535   0.012760     -0.290  555513759     0.0743    -1.0730 0.0000e+00
    16.4695   0.012460     -0.290  555513761     0.0726    -1.0770 0.0000e+00
    16.4824   0.012130     -0.290  555513762     0.0708    -1.0806 0.0000e+00
    16.4926   0.011930     -0.290  555513764     0.0696    -1.0832 0.0000e+00
    16.5019   0.011750     -0.290  555513766     0.0686    -1.0856 0.0000e+00
    16.5105   0.011470     -0.290  555513767     0.0671    -1.0882 0.0000e+00
    16.5167   0.011400     -0.290  555513769     0.0667    -1.0896 0.0000e+00
    16.5286   0.011290     -0.290  555513770     0.0660    -1.0921 0.0000e+00
    16.5295   0.011120     -0.300  555513772     0.0651    -1.0930 0.0000e+00
    16.5308   0.011060     -0.290  555513773     0.0648    -1.0934 0.0000e+00
    16.5310   0.010900     -0.290  555513775     0.0639    -1.0941 0.0000e+00
    16.5293   0.010870     -0.290  555513776     0.0637    -1.0940 0.0000e+00
    16.5297   0.010830     -0.290  555513778     0.0635    -1.0942 0.0000e+00
    16.5298   0.010720     -0.290  555513779     0.0629    -1.0947 0.0000e+00
    16.5354   0.010670     -0.290  555513781     0.0626    -1.0959 0.0000e+00
    16.5360   0.010620     -0.290  555513782     0.0623    -1.0962 0.0000e+00
    16.5392   0.010600     -0.290  555513784     0.0622    -1.0968 0.0000e+00
    16.5445   0.010550     -0.290  555513785     0.0619    -1.0979 0.0000e+00
    16.5467   0.010460     -0.290  555513787     0.0614    -1.0987 0.0000e+00
    16.5535   0.010430     -0.290  555513788     0.0612    -1.1000 0.0000e+00
    16.5541   0.010390     -0.290  555513790     0.0610    -1.1002 0.0000e+00
    16.5563   0.010340     -0.290  555513791     0.0607    -1.1008 0.0000e+00
    16.5556   0.010260     -0.290  555513793     0.0603    -1.1011 0.0000e+00
    16.5575   0.010230     -0.300  555513794     0.0601    -1.1015 0.0000e+00
    16.5556   0.010180     -0.290  555513796     0.0599    -1.1014 0.0000e+00
    16.5579   0.010150     -0.290  555513798     0.0597    -1.1019 0.0000e+00
    16.5351   0.010160     -0.290  555513799     0.0598    -1.0980 0.0000e+00
    16.5109   0.010090     -0.300  555513801     0.0594    -1.0942 0.0000e+00
    16.5034   0.010080     -0.300  555513802     0.0594    -1.0930 0.0000e+00
    16.4719   0.010130     -0.290  555513804     0.0597    -1.0874 0.0000e+00
    16.4413   0.010070     -0.290  555513805     0.0594    -1.0825 0.0000e+00
    16.4403   0.010000     -0.290  555513807     0.0590    -1.0827 0.0000e+00
    16.4353   0.010000     -0.290  555513808     0.0590    -1.0818 0.0000e+00
    16.4083   0.009950     -0.300  555513810     0.0587    -1.0775 0.0000e+00
    16.3998   0.009920     -0.290  555513811     0.0586    -1.0762 0.0000e+00
    16.4110   0.009860     -0.290  555513813     0.0582    -1.0783 0.0000e+00
    16.4066   0.009840     -0.290  555513814     0.0581    -1.0777 0.0000e+00
    16.4144   0.009740     -0.290  555513816     0.0576    -1.0794 0.0000e+00
    16.4197   0.009730     -0.300  555513817     0.0575    -1.0803 0.0000e+00
    16.4259   0.009670     -0.290  555513819     0.0572    -1.0816 0.0000e+00
    16.4488   0.009620     -0.300  555513820     0.0569    -1.0857 0.0000e+00
    16.4507   0.009570     -0.300  555513822     0.0566    -1.0862 0.0000e+00
    16.4530   0.009570     -0.300  555513823     0.0566    -1.0866 0.0000e+00
    16.4516   0.009490     -0.300  555513825     0.0562    -1.0867 0.0000e+00
    16.4589   0.009410     -0.300  555513827     0.0557    -1.0883 0.0000e+00
    16.4632   0.009350     -0.300  555513828     0.0554    -1.0893 0.0000e+00
    16.4534   0.009250     -0.290  555513830     0.0548    -1.0881 0.0000e+00
    16.4537   0.009240     -0.300  555513831     0.0548    -1.0882 0.0000e+00
    16.4473   0.009190     -0.300  555513833     0.0545    -1.0873 0.0000e+00
    16.4482   0.009280     -0.290  555513834     0.0550    -1.0871 0.0000e+00
    16.4410   0.009170     -0.300  555513836     0.0544    -1.0863 0.0000e+00
    16.4355   0.009170     -0.300  555513837     0.0544    -1.0854 0.0000e+00
    16.4398   0.008980     -0.300  555513839     0.0534    -1.0869 0.0000e+00
    16.4419   0.008750     -0.300  555513840     0.0521    -1.0882 0.0000e+00
    16.4306   0.008640     -0.300  555513842     0.0515    -1.0868 0.0000e+00
    16.4262   0.008630     -0.300  555513843     0.0515    -1.0861 0.0000e+00
    16.4268   0.008510     -0.300  555513845     0.0508    -1.0867 0.0000e+00
    16.4252   0.008550     -0.290  555513846     0.0510    -1.0863 0.0000e+00
    16.4233   0.008270     -0.300  555513848     0.0495    -1.0872 0.0000e+00
    16.4266   0.007980     -0.300  555513849     0.0479    -1.0889 0.0000e+00
    16.4313   0.007780     -0.300  555513851     0.0468    -1.0906 0.0000e+00
    16.4377   0.007610     -0.300  555513852     0.0459    -1.0924 0.0000e+00
    16.4436   0.007540     -0.300  555513854     0.0455    -1.0936 0.0000e+00
    16.4411   0.007520     -0.300  555513855     0.0454    -1.0933 0.0000e+00
    16.4456   0.007470     -0.300  555513857     0.0451    -1.0943 0.0000e+00
    16.4434   0.007430     -0.290  555513859     0.0449    -1.0941 0.0000e+00
    16.4474   0.007450     -0.300  555513860     0.0450    -1.0947 0.0000e+00
    16.4472   0.007400     -0.300  555513862     0.0448    -1.0948 0.0000e+00
    16.4515   0.007370     -0.300  555513863     0.0446    -1.0957 0.0000e+00
    16.4557   0.007380     -0.300  555513865     0.0446    -1.0963 0.0000e+00
    16.4604   0.007310     -0.300  555513866     0.0443    -1.0974 0.0000e+00
    16.4677   0.007320     -0.300  555513868     0.0443    -1.0986 0.0000e+00
    16.4741   0.007280     -0.300  555513869     0.0441    -1.0999 0.0000e+00
    16.4803   0.007290     -0.300  555513871     0.0441    -1.1009 0.0000e+00
    16.4861   0.007240     -0.300  555513872     0.0439    -1.1021 0.0000e+00
    16.4866   0.007260     -0.300  555513874     0.0440    -1.1021 0.0000e+00
    16.4888   0.007210     -0.300  555513875     0.0437    -1.1026 0.0000e+00
    16.4900   0.007220     -0.300  555513877     0.0438    -1.1028 0.0000e+00
    16.4986   0.007190     -0.300  555513878     0.0436    -1.1044 0.0000e+00
    16.5028   0.007180     -0.290  555513880     0.0435    -1.1051 0.0000e+00
    16.5025   0.007160     -0.300  555513881     0.0434    -1.1052 0.0000e+00
    16.5054   0.007180     -0.300  555513883     0.0435    -1.1056 0.0000e+00
    16.4972   0.007130     -0.300  555513884     0.0433    -1.1044 0.0000e+00
    16.4963   0.007130     -0.300  555513886     0.0433    -1.1042 0.0000e+00
    16.4995   0.007090     -0.300  555513888     0.0430    -1.1049 0.0000e+00
    16.5004   0.007090     -0.300  555513889     0.0430    -1.1051 0.0000e+00
    16.4950   0.007070     -0.290  555513891     0.0429    -1.1043 0.0000e+00
    16.4991   0.007110     -0.300  555513892     0.0432    -1.1048 0.0000e+00
    16.4983   0.007060     -0.300  555513894     0.0429    -1.1049 0.0000e+00
    16.5036   0.007050     -0.300  555513895     0.0428    -1.1058 0.0000e+00
    16.5072   0.006990     -0.300  555513897     0.0425    -1.1067 0.0000e+00
    16.5083   0.007040     -0.300  555513898     0.0428    -1.1066 0.0000e+00
    16.5037   0.006990     -0.300  555513900     0.0425    -1.1061 0.0000e+00
    16.5039   0.006980     -0.300  555513901     0.0424    -1.1061 0.0000e+00
    16.4955   0.006980     -0.300  555513903     0.0425    -1.1047 0.0000e+00
    16.4892   0.006950     -0.300  555513904     0.0423    -1.1038 0.0000e+00
    16.4791   0.006900     -0.300  555513906     0.0420    -1.1023 0.0000e+00
    16.4673   0.006940     -0.300  555513907     0.0423    -1.1001 0.0000e+00
    16.4658   0.006880     -0.300  555513909     0.0419    -1.1001 0.0000e+00
    16.4642   0.006890     -0.300  555513910     0.0420    -1.0998 0.0000e+00
    16.4622   0.006860     -0.300  555513912     0.0418    -1.0996 0.0000e+00
    16.4643   0.006850     -0.300  555513913     0.0418    -1.1000 0.0000e+00
    16.4673   0.006860     -0.300  555513915     0.0418    -1.1005 0.0000e+00
    16.4710   0.006850     -0.300  555513916     0.0418    -1.1011 0.0000e+00
    16.4744   0.006810     -0.300  555513918     0.0415    -1.1019 0.0000e+00
    16.4794   0.006860     -0.300  555513920     0.0418    -1.1025 0.0000e+00
    16.4829   0.006810     -0.300  555513921     0.0415    -1.1033 0.0000e+00
    16.4909   0.006810     -0.300  555513923     0.0415    -1.1047 0.0000e+00
    16.4976   0.006780     -0.300  555513924     0.0414    -1.1059 0.0000e+00
    16.5019   0.006760     -0.300  555513926     0.0413    -1.1067 0.0000e+00
    16.5034   0.006720     -0.300  555513927     0.0410    -1.1071 0.0000e+00
    16.5083   0.006770     -0.300  555513929     0.0413    -1.1078 0.0000e+00
    16.5121   0.006710     -0.300  555513930     0.0410    -1.1086 0.0000e+00
    16.5182   0.006720     -0.300  555513932     0.0410    -1.1096 0.0000e+00
    16.5183   0.006710     -0.300  555513933     0.0410    -1.1097 0.0000e+00
    16.5237   0.006690     -0.300  555513935     0.0409    -1.1107 0.0000e+00
    16.5238   0.006710     -0.300  555513936     0.0410    -1.1106 0.0000e+00
    16.5229   0.006670     -0.300  555513938     0.0408    -1.1106 0.0000e+00
    16.5287   0.006670     -0.300  555513939     0.0408    -1.1116 0.0000e+00
    16.5324   0.006650     -0.300  555513941     0.0407    -1.1123 0.0000e+00
    16.5401   0.006670     -0.300  555513942     0.0408    -1.1135 0.0000e+00
    16.5411   0.006620     -0.300  555513944     0.0405    -1.1139 0.0000e+00
    16.5494   0.006680     -0.300  555513945     0.0408    -1.1151 0.0000e+00
    16.5520   0.006580     -0.300  555513947     0.0403    -1.1159 0.0000e+00
    16.5647   0.006590     -0.300  555513949     0.0403    -1.1180 0.0000e+00
    16.5670   0.006540     -0.300  555513950     0.0400    -1.1186 0.0000e+00
    16.5697   0.006540     -0.300  555513952     0.0400    -1.1191 0.0000e+00
    16.5712   0.006500     -0.300  555513953     0.0398    -1.1195 0.0000e+00
    16.5721   0.006490     -0.300  555513955     0.0398    -1.1197 0.0000e+00
    16.5756   0.006520     -0.300  555513956     0.0399    -1.1202 0.0000e+00
    16.5754   0.006460     -0.300  555513958     0.0396    -1.1204 0.0000e+00
    16.5778   0.006490     -0.300  555513959     0.0398    -1.1207 0.0000e+00
    16.5767   0.006450     -0.300  555513961     0.0396    -1.1207 0.0000e+00
    16.5769   0.006440     -0.300  555513962     0.0395    -1.1207 0.0000e+00
    16.5765   0.006480     -0.300  555513964     0.0397    -1.1205 0.0000e+00
    16.5781   0.006460     -0.300  555513965     0.0396    -1.1209 0.0000e+00
    16.5801   0.006470     -0.300  555513967     0.0397    -1.1211 0.0000e+00
    16.5873   0.006430     -0.300  555513968     0.0394    -1.1225 0.0000e+00
