Code/Hansen Zooplankton Code and Sample Data/data/ctd/gsl_09_SBE37SI-RS232_03706156_2017_08_08.cnv
* Sea-Bird SBE37SI-RS232  Data File:
* FileName = C:\Users\General Lab Use\Desktop\SHELAGH CTD 2017\gsl_09_SBE37SI-RS232_03706156_2017_08_08.cnv
* Software version 1.00d
* Temperature SN = 6156
* Conductivity SN = 6156
* System UpLoad Time = Aug 08 2017 10:00:07
* <ApplicationData>
* <Seaterm232>
# nquan = 5
# nvalues = 2463
# units = specified
# name 0 = t090C: Temperature [ITS-90, deg C]
# name 1 = c0S/m: Conductivity [S/m]
# name 2 = prM: Pressure [db]
# name 3 = timeK: Time, Seacat Plus [seconds]
# name 4 = flag: Flag
# span 0 =     -0.7449,    17.6751
# span 1 =    0.000196,   3.563643
# span 2 =      -0.307,     77.385
# span 3 =   555485108,  555488848
# span 4 =  0.0000e+00, 0.0000e+00
# interval = seconds: 6.000000
# start_time = Aug 08 2017 05:25:08
# bad_flag = -9.990e-29
*END*
[from data line 572]
     0.4474    2.64103      43.71  555485977 0.0000e+00
     0.3694    2.63610      44.56  555485979 0.0000e+00
     0.3184    2.65530      44.80  555485981 0.0000e+00
     0.2591    2.63237      45.70  555485982 0.0000e+00
     0.2107    2.63880      45.52  555485984 0.0000e+00
     0.1858    2.61909      46.57  555485985 0.0000e+00
     0.0711    2.62577      46.44  555485987 0.0000e+00
     0.0552    2.61634      47.09  555485988 0.0000e+00
     0.0865    2.61723      46.69  555485990 0.0000e+00
     0.0591    2.61633      47.28  555485991 0.0000e+00
     0.0984    2.61867      47.75  555485993 0.0000e+00
     0.0510    2.61265      48.55  555485994 0.0000e+00
    -0.0031    2.61774      48.84  555485996 0.0000e+00
     0.0681    2.62064      48.75  555485997 0.0000e+00
     0.0835    2.62153      49.29  555485999 0.0000e+00
     0.1026    2.62231      49.81  555486000 0.0000e+00
     0.0259    2.62238      50.11  555486002 0.0000e+00
    -0.0385    2.61626      49.90  555486003 0.0000e+00
    -0.0377    2.61396      50.30  555486005 0.0000e+00
    -0.1242    2.60502      50.85  555486006 0.0000e+00
    -0.2860    2.60258      51.26  555486008 0.0000e+00
    -0.2792    2.59397      52.43  555486009 0.0000e+00
    -0.1508    2.60315      52.37  555486011 0.0000e+00
    -0.1572    2.60036      53.26  555486012 0.0000e+00
    -0.4667    2.58603      54.10  555486014 0.0000e+00
    -0.6062    2.58356      54.50  555486015 0.0000e+00
    -0.6410    2.57882      55.38  555486017 0.0000e+00
    -0.7116    2.57868      56.03  555486018 0.0000e+00
    -0.7449    2.57073      56.64  555486020 0.0000e+00
    -0.6560    2.57715      57.27  555486021 0.0000e+00
    -0.4923    2.58825      58.16  555486023 0.0000e+00
    -0.4296    2.59470      58.86  555486025 0.0000e+00
    -0.4498    2.59377      59.77  555486026 0.0000e+00
    -0.4397    2.59650      60.41  555486028 0.0000e+00
    -0.4372    2.59548      61.33  555486029 0.0000e+00
    -0.4300    2.60063      61.93  555486031 0.0000e+00
    -0.4923    2.59882      62.62  555486032 0.0000e+00
    -0.5368    2.59935      63.07  555486034 0.0000e+00
    -0.5505    2.59908      63.39  555486035 0.0000e+00
    -0.5702    2.59663      63.49  555486037 0.0000e+00
    -0.5631    2.59599      63.43  555486038 0.0000e+00
    -0.5700    2.59421      63.06  555486040 0.0000e+00
    -0.5626    2.59643      63.17  555486041 0.0000e+00
    -0.5602    2.59365      62.73  555486043 0.0000e+00
    -0.5544    2.59729      62.97  555486044 0.0000e+00
    -0.5549    2.59492      62.71  555486046 0.0000e+00
    -0.5502    2.59568      63.19  555486047 0.0000e+00
    -0.5519    2.59379      62.73  555486049 0.0000e+00
    -0.5491    2.59595      63.17  555486050 0.0000e+00
    -0.5539    2.59302      62.54  555486052 0.0000e+00
    -0.5443    2.59455      63.02  555486053 0.0000e+00
    -0.5514    2.59548      63.15  555486055 0.0000e+00
    -0.5603    2.59410      63.60  555486056 0.0000e+00
    -0.5779    2.59552      63.80  555486058 0.0000e+00
    -0.5842    2.59147      64.58  555486059 0.0000e+00
    -0.5658    2.59300      64.79  555486061 0.0000e+00
    -0.5457    2.59634      65.41  555486062 0.0000e+00
    -0.5246    2.59827      65.96  555486064 0.0000e+00
    -0.5075    2.60007      66.46  555486065 0.0000e+00
    -0.5008    2.60071      66.75  555486067 0.0000e+00
    -0.4813    2.60318      67.58  555486069 0.0000e+00
    -0.4695    2.60391      67.51  555486070 0.0000e+00
    -0.4650    2.60493      67.99  555486072 0.0000e+00
    -0.4432    2.60605      68.25  555486073 0.0000e+00
    -0.4344    2.60868      67.91  555486075 0.0000e+00
    -0.4333    2.60826      68.02  555486076 0.0000e+00
    -0.4369    2.60871      67.81  555486078 0.0000e+00
    -0.4390    2.60925      68.29  555486079 0.0000e+00
    -0.4340    2.60942      68.49  555486081 0.0000e+00
    -0.4154    2.61118      69.12  555486082 0.0000e+00
    -0.3971    2.61265      69.53  555486084 0.0000e+00
    -0.3911    2.61422      70.35  555486085 0.0000e+00
    -0.3868    2.61473      69.53  555486087 0.0000e+00
    -0.3874    2.61496      70.23  555486088 0.0000e+00
    -0.3870    2.61508      69.35  555486090 0.0000e+00
    -0.3877    2.61509      69.49  555486091 0.0000e+00
    -0.3872    2.61528      69.07  555486093 0.0000e+00
    -0.3874    2.61529      69.18  555486094 0.0000e+00
    -0.3878    2.61538      69.08  555486096 0.0000e+00
    -0.3881    2.61551      70.09  555486097 0.0000e+00
    -0.3872    2.61527      69.40  555486099 0.0000e+00
    -0.3877    2.61524      69.01  555486100 0.0000e+00
    -0.3910    2.61447      68.43  555486102 0.0000e+00
    -0.4123    2.61168      68.01  555486103 0.0000e+00
    -0.4309    2.60945      67.41  555486105 0.0000e+00
    -0.4519    2.60642      66.69  555486106 0.0000e+00
    -0.4851    2.60417      66.28  555486108 0.0000e+00
    -0.5046    2.60063      65.30  555486110 0.0000e+00
    -0.5183    2.60044      65.23  555486111 0.0000e+00
    -0.5275    2.59664      64.21  555486113 0.0000e+00
    -0.5909    2.59133      63.94  555486114 0.0000e+00
    -0.5984    2.58960      63.40  555486116 0.0000e+00
    -0.5723    2.59067      63.17  555486117 0.0000e+00
    -0.5682    2.59031      62.33  555486119 0.0000e+00
    -0.5518    2.59130      62.09  555486120 0.0000e+00
    -0.5194    2.59515      61.03  555486122 0.0000e+00
    -0.4234    2.59501      60.66  555486123 0.0000e+00
    -0.4309    2.59202      59.80  555486125 0.0000e+00
    -0.4479    2.59011      59.28  555486126 0.0000e+00
    -0.4618    2.58821      58.69  555486128 0.0000e+00
    -0.4820    2.58652      58.09  555486129 0.0000e+00
    -0.4860    2.58844      57.52  555486131 0.0000e+00
    -0.4517    2.58457      56.88  555486132 0.0000e+00
    -0.5857    2.57483      56.39  555486134 0.0000e+00
    -0.6861    2.56698      55.86  555486135 0.0000e+00
    -0.7187    2.56499      55.09  555486137 0.0000e+00
    -0.7102    2.56594      54.63  555486138 0.0000e+00
    -0.6676    2.56668      53.80  555486140 0.0000e+00
    -0.6438    2.56769      53.49  555486141 0.0000e+00
    -0.5872    2.57773      52.60  555486143 0.0000e+00
    -0.2263    2.58910      52.24  555486144 0.0000e+00
    -0.2323    2.58590      51.28  555486146 0.0000e+00
    -0.2312    2.58364      50.99  555486147 0.0000e+00
    -0.2566    2.58928      50.03  555486149 0.0000e+00
     0.0204    2.60181      49.81  555486151 0.0000e+00
     0.0495    2.59521      48.95  555486152 0.0000e+00
    -0.1190    2.59035      48.60  555486154 0.0000e+00
    -0.0930    2.58912      48.12  555486155 0.0000e+00
    -0.0784    2.59281      47.71  555486157 0.0000e+00
     0.0014    2.59700      47.20  555486158 0.0000e+00
     0.0423    2.59830      46.80  555486160 0.0000e+00
     0.0516    2.59800      46.17  555486161 0.0000e+00
     0.0746    2.60036      45.93  555486163 0.0000e+00
     0.1696    2.60662      45.33  555486164 0.0000e+00
     0.2152    2.60833      44.92  555486166 0.0000e+00
     0.3198    2.61459      44.28  555486167 0.0000e+00
     0.4088    2.61626      43.96  555486169 0.0000e+00
     0.4039    2.61446      43.20  555486170 0.0000e+00
     0.4613    2.61525      42.88  555486172 0.0000e+00
     0.4950    2.61724      42.12  555486173 0.0000e+00
     0.5491    2.61798      41.88  555486175 0.0000e+00
     0.6444    2.62863      41.23  555486176 0.0000e+00
     0.7716    2.63245      40.94  555486178 0.0000e+00
     0.8143    2.63591      40.62  555486179 0.0000e+00
     0.8203    2.63269      40.07  555486181 0.0000e+00
     0.7631    2.62742      40.04  555486182 0.0000e+00
     0.7187    2.62399      39.15  555486184 0.0000e+00
     0.7317    2.62252      39.07  555486185 0.0000e+00
     0.7875    2.63121      38.31  555486187 0.0000e+00
     0.8922    2.63170      38.12  555486188 0.0000e+00
     0.9224    2.63485      37.51  555486190 0.0000e+00
     0.9210    2.63346      37.16  555486191 0.0000e+00
     0.9345    2.63456      36.62  555486193 0.0000e+00
     0.9572    2.63511      36.24  555486195 0.0000e+00
     1.0149    2.63821      35.80  555486196 0.0000e+00
     1.0358    2.63379      35.38  555486198 0.0000e+00
     0.9055    2.62488      34.85  555486199 0.0000e+00
     0.9637    2.62653      34.69  555486201 0.0000e+00
     1.0123    2.63058      34.11  555486202 0.0000e+00
     1.1073    2.63283      33.98  555486204 0.0000e+00
     1.2238    2.64401      33.48  555486205 0.0000e+00
     1.3536    2.64873      33.22  555486207 0.0000e+00
     1.4064    2.65059      33.05  555486208 0.0000e+00
     1.5477    2.66264      32.42  555486210 0.0000e+00
     1.6672    2.66711      32.08  555486211 0.0000e+00
     1.8785    2.68213      31.39  555486213 0.0000e+00
     1.9206    2.68019      31.04  555486214 0.0000e+00
     1.9376    2.68464      30.36  555486216 0.0000e+00
     2.0112    2.68618      30.15  555486217 0.0000e+00
     2.0897    2.69323      29.45  555486219 0.0000e+00
     2.1701    2.69757      29.11  555486220 0.0000e+00
     2.2563    2.70239      28.60  555486222 0.0000e+00
     2.3314    2.70783      28.26  555486223 0.0000e+00
     2.4970    2.71952      27.81  555486225 0.0000e+00
     2.5847    2.72218      27.32  555486226 0.0000e+00
     2.6375    2.71402      27.35  555486228 0.0000e+00
     2.6743    2.72481      26.62  555486229 0.0000e+00
     2.7153    2.71781      26.40  555486231 0.0000e+00
     2.7675    2.72178      26.02  555486232 0.0000e+00
     2.8296    2.72367      25.75  555486234 0.0000e+00
     2.8234    2.71778      25.33  555486236 0.0000e+00
     2.7810    2.71453      25.17  555486237 0.0000e+00
     2.8255    2.71406      24.65  555486239 0.0000e+00
     2.9150    2.72175      24.52  555486240 0.0000e+00
     3.1187    2.73513      24.10  555486242 0.0000e+00
     3.2477    2.73743      23.86  555486243 0.0000e+00
     3.2856    2.74056      23.57  555486245 0.0000e+00
     3.4540    2.74956      23.30  555486246 0.0000e+00
     3.5738    2.75624      22.91  555486248 0.0000e+00
     3.6729    2.76021      22.80  555486249 0.0000e+00
     3.6843    2.75817      22.41  555486251 0.0000e+00
     3.6415    2.75600      22.05  555486252 0.0000e+00
     3.6370    2.75052      21.96  555486254 0.0000e+00
     3.7735    2.76571      21.23  555486255 0.0000e+00
     3.8357    2.76267      21.03  555486257 0.0000e+00
     3.8630    2.75621      20.35  555486258 0.0000e+00
     3.7174    2.74791      20.13  555486260 0.0000e+00
     3.8345    2.75330      19.64  555486261 0.0000e+00
     3.8737    2.75352      19.37  555486263 0.0000e+00
     3.9191    2.75353      19.01  555486264 0.0000e+00
     3.9531    2.75583      18.76  555486266 0.0000e+00
     4.0128    2.75681      18.48  555486267 0.0000e+00
     4.0500    2.76019      18.18  555486269 0.0000e+00
     4.1206    2.76345      17.89  555486270 0.0000e+00
     4.1648    2.76512      17.65  555486272 0.0000e+00
     4.3090    2.77400      17.45  555486273 0.0000e+00
     4.5396    2.79694      16.96  555486275 0.0000e+00
     4.8428    2.79987      16.95  555486277 0.0000e+00
     4.9133    2.81107      16.41  555486278 0.0000e+00
     4.9900    2.80920      16.12  555486280 0.0000e+00
     5.0762    2.82236      15.76  555486281 0.0000e+00
     5.3505    2.83171      15.56  555486283 0.0000e+00
     5.4627    2.83542      15.30  555486284 0.0000e+00
     5.5089    2.83983      14.91  555486286 0.0000e+00
     5.5841    2.83827      14.67  555486287 0.0000e+00
     5.5701    2.84764      14.09  555486289 0.0000e+00
     6.4535    2.89039      13.72  555486290 0.0000e+00
     6.7243    2.90134      13.43  555486292 0.0000e+00
     7.1305    2.92845      12.87  555486293 0.0000e+00
     7.4328    2.93592      12.72  555486295 0.0000e+00
     7.7417    2.96212      12.35  555486296 0.0000e+00
     8.0413    2.97815      12.00  555486298 0.0000e+00
     8.2988    2.97839      11.88  555486299 0.0000e+00
     8.3442    2.99182      11.28  555486301 0.0000e+00
     8.7116    3.00202      11.25  555486302 0.0000e+00
     8.9765    3.03695      10.73  555486304 0.0000e+00
     9.7118    3.05902      10.62  555486305 0.0000e+00
     9.8920    3.08854      10.28  555486307 0.0000e+00
    12.1279    3.22100      10.01  555486308 0.0000e+00
    13.6860    3.31396       9.68  555486310 0.0000e+00
    15.6597    3.41083       9.47  555486311 0.0000e+00
    16.5691    3.45696       9.23  555486313 0.0000e+00
    17.4925    3.51072       8.77  555486314 0.0000e+00
    17.5720    3.50288       8.54  555486316 0.0000e+00
    17.6052    3.50961       8.30  555486317 0.0000e+00
    17.6066    3.50319       8.24  555486319 0.0000e+00
    17.6141    3.53077       7.65  555486321 0.0000e+00
    17.6191    3.52146       7.52  555486322 0.0000e+00
    17.6247    3.53987       7.02  555486324 0.0000e+00
    17.6235    3.53040       6.79  555486325 0.0000e+00
    17.6175    3.54081       6.38  555486327 0.0000e+00
    17.6254    3.53807       6.03  555486328 0.0000e+00
    17.6201    3.53470       5.96  555486330 0.0000e+00
    17.6256    3.54667       5.13  555486331 0.0000e+00
    17.6204    3.53636       5.10  555486333 0.0000e+00
    17.6241    3.55082       4.50  555486334 0.0000e+00
    17.6276    3.53981       4.50  555486336 0.0000e+00
    17.6293    3.55110       3.77  555486337 0.0000e+00
    17.6309    3.54240       3.87  555486339 0.0000e+00
    17.6282    3.55307       3.15  555486340 0.0000e+00
    17.6314    3.54694       2.91  555486342 0.0000e+00
    17.6336    3.55288       2.66  555486343 0.0000e+00
    17.6315    3.54808       2.32  555486345 0.0000e+00
    17.6263    3.55276       1.80  555486346 0.0000e+00
    17.6310    3.55192       1.55  555486348 0.0000e+00
    17.6284    3.55398       1.14  555486349 0.0000e+00
    17.6287    3.55342       0.81  555486351 0.0000e+00
    17.6284    3.55406       0.53  555486352 0.0000e+00
    17.6279    3.55426       0.27  555486354 0.0000e+00
    17.6233    3.55395       0.02  555486355 0.0000e+00
    17.6264    3.55185      -0.03  555486357 0.0000e+00
    17.6280    3.55049       0.23  555486359 0.0000e+00
    17.6244    3.55046      -0.12  555486360 0.0000e+00
    17.6278    3.55362      -0.12  555486362 0.0000e+00
    17.6298    3.54789       0.41  555486363 0.0000e+00
    17.6256    3.55591      -0.17  555486365 0.0000e+00
    17.6282    3.55385       0.10  555486366 0.0000e+00
    17.6222    1.89055      -0.24  555486368 0.0000e+00
    17.4935    2.78403       0.03  555486369 0.0000e+00
    17.6176    1.86178      -0.24  555486371 0.0000e+00
    17.5000    2.28038      -0.04  555486372 0.0000e+00
    17.6204    2.66403       0.18  555486374 0.0000e+00
    17.6247    3.02937      -0.23  555486375 0.0000e+00
    17.6216    3.31119       0.19  555486377 0.0000e+00
    17.6233    3.55245      -0.12  555486378 0.0000e+00
    17.6271    3.55585       0.06  555486380 0.0000e+00
    17.6247    3.55421       0.00  555486381 0.0000e+00
    17.5912    1.10724      -0.18  555486383 0.0000e+00
    17.6036    2.70192      -0.07  555486384 0.0000e+00
    17.6234    2.04020      -0.24  555486386 0.0000e+00
    17.4095    2.36067       0.14  555486387 0.0000e+00
    17.6126    2.42996      -0.11  555486389 0.0000e+00
    17.6245    3.55664      -0.22  555486390 0.0000e+00
    17.5656    2.22288      -0.16  555486392 0.0000e+00
    17.6165    3.55137       0.09  555486393 0.0000e+00
    17.6224    1.97960      -0.24  555486395 0.0000e+00
    17.2205    0.30690      -0.25  555486396 0.0000e+00
    16.7525    0.19579      -0.24  555486398 0.0000e+00
    16.3367    0.15441      -0.24  555486400 0.0000e+00
    16.2587    0.09702      -0.25  555486401 0.0000e+00
    15.9440    0.47972      -0.20  555486403 0.0000e+00
    17.4540    1.52577      -0.25  555486404 0.0000e+00
    17.2049    0.88614      -0.17  555486406 0.0000e+00
    17.5311    0.92437      -0.25  555486407 0.0000e+00
    17.1383    0.24098      -0.25  555486409 0.0000e+00
