Raw_Data/Cage/SBE19/2020-09-25_SBE19_007_031_processed.cnv
* Sea-Bird SBE19plus Data File:
* FileName = C:\cruises\2020_barkerboys\leg2\data\cage\SBE19\2020-09-25_SBE19_004_031.hex
* Software Version 1.59
* Temperature SN =  4881
* Conductivity SN =  4881
* System UpLoad Time = Sep 25 2020 21:18:24
* ds
* SeacatPlus V 1.5  SERIAL NO. 4881    25 Sep 2020  21:17:28
# nquan = 12
# nvalues = 3124                                  
# units = specified
# name 0 = timeS: Time, Elapsed [seconds]
# name 1 = timeJ: Julian Days
# name 2 = scan: Scan Count
# name 3 = depSM: Depth [salt water, m], lat = 44.00
# name 4 = tv290C: Temperature [ITS-90, deg C]
# name 5 = c0S/m: Conductivity [S/m]
# name 6 = sal00: Salinity, Practical [PSU]
# name 7 = density00: Density [density, kg/m^3]
# name 8 = prdM: Pressure, Strain Gauge [db]
# name 9 = wetStar: Fluorescence, WET Labs WETstar [mg/m^3]
# name 10 = dz/dtM: Descent Rate [m/s]
# name 11 = flag:  0.000e+00
# span 0 =      0.000,    780.750                 
# span 1 = 269.667419, 269.676455                 
# span 2 =          1,       3124                 
# span 3 =      0.009,    184.603                 
# span 4 =     9.5707,    17.2051                 
# span 5 =  -0.063136,   3.908549                 
# span 6 =     0.0000,    33.6501                 
# span 7 =   998.7430,  1026.8128                 
# span 8 =      0.009,    186.181                 
# span 9 =     0.1417,     4.3927                 
# span 10 =     -1.254,      1.252                
# span 11 = 0.0000e+00, 0.0000e+00                
# interval = seconds: 0.25
# start_time = Sep 25 2020 16:01:05 [Instrument's time stamp, header]
# bad_flag = -9.990e-29
*END*
[from data line 1805]
    451.250 269.672642       1806    153.270     9.6063   3.646344    33.6366  1026.6538    154.568     0.1595      0.395  0.000e+00
    451.500 269.672645       1807    153.351     9.6061   3.646410    33.6374  1026.6548    154.650     0.1500      0.342  0.000e+00
    451.750 269.672648       1808    153.427     9.6061   3.646371    33.6369  1026.6548    154.726     0.1512      0.316  0.000e+00
    452.000 269.672650       1809    153.512     9.6063   3.646279    33.6358  1026.6542    154.812     0.1867      0.325  0.000e+00
    452.250 269.672653       1810    153.616     9.6060   3.646279    33.6361  1026.6550    154.917     0.1615      0.380  0.000e+00
    452.500 269.672656       1811    153.735     9.6055   3.646246    33.6361  1026.6557    155.037     0.1603      0.449  0.000e+00
    452.750 269.672659       1812    153.866     9.6050   3.646174    33.6358  1026.6561    155.169     0.1850      0.505  0.000e+00
    453.000 269.672662       1813    154.009     9.6041   3.646016    33.6349  1026.6562    155.313     0.2258      0.552  0.000e+00
    453.250 269.672665       1814    154.148     9.6028   3.646141    33.6374  1026.6590    155.454     0.1776      0.570  0.000e+00
    453.500 269.672668       1815    154.278     9.6022   3.646075    33.6372  1026.6595    155.585     0.1487      0.544  0.000e+00
    453.750 269.672671       1816    154.397     9.6016   3.646075    33.6377  1026.6606    155.705     0.1483      0.503  0.000e+00
    454.000 269.672674       1817    154.504     9.6010   3.646043    33.6379  1026.6613    155.813     0.1508      0.456  0.000e+00
    454.250 269.672677       1818    154.603     9.6006   3.646016    33.6379  1026.6619    155.913     0.1615      0.415  0.000e+00
    454.500 269.672679       1819    154.706     9.6004   3.646075    33.6387  1026.6629    156.017     0.1768      0.408  0.000e+00
    454.750 269.672682       1820    154.813     9.6005   3.646108    33.6389  1026.6636    156.124     0.1529      0.423  0.000e+00
    455.000 269.672685       1821    154.936     9.6007   3.646108    33.6387  1026.6640    156.249     0.1455      0.464  0.000e+00
    455.250 269.672688       1822    155.069     9.6007   3.646141    33.6390  1026.6648    156.382     0.1500      0.516  0.000e+00
    455.500 269.672691       1823    155.205     9.6005   3.645984    33.6374  1026.6642    156.520     0.1500      0.542  0.000e+00
    455.750 269.672694       1824    155.335     9.5998   3.645846    33.6366  1026.6643    156.651     0.1545      0.537  0.000e+00
    456.000 269.672697       1825    155.453     9.5983   3.645813    33.6377  1026.6659    156.770     0.1529      0.501  0.000e+00
    456.250 269.672700       1826    155.552     9.5969   3.645813    33.6389  1026.6676    156.870     0.1578      0.438  0.000e+00
    456.500 269.672703       1827    155.631     9.5959   3.645577    33.6374  1026.6669    156.950     0.1566      0.359  0.000e+00
    456.750 269.672705       1828    155.698     9.5941   3.645531    33.6385  1026.6684    157.017     0.1545      0.294  0.000e+00
    457.000 269.672708       1829    155.757     9.5925   3.645544    33.6402  1026.6702    157.077     0.1516      0.253  0.000e+00
    457.250 269.672711       1830    155.824     9.5917   3.645642    33.6419  1026.6720    157.144     0.1726      0.254  0.000e+00
    457.500 269.672714       1831    155.912     9.5917   3.645675    33.6422  1026.6726    157.233     0.1644      0.314  0.000e+00
    457.750 269.672717       1832    156.031     9.5920   3.645675    33.6418  1026.6729    157.354     0.1603      0.419  0.000e+00
    458.000 269.672720       1833    156.170     9.5921   3.645669    33.6416  1026.6733    157.493     0.1611      0.520  0.000e+00
    458.250 269.672723       1834    156.318     9.5921   3.645643    33.6413  1026.6738    157.643     0.1525      0.578  0.000e+00
    458.500 269.672726       1835    156.465     9.5920   3.645643    33.6414  1026.6745    157.791     0.2134      0.595  0.000e+00
    458.750 269.672729       1836    156.609     9.5922   3.645708    33.6417  1026.6754    157.936     0.1747      0.587  0.000e+00
    459.000 269.672731       1837    156.746     9.5921   3.645781    33.6425  1026.6766    158.075     0.2270      0.568  0.000e+00
    459.250 269.672734       1838    156.871     9.5925   3.645846    33.6428  1026.6774    158.201     0.1764      0.529  0.000e+00
    459.500 269.672737       1839    156.991     9.5933   3.645912    33.6426  1026.6776    158.322     0.1628      0.494  0.000e+00
    459.750 269.672740       1840    157.098     9.5943   3.645945    33.6420  1026.6775    158.430     0.1640      0.458  0.000e+00
    460.000 269.672743       1841    157.201     9.5950   3.645945    33.6413  1026.6773    158.534     0.1525      0.423  0.000e+00
    460.250 269.672746       1842    157.301     9.5956   3.645781    33.6390  1026.6759    158.635     0.2472      0.410  0.000e+00
    460.500 269.672749       1843    157.402     9.5951   3.645669    33.6382  1026.6758    158.737     0.2077      0.406  0.000e+00
    460.750 269.672752       1844    157.507     9.5935   3.645781    33.6409  1026.6786    158.842     0.1648      0.415  0.000e+00
    461.000 269.672755       1845    157.626     9.5930   3.645814    33.6416  1026.6798    158.963     0.1652      0.451  0.000e+00
    461.250 269.672758       1846    157.755     9.5932   3.645847    33.6417  1026.6804    159.093     0.1549      0.501  0.000e+00
    461.500 269.672760       1847    157.902     9.5936   3.645748    33.6403  1026.6799    159.241     0.1533      0.557  0.000e+00
    461.750 269.672763       1848    158.056     9.5938   3.645807    33.6406  1026.6809    159.397     0.1533      0.608  0.000e+00
    462.000 269.672766       1849    158.213     9.5933   3.645709    33.6400  1026.6812    159.555     0.1520      0.628  0.000e+00
    462.250 269.672769       1850    158.360     9.5926   3.645643    33.6399  1026.6819    159.703     0.1529      0.613  0.000e+00
    462.500 269.672772       1851    158.488     9.5916   3.645676    33.6411  1026.6836    159.832     0.1541      0.554  0.000e+00
    462.750 269.672775       1852    158.603     9.5911   3.645670    33.6414  1026.6845    159.948     0.1615      0.490  0.000e+00
    463.000 269.672778       1853    158.704     9.5909   3.645611    33.6410  1026.6846    160.050     0.1545      0.436  0.000e+00
    463.250 269.672781       1854    158.799     9.5905   3.645611    33.6414  1026.6854    160.146     0.1496      0.396  0.000e+00
    463.500 269.672784       1855    158.908     9.5901   3.645643    33.6420  1026.6864    160.255     0.1422      0.410  0.000e+00
    463.750 269.672786       1856    159.034     9.5898   3.645644    33.6422  1026.6872    160.383     0.1805      0.475  0.000e+00
    464.000 269.672789       1857    159.180     9.5896   3.645598    33.6418  1026.6877    160.531     0.1582      0.550  0.000e+00
    464.250 269.672792       1858    159.331     9.5893   3.645578    33.6419  1026.6885    160.682     0.1512      0.598  0.000e+00
    464.500 269.672795       1859    159.473     9.5887   3.645578    33.6423  1026.6895    160.826     0.1685      0.591  0.000e+00
    464.750 269.672798       1860    159.597     9.5886   3.645578    33.6425  1026.6902    160.951     0.1603      0.537  0.000e+00
    465.000 269.672801       1861    159.686     9.5883   3.645611    33.6430  1026.6911    161.041     0.1994      0.430  0.000e+00
    465.250 269.672804       1862    159.749     9.5883   3.645598    33.6428  1026.6912    161.104     0.1549      0.307  0.000e+00
    465.500 269.672807       1863    159.794     9.5886   3.645677    33.6433  1026.6918    161.150     0.1516      0.217  0.000e+00
    465.750 269.672810       1864    159.849     9.5886   3.645710    33.6437  1026.6923    161.205     0.1661      0.202  0.000e+00
    466.000 269.672813       1865    159.930     9.5884   3.645611    33.6428  1026.6920    161.287     0.1479      0.275  0.000e+00
    466.250 269.672815       1866    160.055     9.5883   3.645611    33.6429  1026.6927    161.413     0.2258      0.415  0.000e+00
    466.500 269.672818       1867    160.222     9.5880   3.645598    33.6429  1026.6935    161.582     0.1702      0.589  0.000e+00
    466.750 269.672821       1868    160.414     9.5881   3.645644    33.6432  1026.6946    161.775     0.1541      0.724  0.000e+00
    467.000 269.672824       1869    160.609     9.5884   3.645677    33.6432  1026.6954    161.972     0.1520      0.780  0.000e+00
    467.250 269.672827       1870    160.790     9.5886   3.645611    33.6423  1026.6955    162.154     0.1529      0.759  0.000e+00
    467.500 269.672830       1871    160.949     9.5884   3.645579    33.6420  1026.6960    162.315     0.1504      0.686  0.000e+00
    467.750 269.672833       1872    161.085     9.5882   3.645598    33.6423  1026.6970    162.452     0.1669      0.595  0.000e+00
    468.000 269.672836       1873    161.216     9.5881   3.645579    33.6422  1026.6975    162.584     0.1636      0.540  0.000e+00
    468.250 269.672839       1874    161.355     9.5877   3.645579    33.6425  1026.6984    162.724     0.1599      0.544  0.000e+00
    468.500 269.672841       1875    161.510     9.5871   3.645612    33.6433  1026.6998    162.881     0.1652      0.593  0.000e+00
    468.750 269.672844       1876    161.683     9.5868   3.645645    33.6439  1026.7011    163.055     0.1883      0.662  0.000e+00
    469.000 269.672847       1877    161.867     9.5867   3.645599    33.6434  1026.7016    163.241     0.1549      0.720  0.000e+00
    469.250 269.672850       1878    162.041     9.5866   3.645579    33.6432  1026.7023    163.416     0.1632      0.722  0.000e+00
    469.500 269.672853       1879    162.203     9.5865   3.645579    33.6432  1026.7030    163.580     0.1656      0.677  0.000e+00
    469.750 269.672856       1880    162.340     9.5861   3.645513    33.6429  1026.7035    163.718     0.1718      0.604  0.000e+00
    470.000 269.672859       1881    162.457     9.5853   3.645415    33.6426  1026.7039    163.837     0.1916      0.514  0.000e+00
    470.250 269.672862       1882    162.555     9.5843   3.645428    33.6435  1026.7053    163.935     0.1834      0.434  0.000e+00
    470.500 269.672865       1883    162.638     9.5838   3.645382    33.6435  1026.7057    164.019     0.1628      0.365  0.000e+00
    470.750 269.672867       1884    162.715     9.5830   3.645146    33.6418  1026.7049    164.097     0.1656      0.322  0.000e+00
    471.000 269.672870       1885    162.796     9.5816   3.645251    33.6441  1026.7073    164.178     0.1693      0.318  0.000e+00
    471.250 269.672873       1886    162.876     9.5804   3.645382    33.6466  1026.7097    164.259     0.1949      0.324  0.000e+00
    471.500 269.672876       1887    162.969     9.5807   3.645251    33.6449  1026.7089    164.353     0.1829      0.350  0.000e+00
    471.750 269.672879       1888    163.074     9.5804   3.645284    33.6454  1026.7098    164.459     0.1574      0.400  0.000e+00
    472.000 269.672882       1889    163.189     9.5800   3.645481    33.6478  1026.7122    164.575     0.1467      0.443  0.000e+00
    472.250 269.672885       1890    163.314     9.5810   3.645481    33.6469  1026.7119    164.701     0.1974      0.484  0.000e+00
    472.500 269.672888       1891    163.441     9.5822   3.645494    33.6458  1026.7115    164.829     0.1780      0.509  0.000e+00
    472.750 269.672891       1892    163.566     9.5829   3.645514    33.6453  1026.7115    164.955     0.2064      0.509  0.000e+00
    473.000 269.672894       1893    163.695     9.5831   3.645284    33.6427  1026.7100    165.085     0.1669      0.512  0.000e+00
    473.250 269.672896       1894    163.822     9.5818   3.645284    33.6438  1026.7117    165.213     0.1611      0.516  0.000e+00
    473.500 269.672899       1895    163.958     9.5810   3.645448    33.6462  1026.7143    165.351     0.1566      0.531  0.000e+00
    473.750 269.672902       1896    164.104     9.5813   3.645324    33.6446  1026.7136    165.498     0.1553      0.570  0.000e+00
    474.000 269.672905       1897    164.263     9.5810   3.645383    33.6454  1026.7151    165.658     0.1512      0.615  0.000e+00
    474.250 269.672908       1898    164.422     9.5806   3.645284    33.6447  1026.7154    165.819     0.1586      0.643  0.000e+00
    474.500 269.672911       1899    164.590     9.5800   3.645251    33.6449  1026.7163    165.988     0.1566      0.660  0.000e+00
    474.750 269.672914       1900    164.746     9.5794   3.645284    33.6457  1026.7178    166.146     0.1599      0.654  0.000e+00
    475.000 269.672917       1901    164.898     9.5792   3.645252    33.6455  1026.7183    166.299     0.1656      0.621  0.000e+00
    475.250 269.672920       1902    165.048     9.5787   3.645252    33.6458  1026.7194    166.450     0.1628      0.608  0.000e+00
    475.500 269.672922       1903    165.199     9.5784   3.645285    33.6464  1026.7206    166.603     0.1578      0.608  0.000e+00
    475.750 269.672925       1904    165.356     9.5785   3.645179    33.6451  1026.7203    166.761     0.1693      0.621  0.000e+00
    476.000 269.672928       1905    165.517     9.5780   3.645180    33.6456  1026.7214    166.923     0.1603      0.641  0.000e+00
    476.250 269.672931       1906    165.673     9.5772   3.645180    33.6462  1026.7228    167.081     0.1582      0.641  0.000e+00
    476.500 269.672934       1907    165.822     9.5769   3.645213    33.6468  1026.7240    167.232     0.1673      0.617  0.000e+00
    476.750 269.672937       1908    165.954     9.5765   3.645213    33.6471  1026.7249    167.365     0.1628      0.567  0.000e+00
    477.000 269.672940       1909    166.078     9.5763   3.645252    33.6476  1026.7259    167.490     0.1747      0.516  0.000e+00
    477.250 269.672943       1910    166.191     9.5761   3.644983    33.6450  1026.7244    167.604     0.1582      0.477  0.000e+00
    477.500 269.672946       1911    166.306     9.5750   3.645009    33.6463  1026.7261    167.720     0.1574      0.460  0.000e+00
    477.750 269.672948       1912    166.432     9.5741   3.644983    33.6468  1026.7272    167.846     0.1533      0.486  0.000e+00
    478.000 269.672951       1913    166.570     9.5732   3.645049    33.6482  1026.7291    167.986     0.1661      0.533  0.000e+00
    478.250 269.672954       1914    166.727     9.5728   3.645049    33.6485  1026.7301    168.144     0.1681      0.596  0.000e+00
    478.500 269.672957       1915    166.885     9.5730   3.645180    33.6496  1026.7317    168.304     0.1475      0.636  0.000e+00
    478.750 269.672960       1916    167.045     9.5734   3.645075    33.6481  1026.7312    168.466     0.1636      0.643  0.000e+00
    479.000 269.672963       1917    167.198     9.5738   3.645115    33.6481  1026.7318    168.619     0.1500      0.630  0.000e+00
    479.250 269.672966       1918    167.350     9.5739   3.645147    33.6482  1026.7326    168.773     0.1545      0.615  0.000e+00
    479.500 269.672969       1919    167.500     9.5739   3.645082    33.6475  1026.7327    168.924     0.1768      0.610  0.000e+00
    479.750 269.672972       1920    167.650     9.5737   3.645180    33.6486  1026.7343    169.076     0.1628      0.606  0.000e+00
    480.000 269.672975       1921    167.796     9.5741   3.645253    33.6489  1026.7351    169.223     0.1731      0.598  0.000e+00
    480.250 269.672977       1922    167.937     9.5745   3.645253    33.6484  1026.7353    169.365     0.1669      0.578  0.000e+00
    480.500 269.672980       1923    168.077     9.5750   3.645253    33.6479  1026.7355    169.506     0.1788      0.565  0.000e+00
    480.750 269.672983       1924    168.221     9.5750   3.645181    33.6471  1026.7355    169.652     0.1615      0.574  0.000e+00
