Raw_Data/Cage/SBE19/2020-09-20_SBE19_004_016_processed.cnv
* Sea-Bird SBE19plus Data File:
* FileName = C:\cruises\2020_barkerboys\leg2\data\cage\SBE19\2020-09-25_SBE19_004_016.hex
* Software Version 1.59
* Temperature SN =  4881
* Conductivity SN =  4881
* System UpLoad Time = Sep 25 2020 12:32:34
* ds
* SeacatPlus V 1.5  SERIAL NO. 4881    25 Sep 2020  12:15:39
# nquan = 12
# nvalues = 3210                                  
# units = specified
# name 0 = timeS: Time, Elapsed [seconds]
# name 1 = timeJ: Julian Days
# name 2 = scan: Scan Count
# name 3 = depSM: Depth [salt water, m], lat = 44.00
# name 4 = tv290C: Temperature [ITS-90, deg C]
# name 5 = c0S/m: Conductivity [S/m]
# name 6 = sal00: Salinity, Practical [PSU]
# name 7 = density00: Density [density, kg/m^3]
# name 8 = prdM: Pressure, Strain Gauge [db]
# name 9 = wetStar: Fluorescence, WET Labs WETstar [mg/m^3]
# name 10 = dz/dtM: Descent Rate [m/s]
# name 11 = flag:  0.000e+00
# span 0 =      0.000,    802.250                 
# span 1 = 264.718588, 264.727873                 
# span 2 =          1,       3210                 
# span 3 =      0.115,    130.380                 
# span 4 =    10.9344,    13.0787                 
# span 5 =   0.044611,   3.827900                 
# span 6 =     0.2834,    32.9824                 
# span 7 =   999.5993,  1025.8088                 
# span 8 =      0.116,    131.477                 
# span 9 =     0.1512,     3.6515                 
# span 10 =     -1.585,      1.158                
# span 11 = 0.0000e+00, 0.0000e+00                
# interval = seconds: 0.25
# start_time = Sep 20 2020 17:14:46 [Instrument's time stamp, header]
# bad_flag = -9.990e-29
*END*
[from data line 3008]
    752.000 264.727292       3009      8.123    12.5661   3.791552    32.4754  1024.5587      8.188     1.2751     -1.024  0.000e+00
    752.250 264.727295       3010      7.805    12.5739   3.792219    32.4753  1024.5557      7.869     1.2929     -1.209  0.000e+00
    752.500 264.727297       3011      7.492    12.5828   3.792566    32.4709  1024.5492      7.553     1.4597     -1.271  0.000e+00
    752.750 264.727300       3012      7.193    12.5914   3.792846    32.4664  1024.5426      7.251     1.3353     -1.235  0.000e+00
    753.000 264.727303       3013      6.955    12.5985   3.793052    32.4623  1024.5371      7.012     1.2212     -1.082  0.000e+00
    753.250 264.727306       3014      6.794    12.6043   3.793366    32.4603  1024.5336      6.849     1.5697     -0.805  0.000e+00
    753.500 264.727309       3015      6.722    12.6090   3.793579    32.4583  1024.5309      6.777     1.2694     -0.470  0.000e+00
    753.750 264.727312       3016      6.695    12.6131   3.793960    32.4585  1024.5301      6.749     1.2187     -0.200  0.000e+00
    754.000 264.727315       3017      6.693    12.6172   3.793853    32.4539  1024.5258      6.748     1.2315     -0.058  0.000e+00
    754.250 264.727318       3018      6.683    12.6200   3.793753    32.4505  1024.5225      6.737     1.3415     -0.024  0.000e+00
    754.500 264.727321       3019      6.643    12.6210   3.793753    32.4497  1024.5215      6.697     1.2599     -0.101  0.000e+00
    754.750 264.727323       3020      6.552    12.6211   3.793679    32.4490  1024.5205      6.605     2.2689     -0.264  0.000e+00
    755.000 264.727326       3021      6.401    12.6213   3.793886    32.4508  1024.5212      6.453     2.0781     -0.490  0.000e+00
    755.250 264.727329       3022      6.199    12.6224   3.794113    32.4521  1024.5211      6.250     1.2809     -0.711  0.000e+00
    755.500 264.727332       3023      5.956    12.6243   3.794340    32.4528  1024.5202      6.004     1.3604     -0.898  0.000e+00
    755.750 264.727335       3024      5.695    12.6272   3.794520    32.4520  1024.5179      5.741     1.2990     -1.018  0.000e+00
    756.000 264.727338       3025      5.441    12.6302   3.794586    32.4502  1024.5147      5.485     1.2409     -1.037  0.000e+00
    756.250 264.727341       3026      5.222    12.6335   3.794933    32.4508  1024.5135      5.264     1.3682     -0.953  0.000e+00
    756.500 264.727344       3027      5.061    12.6367   3.795074    32.4494  1024.5111      5.102     1.1157     -0.767  0.000e+00
    756.750 264.727347       3028      4.970    12.6399   3.795247    32.4483  1024.5092      5.011     1.1219     -0.507  0.000e+00
    757.000 264.727350       3029      4.942    12.6436   3.795741    32.4499  1024.5096      4.982     1.4066     -0.240  0.000e+00
    757.250 264.727352       3030      4.945    12.6483   3.795948    32.4478  1024.5071      4.985     1.1503     -0.052  0.000e+00
    757.500 264.727355       3031      4.939    12.6528   3.795774    32.4422  1024.5019      4.979     1.1581     -0.006  0.000e+00
    757.750 264.727358       3032      4.903    12.6545   3.795981    32.4427  1024.5018      4.943     1.3118     -0.084  0.000e+00
    758.000 264.727361       3033      4.829    12.6561   3.796155    32.4430  1024.5014      4.868     1.1487     -0.221  0.000e+00
    758.250 264.727364       3034      4.716    12.6591   3.796715    32.4459  1024.5025      4.754     1.3439     -0.378  0.000e+00
    758.500 264.727367       3035      4.561    12.6645   3.797550    32.4492  1024.5033      4.597     1.3217     -0.541  0.000e+00
    758.750 264.727370       3036      4.391    12.6730   3.798358    32.4496  1024.5012      4.427     1.0469     -0.655  0.000e+00
    759.000 264.727373       3037      4.209    12.6845   3.799726    32.4529  1024.5007      4.243     1.7246     -0.708  0.000e+00
    759.250 264.727376       3038      4.024    12.7008   3.800381    32.4451  1024.4907      4.056     1.0914     -0.741  0.000e+00
    759.500 264.727378       3039      3.860    12.7161   3.801015    32.4380  1024.4816      3.891     1.2059     -0.704  0.000e+00
    759.750 264.727381       3040      3.711    12.7298   3.802725    32.4425  1024.4817      3.741     1.3761     -0.631  0.000e+00
    760.000 264.727384       3041      3.581    12.7484   3.803773    32.4366  1024.4729      3.610     1.3246     -0.563  0.000e+00
    760.250 264.727387       3042      3.478    12.7661   3.803987    32.4234  1024.4588      3.506     1.2389     -0.470  0.000e+00
    760.500 264.727390       3043      3.392    12.7789   3.805524    32.4270  1024.4587      3.420     1.1969     -0.380  0.000e+00
    760.750 264.727393       3044      3.325    12.7937   3.806472    32.4234  1024.4528      3.352     1.9665     -0.307  0.000e+00
    761.000 264.727396       3045      3.255    12.8106   3.808678    32.4298  1024.4541      3.281     1.3555     -0.277  0.000e+00
    761.250 264.727399       3046      3.172    12.8311   3.811131    32.4354  1024.4541      3.198     1.2195     -0.309  0.000e+00
    761.500 264.727402       3047      3.073    12.8570   3.810041    32.4030  1024.4235      3.098     1.1108     -0.367  0.000e+00
    761.750 264.727405       3048      2.955    12.8708   3.809660    32.3875  1024.4083      2.979     1.3777     -0.438  0.000e+00
    762.000 264.727407       3049      2.833    12.8746   3.810763    32.3948  1024.4127      2.856     1.6917     -0.483  0.000e+00
    762.250 264.727410       3050      2.721    12.8798   3.812180    32.4038  1024.4181      2.744     1.3588     -0.470  0.000e+00
    762.500 264.727413       3051      2.626    12.8920   3.815377    32.4236  1024.4306      2.647     1.1878     -0.419  0.000e+00
    762.750 264.727416       3052      2.545    12.9155   3.816220    32.4115  1024.4163      2.565     1.3320     -0.356  0.000e+00
    763.000 264.727419       3053      2.479    12.9378   3.817377    32.4034  1024.4054      2.499     1.3641     -0.296  0.000e+00
    763.250 264.727422       3054      2.416    12.9567   3.816781    32.3816  1024.3845      2.435     1.2018     -0.260  0.000e+00
    763.500 264.727425       3055      2.345    12.9659   3.817517    32.3807  1024.3817      2.364     1.1907     -0.271  0.000e+00
    763.750 264.727428       3056      2.258    12.9726   3.818079    32.3803  1024.3797      2.277     1.5326     -0.318  0.000e+00
    764.000 264.727431       3057      2.181    12.9795   3.817938    32.3731  1024.3724      2.198     1.1285     -0.331  0.000e+00
    764.250 264.727433       3058      2.117    12.9835   3.818045    32.3707  1024.3695      2.134     1.2372     -0.286  0.000e+00
    764.500 264.727436       3059      2.062    12.9862   3.818420    32.3720  1024.3697      2.079     1.2220     -0.238  0.000e+00
    764.750 264.727439       3060      2.020    12.9893   3.818888    32.3738  1024.3703      2.036     1.4185     -0.195  0.000e+00
    765.000 264.727442       3061      1.982    12.9939   3.819591    32.3765  1024.3713      1.999     1.1289     -0.161  0.000e+00
    765.250 264.727445       3062      1.941    12.9999   3.820615    32.3810  1024.3735      1.957     1.0551     -0.159  0.000e+00
    765.500 264.727448       3063      1.894    13.0086   3.821599    32.3829  1024.3730      1.909     1.1330     -0.178  0.000e+00
    765.750 264.727451       3064      1.827    13.0192   3.821967    32.3773  1024.3663      1.842     1.0139     -0.230  0.000e+00
    766.000 264.727454       3065      1.738    13.0284   3.821840    32.3683  1024.3572      1.752     1.1037     -0.316  0.000e+00
    766.250 264.727457       3066      1.637    13.0337   3.821839    32.3638  1024.3522      1.651     1.0457     -0.382  0.000e+00
    766.500 264.727459       3067      1.535    13.0365   3.823252    32.3747  1024.3596      1.548     0.9328     -0.408  0.000e+00
    766.750 264.727462       3068      1.448    13.0431   3.823707    32.3734  1024.3569      1.460     1.0407     -0.382  0.000e+00
    767.000 264.727465       3069      1.387    13.0510   3.823848    32.3681  1024.3509      1.398     0.9962     -0.298  0.000e+00
    767.250 264.727468       3070      1.369    13.0565   3.823814    32.3631  1024.3459      1.380     0.9699     -0.159  0.000e+00
    767.500 264.727471       3071      1.393    13.0597   3.823673    32.3590  1024.3422      1.404     0.9645      0.011  0.000e+00
    767.750 264.727474       3072      1.433    13.0606   3.824269    32.3639  1024.3460      1.445     1.0218      0.129  0.000e+00
    768.000 264.727477       3073      1.467    13.0631   3.824691    32.3657  1024.3471      1.479     0.9484      0.150  0.000e+00
    768.250 264.727480       3074      1.488    13.0672   3.825053    32.3656  1024.3463      1.500     1.0510      0.112  0.000e+00
    768.500 264.727483       3075      1.477    13.0715   3.824979    32.3612  1024.3420      1.489     0.9237      0.019  0.000e+00
    768.750 264.727486       3076      1.422    13.0743   3.824376    32.3532  1024.3350      1.434     0.8961     -0.133  0.000e+00
    769.000 264.727488       3077      1.324    13.0732   3.824269    32.3531  1024.3347      1.335     1.0815     -0.307  0.000e+00
    769.250 264.727491       3078      1.197    13.0707   3.824450    32.3570  1024.3376      1.206     0.9262     -0.455  0.000e+00
    769.500 264.727494       3079      1.052    13.0703   3.824483    32.3577  1024.3376      1.060     1.0452     -0.550  0.000e+00
    769.750 264.727497       3080      0.917    13.0705   3.824550    32.3582  1024.3373      0.924     0.9204     -0.565  0.000e+00
    770.000 264.727500       3081      0.810    13.0707   3.824550    32.3581  1024.3367      0.817     0.9616     -0.487  0.000e+00
    770.250 264.727503       3082      0.744    13.0711   3.824691    32.3591  1024.3371      0.750     0.9039     -0.348  0.000e+00
    770.500 264.727506       3083      0.737    13.0719   3.824872    32.3602  1024.3378      0.743     0.8846     -0.148  0.000e+00
    770.750 264.727509       3084      0.780    13.0729   3.825186    32.3622  1024.3394      0.787     0.9237      0.073  0.000e+00
    771.000 264.727512       3085      0.839    13.0753   3.825541    32.3635  1024.3402      0.846     0.9039      0.206  0.000e+00
    771.250 264.727514       3086      0.874    13.0779   3.825153    32.3576  1024.3352      0.881     0.9596      0.189  0.000e+00
    771.500 264.727517       3087      0.864    13.0787   3.825079    32.3563  1024.3340      0.871     0.8973      0.052  0.000e+00
    771.750 264.727520       3088      0.792    13.0782   3.825119    32.3571  1024.3344      0.798     0.8495     -0.165  0.000e+00
    772.000 264.727523       3089      0.684    13.0779   3.825019    32.3564  1024.3334      0.690     0.9262     -0.363  0.000e+00
    772.250 264.727526       3090      0.574    13.0775   3.824905    32.3558  1024.3325      0.578     0.9394     -0.440  0.000e+00
    772.500 264.727529       3091      0.488    13.0764   3.824871    32.3564  1024.3328      0.492     0.9991     -0.395  0.000e+00
    772.750 264.727532       3092      0.422    13.0757   3.824871    32.3570  1024.3332      0.426     0.9497     -0.305  0.000e+00
    773.000 264.727535       3093      0.364    13.0753   3.824871    32.3574  1024.3333      0.367     1.1639     -0.251  0.000e+00
    773.250 264.727538       3094      0.305    13.0748   3.824717    32.3564  1024.3323      0.308     0.9439     -0.236  0.000e+00
    773.500 264.727541       3095      0.246    13.0743   3.824731    32.3570  1024.3326      0.248     0.8265     -0.238  0.000e+00
    773.750 264.727543       3096      0.194    13.0737   3.824342    32.3538  1024.3301      0.195     0.8104     -0.225  0.000e+00
    774.000 264.727546       3097      0.146    13.0731   3.823987    32.3510  1024.3278      0.147     0.8133     -0.202  0.000e+00
    774.250 264.727549       3098      0.129    13.0727   3.823847    32.3500  1024.3270      0.130     0.7601     -0.131  0.000e+00
    774.500 264.727552       3099      0.135    13.0713   3.823921    32.3520  1024.3288      0.136     0.8388     -0.021  0.000e+00
    774.750 264.727555       3100      0.136    13.0684   3.824028    32.3555  1024.3321      0.137     0.3935      0.015  0.000e+00
    775.000 264.727558       3101      0.135    13.0656   3.824128    32.3587  1024.3352      0.136     0.2616     -0.000  0.000e+00
    775.250 264.727561       3102      0.187    13.0648   3.823780    32.3561  1024.3336      0.189     0.2530      0.103  0.000e+00
    775.500 264.727564       3103      0.234    13.0639   3.823546    32.3547  1024.3328      0.236     0.2579      0.200  0.000e+00
    775.750 264.727567       3104      0.220    13.0620   3.823499    32.3559  1024.3340      0.222     0.3082      0.067  0.000e+00
    776.000 264.727569       3105      0.136    13.0597   3.823318    32.3562  1024.3343      0.137     0.2295     -0.198  0.000e+00
    776.250 264.727572       3106      0.132    13.0581   3.823003    32.3546  1024.3334      0.133     0.2147     -0.178  0.000e+00
    776.500 264.727575       3107      0.131    13.0565   3.822756    32.3536  1024.3329      0.132     0.2019     -0.011  0.000e+00
    776.750 264.727578       3108      0.132    13.0538   3.822167    32.3504  1024.3310      0.133     0.1953 3.0316e-13  0.000e+00
    777.000 264.727581       3109      0.132    13.0501   3.821558    32.3477  1024.3297      0.133     0.1941      0.002  0.000e+00
    777.250 264.727584       3110      0.133    13.0451   1.033373     7.7533  1005.3686      0.134     0.1759      0.002  0.000e+00
    777.500 264.727587       3111      0.132    13.0397   0.587717     4.2309  1002.6530      0.133     0.1768     -0.000  0.000e+00
    777.750 264.727590       3112      0.133    13.0372   0.641645     4.6478  1002.9752      0.134     0.1702      0.000  0.000e+00
    778.000 264.727593       3113      0.132    13.0366   0.741887     5.4302  1003.5789      0.133     0.1731      0.000  0.000e+00
    778.250 264.727595       3114      0.131    13.0359   0.757480     5.5528  1003.6736      0.132     0.1681     -0.004  0.000e+00
    778.500 264.727598       3115      0.131    13.0351   0.712175     5.1975  1003.3997      0.132     0.1652     -0.002  0.000e+00
    778.750 264.727601       3116      0.130    13.0340   0.727765     5.3198  1003.4941      0.131     0.1673     -0.002  0.000e+00
    779.000 264.727604       3117      0.131    13.0329   0.709280     5.1752  1003.3827      0.132     0.1801      0.000  0.000e+00
    779.250 264.727607       3118      0.130    13.0314   0.706750     5.1556  1003.3678      0.131     0.1615      0.000  0.000e+00
    779.500 264.727610       3119      0.129    13.0298   0.649994     4.7135  1003.0269      0.130     0.1677     -0.004  0.000e+00
    779.750 264.727613       3120      0.131    13.0280   0.529189     3.7836  1002.3091      0.132     0.1590      0.002  0.000e+00
    780.000 264.727616       3121      0.130    13.0263   0.510782     3.6434  1002.2010      0.131     0.1525      0.002  0.000e+00
    780.250 264.727619       3122      0.130    13.0244   0.591178     4.2593  1002.6770      0.131     0.1590     -0.002  0.000e+00
    780.500 264.727622       3123      0.132    13.0229   0.669334     4.8648  1003.1446      0.133     0.1603      0.004  0.000e+00
    780.750 264.727624       3124      0.131    13.0212   0.687173     5.0040  1003.2523      0.132     0.1582      0.002  0.000e+00
    781.000 264.727627       3125      0.130    13.0195   0.678755     4.9386  1003.2020      0.131     0.1665     -0.004  0.000e+00
    781.250 264.727630       3126      0.132    13.0177   0.611295     4.4152  1002.7983      0.133     0.1586      0.002  0.000e+00
    781.500 264.727633       3127      0.129    13.0160   0.563864     4.0502  1002.5166      0.130     0.1574     -0.002  0.000e+00
