Raw_Data/Cage/SBE19/2020-09-21_SBE19_005_020_processed.cnv
* Sea-Bird SBE19plus Data File:
* FileName = C:\cruises\2020_barkerboys\leg2\data\cage\SBE19\2020-09-25_SBE19_004_020.hex
* Software Version 1.59
* Temperature SN =  4881
* Conductivity SN =  4881
* System UpLoad Time = Sep 25 2020 12:39:38
* ds
* SeacatPlus V 1.5  SERIAL NO. 4881    25 Sep 2020  12:15:39
# nquan = 12
# nvalues = 2704                                  
# units = specified
# name 0 = timeS: Time, Elapsed [seconds]
# name 1 = timeJ: Julian Days
# name 2 = scan: Scan Count
# name 3 = depSM: Depth [salt water, m], lat = 44.00
# name 4 = tv290C: Temperature [ITS-90, deg C]
# name 5 = c0S/m: Conductivity [S/m]
# name 6 = sal00: Salinity, Practical [PSU]
# name 7 = density00: Density [density, kg/m^3]
# name 8 = prdM: Pressure, Strain Gauge [db]
# name 9 = wetStar: Fluorescence, WET Labs WETstar [mg/m^3]
# name 10 = dz/dtM: Descent Rate [m/s]
# name 11 = flag:  0.000e+00
# span 0 =      0.000,    675.750                 
# span 1 = 265.696979, 265.704800                 
# span 2 =          1,       2704                 
# span 3 =      0.144,    167.233                 
# span 4 =     9.8411,    13.4028                 
# span 5 =   0.050684,   3.877029                 
# span 6 =     0.3190,    33.5384                 
# span 7 =   999.5768,  1026.6009                 
# span 8 =      0.145,    168.655                 
# span 9 =     0.0948,     4.0981                 
# span 10 =     -1.441,      1.348                
# span 11 = 0.0000e+00, 0.0000e+00                
# interval = seconds: 0.25
# start_time = Sep 21 2020 16:43:39 [Instrument's time stamp, header]
# bad_flag = -9.990e-29
*END*
[from data line 1083]
    270.750 265.700113       1084     90.149    10.0567   3.664210    33.4286  1026.1273     90.898     0.1183      0.206  0.000e+00
    271.000 265.700116       1085     90.214    10.0571   3.664230    33.4284  1026.1274     90.964     0.1240      0.234  0.000e+00
    271.250 265.700119       1086     90.309    10.0571   3.664177    33.4278  1026.1274     91.060     0.1150      0.322  0.000e+00
    271.500 265.700122       1087     90.441    10.0565   3.664111    33.4277  1026.1279     91.193     0.1549      0.458  0.000e+00
    271.750 265.700124       1088     90.609    10.0557   3.664078    33.4280  1026.1291     91.362     0.1261      0.606  0.000e+00
    272.000 265.700127       1089     90.809    10.0548   3.664046    33.4284  1026.1304     91.564     0.1150      0.743  0.000e+00
    272.250 265.700130       1090     91.018    10.0540   3.664046    33.4290  1026.1321     91.775     0.1261      0.825  0.000e+00
    272.500 265.700133       1091     91.217    10.0537   3.664019    33.4290  1026.1330     91.976     0.1310      0.823  0.000e+00
    272.750 265.700136       1092     91.408    10.0534   3.664079    33.4297  1026.1344     92.168     0.1273      0.786  0.000e+00
    273.000 265.700139       1093     91.581    10.0534   3.664112    33.4300  1026.1354     92.342     0.1162      0.733  0.000e+00
    273.250 265.700142       1094     91.739    10.0533   3.664079    33.4297  1026.1359     92.502     0.1211      0.668  0.000e+00
    273.500 265.700145       1095     91.892    10.0531   3.664112    33.4301  1026.1370     92.656     0.1195      0.627  0.000e+00
    273.750 265.700148       1096     92.048    10.0533   3.664112    33.4299  1026.1375     92.814     0.1203      0.623  0.000e+00
    274.000 265.700150       1097     92.221    10.0531   3.664125    33.4301  1026.1385     92.988     0.1170      0.664  0.000e+00
    274.250 265.700153       1098     92.414    10.0531   3.664046    33.4293  1026.1387     93.182     0.1137      0.737  0.000e+00
    274.500 265.700156       1099     92.623    10.0529   3.664178    33.4307  1026.1408     93.394     0.1269      0.812  0.000e+00
    274.750 265.700159       1100     92.843    10.0526   3.664112    33.4302  1026.1415     93.615     0.1257      0.866  0.000e+00
    275.000 265.700162       1101     93.047    10.0528   3.664178    33.4306  1026.1427     93.822     0.1211      0.855  0.000e+00
    275.250 265.700165       1102     93.236    10.0527   3.664112    33.4299  1026.1431     94.012     0.1203      0.793  0.000e+00
    275.500 265.700168       1103     93.390    10.0528   3.664126    33.4299  1026.1438     94.167     0.1389      0.692  0.000e+00
    275.750 265.700171       1104     93.520    10.0527   3.664211    33.4308  1026.1450     94.298     0.1240      0.574  0.000e+00
    276.000 265.700174       1105     93.631    10.0525   3.664211    33.4309  1026.1457     94.410     0.1195      0.486  0.000e+00
    276.250 265.700177       1106     93.742    10.0522   3.664178    33.4308  1026.1461     94.522     0.2250      0.447  0.000e+00
    276.500 265.700179       1107     93.877    10.0520   3.664178    33.4310  1026.1469     94.658     0.1566      0.496  0.000e+00
    276.750 265.700182       1108     94.056    10.0514   3.664113    33.4308  1026.1477     94.839     0.1236      0.634  0.000e+00
    277.000 265.700185       1109     94.277    10.0508   3.664126    33.4313  1026.1492     95.061     0.1203      0.806  0.000e+00
    277.250 265.700188       1110     94.512    10.0501   3.664113    33.4318  1026.1508     95.299     0.1170      0.920  0.000e+00
    277.500 265.700191       1111     94.736    10.0499   3.664113    33.4319  1026.1519     95.524     0.1183      0.926  0.000e+00
    277.750 265.700194       1112     94.935    10.0496   3.664146    33.4323  1026.1532     95.725     0.1224      0.853  0.000e+00
    278.000 265.700197       1113     95.097    10.0494   3.664245    33.4335  1026.1549     95.888     0.1088      0.728  0.000e+00
    278.250 265.700200       1114     95.214    10.0490   3.664179    33.4331  1026.1553     96.007     0.1343      0.563  0.000e+00
    278.500 265.700203       1115     95.298    10.0484   3.664212    33.4339  1026.1564     96.092     0.1310      0.406  0.000e+00
    278.750 265.700205       1116     95.367    10.0483   3.664370    33.4356  1026.1580     96.161     0.1178      0.309  0.000e+00
    279.000 265.700208       1117     95.438    10.0489   3.664278    33.4341  1026.1570     96.232     0.1306      0.281  0.000e+00
    279.250 265.700211       1118     95.542    10.0489   3.664212    33.4334  1026.1570     96.337     0.1216      0.352  0.000e+00
    279.500 265.700214       1119     95.687    10.0483   3.664080    33.4326  1026.1571     96.484     0.1286      0.503  0.000e+00
    279.750 265.700217       1120     95.883    10.0467   3.664048    33.4336  1026.1590     96.681     0.1286      0.688  0.000e+00
    280.000 265.700220       1121     96.094    10.0449   3.663942    33.4341  1026.1608     96.894     0.1450      0.821  0.000e+00
    280.250 265.700223       1122     96.303    10.0428   3.663844    33.4350  1026.1627     97.105     0.1273      0.847  0.000e+00
    280.500 265.700226       1123     96.495    10.0401   3.663943    33.4384  1026.1667     97.299     0.1310      0.810  0.000e+00
    280.750 265.700229       1124     96.666    10.0383   3.663877    33.4393  1026.1685     97.471     0.1294      0.733  0.000e+00
    281.000 265.700231       1125     96.813    10.0370   3.663811    33.4398  1026.1698     97.619     0.1170      0.640  0.000e+00
    281.250 265.700234       1126     96.936    10.0355   3.663745    33.4404  1026.1711     97.744     0.1216      0.546  0.000e+00
    281.500 265.700237       1127     97.043    10.0342   3.663844    33.4426  1026.1735     97.851     0.1207      0.464  0.000e+00
    281.750 265.700240       1128     97.141    10.0336   3.663877    33.4434  1026.1747     97.950     0.1166      0.413  0.000e+00
    282.000 265.700243       1129     97.240    10.0336   3.663943    33.4441  1026.1757     98.050     0.1224      0.397  0.000e+00
    282.250 265.700246       1130     97.354    10.0341   3.663910    33.4433  1026.1754     98.165     0.1178      0.430  0.000e+00
    282.500 265.700249       1131     97.485    10.0341   3.663778    33.4418  1026.1749     98.297     0.1154      0.494  0.000e+00
    282.750 265.700252       1132     97.636    10.0332   3.663574    33.4406  1026.1748     98.450     0.1356      0.569  0.000e+00
    283.000 265.700255       1133     97.805    10.0306   3.663476    33.4419  1026.1770     98.620     0.1236      0.647  0.000e+00
    283.250 265.700258       1134     97.979    10.0279   3.663529    33.4448  1026.1805     98.795     0.1187      0.692  0.000e+00
    283.500 265.700260       1135     98.152    10.0262   3.663509    33.4461  1026.1826     98.969     0.1277      0.698  0.000e+00
    283.750 265.700263       1136     98.314    10.0253   3.663476    33.4465  1026.1839     99.133     0.1154      0.675  0.000e+00
    284.000 265.700266       1137     98.469    10.0246   3.663509    33.4474  1026.1854     99.290     0.1174      0.640  0.000e+00
    284.250 265.700269       1138     98.620    10.0242   3.663509    33.4478  1026.1864     99.442     0.1178      0.619  0.000e+00
    284.500 265.700272       1139     98.766    10.0239   3.663542    33.4483  1026.1875     99.589     0.1183      0.600  0.000e+00
    284.750 265.700275       1140     98.904    10.0237   3.663496    33.4479  1026.1879     99.728     0.1162      0.572  0.000e+00
    285.000 265.700278       1141     99.040    10.0234   3.663542    33.4486  1026.1891     99.866     0.1244      0.552  0.000e+00
    285.250 265.700281       1142     99.175    10.0232   3.663476    33.4481  1026.1894    100.002     0.1067      0.548  0.000e+00
    285.500 265.700284       1143     99.315    10.0231   3.663411    33.4475  1026.1895    100.143     0.1178      0.554  0.000e+00
    285.750 265.700286       1144     99.464    10.0225   3.663411    33.4479  1026.1907    100.293     0.1141      0.582  0.000e+00
    286.000 265.700289       1145     99.624    10.0219   3.663411    33.4484  1026.1919    100.454     0.1092      0.623  0.000e+00
    286.250 265.700292       1146     99.790    10.0213   3.663352    33.4483  1026.1926    100.622     0.1133      0.657  0.000e+00
    286.500 265.700295       1147     99.961    10.0204   3.663207    33.4476  1026.1930    100.795     0.1199      0.681  0.000e+00
    286.750 265.700298       1148    100.137    10.0190   3.663246    33.4492  1026.1954    100.972     0.1273      0.701  0.000e+00
    287.000 265.700301       1149    100.305    10.0177   3.663174    33.4496  1026.1966    101.142     0.1228      0.694  0.000e+00
    287.250 265.700304       1150    100.480    10.0167   3.663207    33.4507  1026.1985    101.318     0.1195      0.692  0.000e+00
    287.500 265.700307       1151    100.668    10.0162   3.663207    33.4512  1026.1998    101.507     0.1496      0.731  0.000e+00
    287.750 265.700310       1152    100.868    10.0160   3.663214    33.4513  1026.2008    101.709     0.1319      0.782  0.000e+00
    288.000 265.700313       1153    101.082    10.0159   3.663207    33.4512  1026.2017    101.925     0.1273      0.836  0.000e+00
    288.250 265.700315       1154    101.299    10.0158   3.663247    33.4517  1026.2031    102.144     0.1220      0.870  0.000e+00
    288.500 265.700318       1155    101.512    10.0155   3.663207    33.4514  1026.2039    102.359     0.1137      0.868  0.000e+00
    288.750 265.700321       1156    101.702    10.0153   3.663207    33.4515  1026.2049    102.550     0.1121      0.812  0.000e+00
    289.000 265.700324       1157    101.863    10.0154   3.663247    33.4517  1026.2058    102.713     0.1187      0.707  0.000e+00
    289.250 265.700327       1158    101.990    10.0152   3.663109    33.4505  1026.2054    102.840     0.1108      0.580  0.000e+00
    289.500 265.700330       1159    102.079    10.0149   3.663142    33.4511  1026.2064    102.931     0.1319      0.436  0.000e+00
    289.750 265.700333       1160    102.148    10.0143   3.663208    33.4523  1026.2077    103.000     0.1211      0.320  0.000e+00
    290.000 265.700336       1161    102.227    10.0143   3.663208    33.4522  1026.2080    103.080     0.1183      0.299  0.000e+00
    290.250 265.700339       1162    102.343    10.0144   3.663142    33.4514  1026.2079    103.197     0.1273      0.393  0.000e+00
    290.500 265.700341       1163    102.535    10.0143   3.663076    33.4508  1026.2083    103.390     0.1228      0.621  0.000e+00
    290.750 265.700344       1164    102.798    10.0137   3.663076    33.4512  1026.2099    103.656     0.1417      0.918  0.000e+00
    291.000 265.700347       1165    103.131    10.0128   3.663037    33.4514  1026.2118    103.992     0.1216      1.203  0.000e+00
    291.250 265.700350       1166    103.464    10.0121   3.663011    33.4517  1026.2137    104.327     0.1286      1.343  0.000e+00
    291.500 265.700353       1167    103.744    10.0111   3.662978    33.4521  1026.2154    104.610     0.1154      1.236  0.000e+00
    291.750 265.700356       1168    103.957    10.0099   3.662945    33.4529  1026.2172    104.825     0.1178      0.995  0.000e+00
    292.000 265.700359       1169    104.113    10.0086   3.662912    33.4536  1026.2187    104.982     0.1817      0.744  0.000e+00
    292.250 265.700362       1170    104.206    10.0077   3.663044    33.4558  1026.2210    105.076     0.1290      0.503  0.000e+00
    292.500 265.700365       1171    104.235    10.0074   3.663176    33.4573  1026.2224    105.105     0.1080      0.247  0.000e+00
    292.750 265.700367       1172    104.226    10.0082   3.663248    33.4573  1026.2222    105.096     0.1129      0.041  0.000e+00
    293.000 265.700370       1173    104.224    10.0092   3.663281    33.4568  1026.2216    105.094     0.1224     -0.022  0.000e+00
    293.250 265.700373       1174    104.259    10.0100   3.663176    33.4550  1026.2202    105.130     0.1632      0.067  0.000e+00
    293.500 265.700376       1175    104.361    10.0101   3.663044    33.4535  1026.2195    105.232     0.1195      0.275  0.000e+00
    293.750 265.700379       1176    104.530    10.0092   3.662945    33.4532  1026.2202    105.403     0.1154      0.546  0.000e+00
    294.000 265.700382       1177    104.757    10.0077   3.662932    33.4543  1026.2224    105.631     0.1273      0.799  0.000e+00
    294.250 265.700385       1178    105.013    10.0065   3.662913    33.4552  1026.2244    105.889     0.1253      0.974  0.000e+00
    294.500 265.700388       1179    105.287    10.0054   3.662880    33.4557  1026.2262    106.167     0.1195      1.070  0.000e+00
    294.750 265.700391       1180    105.521    10.0047   3.662880    33.4563  1026.2279    106.402     0.1183      1.025  0.000e+00
    295.000 265.700394       1181    105.739    10.0039   3.662880    33.4569  1026.2295    106.622     0.1051      0.911  0.000e+00
    295.250 265.700396       1182    105.931    10.0034   3.662880    33.4573  1026.2308    106.815     0.1150      0.827  0.000e+00
    295.500 265.700399       1183    106.080    10.0029   3.662966    33.4586  1026.2325    106.966     0.1096      0.687  0.000e+00
    295.750 265.700402       1184    106.186    10.0031   3.662946    33.4581  1026.2326    107.073     0.1178      0.516  0.000e+00
    296.000 265.700405       1185    106.246    10.0030   3.663045    33.4592  1026.2337    107.133     0.1306      0.335  0.000e+00
    296.250 265.700408       1186    106.266    10.0035   3.663078    33.4591  1026.2336    107.154     0.1183      0.161  0.000e+00
    296.500 265.700411       1187    106.267    10.0042   3.663045    33.4580  1026.2327    107.155     0.1277      0.043  0.000e+00
    296.750 265.700414       1188    106.270    10.0044   3.662979    33.4573  1026.2321    107.158     0.1232      0.009  0.000e+00
    297.000 265.700417       1189    106.305    10.0047   3.663005    33.4572  1026.2322    107.192     0.1240      0.075  0.000e+00
    297.250 265.700420       1190    106.386    10.0045   3.662913    33.4564  1026.2319    107.275     0.1183      0.234  0.000e+00
    297.500 265.700422       1191    106.556    10.0041   3.662880    33.4564  1026.2328    107.446     0.1113      0.507  0.000e+00
    297.750 265.700425       1192    106.778    10.0035   3.662847    33.4565  1026.2340    107.670     0.1125      0.791  0.000e+00
    298.000 265.700428       1193    107.016    10.0029   3.662880    33.4573  1026.2358    107.910     0.1133      0.928  0.000e+00
    298.250 265.700431       1194    107.302    10.0024   3.662881    33.4576  1026.2374    108.198     0.1249      1.055  0.000e+00
    298.500 265.700434       1195    107.556    10.0021   3.662900    33.4580  1026.2390    108.455     0.1211      1.089  0.000e+00
    298.750 265.700437       1196    107.778    10.0019   3.662848    33.4575  1026.2396    108.678     0.1302      0.960  0.000e+00
    299.000 265.700440       1197    107.963    10.0018   3.662848    33.4576  1026.2405    108.865     0.1273      0.821  0.000e+00
    299.250 265.700443       1198    108.112    10.0015   3.662947    33.4587  1026.2422    109.016     0.1129      0.675  0.000e+00
    299.500 265.700446       1199    108.203    10.0015   3.662947    33.4588  1026.2426    109.107     0.1170      0.483  0.000e+00
    299.750 265.700448       1200    108.250    10.0016   3.663045    33.4596  1026.2435    109.154     0.1261      0.277  0.000e+00
    300.000 265.700451       1201    108.268    10.0021   3.663006    33.4588  1026.2428    109.172     0.1063      0.131  0.000e+00
    300.250 265.700454       1202    108.280    10.0025   3.663111    33.4594  1026.2433    109.185     0.1071      0.062  0.000e+00
    300.500 265.700457       1203    108.316    10.0029   3.663078    33.4588  1026.2429    109.221     0.1121      0.097  0.000e+00
