Raw_Data/Cage/SBE19/2020-09-21_SBE19_005_020_processed.cnv
* Sea-Bird SBE19plus Data File:
* FileName = C:\cruises\2020_barkerboys\leg2\data\cage\SBE19\2020-09-25_SBE19_004_020.hex
* Software Version 1.59
* Temperature SN =  4881
* Conductivity SN =  4881
* System UpLoad Time = Sep 25 2020 12:39:38
* ds
* SeacatPlus V 1.5  SERIAL NO. 4881    25 Sep 2020  12:15:39
# nquan = 12
# nvalues = 2704                                  
# units = specified
# name 0 = timeS: Time, Elapsed [seconds]
# name 1 = timeJ: Julian Days
# name 2 = scan: Scan Count
# name 3 = depSM: Depth [salt water, m], lat = 44.00
# name 4 = tv290C: Temperature [ITS-90, deg C]
# name 5 = c0S/m: Conductivity [S/m]
# name 6 = sal00: Salinity, Practical [PSU]
# name 7 = density00: Density [density, kg/m^3]
# name 8 = prdM: Pressure, Strain Gauge [db]
# name 9 = wetStar: Fluorescence, WET Labs WETstar [mg/m^3]
# name 10 = dz/dtM: Descent Rate [m/s]
# name 11 = flag:  0.000e+00
# span 0 =      0.000,    675.750                 
# span 1 = 265.696979, 265.704800                 
# span 2 =          1,       2704                 
# span 3 =      0.144,    167.233                 
# span 4 =     9.8411,    13.4028                 
# span 5 =   0.050684,   3.877029                 
# span 6 =     0.3190,    33.5384                 
# span 7 =   999.5768,  1026.6009                 
# span 8 =      0.145,    168.655                 
# span 9 =     0.0948,     4.0981                 
# span 10 =     -1.441,      1.348                
# span 11 = 0.0000e+00, 0.0000e+00                
# interval = seconds: 0.25
# start_time = Sep 21 2020 16:43:39 [Instrument's time stamp, header]
# bad_flag = -9.990e-29
*END*
[from data line 722]
    180.500 265.699068        723     31.900    12.8832   3.834707    32.6022  1024.7031     32.161     1.7151      0.541  0.000e+00
    180.750 265.699071        724     31.994    12.8820   3.834587    32.6021  1024.7036     32.256     1.7510      0.436  0.000e+00
    181.000 265.699074        725     32.091    12.8813   3.834406    32.6010  1024.7034     32.353     1.7172      0.384  0.000e+00
    181.250 265.699077        726     32.215    12.8792   3.834479    32.6035  1024.7062     32.478     1.7386      0.445  0.000e+00
    181.500 265.699080        727     32.368    12.8772   3.834372    32.6041  1024.7078     32.633     1.7016      0.558  0.000e+00
    181.750 265.699083        728     32.546    12.8760   3.834232    32.6038  1024.7086     32.812     1.6793      0.668  0.000e+00
    182.000 265.699086        729     32.728    12.8741   3.833454    32.5979  1024.7052     32.995     1.6620      0.726  0.000e+00
    182.250 265.699089        730     32.891    12.8689   3.832925    32.5974  1024.7066     33.160     1.6793      0.696  0.000e+00
    182.500 265.699091        731     33.038    12.8618   3.832221    32.5967  1024.7081     33.308     1.6443      0.625  0.000e+00
    182.750 265.699094        732     33.150    12.8528   3.830915    32.5921  1024.7068     33.421     1.6138      0.522  0.000e+00
    183.000 265.699097        733     33.232    12.8403   3.830064    32.5947  1024.7117     33.503     1.6365      0.391  0.000e+00
    183.250 265.699100        734     33.295    12.8275   3.829642    32.6018  1024.7199     33.567     1.6398      0.292  0.000e+00
    183.500 265.699103        735     33.366    12.8162   3.828905    32.6045  1024.7245     33.639     1.6010      0.271  0.000e+00
    183.750 265.699106        736     33.467    12.8064   3.826682    32.5918  1024.7171     33.741     1.6393      0.348  0.000e+00
    184.000 265.699109        737     33.614    12.7883   3.817952    32.5246  1024.6692     33.889     1.5545      0.500  0.000e+00
    184.250 265.699112        738     33.810    12.7357   3.811491    32.5085  1024.6679     34.086     1.5553      0.692  0.000e+00
    184.500 265.699115        739     34.036    12.6632   3.809533    32.5523  1024.7169     34.314     1.4972      0.851  0.000e+00
    184.750 265.699117        740     34.286    12.6019   3.808478    32.5951  1024.7630     34.567     1.4881      0.960  0.000e+00
    185.000 265.699120        741     34.508    12.5601   3.807396    32.6209  1024.7921     34.790     1.4758      0.951  0.000e+00
    185.250 265.699123        742     34.682    12.5321   3.806307    32.6348  1024.8090     34.966     1.4156      0.799  0.000e+00
    185.500 265.699126        743     34.819    12.5115   3.806026    32.6499  1024.8253     35.103     1.4700      0.627  0.000e+00
    185.750 265.699129        744     34.907    12.4980   3.804416    32.6462  1024.8254     35.193     1.3575      0.453  0.000e+00
    186.000 265.699132        745     34.963    12.4837   3.804490    32.6593  1024.8386     35.248     1.3551      0.290  0.000e+00
    186.250 265.699135        746     35.003    12.4721   3.805399    32.6781  1024.8556     35.289     1.2224      0.193  0.000e+00
    186.500 265.699138        747     35.050    12.4699   3.804143    32.6679  1024.8483     35.337     1.1388      0.176  0.000e+00
    186.750 265.699141        748     35.122    12.4654   3.803174    32.6626  1024.8454     35.410     1.0852      0.241  0.000e+00
    187.000 265.699144        749     35.239    12.4564   3.801658    32.6559  1024.8424     35.528     1.0757      0.382  0.000e+00
    187.250 265.699146        750     35.401    12.4436   3.800469    32.6555  1024.8453     35.691     1.0267      0.563  0.000e+00
    187.500 265.699149        751     35.592    12.4285   3.798893    32.6535  1024.8475     35.883     0.9983      0.711  0.000e+00
    187.750 265.699152        752     35.805    12.4114   3.797778    32.6576  1024.8550     36.098     0.9872      0.814  0.000e+00
    188.000 265.699155        753     36.017    12.3935   3.794948    32.6460  1024.8503     36.312     0.9731      0.857  0.000e+00
    188.250 265.699158        754     36.231    12.3686   3.789643    32.6167  1024.8334     36.527     0.9818      0.859  0.000e+00
    188.500 265.699161        755     36.452    12.3266   3.782794    32.5875  1024.8197     36.750     0.9909      0.876  0.000e+00
    188.750 265.699164        756     36.652    12.2642   3.778836    32.6037  1024.8450     36.952     0.9707      0.848  0.000e+00
    189.000 265.699167        757     36.831    12.2005   3.776125    32.6331  1024.8807     37.132     0.9447      0.765  0.000e+00
    189.250 265.699170        758     36.996    12.1470   3.773388    32.6534  1024.9073     37.298     0.9925      0.694  0.000e+00
    189.500 265.699172        759     37.133    12.1029   3.772456    32.6829  1024.9391     37.437     0.9225      0.610  0.000e+00
    189.750 265.699175        760     37.255    12.0702   3.771205    32.6993  1024.9586     37.559     0.9509      0.522  0.000e+00
    190.000 265.699178        761     37.358    12.0462   3.770686    32.7153  1024.9760     37.664     0.9390      0.453  0.000e+00
    190.250 265.699181        762     37.451    12.0290   3.770134    32.7251  1024.9872     37.757     0.8990      0.395  0.000e+00
    190.500 265.699184        763     37.536    12.0170   3.770134    32.7356  1024.9980     37.843     0.8051      0.359  0.000e+00
    190.750 265.699187        764     37.639    12.0095   3.769821    32.7390  1025.0025     37.947     0.7704      0.380  0.000e+00
    191.000 265.699190        765     37.759    12.0044   3.769442    32.7398  1025.0046     38.068     0.7272      0.451  0.000e+00
    191.250 265.699193        766     37.905    11.9995   3.768943    32.7392  1025.0058     38.216     0.6959      0.537  0.000e+00
    191.500 265.699196        767     38.074    11.9948   3.768923    32.7431  1025.0104     38.385     0.6670      0.634  0.000e+00
    191.750 265.699198        768     38.262    11.9911   3.768783    32.7450  1025.0134     38.575     0.6563      0.720  0.000e+00
    192.000 265.699201        769     38.453    11.9881   3.768717    32.7468  1025.0163     38.768     0.6345      0.765  0.000e+00
    192.250 265.699204        770     38.642    11.9863   3.768643    32.7477  1025.0181     38.959     0.6267      0.767  0.000e+00
    192.500 265.699207        771     38.814    11.9850   3.768544    32.7477  1025.0192     39.132     0.6291      0.728  0.000e+00
    192.750 265.699210        772     38.957    11.9838   3.768198    32.7454  1025.0183     39.276     0.7008      0.634  0.000e+00
    193.000 265.699213        773     39.083    11.9806   3.766534    32.7320  1025.0090     39.403     0.6246      0.543  0.000e+00
    193.250 265.699216        774     39.198    11.9713   3.764844    32.7238  1025.0049     39.519     0.6427      0.488  0.000e+00
    193.500 265.699219        775     39.305    11.9560   3.764325    32.7322  1025.0148     39.627     0.6197      0.447  0.000e+00
    193.750 265.699222        776     39.409    11.9427   3.763181    32.7327  1025.0182     39.732     0.6819      0.425  0.000e+00
    194.000 265.699225        777     39.520    11.9294   3.762077    32.7337  1025.0219     39.844     0.6283      0.434  0.000e+00
    194.250 265.699227        778     39.626    11.9154   3.760733    32.7329  1025.0244     39.950     0.6094      0.436  0.000e+00
    194.500 265.699230        779     39.728    11.9004   3.759383    32.7329  1025.0277     40.053     0.6110      0.419  0.000e+00
    194.750 265.699233        780     39.828    11.8836   3.758247    32.7367  1025.0342     40.154     0.6604      0.408  0.000e+00
    195.000 265.699236        781     39.930    11.8672   3.757595    32.7448  1025.0440     40.257     0.6056      0.408  0.000e+00
    195.250 265.699239        782     40.045    11.8532   3.756937    32.7507  1025.0517     40.373     0.5727      0.438  0.000e+00
    195.500 265.699242        783     40.175    11.8420   3.756146    32.7527  1025.0560     40.504     0.5731      0.494  0.000e+00
    195.750 265.699245        784     40.316    11.8314   3.754903    32.7500  1025.0564     40.646     0.5719      0.546  0.000e+00
    196.000 265.699248        785     40.466    11.8181   3.751767    32.7311  1025.0449     40.797     0.5389      0.586  0.000e+00
    196.250 265.699251        786     40.621    11.7951   3.748605    32.7206  1025.0418     40.954     0.5418      0.616  0.000e+00
    196.500 265.699253        787     40.768    11.7607   3.748087    32.7458  1025.0684     41.102     0.5525      0.610  0.000e+00
    196.750 265.699256        788     40.904    11.7341   3.747815    32.7666  1025.0900     41.239     0.5303      0.569  0.000e+00
    197.000 265.699259        789     41.031    11.7172   3.746819    32.7718  1025.0978     41.368     0.5401      0.531  0.000e+00
    197.250 265.699262        790     41.161    11.7027   3.745857    32.7751  1025.1036     41.499     0.5294      0.520  0.000e+00
    197.500 265.699265        791     41.302    11.6888   3.744755    32.7766  1025.1079     41.640     0.5179      0.546  0.000e+00
    197.750 265.699268        792     41.458    11.6734   3.743553    32.7784  1025.1129     41.798     0.5092      0.599  0.000e+00
    198.000 265.699271        793     41.632    11.6570   3.741940    32.7771  1025.1157     41.973     0.4734      0.666  0.000e+00
    198.250 265.699274        794     41.815    11.6386   3.741011    32.7842  1025.1255     42.158     0.4821      0.720  0.000e+00
    198.500 265.699277        795     41.995    11.6211   3.740295    32.7926  1025.1360     42.339     0.4656      0.732  0.000e+00
    198.750 265.699280        796     42.172    11.6055   3.738888    32.7926  1025.1397     42.518     0.4726      0.720  0.000e+00
    199.000 265.699282        797     42.348    11.5895   3.737893    32.7970  1025.1469     42.695     0.4520      0.711  0.000e+00
    199.250 265.699285        798     42.516    11.5725   3.736388    32.7972  1025.1509     42.865     0.4553      0.694  0.000e+00
    199.500 265.699288        799     42.670    11.5540   3.735293    32.8029  1025.1594     43.019     0.4409      0.649  0.000e+00
    199.750 265.699291        800     42.830    11.5364   3.734809    32.8137  1025.1717     43.181     0.4553      0.633  0.000e+00
    200.000 265.699294        801     42.989    11.5225   3.733954    32.8176  1025.1780     43.341     0.4388      0.644  0.000e+00
    200.250 265.699297        802     43.148    11.5094   3.733172    32.8215  1025.1842     43.501     0.4277      0.640  0.000e+00
    200.500 265.699300        803     43.313    11.4961   3.732244    32.8241  1025.1894     43.668     0.4174      0.653  0.000e+00
    200.750 265.699303        804     43.489    11.4820   3.730977    32.8241  1025.1928     43.845     0.4100      0.687  0.000e+00
    201.000 265.699306        805     43.673    11.4652   3.729373    32.8232  1025.1960     44.031     0.4067      0.726  0.000e+00
    201.250 265.699308        806     43.857    11.4451   3.727969    32.8272  1025.2036     44.217     0.4231      0.743  0.000e+00
    201.500 265.699311        807     44.046    11.4229   3.726571    32.8331  1025.2131     44.407     0.3848      0.752  0.000e+00
    201.750 265.699314        808     44.226    11.4010   3.724934    32.8365  1025.2205     44.588     0.3832      0.743  0.000e+00
    202.000 265.699317        809     44.416    11.3776   3.724418    32.8522  1025.2378     44.781     0.3881      0.748  0.000e+00
    202.250 265.699320        810     44.597    11.3588   3.723908    32.8638  1025.2511     44.963     0.3803      0.750  0.000e+00
    202.500 265.699323        811     44.776    11.3451   3.723736    32.8743  1025.2625     45.144     0.3758      0.726  0.000e+00
    202.750 265.699326        812     44.949    11.3361   3.723637    32.8812  1025.2703     45.318     0.3679      0.709  0.000e+00
    203.000 265.699329        813     45.118    11.3305   3.723498    32.8848  1025.2749     45.488     0.3659      0.690  0.000e+00
    203.250 265.699332        814     45.278    11.3271   3.723365    32.8865  1025.2775     45.649     0.3564      0.664  0.000e+00
    203.500 265.699334        815     45.429    11.3245   3.722955    32.8846  1025.2772     45.802     0.3432      0.627  0.000e+00
    203.750 265.699337        816     45.581    11.3207   3.722339    32.8819  1025.2765     45.954     0.3926      0.610  0.000e+00
    204.000 265.699340        817     45.733    11.3142   3.720431    32.8689  1025.2682     46.108     0.3440      0.612  0.000e+00
    204.250 265.699343        818     45.905    11.2995   3.720087    32.8785  1025.2792     46.282     0.3276      0.655  0.000e+00
    204.500 265.699346        819     46.098    11.2850   3.719922    32.8897  1025.2914     46.476     0.3210      0.737  0.000e+00
    204.750 265.699349        820     46.302    11.2755   3.719445    32.8934  1025.2969     46.681     0.3444      0.799  0.000e+00
    205.000 265.699352        821     46.511    11.2675   3.719068    32.8967  1025.3019     46.893     0.3210      0.833  0.000e+00
    205.250 265.699355        822     46.721    11.2607   3.718969    32.9017  1025.3080     47.105     0.3374      0.846  0.000e+00
    205.500 265.699358        823     46.928    11.2555   3.719135    32.9079  1025.3147     47.313     0.3416      0.840  0.000e+00
    205.750 265.699361        824     47.127    11.2536   3.718916    32.9074  1025.3155     47.514     0.3350      0.818  0.000e+00
    206.000 265.699363        825     47.328    11.2515   3.718625    32.9064  1025.3160     47.717     0.3333      0.808  0.000e+00
    206.250 265.699366        826     47.536    11.2489   3.718691    32.9092  1025.3196     47.926     0.3094      0.825  0.000e+00
    206.500 265.699369        827     47.755    11.2474   3.718764    32.9112  1025.3224     48.147     0.3181      0.861  0.000e+00
    206.750 265.699372        828     47.953    11.2471   3.718592    32.9097  1025.3222     48.346     0.3836      0.840  0.000e+00
    207.000 265.699375        829     48.139    11.2463   3.718420    32.9086  1025.3223     48.534     0.3074      0.773  0.000e+00
    207.250 265.699378        830     48.293    11.2449   3.718420    32.9098  1025.3242     48.690     0.3119      0.687  0.000e+00
    207.500 265.699381        831     48.409    11.2431   3.718215    32.9093  1025.3247     48.807     0.3082      0.546  0.000e+00
    207.750 265.699384        832     48.495    11.2413   3.718083    32.9096  1025.3257     48.893     0.3160      0.406  0.000e+00
    208.000 265.699387        833     48.567    11.2391   3.717467    32.9055  1025.3232     48.966     0.3160      0.318  0.000e+00
    208.250 265.699389        834     48.646    11.2351   3.717540    32.9097  1025.3276     49.045     0.3255      0.305  0.000e+00
    208.500 265.699392        835     48.761    11.2317   3.717639    32.9137  1025.3318     49.161     0.3074      0.391  0.000e+00
    208.750 265.699395        836     48.935    11.2301   3.717335    32.9120  1025.3315     49.336     0.3061      0.582  0.000e+00
    209.000 265.699398        837     49.160    11.2279   3.716037    32.9011  1025.3245     49.564     0.2905      0.806  0.000e+00
    209.250 265.699401        838     49.416    11.2198   3.715429    32.9022  1025.3280     49.822     0.2950      0.971  0.000e+00
    209.500 265.699404        839     49.694    11.2090   3.714880    32.9063  1025.3344     50.102     0.2917      1.076  0.000e+00
    209.750 265.699407        840     49.906    11.1988   3.714271    32.9094  1025.3395     50.316     0.3045      0.988  0.000e+00
    210.000 265.699410        841     50.097    11.1890   3.714033    32.9157  1025.3471     50.508     0.3061      0.812  0.000e+00
    210.250 265.699413        842     50.244    11.1812   3.714033    32.9227  1025.3546     50.656     0.2995      0.681  0.000e+00
