Raw_Data/Cage/SBE19/2020-09-26_SBE19_008_040_processed.cnv
* Sea-Bird SBE19plus Data File:
* FileName = C:\cruises\2020_barkerboys\leg2\data\cage\SBE19\2020-09-25_SBE19_008_037040.hex
* Software Version 1.59
* Temperature SN =  4881
* Conductivity SN =  4881
* System UpLoad Time = Sep 26 2020 18:15:04
* ds
* SeacatPlus V 1.5  SERIAL NO. 4881    26 Sep 2020  18:11:53
# nquan = 12
# nvalues = 2447                                  
# units = specified
# name 0 = timeS: Time, Elapsed [seconds]
# name 1 = timeJ: Julian Days
# name 2 = scan: Scan Count
# name 3 = depSM: Depth [salt water, m], lat = 44.00
# name 4 = tv290C: Temperature [ITS-90, deg C]
# name 5 = c0S/m: Conductivity [S/m]
# name 6 = sal00: Salinity, Practical [PSU]
# name 7 = density00: Density [density, kg/m^3]
# name 8 = prdM: Pressure, Strain Gauge [db]
# name 9 = wetStar: Fluorescence, WET Labs WETstar [mg/m^3]
# name 10 = dz/dtM: Descent Rate [m/s]
# name 11 = flag:  0.000e+00
# span 0 =      0.000,    611.500                 
# span 1 = 270.591956, 270.599034                 
# span 2 =          1,       2447                 
# span 3 =     -0.000,    143.030                 
# span 4 =    10.3850,    12.6196                 
# span 5 =  -0.039747,   3.801503                 
# span 6 =     0.0000,    33.3239                 
# span 7 =   999.4262,  1026.2278                 
# span 8 =     -0.000,    144.238                 
# span 9 =     0.1628,     2.3101                 
# span 10 =     -1.300,      1.163                
# span 11 = 0.0000e+00, 0.0000e+00                
# interval = seconds: 0.25
# start_time = Sep 26 2020 14:12:25 [Instrument's time stamp, header]
# bad_flag = -9.990e-29
*END*
[from data line 963]
    240.750 270.594742        964     45.166    12.2457   3.776547    32.5943  1024.8799     45.537     1.0242      0.700  0.000e+00
    241.000 270.594745        965     45.351    12.2457   3.776581    32.5946  1024.8809     45.723     0.9575      0.728  0.000e+00
    241.250 270.594748        966     45.534    12.2459   3.776614    32.5947  1024.8818     45.907     1.2014      0.741  0.000e+00
    241.500 270.594751        967     45.708    12.2459   3.776581    32.5942  1024.8822     46.083     1.0189      0.720  0.000e+00
    241.750 270.594754        968     45.875    12.2461   3.776654    32.5947  1024.8833     46.252     0.9752      0.690  0.000e+00
    242.000 270.594757        969     46.034    12.2459   3.776581    32.5941  1024.8836     46.412     1.0485      0.657  0.000e+00
    242.250 270.594760        970     46.182    12.2457   3.776581    32.5942  1024.8844     46.561     1.0539      0.619  0.000e+00
    242.500 270.594763        971     46.322    12.2455   3.776568    32.5942  1024.8850     46.702     0.9361      0.580  0.000e+00
    242.750 270.594766        972     46.455    12.2456   3.776581    32.5942  1024.8856     46.836     1.0877      0.550  0.000e+00
    243.000 270.594769        973     46.584    12.2455   3.776614    32.5945  1024.8865     46.966     1.3431      0.528  0.000e+00
    243.250 270.594771        974     46.724    12.2455   3.776581    32.5942  1024.8869     47.108     1.0539      0.543  0.000e+00
    243.500 270.594774        975     46.884    12.2455   3.776615    32.5944  1024.8877     47.269     1.0094      0.606  0.000e+00
    243.750 270.594777        976     47.069    12.2457   3.776688    32.5949  1024.8890     47.456     0.9867      0.696  0.000e+00
    244.000 270.594780        977     47.289    12.2455   3.776688    32.5949  1024.8900     47.677     0.9171      0.816  0.000e+00
    244.250 270.594783        978     47.521    12.2459   3.776688    32.5945  1024.8906     47.911     1.2941      0.911  0.000e+00
    244.500 270.594786        979     47.749    12.2460   3.776721    32.5947  1024.8918     48.141     1.5236      0.928  0.000e+00
    244.750 270.594789        980     47.953    12.2460   3.776482    32.5923  1024.8909     48.347     1.1585      0.872  0.000e+00
    245.000 270.594792        981     48.123    12.2449   3.776369    32.5921  1024.8917     48.518     1.0564      0.754  0.000e+00
    245.250 270.594795        982     48.253    12.2430   3.776269    32.5927  1024.8931     48.649     0.8986      0.604  0.000e+00
    245.500 270.594797        983     48.360    12.2415   3.776269    32.5940  1024.8949     48.757     0.9076      0.479  0.000e+00
    245.750 270.594800        984     48.457    12.2407   3.776269    32.5946  1024.8960     48.855     0.8376      0.412  0.000e+00
    246.000 270.594803        985     48.569    12.2402   3.776269    32.5950  1024.8969     48.968     0.8895      0.421  0.000e+00
    246.250 270.594806        986     48.730    12.2400   3.776342    32.5958  1024.8983     49.130     0.8434      0.550  0.000e+00
    246.500 270.594809        987     48.946    12.2400   3.776236    32.5947  1024.8984     49.348     0.9797      0.760  0.000e+00
    246.750 270.594812        988     49.174    12.2396   3.776029    32.5930  1024.8981     49.578     0.8924      0.896  0.000e+00
    247.000 270.594815        989     49.404    12.2382   3.775923    32.5931  1024.8995     49.810     0.8813      0.924  0.000e+00
    247.250 270.594818        990     49.622    12.2364   3.775783    32.5932  1024.9010     50.030     0.9233      0.904  0.000e+00
    247.500 270.594821        991     49.805    12.2346   3.775716    32.5941  1024.9028     50.214     0.8401      0.808  0.000e+00
    247.750 270.594823        992     49.949    12.2331   3.775643    32.5946  1024.9042     50.360     0.9278      0.659  0.000e+00
    248.000 270.594826        993     50.063    12.2319   3.775543    32.5947  1024.9050     50.475     0.9134      0.522  0.000e+00
    248.250 270.594829        994     50.157    12.2309   3.775543    32.5955  1024.9062     50.569     1.0168      0.419  0.000e+00
    248.500 270.594832        995     50.255    12.2298   3.775610    32.5970  1024.9080     50.668     0.8978      0.387  0.000e+00
    248.750 270.594835        996     50.375    12.2294   3.775683    32.5981  1024.9095     50.789     0.9674      0.440  0.000e+00
    249.000 270.594838        997     50.549    12.2297   3.775577    32.5967  1024.9091     50.964     0.9649      0.593  0.000e+00
    249.250 270.594841        998     50.748    12.2292   3.775297    32.5944  1024.9083     51.165     0.9748      0.752  0.000e+00
    249.500 270.594844        999     50.956    12.2280   3.775297    32.5953  1024.9102     51.375     0.8912      0.821  0.000e+00
    249.750 270.594847       1000     51.163    12.2265   3.775024    32.5939  1024.9104     51.583     0.9542      0.836  0.000e+00
    250.000 270.594850       1001     51.359    12.2243   3.774918    32.5947  1024.9123     51.781     0.9591      0.812  0.000e+00
    250.250 270.594852       1002     51.541    12.2219   3.774918    32.5967  1024.9151     51.964     0.9649      0.763  0.000e+00
    250.500 270.594855       1003     51.704    12.2202   3.774918    32.5981  1024.9173     52.129     1.0485      0.696  0.000e+00
    250.750 270.594858       1004     51.853    12.2195   3.774818    32.5978  1024.9178     52.279     0.8792      0.629  0.000e+00
    251.000 270.594861       1005     51.990    12.2185   3.774851    32.5989  1024.9195     52.418     0.8837      0.578  0.000e+00
    251.250 270.594864       1006     52.131    12.2179   3.774572    32.5966  1024.9185     52.559     1.1866      0.561  0.000e+00
    251.500 270.594867       1007     52.278    12.2163   3.774086    32.5933  1024.9169     52.707     0.9093      0.580  0.000e+00
    251.750 270.594870       1008     52.439    12.2132   3.774019    32.5953  1024.9197     52.870     0.8759      0.621  0.000e+00
    252.000 270.594873       1009     52.615    12.2101   3.773846    32.5962  1024.9219     53.048     0.8784      0.681  0.000e+00
    252.250 270.594876       1010     52.808    12.2071   3.773566    32.5961  1024.9232     53.242     0.9311      0.745  0.000e+00
    252.500 270.594878       1011     53.013    12.2038   3.773360    32.5969  1024.9254     53.448     1.0440      0.801  0.000e+00
    252.750 270.594881       1012     53.217    12.2012   3.773427    32.5997  1024.9290     53.655     0.8796      0.825  0.000e+00
    253.000 270.594884       1013     53.410    12.1993   3.773334    32.6004  1024.9308     53.849     0.9970      0.801  0.000e+00
    253.250 270.594887       1014     53.590    12.1977   3.773121    32.5997  1024.9313     54.031     1.2298      0.752  0.000e+00
    253.500 270.594890       1015     53.748    12.1958   3.772908    32.5992  1024.9320     54.190     1.0473      0.681  0.000e+00
    253.750 270.594893       1016     53.883    12.1936   3.772668    32.5988  1024.9327     54.326     0.8829      0.591  0.000e+00
    254.000 270.594896       1017     54.015    12.1908   3.772388    32.5985  1024.9336     54.459     1.0016      0.539  0.000e+00
    254.250 270.594899       1018     54.159    12.1875   3.772808    32.6053  1024.9402     54.604     0.8376      0.556  0.000e+00
    254.500 270.594902       1019     54.328    12.1865   3.772388    32.6021  1024.9387     54.775     0.9039      0.632  0.000e+00
    254.750 270.594905       1020     54.524    12.1854   3.771869    32.5980  1024.9366     54.973     1.0939      0.737  0.000e+00
    255.000 270.594907       1021     54.736    12.1814   3.771803    32.6007  1024.9404     55.186     0.9653      0.823  0.000e+00
    255.250 270.594910       1022     54.938    12.1779   3.771556    32.6013  1024.9424     55.390     0.8982      0.835  0.000e+00
    255.500 270.594913       1023     55.118    12.1749   3.771457    32.6029  1024.9451     55.572     1.1812      0.771  0.000e+00
    255.750 270.594916       1024     55.268    12.1723   3.771284    32.6034  1024.9466     55.722     0.9418      0.664  0.000e+00
    256.000 270.594919       1025     55.387    12.1697   3.771190    32.6047  1024.9487     55.842     0.8875      0.541  0.000e+00
    256.250 270.594922       1026     55.483    12.1674   3.771077    32.6056  1024.9502     55.939     0.8780      0.434  0.000e+00
    256.500 270.594925       1027     55.584    12.1658   3.771177    32.6080  1024.9528     56.041     1.0906      0.397  0.000e+00
    256.750 270.594928       1028     55.707    12.1652   3.771211    32.6088  1024.9541     56.166     1.0152      0.453  0.000e+00
    257.000 270.594931       1029     55.891    12.1654   3.771177    32.6082  1024.9545     56.350     0.8302      0.619  0.000e+00
    257.250 270.594933       1030     56.093    12.1654   3.770625    32.6028  1024.9512     56.555     0.8450      0.778  0.000e+00
    257.500 270.594936       1031     56.301    12.1624   3.770312    32.6023  1024.9523     56.764     0.8520      0.827  0.000e+00
    257.750 270.594939       1032     56.497    12.1582   3.769899    32.6019  1024.9537     56.962     1.2195      0.814  0.000e+00
    258.000 270.594942       1033     56.677    12.1531   3.769760    32.6049  1024.9578     57.143     1.3118      0.758  0.000e+00
    258.250 270.594945       1034     56.832    12.1488   3.769687    32.6079  1024.9616     57.300     0.8714      0.677  0.000e+00
    258.500 270.594948       1035     56.978    12.1460   3.769620    32.6097  1024.9642     57.447     0.8397      0.608  0.000e+00
    258.750 270.594951       1036     57.122    12.1441   3.769727    32.6123  1024.9672     57.592     0.7564      0.584  0.000e+00
    259.000 270.594954       1037     57.283    12.1435   3.769640    32.6119  1024.9678     57.754     0.7659      0.614  0.000e+00
    259.250 270.594957       1038     57.455    12.1426   3.769654    32.6127  1024.9694     57.928     0.7503      0.672  0.000e+00
    259.500 270.594959       1039     57.641    12.1416   3.769554    32.6126  1024.9703     58.115     0.7882      0.722  0.000e+00
    259.750 270.594962       1040     57.830    12.1410   3.769514    32.6126  1024.9713     58.306     0.7144      0.756  0.000e+00
    260.000 270.594965       1041     58.006    12.1405   3.769587    32.6137  1024.9730     58.484     0.7231      0.737  0.000e+00
    260.250 270.594968       1042     58.167    12.1397   3.769341    32.6119  1024.9725     58.646     0.8285      0.679  0.000e+00
    260.500 270.594971       1043     58.307    12.1381   3.769274    32.6127  1024.9741     58.787     1.3217      0.608  0.000e+00
    260.750 270.594974       1044     58.443    12.1366   3.769068    32.6119  1024.9744     58.924     0.8846      0.556  0.000e+00
    261.000 270.594977       1045     58.585    12.1348   3.768895    32.6118  1024.9752     59.068     0.7601      0.561  0.000e+00
    261.250 270.594980       1046     58.756    12.1319   3.768516    32.6106  1024.9756     59.240     1.2084      0.632  0.000e+00
    261.500 270.594983       1047     58.953    12.1280   3.767857    32.6076  1024.9749     59.438     1.1248      0.741  0.000e+00
    261.750 270.594986       1048     59.163    12.1210   3.767444    32.6096  1024.9788     59.650     0.7478      0.821  0.000e+00
    262.000 270.594988       1049     59.362    12.1137   3.767578    32.6172  1024.9869     59.851     0.6938      0.825  0.000e+00
    262.250 270.594991       1050     59.538    12.1096   3.767205    32.6171  1024.9884     60.028     0.8170      0.756  0.000e+00
    262.500 270.594994       1051     59.688    12.1058   3.767232    32.6206  1024.9926     60.179     0.7416      0.657  0.000e+00
    262.750 270.594997       1052     59.807    12.1034   3.767199    32.6223  1024.9949     60.300     0.9270      0.543  0.000e+00
    263.000 270.595000       1053     59.915    12.1017   3.767059    32.6224  1024.9958     60.408     0.8982      0.457  0.000e+00
    263.250 270.595003       1054     60.029    12.0999   3.767305    32.6263  1024.9996     60.523     0.9414      0.447  0.000e+00
    263.500 270.595006       1055     60.170    12.1004   3.767445    32.6272  1025.0008     60.666     0.6946      0.516  0.000e+00
    263.750 270.595009       1056     60.347    12.1014   3.767099    32.6229  1024.9981     60.844     1.2183      0.642  0.000e+00
    264.000 270.595012       1057     60.529    12.1006   3.766820    32.6208  1024.9975     61.028     0.8549      0.724  0.000e+00
    264.250 270.595014       1058     60.719    12.0981   3.766926    32.6239  1025.0012     61.219     0.7255      0.750  0.000e+00
    264.500 270.595017       1059     60.900    12.0963   3.766474    32.6210  1025.0002     61.402     0.8046      0.748  0.000e+00
    264.750 270.595020       1060     61.072    12.0933   3.765815    32.6172  1024.9986     61.576     0.7371      0.713  0.000e+00
    265.000 270.595023       1061     61.226    12.0874   3.765542    32.6198  1025.0023     61.730     0.7787      0.657  0.000e+00
    265.250 270.595026       1062     61.370    12.0812   3.765403    32.6237  1025.0072     61.875     0.8281      0.599  0.000e+00
    265.500 270.595029       1063     61.510    12.0767   3.765323    32.6269  1025.0112     62.017     0.8928      0.573  0.000e+00
    265.750 270.595032       1064     61.650    12.0740   3.765370    32.6296  1025.0144     62.158     0.7445      0.565  0.000e+00
    266.000 270.595035       1065     61.794    12.0727   3.765436    32.6313  1025.0166     62.303     0.6835      0.571  0.000e+00
    266.250 270.595038       1066     61.934    12.0720   3.765297    32.6305  1025.0167     62.445     0.7202      0.574  0.000e+00
    266.500 270.595041       1067     62.077    12.0710   3.765403    32.6323  1025.0190     62.589     0.6765      0.571  0.000e+00
    266.750 270.595043       1068     62.216    12.0704   3.764991    32.6288  1025.0170     62.729     0.6604      0.569  0.000e+00
    267.000 270.595046       1069     62.371    12.0681   3.764711    32.6281  1025.0176     62.885     0.6996      0.593  0.000e+00
    267.250 270.595049       1070     62.520    12.0648   3.764711    32.6309  1025.0211     63.035     0.6815      0.612  0.000e+00
    267.500 270.595052       1071     62.681    12.0626   3.764299    32.6288  1025.0206     63.198     0.7045      0.625  0.000e+00
    267.750 270.595055       1072     62.855    12.0586   3.763880    32.6281  1025.0216     63.374     0.6106      0.677  0.000e+00
    268.000 270.595058       1073     63.035    12.0533   3.763880    32.6327  1025.0270     63.555     0.6217      0.715  0.000e+00
    268.250 270.595061       1074     63.215    12.0499   3.763913    32.6359  1025.0309     63.737     1.3423      0.726  0.000e+00
    268.500 270.595064       1075     63.389    12.0485   3.763953    32.6374  1025.0332     63.912     0.7634      0.713  0.000e+00
    268.750 270.595067       1076     63.553    12.0478   3.763780    32.6364  1025.0332     64.077     0.6860      0.681  0.000e+00
    269.000 270.595069       1077     63.701    12.0460   3.763122    32.6315  1025.0304     64.227     0.6530      0.629  0.000e+00
    269.250 270.595072       1078     63.845    12.0410   3.762530    32.6301  1025.0310     64.372     0.6864      0.589  0.000e+00
    269.500 270.595075       1079     63.979    12.0327   3.762710    32.6390  1025.0401     64.507     0.6497      0.561  0.000e+00
    269.750 270.595078       1080     64.113    12.0280   3.763122    32.6471  1025.0478     64.642     0.6143      0.541  0.000e+00
    270.000 270.595081       1081     64.266    12.0285   3.762397    32.6395  1025.0425     64.796     0.7058      0.578  0.000e+00
    270.250 270.595084       1082     64.427    12.0256   3.762464    32.6427  1025.0463     64.958     0.8570      0.632  0.000e+00
