Raw_Data/Cage/SBE19/2020-09-24_SBE19_006_023_processed.cnv
* Sea-Bird SBE19plus Data File:
* FileName = C:\cruises\2020_barkerboys\leg2\data\cage\SBE19\2020-09-25_SBE19_004_023.hex
* Software Version 1.59
* Temperature SN =  4881
* Conductivity SN =  4881
* System UpLoad Time = Sep 25 2020 12:43:06
* ds
* SeacatPlus V 1.5  SERIAL NO. 4881    25 Sep 2020  12:15:39
# nquan = 12
# nvalues = 2632                                  
# units = specified
# name 0 = timeS: Time, Elapsed [seconds]
# name 1 = timeJ: Julian Days
# name 2 = scan: Scan Count
# name 3 = depSM: Depth [salt water, m], lat = 44.00
# name 4 = tv290C: Temperature [ITS-90, deg C]
# name 5 = c0S/m: Conductivity [S/m]
# name 6 = sal00: Salinity, Practical [PSU]
# name 7 = density00: Density [density, kg/m^3]
# name 8 = prdM: Pressure, Strain Gauge [db]
# name 9 = wetStar: Fluorescence, WET Labs WETstar [mg/m^3]
# name 10 = dz/dtM: Descent Rate [m/s]
# name 11 = flag:  0.000e+00
# span 0 =      0.000,    657.750                 
# span 1 = 268.623993, 268.631606                 
# span 2 =          1,       2632                 
# span 3 =     -0.090,    183.168                 
# span 4 =     9.6774,    16.4034                 
# span 5 =   0.002640,   3.909093                 
# span 6 =     0.0197,    33.6216                 
# span 7 =   998.8928,  1026.7658                 
# span 8 =     -0.090,    184.733                 
# span 9 =     0.1080,     3.3710                 
# span 10 =     -1.380,      1.154                
# span 11 = 0.0000e+00, 0.0000e+00                
# interval = seconds: 0.25
# start_time = Sep 24 2020 14:58:33 [Instrument's time stamp, header]
# bad_flag = -9.990e-29
*END*
[from data line 963]
    240.750 268.626780        964     81.098    10.5549   3.687255    33.2081  1025.8282     81.770     0.1356      1.057  0.000e+00
    241.000 268.626782        965     81.333    10.5499   3.687156    33.2115  1025.8329     82.007     0.1994      0.997  0.000e+00
    241.250 268.626785        966     81.551    10.5461   3.687017    33.2135  1025.8361     82.228     0.1685      0.915  0.000e+00
    241.500 268.626788        967     81.755    10.5426   3.686787    33.2143  1025.8382     82.433     0.1409      0.851  0.000e+00
    241.750 268.626791        968     81.942    10.5394   3.686787    33.2171  1025.8418     82.622     0.1269      0.788  0.000e+00
    242.000 268.626794        969     82.125    10.5368   3.686648    33.2181  1025.8438     82.806     0.1590      0.748  0.000e+00
    242.250 268.626797        970     82.307    10.5346   3.686549    33.2190  1025.8458     82.989     0.1438      0.735  0.000e+00
    242.500 268.626800        971     82.494    10.5324   3.686312    33.2185  1025.8466     83.178     0.1277      0.743  0.000e+00
    242.750 268.626803        972     82.684    10.5294   3.685975    33.2178  1025.8475     83.369     0.1656      0.761  0.000e+00
    243.000 268.626806        973     82.885    10.5253   3.685877    33.2205  1025.8512     83.573     0.2625      0.789  0.000e+00
    243.250 268.626808        974     83.097    10.5216   3.685837    33.2233  1025.8550     83.786     0.1681      0.834  0.000e+00
    243.500 268.626811        975     83.315    10.5194   3.685804    33.2249  1025.8576     84.006     0.1685      0.868  0.000e+00
    243.750 268.626814        976     83.536    10.5176   3.685771    33.2261  1025.8599     84.229     0.2105      0.885  0.000e+00
    244.000 268.626817        977     83.746    10.5167   3.685706    33.2262  1025.8611     84.441     0.1455      0.868  0.000e+00
    244.250 268.626820        978     83.951    10.5160   3.685758    33.2272  1025.8629     84.648     0.1475      0.838  0.000e+00
    244.500 268.626823        979     84.147    10.5153   3.685673    33.2270  1025.8637     84.846     0.1632      0.810  0.000e+00
    244.750 268.626826        980     84.335    10.5148   3.685772    33.2283  1025.8657     85.035     0.1405      0.774  0.000e+00
    245.000 268.626829        981     84.519    10.5141   3.685673    33.2279  1025.8663     85.220     0.2641      0.750  0.000e+00
    245.250 268.626832        982     84.702    10.5133   3.685673    33.2286  1025.8679     85.405     0.1492      0.741  0.000e+00
    245.500 268.626834        983     84.887    10.5117   3.685369    33.2269  1025.8677     85.591     0.1240      0.741  0.000e+00
    245.750 268.626837        984     85.079    10.5086   3.685231    33.2282  1025.8701     85.786     0.1244      0.761  0.000e+00
    246.000 268.626840        985     85.283    10.5050   3.684928    33.2284  1025.8718     85.991     0.2114      0.799  0.000e+00
    246.250 268.626843        986     85.500    10.4999   3.684222    33.2258  1025.8717     86.210     0.1512      0.849  0.000e+00
    246.500 268.626846        987     85.732    10.4920   3.683813    33.2288  1025.8765     86.444     0.1273      0.907  0.000e+00
    246.750 268.626849        988     85.979    10.4835   3.683582    33.2342  1025.8832     86.693     0.1640      0.967  0.000e+00
    247.000 268.626852        989     86.227    10.4760   3.683345    33.2385  1025.8890     86.943     0.1150      0.997  0.000e+00
    247.250 268.626855        990     86.468    10.4694   3.683115    33.2421  1025.8941     87.186     0.1335      0.986  0.000e+00
    247.500 268.626858        991     86.705    10.4620   3.682877    33.2463  1025.8998     87.425     0.1347      0.965  0.000e+00
    247.750 268.626861        992     86.933    10.4537   3.682877    33.2539  1025.9081     87.655     0.1380      0.937  0.000e+00
    248.000 268.626863        993     87.148    10.4464   3.682878    33.2604  1025.9155     87.872     0.1533      0.894  0.000e+00
    248.250 268.626866        994     87.351    10.4400   3.682574    33.2631  1025.9196     88.077     0.1220      0.844  0.000e+00
    248.500 268.626869        995     87.546    10.4327   3.682284    33.2668  1025.9246     88.274     0.1232      0.804  0.000e+00
    248.750 268.626872        996     87.730    10.4250   3.682100    33.2719  1025.9308     88.458     0.1158      0.763  0.000e+00
    249.000 268.626875        997     87.909    10.4179   3.681902    33.2764  1025.9363     88.639     0.1286      0.730  0.000e+00
    249.250 268.626878        998     88.083    10.4125   3.681902    33.2812  1025.9418     88.815     0.1430      0.713  0.000e+00
    249.500 268.626881        999     88.263    10.4093   3.682034    33.2854  1025.9465     88.997     0.1368      0.716  0.000e+00
    249.750 268.626884       1000     88.449    10.4076   3.682034    33.2869  1025.9488     89.184     0.1442      0.737  0.000e+00
    250.000 268.626887       1001     88.640    10.4068   3.682001    33.2872  1025.9500     89.377     0.1566      0.761  0.000e+00
    250.250 268.626889       1002     88.840    10.4063   3.682067    33.2882  1025.9518     89.578     0.1796      0.789  0.000e+00
    250.500 268.626892       1003     89.047    10.4063   3.682067    33.2881  1025.9526     89.787     0.1817      0.821  0.000e+00
    250.750 268.626895       1004     89.257    10.4061   3.681791    33.2854  1025.9515     89.999     0.1479      0.842  0.000e+00
    251.000 268.626898       1005     89.463    10.4038   3.681599    33.2855  1025.9529     90.206     0.1693      0.838  0.000e+00
    251.250 268.626901       1006     89.669    10.4007   3.681534    33.2876  1025.9560     90.415     0.1327      0.832  0.000e+00
    251.500 268.626904       1007     89.876    10.3978   3.681329    33.2881  1025.9579     90.623     0.2002      0.834  0.000e+00
    251.750 268.626907       1008     90.083    10.3945   3.681125    33.2890  1025.9601     90.832     0.1508      0.834  0.000e+00
    252.000 268.626910       1009     90.295    10.3898   3.680960    33.2915  1025.9639     91.045     0.1479      0.844  0.000e+00
    252.250 268.626913       1010     90.501    10.3852   3.680723    33.2933  1025.9670     91.254     0.1516      0.844  0.000e+00
    252.500 268.626916       1011     90.709    10.3802   3.680321    33.2937  1025.9691     91.463     0.1710      0.836  0.000e+00
    252.750 268.626918       1012     90.911    10.3741   3.680090    33.2968  1025.9735     91.667     0.1607      0.827  0.000e+00
    253.000 268.626921       1013     91.106    10.3683   3.679985    33.3011  1025.9787     91.864     0.1578      0.801  0.000e+00
    253.250 268.626924       1014     91.305    10.3636   3.679748    33.3029  1025.9819     92.064     0.1492      0.793  0.000e+00
    253.500 268.626927       1015     91.509    10.3592   3.679510    33.3044  1025.9847     92.270     0.2447      0.812  0.000e+00
    253.750 268.626930       1016     91.722    10.3552   3.679478    33.3077  1025.9890     92.485     0.1632      0.842  0.000e+00
    254.000 268.626933       1017     91.944    10.3521   3.679412    33.3097  1025.9921     92.708     0.1446      0.877  0.000e+00
    254.250 268.626936       1018     92.175    10.3499   3.679174    33.3093  1025.9932     92.942     0.1611      0.913  0.000e+00
    254.500 268.626939       1019     92.395    10.3474   3.678805    33.3077  1025.9934     93.164     0.1924      0.911  0.000e+00
    254.750 268.626942       1020     92.611    10.3429   3.678535    33.3091  1025.9962     93.381     0.1516      0.879  0.000e+00
    255.000 268.626944       1021     92.815    10.3383   3.678608    33.3139  1026.0017     93.587     0.1426      0.847  0.000e+00
    255.250 268.626947       1022     93.000    10.3350   3.678535    33.3161  1026.0048     93.774     0.1442      0.786  0.000e+00
    255.500 268.626950       1023     93.178    10.3328   3.678503    33.3177  1026.0073     93.954     0.1364      0.733  0.000e+00
    255.750 268.626953       1024     93.361    10.3315   3.678437    33.3182  1026.0087     94.137     0.1545      0.726  0.000e+00
    256.000 268.626956       1025     93.548    10.3305   3.678272    33.3173  1026.0090     94.326     0.1533      0.746  0.000e+00
    256.250 268.626959       1026     93.732    10.3284   3.677699    33.3134  1026.0072     94.512     0.1430      0.750  0.000e+00
    256.500 268.626962       1027     93.912    10.3224   3.677547    33.3172  1026.0121     94.694     0.1376      0.735  0.000e+00
    256.750 268.626965       1028     94.078    10.3158   3.677600    33.3238  1026.0191     94.861     0.1413      0.698  0.000e+00
    257.000 268.626968       1029     94.229    10.3117   3.677765    33.3291  1026.0246     95.013     0.1467      0.638  0.000e+00
    257.250 268.626970       1030     94.371    10.3111   3.678002    33.3320  1026.0276     95.157     0.1846      0.591  0.000e+00
    257.500 268.626973       1031     94.525    10.3131   3.677897    33.3290  1026.0257     95.312     0.1776      0.597  0.000e+00
    257.750 268.626976       1032     94.701    10.3147   3.677936    33.3279  1026.0253     95.489     0.1500      0.664  0.000e+00
    258.000 268.626979       1033     94.895    10.3155   3.677864    33.3264  1026.0248     95.685     0.1281      0.748  0.000e+00
    258.250 268.626982       1034     95.097    10.3150   3.677732    33.3254  1026.0251     95.888     0.1405      0.799  0.000e+00
    258.500 268.626985       1035     95.317    10.3138   3.677192    33.3210  1026.0229     96.111     0.2493      0.851  0.000e+00
    258.750 268.626988       1036     95.553    10.3091   3.676928    33.3226  1026.0260     96.348     0.2093      0.920  0.000e+00
    259.000 268.626991       1037     95.787    10.3023   3.676928    33.3287  1026.0330     96.585     0.1298      0.948  0.000e+00
    259.250 268.626994       1038     96.017    10.2983   3.676553    33.3284  1026.0345     96.817     0.2176      0.937  0.000e+00
    259.500 268.626997       1039     96.247    10.2936   3.676217    33.3293  1026.0370     97.049     0.1376      0.928  0.000e+00
    259.750 268.626999       1040     96.462    10.2870   3.675986    33.3329  1026.0420     97.266     0.1339      0.898  0.000e+00
    260.000 268.627002       1041     96.656    10.2815   3.676085    33.3389  1026.0485     97.461     0.1331      0.825  0.000e+00
    260.250 268.627005       1042     96.830    10.2777   3.676118    33.3426  1026.0528     97.636     0.1434      0.741  0.000e+00
    260.500 268.627008       1043     96.982    10.2758   3.676197    33.3451  1026.0558     97.790     0.1850      0.658  0.000e+00
    260.750 268.627011       1044     97.114    10.2753   3.676184    33.3453  1026.0566     97.923     0.1426      0.574  0.000e+00
    261.000 268.627014       1045     97.229    10.2757   3.676290    33.3460  1026.0576     98.039     0.1389      0.498  0.000e+00
    261.250 268.627017       1046     97.347    10.2767   3.676356    33.3457  1026.0578     98.158     0.1661      0.468  0.000e+00
    261.500 268.627020       1047     97.483    10.2778   3.676521    33.3463  1026.0587     98.295     0.1290      0.511  0.000e+00
    261.750 268.627023       1048     97.643    10.2786   3.676422    33.3444  1026.0578     98.456     0.1265      0.597  0.000e+00
    262.000 268.627025       1049     97.840    10.2791   3.676257    33.3422  1026.0569     98.655     0.1545      0.720  0.000e+00
    262.250 268.627028       1050     98.050    10.2784   3.676165    33.3419  1026.0577     98.867     0.1343      0.821  0.000e+00
    262.500 268.627031       1051     98.277    10.2771   3.676185    33.3432  1026.0600     99.095     0.1265      0.881  0.000e+00
    262.750 268.627034       1052     98.511    10.2761   3.676119    33.3433  1026.0613     99.332     0.1376      0.930  0.000e+00
    263.000 268.627037       1053     98.736    10.2755   3.676053    33.3431  1026.0623     99.558     0.1471      0.926  0.000e+00
    263.250 268.627040       1054     98.953    10.2742   3.675849    33.3422  1026.0628     99.778     0.1298      0.892  0.000e+00
    263.500 268.627043       1055     99.151    10.2721   3.675783    33.3433  1026.0649     99.977     0.1508      0.838  0.000e+00
    263.750 268.627046       1056     99.330    10.2697   3.675783    33.3455  1026.0679    100.158     0.1628      0.761  0.000e+00
    264.000 268.627049       1057     99.488    10.2679   3.675810    33.3473  1026.0703    100.317     0.1479      0.679  0.000e+00
    264.250 268.627052       1058     99.626    10.2673   3.675955    33.3493  1026.0726    100.457     0.1529      0.597  0.000e+00
    264.500 268.627054       1059     99.750    10.2671   3.675816    33.3480  1026.0722    100.581     0.1347      0.529  0.000e+00
    264.750 268.627057       1060     99.879    10.2674   3.675988    33.3493  1026.0738    100.711     0.1302      0.509  0.000e+00
    265.000 268.627060       1061    100.037    10.2677   3.675955    33.3487  1026.0739    100.871     0.1319      0.580  0.000e+00
    265.250 268.627063       1062    100.209    10.2674   3.675849    33.3478  1026.0741    101.044     0.1286      0.666  0.000e+00
    265.500 268.627066       1063    100.396    10.2662   3.675751    33.3479  1026.0752    101.233     0.1393      0.724  0.000e+00
    265.750 268.627069       1064    100.585    10.2641   3.675619    33.3484  1026.0768    101.424     0.1632      0.758  0.000e+00
    266.000 268.627072       1065    100.776    10.2611   3.675705    33.3519  1026.0809    101.616     0.2118      0.765  0.000e+00
    266.250 268.627075       1066    100.967    10.2591   3.675652    33.3531  1026.0831    101.809     0.1483      0.771  0.000e+00
    266.500 268.627078       1067    101.149    10.2577   3.675718    33.3550  1026.0857    101.993     0.1277      0.754  0.000e+00
    266.750 268.627080       1068    101.318    10.2570   3.675685    33.3553  1026.0867    102.163     0.1397      0.707  0.000e+00
    267.000 268.627083       1069    101.473    10.2566   3.675751    33.3562  1026.0883    102.320     0.1479      0.653  0.000e+00
    267.250 268.627086       1070    101.618    10.2567   3.675751    33.3561  1026.0888    102.466     0.1405      0.606  0.000e+00
    267.500 268.627089       1071    101.753    10.2574   3.675784    33.3557  1026.0890    102.602     0.1228      0.565  0.000e+00
    267.750 268.627092       1072    101.899    10.2582   3.675850    33.3555  1026.0894    102.749     0.1397      0.567  0.000e+00
    268.000 268.627095       1073    102.080    10.2588   3.675817    33.3546  1026.0894    102.932     0.1232      0.660  0.000e+00
    268.250 268.627098       1074    102.265    10.2582   3.675547    33.3523  1026.0886    103.118     0.2031      0.737  0.000e+00
    268.500 268.627101       1075    102.459    10.2555   3.675284    33.3520  1026.0897    103.313     0.1343      0.763  0.000e+00
    268.750 268.627104       1076    102.650    10.2514   3.675251    33.3554  1026.0939    103.507     0.1553      0.778  0.000e+00
    269.000 268.627106       1077    102.841    10.2474   3.675047    33.3570  1026.0967    103.699     0.1339      0.771  0.000e+00
    269.250 268.627109       1078    103.022    10.2439   3.674981    33.3594  1026.1000    103.882     0.1269      0.750  0.000e+00
    269.500 268.627112       1079    103.200    10.2407   3.675014    33.3626  1026.1039    104.061     0.1339      0.724  0.000e+00
    269.750 268.627115       1080    103.369    10.2392   3.675001    33.3637  1026.1058    104.232     0.1834      0.701  0.000e+00
    270.000 268.627118       1081    103.543    10.2387   3.674810    33.3622  1026.1055    104.407     0.1648      0.692  0.000e+00
    270.250 268.627121       1082    103.710    10.2371   3.674711    33.3627  1026.1069    104.576     0.1656      0.688  0.000e+00
