Raw_Data/Cage/SBE19/2020-09-26_SBE19_008_040_processed.cnv
* Sea-Bird SBE19plus Data File:
* FileName = C:\cruises\2020_barkerboys\leg2\data\cage\SBE19\2020-09-25_SBE19_008_037040.hex
* Software Version 1.59
* Temperature SN =  4881
* Conductivity SN =  4881
* System UpLoad Time = Sep 26 2020 18:15:04
* ds
* SeacatPlus V 1.5  SERIAL NO. 4881    26 Sep 2020  18:11:53
# nquan = 12
# nvalues = 2447                                  
# units = specified
# name 0 = timeS: Time, Elapsed [seconds]
# name 1 = timeJ: Julian Days
# name 2 = scan: Scan Count
# name 3 = depSM: Depth [salt water, m], lat = 44.00
# name 4 = tv290C: Temperature [ITS-90, deg C]
# name 5 = c0S/m: Conductivity [S/m]
# name 6 = sal00: Salinity, Practical [PSU]
# name 7 = density00: Density [density, kg/m^3]
# name 8 = prdM: Pressure, Strain Gauge [db]
# name 9 = wetStar: Fluorescence, WET Labs WETstar [mg/m^3]
# name 10 = dz/dtM: Descent Rate [m/s]
# name 11 = flag:  0.000e+00
# span 0 =      0.000,    611.500                 
# span 1 = 270.591956, 270.599034                 
# span 2 =          1,       2447                 
# span 3 =     -0.000,    143.030                 
# span 4 =    10.3850,    12.6196                 
# span 5 =  -0.039747,   3.801503                 
# span 6 =     0.0000,    33.3239                 
# span 7 =   999.4262,  1026.2278                 
# span 8 =     -0.000,    144.238                 
# span 9 =     0.1628,     2.3101                 
# span 10 =     -1.300,      1.163                
# span 11 = 0.0000e+00, 0.0000e+00                
# interval = seconds: 0.25
# start_time = Sep 26 2020 14:12:25 [Instrument's time stamp, header]
# bad_flag = -9.990e-29
*END*
[from data line 121]
     30.250 270.592306        122      0.003    12.5975   0.051366     0.3300   999.6865      0.003     0.1846      0.000  0.000e+00
     30.500 270.592309        123      0.002    12.5974   0.051350     0.3299   999.6865      0.002     0.1834     -0.002  0.000e+00
     30.750 270.592312        124      0.002    12.5976   0.051385     0.3301   999.6866      0.002     0.1813     -0.002  0.000e+00
     31.000 270.592315        125      0.003    12.5978   0.051441     0.3305   999.6869      0.003     0.1792      0.002  0.000e+00
     31.250 270.592318        126      0.003    12.5979   0.051494     0.3308   999.6872      0.003     0.1809      0.002  0.000e+00
     31.500 270.592321        127      0.003    12.5981   0.051516     0.3310   999.6873      0.003     0.1780 2.9606e-16  0.000e+00
     31.750 270.592323        128      0.003    12.5981   0.051494     0.3308   999.6871      0.003     0.1846     -0.000  0.000e+00
     32.000 270.592326        129      0.005    12.5983   0.051410     0.3302   999.6867      0.005     0.1846      0.004  0.000e+00
     32.250 270.592329        130      0.005    12.5983   0.051309     0.3296   999.6862      0.005     0.1805      0.004  0.000e+00
     32.500 270.592332        131      0.003    12.5983   0.051237     0.3291   999.6858      0.003     0.1792     -0.004  0.000e+00
     32.750 270.592335        132      0.003    12.5983   0.051190     0.3288   999.6855      0.003     0.1854     -0.004  0.000e+00
     33.000 270.592338        133      0.003    12.5986   0.051171     0.3287   999.6854      0.003     0.1834      0.000  0.000e+00
     33.250 270.592341        134      0.002    12.5986   0.051199     0.3288   999.6855      0.002     0.1846     -0.002  0.000e+00
     33.500 270.592344        135      0.004    12.5989   0.051246     0.3292   999.6858      0.004     0.1817      0.002  0.000e+00
     33.750 270.592347        136      0.002    12.5988   0.051309     0.3296   999.6861      0.002     0.1817     -0.000  0.000e+00
     34.000 270.592350        137      0.003    12.5988   0.051350     0.3298   999.6863      0.003     0.1821     -0.002  0.000e+00
     34.250 270.592352        138      0.003    12.5989   0.051337     0.3298   999.6862      0.003     0.1829      0.002  0.000e+00
     34.500 270.592355        139      0.003    12.5991   0.051278     0.3294   999.6859      0.003     0.1829     -0.000  0.000e+00
     34.750 270.592358        140      0.001    12.5993   0.051190     0.3288   999.6854      0.001     0.1838     -0.004  0.000e+00
     35.000 270.592361        141      0.002    12.5992   0.051089     0.3281   999.6849      0.002     0.1834     -0.002  0.000e+00
     35.250 270.592364        142      0.003    12.5993   0.051014     0.3276   999.6845      0.003     0.1829      0.004  0.000e+00
     35.500 270.592367        143      0.002    12.5994   0.050979     0.3274   999.6843      0.002     0.1834     -0.000  0.000e+00
     35.750 270.592370        144      0.003    12.5996   0.050967     0.3273   999.6842      0.003     0.1829     -0.000  0.000e+00
     36.000 270.592373        145      0.003    12.5996   0.050979     0.3274   999.6843      0.003     0.1805      0.002  0.000e+00
     36.250 270.592376        146      0.002    12.5996   0.051017     0.3276   999.6845      0.002     0.1858     -0.002  0.000e+00
     36.500 270.592378        147      0.004    12.5997   0.051061     0.3279   999.6847      0.004     0.1821      0.002  0.000e+00
     36.750 270.592381        148      0.003    12.5998   0.051064     0.3279   999.6847      0.003     0.1842      0.002  0.000e+00
     37.000 270.592384        149      0.001    12.5998   0.051042     0.3278   999.6846      0.001     0.1850     -0.006  0.000e+00
     37.250 270.592387        150      0.003    12.6001   0.051001     0.3275   999.6843      0.003     0.1858 2.9606e-16  0.000e+00
     37.500 270.592390        151      0.003    12.6000   0.050942     0.3271   999.6840      0.003     0.1829      0.004  0.000e+00
     37.750 270.592393        152      0.003    12.6002   0.050895     0.3268   999.6838      0.003     0.1838     -0.000  0.000e+00
     38.000 270.592396        153      0.001    12.6003   0.050860     0.3266   999.6836      0.001     0.1850     -0.004  0.000e+00
     38.250 270.592399        154      0.003    12.6004   0.050838     0.3264   999.6834      0.003     0.1788      0.000  0.000e+00
     38.500 270.592402        155      0.003    12.6005   0.050813     0.3263   999.6833      0.003     0.1817      0.004  0.000e+00
     38.750 270.592405        156      0.004    12.6006   0.050804     0.3262   999.6832      0.004     0.1838      0.002  0.000e+00
     39.000 270.592407        157      0.001    12.6007   0.050785     0.3261   999.6831      0.001     0.1805     -0.004  0.000e+00
     39.250 270.592410        158      0.002    12.6009   0.050756     0.3259   999.6830      0.002     0.1801     -0.004  0.000e+00
     39.500 270.592413        159      0.004    12.6008   0.050703     0.3255   999.6827      0.004     0.1858      0.006  0.000e+00
     39.750 270.592416        160      0.005    12.6009   0.050650     0.3252   999.6824      0.005     0.1862      0.006  0.000e+00
     40.000 270.592419        161      0.004    12.6010   0.050631     0.3251   999.6823      0.004     0.1834 5.9212e-16  0.000e+00
     40.250 270.592422        162      0.003    12.6012   0.050634     0.3251   999.6823      0.003     0.1846     -0.004  0.000e+00
     40.500 270.592425        163      0.002    12.6012   0.050637     0.3251   999.6823      0.002     0.1825     -0.004  0.000e+00
     40.750 270.592428        164     -0.000    12.6013   0.050647     0.3252   999.6823     -0.000     0.1821     -0.006  0.000e+00
     41.000 270.592431        165      0.001    12.6013   0.050665     0.3253   999.6824      0.001     0.1829     -0.002  0.000e+00
     41.250 270.592433        166      0.002    12.6013   0.050647     0.3252   999.6823      0.002     0.1817      0.004  0.000e+00
     41.500 270.592436        167      0.002    12.6015   0.050615     0.3250   999.6821      0.002     0.1834      0.002  0.000e+00
     41.750 270.592439        168      0.003    12.6015   0.050546     0.3245   999.6818      0.003     0.1809      0.002  0.000e+00
     42.000 270.592442        169      0.006    12.6017   0.050477     0.3240   999.6814      0.006     0.1850      0.009  0.000e+00
     42.250 270.592445        170      0.003    12.6017   0.050427     0.3237   999.6812      0.003     0.1821      0.000  0.000e+00
     42.500 270.592448        171      0.002    12.6018   0.050411     0.3236   999.6811      0.002     0.1862     -0.009  0.000e+00
     42.750 270.592451        172      0.002    12.6018   0.050408     0.3236   999.6810      0.002     0.1850     -0.002  0.000e+00
     43.000 270.592454        173      0.002    12.6020   0.050411     0.3236   999.6810      0.002     0.1850 2.9606e-16  0.000e+00
     43.250 270.592457        174      0.002    12.6020   0.050427     0.3237   999.6811      0.002     0.1854      0.000  0.000e+00
     43.500 270.592459        175      0.001    12.6021   0.050436     0.3238   999.6811      0.001     0.1821     -0.002  0.000e+00
     43.750 270.592462        176      0.002    12.6021   0.050427     0.3237   999.6811      0.002     0.1854     -0.000  0.000e+00
     44.000 270.592465        177      0.003    12.6022   0.050405     0.3235   999.6810      0.003     0.1850      0.004  0.000e+00
     44.250 270.592468        178      0.003    12.6024   0.050364     0.3233   999.6807      0.003     0.1813      0.002  0.000e+00
     44.500 270.592471        179      0.002    12.6024   0.050323     0.3230   999.6805      0.002     0.1846     -0.002  0.000e+00
     44.750 270.592474        180      0.004    12.6024   0.050279     0.3227   999.6803      0.004     0.1850      0.002  0.000e+00
     45.000 270.592477        181      0.003    12.6026   0.050242     0.3225   999.6801      0.003     0.1801      0.002  0.000e+00
     45.250 270.592480        182      0.004    12.6026   0.050207     0.3222   999.6799      0.004     0.1854      0.000  0.000e+00
     45.500 270.592483        183      0.002    12.6028   0.050166     0.3220   999.6797      0.002     0.1821     -0.002  0.000e+00
     45.750 270.592486        184      0.002    12.6026   0.050141     0.3218   999.6795      0.002     0.1908     -0.004  0.000e+00
     46.000 270.592488        185      0.002    12.6029   0.050125     0.3217   999.6794      0.002     0.1862      0.000  0.000e+00
     46.250 270.592491        186      0.003    12.6030   0.050110     0.3216   999.6793      0.003     0.1854      0.002  0.000e+00
     46.500 270.592494        187      0.004    12.6030   0.050107     0.3216   999.6793      0.004     0.1846      0.004  0.000e+00
     46.750 270.592497        188      0.001    12.6030   0.050119     0.3217   999.6794      0.001     0.1854     -0.004  0.000e+00
     47.000 270.592500        189      0.001    12.6031   0.050135     0.3218   999.6794      0.001     0.1895     -0.006  0.000e+00
     47.250 270.592503        190      0.001    12.6032   0.050141     0.3218   999.6795      0.001     0.1821     -0.000  0.000e+00
     47.500 270.592506        191      0.003    12.6032   0.050125     0.3217   999.6794      0.003     0.1813      0.004  0.000e+00
     47.750 270.592509        192      0.006    12.6032   0.050085     0.3214   999.6792      0.006     0.1813      0.011  0.000e+00
     48.000 270.592512        193      0.004    12.6034   0.050022     0.3210   999.6788      0.004     0.1834      0.002  0.000e+00
     48.250 270.592514        194      0.003    12.6034   0.049978     0.3207   999.6786      0.003     0.1838     -0.006  0.000e+00
     48.500 270.592517        195      0.004    12.6034   0.049950     0.3205   999.6785      0.004     0.1846 -5.921e-16  0.000e+00
     48.750 270.592520        196      0.004    12.6035   0.049921     0.3203   999.6783      0.004     0.1842      0.002  0.000e+00
     49.000 270.592523        197      0.003    12.6035   0.049912     0.3203   999.6783      0.003     0.1862     -0.002  0.000e+00
     49.250 270.592526        198      0.005    12.6036   0.049921     0.3203   999.6783      0.005     0.1895      0.002  0.000e+00
     49.500 270.592529        199     -0.000    12.6035   0.049931     0.3204   999.6783     -0.000     0.1871     -0.006  0.000e+00
     49.750 270.592532        200      0.004    12.6037   0.049906     0.3202   999.6782      0.004     0.1834     -0.002  0.000e+00
     50.000 270.592535        201      0.004    12.6038   0.049878     0.3200   999.6780      0.004     0.1801      0.009  0.000e+00
     50.250 270.592538        202      0.004    12.6038   0.049859     0.3199   999.6779      0.004     0.1834 -5.921e-16  0.000e+00
     50.500 270.592541        203      0.003    12.6038   0.049834     0.3198   999.6778      0.003     0.1825     -0.002  0.000e+00
     50.750 270.592543        204      0.002    12.6040   0.049802     0.3195   999.6776      0.002     0.1805     -0.004  0.000e+00
     51.000 270.592546        205      0.003    12.6039   0.049768     0.3193   999.6775      0.003     0.1809      0.000  0.000e+00
     51.250 270.592549        206      0.004    12.6041   0.049730     0.3191   999.6772      0.004     0.1842      0.004  0.000e+00
     51.500 270.592552        207      0.002    12.6042   0.049696     0.3188   999.6770      0.002     0.1842     -0.002  0.000e+00
     51.750 270.592555        208      0.004    12.6041   0.049658     0.3186   999.6769      0.004     0.1875      0.000  0.000e+00
     52.000 270.592558        209      0.005    12.6041   0.049630     0.3184   999.6767      0.005     0.1801      0.006  0.000e+00
     52.250 270.592561        210      0.002    12.6043   0.049630     0.3184   999.6767      0.002     0.1829     -0.004  0.000e+00
     52.500 270.592564        211      0.003    12.6044   0.049630     0.3184   999.6767      0.003     0.1838     -0.004  0.000e+00
     52.750 270.592567        212      0.001    12.6045   0.049648     0.3185   999.6767      0.001     0.1895     -0.002  0.000e+00
     53.000 270.592569        213      0.003    12.6045   0.049670     0.3187   999.6769      0.003     0.1829     -0.000  0.000e+00
     53.250 270.592572        214      0.004    12.6046   0.049674     0.3187   999.6769      0.004     0.1850      0.006  0.000e+00
     53.500 270.592575        215      0.003    12.6045   0.049655     0.3186   999.6768      0.003     0.1842      0.000  0.000e+00
     53.750 270.592578        216      0.003    12.6047   0.049601     0.3182   999.6765      0.003     0.1829     -0.002  0.000e+00
     54.000 270.592581        217      0.004    12.6046   0.049523     0.3177   999.6761      0.004     0.1850      0.002  0.000e+00
     54.250 270.592584        218      0.004    12.6047   0.049473     0.3174   999.6758      0.004     0.1821      0.002  0.000e+00
     54.500 270.592587        219      0.001    12.6048   0.049435     0.3171   999.6756      0.001     0.1809     -0.006  0.000e+00
     54.750 270.592590        220      0.002    12.6047   0.049432     0.3171   999.6756      0.002     0.1850     -0.004  0.000e+00
     55.000 270.592593        221      0.003    12.6048   0.049444     0.3172   999.6757      0.003     0.1850      0.004  0.000e+00
     55.250 270.592595        222      0.003    12.6049   0.049473     0.3174   999.6758      0.003     0.1883      0.002  0.000e+00
     55.500 270.592598        223      0.002    12.6050   0.049501     0.3175   999.6759      0.002     0.1883     -0.002  0.000e+00
     55.750 270.592601        224      0.004    12.6050   0.049498     0.3175   999.6759      0.004     0.1842      0.002  0.000e+00
     56.000 270.592604        225      0.003    12.6051   0.049473     0.3173   999.6758      0.003     0.1858      0.002  0.000e+00
     56.250 270.592607        226      0.002    12.6049   0.049401     0.3169   999.6754      0.002     0.1817     -0.004  0.000e+00
     56.500 270.592610        227      0.003    12.6052   0.049325     0.3164   999.6750      0.003     0.1838      0.000  0.000e+00
     56.750 270.592613        228      0.004    12.6051   0.049278     0.3161   999.6748      0.004     0.1858      0.004  0.000e+00
     57.000 270.592616        229      0.003    12.6051   0.049262     0.3160   999.6747      0.003     0.1846      0.000  0.000e+00
     57.250 270.592619        230      0.001    12.6052   0.049262     0.3160   999.6747      0.001     0.1887     -0.006  0.000e+00
     57.500 270.592622        231      0.002    12.6052   0.049281     0.3161   999.6748      0.002     0.1850     -0.002  0.000e+00
     57.750 270.592624        232      0.002    12.6053   0.049288     0.3161   999.6748      0.002     0.1887      0.002  0.000e+00
     58.000 270.592627        233      0.002    12.6054   0.049291     0.3161   999.6748      0.002     0.1813      0.000  0.000e+00
     58.250 270.592630        234      0.001    12.6054   0.049288     0.3161   999.6748      0.001     0.1817     -0.002  0.000e+00
     58.500 270.592633        235      0.003    12.6054   0.049291     0.3161   999.6748      0.003     0.1829      0.002  0.000e+00
     58.750 270.592636        236      0.003    12.6056   0.049262     0.3160   999.6746      0.003     0.1871      0.004  0.000e+00
     59.000 270.592639        237      0.005    12.6056   0.049237     0.3158   999.6745      0.005     0.1887      0.004  0.000e+00
     59.250 270.592642        238      0.005    12.6056   0.049206     0.3156   999.6743      0.005     0.1862      0.004  0.000e+00
     59.500 270.592645        239      0.004    12.6056   0.049165     0.3153   999.6741      0.004     0.1813     -0.002  0.000e+00
     59.750 270.592648        240      0.004    12.6056   0.049124     0.3150   999.6739      0.004     0.1801     -0.002  0.000e+00
