Raw_Data/Cage/SBE19/2020-09-19_SBE19_003_010_processed.cnv
* Sea-Bird SBE19plus Data File:
* FileName = C:\cruises\2020_barkerboys\leg2\data\cage\SBE19\2020-09-25_SBE19_004_010.hex
* Software Version 1.59
* Temperature SN =  4881
* Conductivity SN =  4881
* System UpLoad Time = Sep 25 2020 12:22:46
* ds
* SeacatPlus V 1.5  SERIAL NO. 4881    25 Sep 2020  12:15:39
# nquan = 12
# nvalues = 1285                                  
# units = specified
# name 0 = timeS: Time, Elapsed [seconds]
# name 1 = timeJ: Julian Days
# name 2 = scan: Scan Count
# name 3 = depSM: Depth [salt water, m], lat = 44.00
# name 4 = tv290C: Temperature [ITS-90, deg C]
# name 5 = c0S/m: Conductivity [S/m]
# name 6 = sal00: Salinity, Practical [PSU]
# name 7 = density00: Density [density, kg/m^3]
# name 8 = prdM: Pressure, Strain Gauge [db]
# name 9 = wetStar: Fluorescence, WET Labs WETstar [mg/m^3]
# name 10 = dz/dtM: Descent Rate [m/s]
# name 11 = flag:  0.000e+00
# span 0 =      0.000,    321.000                 
# span 1 = 263.843958, 263.847674                 
# span 2 =          1,       1285                 
# span 3 =      0.040,      5.446                 
# span 4 =    12.8848,    13.4204                 
# span 5 =   0.057105,   3.859350                 
# span 6 =     0.3654,    32.5780                 
# span 7 =   999.6750,  1024.4960                 
# span 8 =      0.041,      5.490                 
# span 9 =     0.1450,    12.7875                 
# span 10 =     -0.421,      0.810                
# span 11 = 0.0000e+00, 0.0000e+00                
# interval = seconds: 0.25
# start_time = Sep 19 2020 20:15:18 [Instrument's time stamp, header]
# bad_flag = -9.990e-29
*END*
[from data line 1204]
    301.000 263.847442       1205      5.211    13.3733   3.848805    32.3265  1024.2723      5.253     6.0975      0.037  0.000e+00
    301.250 263.847445       1206      5.219    13.3735   3.848872    32.3270  1024.2726      5.262     2.6726      0.030  0.000e+00
    301.500 263.847448       1207      5.225    13.3733   3.849027    32.3286  1024.2739      5.267     1.8408      0.028  0.000e+00
    301.750 263.847451       1208      5.235    13.3731   3.849161    32.3300  1024.2751      5.278     2.3607      0.032  0.000e+00
    302.000 263.847454       1209      5.256    13.3730   3.849087    32.3294  1024.2748      5.298     1.8837      0.062  0.000e+00
    302.250 263.847457       1210      5.276    13.3731   3.848912    32.3277  1024.2735      5.319     1.6925      0.082  0.000e+00
    302.500 263.847459       1211      5.286    13.3733   3.849060    32.3289  1024.2744      5.329     1.7897      0.062  0.000e+00
    302.750 263.847462       1212      5.284    13.3734   3.849617    32.3340  1024.2784      5.327     1.5664      0.017  0.000e+00
    303.000 263.847465       1213      5.267    13.3732   3.851108    32.3481  1024.2893      5.310     1.8297     -0.039  0.000e+00
    303.250 263.847468       1214      5.238    13.3726   3.852639    32.3630  1024.3007      5.281     2.1387     -0.092  0.000e+00
    303.500 263.847471       1215      5.212    13.3723   3.853391    32.3703  1024.3063      5.254     2.2952     -0.112  0.000e+00
    303.750 263.847474       1216      5.194    13.3723   3.853351    32.3700  1024.3060      5.236     2.1234     -0.090  0.000e+00
    304.000 263.847477       1217      5.181    13.3723   3.851679    32.3543  1024.2938      5.223     1.8935     -0.062  0.000e+00
    304.250 263.847480       1218      5.176    13.3727   3.846664    32.3071  1024.2572      5.218     1.8177     -0.037  0.000e+00
    304.500 263.847483       1219      5.179    13.3735   3.846496    32.3048  1024.2553      5.221     1.9323     -0.004  0.000e+00
    304.750 263.847486       1220      5.195    13.3751   3.846637    32.3048  1024.2550      5.237     2.1774      0.039  0.000e+00
    305.000 263.847488       1221      5.219    13.3767   3.846778    32.3047  1024.2547      5.262     1.8861      0.082  0.000e+00
    305.250 263.847491       1222      5.257    13.3789   3.846523    32.3005  1024.2512      5.299     2.5210      0.125  0.000e+00
    305.500 263.847494       1223      5.296    13.3797   3.846496    32.2995  1024.2504      5.339     3.3306      0.155  0.000e+00
    305.750 263.847497       1224      5.333    13.3793   3.846248    32.2975  1024.2492      5.376     2.1585      0.155  0.000e+00
    306.000 263.847500       1225      5.356    13.3783   3.846140    32.2973  1024.2493      5.399     2.8737      0.120  0.000e+00
    306.250 263.847503       1226      5.351    13.3766   3.845986    32.2973  1024.2497      5.395     2.4563      0.037  0.000e+00
    306.500 263.847506       1227      5.316    13.3752   3.846248    32.3010  1024.2526      5.359     1.9578     -0.080  0.000e+00
    306.750 263.847509       1228      5.259    13.3752   3.846355    32.3020  1024.2531      5.301     2.6598     -0.187  0.000e+00
    307.000 263.847512       1229      5.193    13.3759   3.846429    32.3021  1024.2528      5.235     2.2009     -0.249  0.000e+00
    307.250 263.847514       1230      5.128    13.3771   3.846697    32.3036  1024.2534      5.169     2.5601     -0.264  0.000e+00
    307.500 263.847517       1231      5.085    13.3783   3.846355    32.2995  1024.2498      5.126     2.3504     -0.217  0.000e+00
    307.750 263.847520       1232      5.082    13.3787   3.845966    32.2955  1024.2466      5.123     2.3208     -0.092  0.000e+00
    308.000 263.847523       1233      5.125    13.3771   3.845610    32.2934  1024.2455      5.166     3.0290      0.079  0.000e+00
    308.250 263.847526       1234      5.201    13.3740   3.845409    32.2942  1024.2471      5.243     2.9890      0.240  0.000e+00
    308.500 263.847529       1235      5.293    13.3708   3.845187    32.2948  1024.2486      5.336     3.0043      0.339  0.000e+00
    308.750 263.847532       1236      5.377    13.3679   3.845255    32.2979  1024.2520      5.420     2.3443      0.354  0.000e+00
    309.000 263.847535       1237      5.431    13.3657   3.845114    32.2984  1024.2530      5.475     2.5461      0.279  0.000e+00
    309.250 263.847538       1238      5.446    13.3645   3.845241    32.3006  1024.2551      5.490     2.5779      0.140  0.000e+00
    309.500 263.847541       1239      5.416    13.3638   3.845255    32.3013  1024.2556      5.460     2.1815     -0.030  0.000e+00
    309.750 263.847543       1240      5.349    13.3641   3.845503    32.3034  1024.2569      5.393     2.3068     -0.195  0.000e+00
    310.000 263.847546       1241      5.267    13.3649   3.845718    32.3047  1024.2573      5.310     2.5350     -0.301  0.000e+00
    310.250 263.847549       1242      5.188    13.3666   3.845650    32.3027  1024.2551      5.230     2.3237     -0.324  0.000e+00
    310.500 263.847552       1243      5.134    13.3681   3.845684    32.3018  1024.2539      5.176     2.2981     -0.268  0.000e+00
    310.750 263.847555       1244      5.116    13.3689   3.845644    32.3008  1024.2528      5.157     2.5803     -0.146  0.000e+00
    311.000 263.847558       1245      5.139    13.3692   3.845543    32.2995  1024.2519      5.181     2.4077      0.011  0.000e+00
    311.250 263.847561       1246      5.180    13.3688   3.845516    32.2996  1024.2522      5.222     2.5317      0.129  0.000e+00
    311.500 263.847564       1247      5.227    13.3684   3.845644    32.3011  1024.2537      5.269     2.4559      0.176  0.000e+00
    311.750 263.847567       1248      5.263    13.3685   3.845684    32.3014  1024.2541      5.306     2.6034      0.167  0.000e+00
    312.000 263.847569       1249      5.276    13.3691   3.845684    32.3009  1024.2536      5.319     2.2825      0.099  0.000e+00
    312.250 263.847572       1250      5.267    13.3697   3.845550    32.2992  1024.2521      5.310     2.6887      0.009  0.000e+00
    312.500 263.847575       1251      5.251    13.3700   3.845644    32.2998  1024.2524      5.294     2.4431     -0.049  0.000e+00
    312.750 263.847578       1252      5.241    13.3701   3.845684    32.3000  1024.2525      5.283     2.2985     -0.054  0.000e+00
    313.000 263.847581       1253      5.248    13.3702   3.845718    32.3003  1024.2528      5.291     2.3974     -0.006  0.000e+00
    313.250 263.847584       1254      5.274    13.3697   3.845409    32.2978  1024.2510      5.316     2.4468      0.067  0.000e+00
    313.500 263.847587       1255      5.310    13.3687   3.845147    32.2962  1024.2502      5.353     2.8815      0.125  0.000e+00
    313.750 263.847590       1256      5.342    13.3665   3.844939    32.2961  1024.2507      5.385     2.3311      0.137  0.000e+00
    314.000 263.847593       1257      5.357    13.3639   3.844865    32.2976  1024.2524      5.400     2.5025      0.095  0.000e+00
    314.250 263.847595       1258      5.350    13.3619   3.845073    32.3012  1024.2556      5.394     2.8152      0.017  0.000e+00
    314.500 263.847598       1259      5.318    13.3612   3.844939    32.3006  1024.2551      5.361     2.2532     -0.077  0.000e+00
    314.750 263.847601       1260      5.265    13.3611   3.845114    32.3024  1024.2563      5.308     2.4320     -0.172  0.000e+00
    315.000 263.847604       1261      5.204    13.3613   3.845114    32.3022  1024.2558      5.247     2.6178     -0.230  0.000e+00
    315.250 263.847607       1262      5.154    13.3621   3.845107    32.3014  1024.2548      5.196     2.6322     -0.223  0.000e+00
    315.500 263.847610       1263      5.137    13.3628   3.845187    32.3016  1024.2548      5.179     2.9511     -0.135  0.000e+00
    315.750 263.847613       1264      5.156    13.3632   3.844939    32.2990  1024.2527      5.198     2.2454      0.004  0.000e+00
    316.000 263.847616       1265      5.214    13.3626   3.844671    32.2969  1024.2515      5.256     2.0851      0.155  0.000e+00
    316.250 263.847619       1266      5.288    13.3605   3.844262    32.2948  1024.2507      5.331     2.3290      0.266  0.000e+00
    316.500 263.847622       1267      5.336    13.3573   3.844228    32.2972  1024.2534      5.380     2.2207      0.247  0.000e+00
    316.750 263.847624       1268      5.358    13.3549   3.844228    32.2992  1024.2555      5.401     2.2474      0.140  0.000e+00
    317.000 263.847627       1269      5.333    13.3533   3.844362    32.3019  1024.2578      5.376     2.3640     -0.006  0.000e+00
    317.250 263.847630       1270      5.280    13.3530   3.844691    32.3052  1024.2602      5.323     3.5242     -0.157  0.000e+00
    317.500 263.847633       1271      5.220    13.3541   3.844725    32.3046  1024.2592      5.263     2.8135     -0.228  0.000e+00
    317.750 263.847636       1272      5.180    13.3553   3.844832    32.3047  1024.2588      5.222     2.2297     -0.202  0.000e+00
    318.000 263.847639       1273      5.184    13.3565   3.844604    32.3015  1024.2561      5.226     2.5663     -0.073  0.000e+00
    318.250 263.847642       1274      5.238    13.3565   3.844262    32.2982  1024.2539      5.281     2.2948      0.118  0.000e+00
    318.500 263.847645       1275      5.328    13.3549   3.844161    32.2986  1024.2549      5.371     2.5601      0.290  0.000e+00
    318.750 263.847648       1276      5.401    13.3530   3.843872    32.2975  1024.2548      5.445     3.2840      0.329  0.000e+00
    319.000 263.847650       1277      5.439    13.3511   3.844027    32.3005  1024.2576      5.483     2.4217      0.223  0.000e+00
    319.250 263.847653       1278      5.431    13.3500   3.844087    32.3021  1024.2590      5.475     2.4262      0.060  0.000e+00
    319.500 263.847656       1279      5.364    13.3499   3.844161    32.3029  1024.2594      5.408     3.2449     -0.150  0.000e+00
    319.750 263.847659       1280      5.264    13.3502   3.844302    32.3040  1024.2597      5.307     2.6294     -0.337  0.000e+00
    320.000 263.847662       1281      5.155    13.3512   3.844295    32.3031  1024.2583      5.197     2.3764     -0.421  0.000e+00
    320.250 263.847665       1282      5.082    13.3522   3.844369    32.3030  1024.2577      5.123     2.3591     -0.367  0.000e+00
    320.500 263.847668       1283      5.061    13.3525   3.844228    32.3014  1024.2563      5.102     2.8082     -0.191  0.000e+00
    320.750 263.847671       1284      5.090    13.3524   3.843980    32.2992  1024.2547      5.132     2.7563      0.017  0.000e+00
    321.000 263.847674       1285      5.154    13.3511   3.843859    32.2991  1024.2552      5.196     2.4069      0.189  0.000e+00
