Raw_Data/Cage/SBE19/2020-09-24_SBE19_006_027_processed.cnv
* Sea-Bird SBE19plus Data File:
* FileName = C:\cruises\2020_barkerboys\leg2\data\cage\SBE19\2020-09-25_SBE19_004_027.hex
* Software Version 1.59
* Temperature SN =  4881
* Conductivity SN =  4881
* System UpLoad Time = Sep 25 2020 12:47:08
* ds
* SeacatPlus V 1.5  SERIAL NO. 4881    25 Sep 2020  12:15:39
# nquan = 12
# nvalues = 2627                                  
# units = specified
# name 0 = timeS: Time, Elapsed [seconds]
# name 1 = timeJ: Julian Days
# name 2 = scan: Scan Count
# name 3 = depSM: Depth [salt water, m], lat = 44.00
# name 4 = tv290C: Temperature [ITS-90, deg C]
# name 5 = c0S/m: Conductivity [S/m]
# name 6 = sal00: Salinity, Practical [PSU]
# name 7 = density00: Density [density, kg/m^3]
# name 8 = prdM: Pressure, Strain Gauge [db]
# name 9 = wetStar: Fluorescence, WET Labs WETstar [mg/m^3]
# name 10 = dz/dtM: Descent Rate [m/s]
# name 11 = flag:  0.000e+00
# span 0 =      0.000,    656.500                 
# span 1 = 268.751100, 268.758698                 
# span 2 =          1,       2627                 
# span 3 =     -0.105,    163.757                 
# span 4 =     9.9149,    15.2551                 
# span 5 =   0.051843,   3.882479                 
# span 6 =     0.3119,    33.5155                 
# span 7 =   999.3039,  1026.5548                 
# span 8 =     -0.106,    165.148                 
# span 9 =     0.1224,     3.4983                 
# span 10 =     -1.325,      1.123                
# span 11 = 0.0000e+00, 0.0000e+00                
# interval = seconds: 0.25
# start_time = Sep 24 2020 18:01:35 [Instrument's time stamp, header]
# bad_flag = -9.990e-29
*END*
[from data line 602]
    150.500 268.752841        603      2.535    13.0026   3.855766    32.7104  1024.6306      2.556     0.8384      0.700  0.000e+00
    150.750 268.752844        604      2.725    13.0012   3.855128    32.7055  1024.6279      2.747     0.8252      0.749  0.000e+00
    151.000 268.752847        605      2.921    12.9981   3.853032    32.6883  1024.6161      2.944     0.8013      0.777  0.000e+00
    151.250 268.752850        606      3.101    12.9864   3.846292    32.6347  1024.5777      3.126     0.8059      0.758  0.000e+00
    151.500 268.752853        607      3.264    12.9554   3.844373    32.6432  1024.5911      3.290     0.7861      0.691  0.000e+00
    151.750 268.752856        608      3.399    12.9200   3.844414    32.6741  1024.6226      3.427     0.8191      0.601  0.000e+00
    152.000 268.752859        609      3.521    12.8971   3.841684    32.6679  1024.6228      3.550     0.8277      0.520  0.000e+00
    152.250 268.752862        610      3.633    12.8773   3.840155    32.6705  1024.6292      3.663     0.8298      0.472  0.000e+00
    152.500 268.752865        611      3.742    12.8540   3.839310    32.6826  1024.6437      3.772     0.8417      0.445  0.000e+00
    152.750 268.752867        612      3.859    12.8417   3.843281    32.7309  1024.6839      3.890     0.9324      0.455  0.000e+00
    153.000 268.752870        613      3.989    12.8395   3.826637    32.5749  1024.5642      4.021     0.9151      0.498  0.000e+00
    153.250 268.752873        614      4.139    12.7874   3.816396    32.5226  1024.5345      4.173     0.9773      0.565  0.000e+00
    153.500 268.752876        615      4.311    12.6964   3.812671    32.5656  1024.5862      4.346     1.0704      0.649  0.000e+00
    153.750 268.752879        616      4.495    12.6187   3.811903    32.6255  1024.6484      4.531     1.0770      0.717  0.000e+00
    154.000 268.752882        617      4.689    12.5698   3.811556    32.6645  1024.6890      4.727     1.1672      0.762  0.000e+00
    154.250 268.752885        618      4.879    12.5421   3.810641    32.6798  1024.7070      4.919     1.2002      0.775  0.000e+00
    154.500 268.752888        619      5.063    12.5247   3.810226    32.6909  1024.7198      5.104     1.2125      0.754  0.000e+00
    154.750 268.752891        620      5.236    12.5121   3.809699    32.6967  1024.7275      5.279     1.3003      0.719  0.000e+00
    155.000 268.752894        621      5.400    12.5030   3.809298    32.7007  1024.7331      5.444     1.4490      0.681  0.000e+00
    155.250 268.752896        622      5.558    12.4960   3.808649    32.7005  1024.7350      5.603     1.5401      0.649  0.000e+00
    155.500 268.752899        623      5.711    12.4898   3.808649    32.7059  1024.7410      5.757     1.5442      0.627  0.000e+00
    155.750 268.752902        624      5.861    12.4848   3.808295    32.7068  1024.7434      5.909     1.6352      0.612  0.000e+00
    156.000 268.752905        625      6.010    12.4811   3.807948    32.7066  1024.7446      6.059     1.6278      0.603  0.000e+00
    156.250 268.752908        626      6.155    12.4776   3.807874    32.7089  1024.7477      6.205     1.7077      0.593  0.000e+00
    156.500 268.752911        627      6.299    12.4738   3.807400    32.7076  1024.7481      6.350     1.7057      0.582  0.000e+00
    156.750 268.752914        628      6.449    12.4703   3.807213    32.7088  1024.7504      6.501     1.7077      0.593  0.000e+00
    157.000 268.752917        629      6.608    12.4677   3.808403    32.7224  1024.7621      6.661     1.9191      0.623  0.000e+00
    157.250 268.752920        630      6.791    12.4687   3.807634    32.7141  1024.7563      6.846     1.8190      0.689  0.000e+00
    157.500 268.752922        631      6.998    12.4674   3.807246    32.7114  1024.7554      7.054     1.8029      0.786  0.000e+00
    157.750 268.752925        632      7.220    12.4645   3.807033    32.7118  1024.7573      7.279     1.7716      0.865  0.000e+00
    158.000 268.752928        633      7.445    12.4619   3.806966    32.7134  1024.7600      7.505     1.8346      0.902  0.000e+00
    158.250 268.752931        634      7.669    12.4588   3.806578    32.7122  1024.7607      7.731     1.8680      0.904  0.000e+00
    158.500 268.752934        635      7.870    12.4542   3.806231    32.7128  1024.7630      7.934     1.9063      0.857  0.000e+00
    158.750 268.752937        636      8.049    12.4484   3.805777    32.7135  1024.7654      8.114     2.0254      0.767  0.000e+00
    159.000 268.752940        637      8.201    12.4418   3.805282    32.7144  1024.7681      8.268     2.0159      0.668  0.000e+00
    159.250 268.752943        638      8.343    12.4348   3.804935    32.7172  1024.7722      8.410     1.9693      0.593  0.000e+00
    159.500 268.752946        639      8.481    12.4293   3.805530    32.7276  1024.7820      8.550     2.0489      0.565  0.000e+00
    159.750 268.752948        640      8.628    12.4282   3.805603    32.7292  1024.7841      8.698     2.0353      0.575  0.000e+00
    160.000 268.752951        641      8.784    12.4278   3.803853    32.7127  1024.7721      8.855     2.1832      0.610  0.000e+00
    160.250 268.752954        642      8.946    12.4183   3.803151    32.7142  1024.7758      9.018     2.0777      0.640  0.000e+00
    160.500 268.752957        643      9.113    12.4052   3.802310    32.7175  1024.7816      9.187     2.1045      0.664  0.000e+00
    160.750 268.752960        644      9.283    12.3929   3.801682    32.7221  1024.7883      9.358     2.2137      0.681  0.000e+00
    161.000 268.752963        645      9.460    12.3807   3.801402    32.7300  1024.7975      9.537     2.1955      0.700  0.000e+00
    161.250 268.752966        646      9.634    12.3717   3.801088    32.7347  1024.8037      9.712     2.2079      0.706  0.000e+00
    161.500 268.752969        647      9.818    12.3659   3.800527    32.7344  1024.8054      9.897     2.2409      0.721  0.000e+00
    161.750 268.752972        648     10.000    12.3598   3.800494    32.7393  1024.8112     10.081     2.2994      0.739  0.000e+00
    162.000 268.752975        649     10.188    12.3548   3.799933    32.7382  1024.8122     10.271     2.3261      0.747  0.000e+00
    162.250 268.752977        650     10.377    12.3496   3.799693    32.7404  1024.8157     10.461     2.4963      0.760  0.000e+00
    162.500 268.752980        651     10.575    12.3447   3.799306    32.7409  1024.8179     10.661     2.4596      0.780  0.000e+00
    162.750 268.752983        652     10.777    12.3406   3.799172    32.7431  1024.8213     10.865     2.4518      0.807  0.000e+00
    163.000 268.752986        653     10.983    12.3368   3.799059    32.7452  1024.8246     11.072     2.5111      0.822  0.000e+00
    163.250 268.752989        654     11.194    12.3339   3.798818    32.7453  1024.8262     11.285     2.5408      0.840  0.000e+00
    163.500 268.752992        655     11.416    12.3313   3.798745    32.7469  1024.8289     11.509     2.5812      0.874  0.000e+00
    163.750 268.752995        656     11.640    12.3293   3.798712    32.7482  1024.8313     11.735     2.6656      0.900  0.000e+00
    164.000 268.752998        657     11.859    12.3277   3.798605    32.7485  1024.8329     11.956     2.6343      0.893  0.000e+00
    164.250 268.753001        658     12.069    12.3268   3.798672    32.7498  1024.8350     12.167     2.7806      0.865  0.000e+00
    164.500 268.753003        659     12.268    12.3259   3.798331    32.7473  1024.8341     12.368     2.8045      0.825  0.000e+00
    164.750 268.753006        660     12.452    12.3242   3.798291    32.7483  1024.8361     12.553     2.6957      0.771  0.000e+00
    165.000 268.753009        661     12.617    12.3226   3.798365    32.7503  1024.8386     12.719     2.6936      0.702  0.000e+00
    165.250 268.753012        662     12.773    12.3213   3.798365    32.7513  1024.8404     12.877     2.7867      0.648  0.000e+00
    165.500 268.753015        663     12.932    12.3206   3.798432    32.7526  1024.8423     13.037     2.8551      0.636  0.000e+00
    165.750 268.753018        664     13.098    12.3202   3.798432    32.7528  1024.8432     13.204     2.7892      0.655  0.000e+00
    166.000 268.753021        665     13.265    12.3201   3.798205    32.7507  1024.8424     13.373     2.7167      0.672  0.000e+00
    166.250 268.753024        666     13.419    12.3195   3.797978    32.7490  1024.8419     13.528     2.7587      0.646  0.000e+00
    166.500 268.753027        667     13.578    12.3170   3.798118    32.7524  1024.8457     13.689     2.8292      0.631  0.000e+00
    166.750 268.753030        668     13.753    12.3153   3.798332    32.7559  1024.8496     13.865     2.8292      0.674  0.000e+00
    167.000 268.753032        669     13.943    12.3160   3.797978    32.7518  1024.8471     14.056     2.7834      0.734  0.000e+00
    167.250 268.753035        670     14.124    12.3151   3.797664    32.7495  1024.8463     14.238     2.8378      0.747  0.000e+00
    167.500 268.753038        671     14.291    12.3117   3.797665    32.7524  1024.8499     14.407     2.8395      0.702  0.000e+00
    167.750 268.753041        672     14.443    12.3091   3.797705    32.7550  1024.8532     14.560     2.7344      0.644  0.000e+00
    168.000 268.753044        673     14.574    12.3078   3.797838    32.7574  1024.8558     14.693     2.8481      0.571  0.000e+00
    168.250 268.753047        674     14.688    12.3087   3.797979    32.7579  1024.8566     14.807     2.8683      0.494  0.000e+00
    168.500 268.753050        675     14.801    12.3098   3.797878    32.7559  1024.8553     14.921     2.7748      0.457  0.000e+00
    168.750 268.753053        676     14.921    12.3101   3.797772    32.7546  1024.8548     15.043     2.7435      0.470  0.000e+00
    169.000 268.753056        677     15.071    12.3100   3.797879    32.7556  1024.8563     15.194     2.7793      0.545  0.000e+00
    169.250 268.753058        678     15.244    12.3096   3.797879    32.7559  1024.8574     15.368     2.7402      0.651  0.000e+00
    169.500 268.753061        679     15.421    12.3094   3.797478    32.7522  1024.8553     15.546     2.8020      0.704  0.000e+00
    169.750 268.753064        680     15.609    12.3077   3.797425    32.7530  1024.8572     15.736     2.8164      0.737  0.000e+00
    170.000 268.753067        681     15.809    12.3049   3.797458    32.7557  1024.8607     15.938     2.8209      0.784  0.000e+00
    170.250 268.753070        682     16.021    12.3027   3.797525    32.7582  1024.8640     16.152     2.7818      0.831  0.000e+00
    170.500 268.753073        683     16.244    12.3014   3.797458    32.7586  1024.8656     16.376     2.7414      0.876  0.000e+00
    170.750 268.753076        684     16.468    12.3004   3.797352    32.7584  1024.8666     16.602     2.9120      0.900  0.000e+00
    171.000 268.753079        685     16.691    12.2991   3.797285    32.7588  1024.8682     16.827     2.8115      0.902  0.000e+00
    171.250 268.753082        686     16.899    12.2970   3.797178    32.7595  1024.8701     17.036     2.8452      0.870  0.000e+00
    171.500 268.753084        687     17.089    12.2945   3.796337    32.7535  1024.8667     17.228     2.8148      0.801  0.000e+00
    171.750 268.753087        688     17.263    12.2892   3.795817    32.7531  1024.8682     17.404     3.2688      0.734  0.000e+00
    172.000 268.753090        689     17.427    12.2823   3.795189    32.7530  1024.8703     17.569     2.9520      0.683  0.000e+00
    172.250 268.753093        690     17.597    12.2739   3.794108    32.7499  1024.8702     17.740     2.8424      0.672  0.000e+00
    172.500 268.753096        691     17.771    12.2624   3.793307    32.7522  1024.8750     17.916     2.8057      0.694  0.000e+00
    172.750 268.753099        692     17.947    12.2506   3.792854    32.7581  1024.8826     18.093     2.7311      0.707  0.000e+00
    173.000 268.753102        693     18.128    12.2407   3.791426    32.7529  1024.8812     18.276     2.7365      0.719  0.000e+00
    173.250 268.753105        694     18.313    12.2280   3.790272    32.7529  1024.8844     18.462     2.6788      0.739  0.000e+00
    173.500 268.753108        695     18.495    12.2123   3.789678    32.7608  1024.8944     18.646     2.5886      0.741  0.000e+00
    173.750 268.753111        696     18.685    12.1991   3.789438    32.7700  1024.9049     18.837     2.5663      0.749  0.000e+00
    174.000 268.753113        697     18.870    12.1893   3.788671    32.7711  1024.9085     19.024     2.8131      0.756  0.000e+00
    174.250 268.753116        698     19.055    12.1799   3.788044    32.7733  1024.9127     19.210     2.6244      0.745  0.000e+00
    174.500 268.753119        699     19.241    12.1706   3.786444    32.7659  1024.9096     19.398     2.6137      0.747  0.000e+00
    174.750 268.753122        700     19.432    12.1566   3.784144    32.7560  1024.9054     19.590     2.7587      0.760  0.000e+00
    175.000 268.753125        701     19.631    12.1349   3.783144    32.7652  1024.9176     19.791     3.4805      0.786  0.000e+00
    175.250 268.753128        702     19.831    12.1130   3.782198    32.7753  1024.9304     19.992     2.9285      0.805  0.000e+00
    175.500 268.753131        703     20.029    12.0945   3.782098    32.7904  1024.9465     20.192     2.6924      0.803  0.000e+00
    175.750 268.753134        704     20.228    12.0818   3.781818    32.7987  1024.9563     20.393     2.5033      0.801  0.000e+00
    176.000 268.753137        705     20.427    12.0728   3.781052    32.7992  1024.9592     20.594     2.2841      0.803  0.000e+00
    176.250 268.753139        706     20.630    12.0628   3.778206    32.7804  1024.9475     20.798     2.2223      0.810  0.000e+00
    176.500 268.753142        707     20.833    12.0399   3.771719    32.7378  1024.9196     21.003     2.1115      0.818  0.000e+00
    176.750 268.753145        708     21.036    11.9909   3.765875    32.7242  1024.9192     21.207     2.1712      0.818  0.000e+00
    177.000 268.753148        709     21.240    11.9226   3.761139    32.7382  1024.9437     21.413     2.0155      0.820  0.000e+00
    177.250 268.753151        710     21.442    11.8498   3.759344    32.7848  1024.9944     21.617     1.9673      0.820  0.000e+00
    177.500 268.753154        711     21.637    11.7935   3.758587    32.8270  1025.0384     21.814     1.9628      0.801  0.000e+00
    177.750 268.753157        712     21.817    11.7573   3.758175    32.8549  1025.0676     21.995     1.9331      0.756  0.000e+00
    178.000 268.753160        713     21.986    11.7359   3.759293    32.8847  1025.0955     22.165     1.8857      0.702  0.000e+00
    178.250 268.753163        714     22.142    11.7324   3.763217    32.9259  1025.1288     22.322     1.8342      0.655  0.000e+00
    178.500 268.753166        715     22.279    11.7527   3.764634    32.9217  1025.1225     22.461     1.6945      0.593  0.000e+00
    178.750 268.753168        716     22.436    11.7753   3.763902    32.8945  1025.0978     22.619     1.5903      0.593  0.000e+00
    179.000 268.753171        717     22.607    11.7883   3.764560    32.8893  1025.0922     22.792     1.4898      0.661  0.000e+00
    179.250 268.753174        718     22.801    11.7951   3.761281    32.8513  1025.0623     22.987     1.3163      0.737  0.000e+00
    179.500 268.753177        719     22.997    11.7845   3.757929    32.8281  1025.0471     23.185     1.2764      0.786  0.000e+00
    179.750 268.753180        720     23.207    11.7552   3.756274    32.8378  1025.0610     23.396     1.2484      0.818  0.000e+00
    180.000 268.753183        721     23.430    11.7257   3.755936    32.8605  1025.0851     23.621     1.2554      0.872  0.000e+00
