Raw_Data/Cage/SBE19/2020-09-25_SBE19_007_036_processed.cnv
* Sea-Bird SBE19plus Data File:
* FileName = C:\cruises\2020_barkerboys\leg2\data\cage\SBE19\2020-09-25_SBE19_004_036.hex
* Software Version 1.59
* Temperature SN =  4881
* Conductivity SN =  4881
* System UpLoad Time = Sep 25 2020 21:23:36
* ds
* SeacatPlus V 1.5  SERIAL NO. 4881    25 Sep 2020  21:17:28
# nquan = 12
# nvalues = 459                                   
# units = specified
# name 0 = timeS: Time, Elapsed [seconds]
# name 1 = timeJ: Julian Days
# name 2 = scan: Scan Count
# name 3 = depSM: Depth [salt water, m], lat = 44.00
# name 4 = tv290C: Temperature [ITS-90, deg C]
# name 5 = c0S/m: Conductivity [S/m]
# name 6 = sal00: Salinity, Practical [PSU]
# name 7 = density00: Density [density, kg/m^3]
# name 8 = prdM: Pressure, Strain Gauge [db]
# name 9 = wetStar: Fluorescence, WET Labs WETstar [mg/m^3]
# name 10 = dz/dtM: Descent Rate [m/s]
# name 11 = flag:  0.000e+00
# span 0 =      0.000,    114.500                 
# span 1 = 269.817778, 269.819103                 
# span 2 =          1,        459                 
# span 3 =     -0.008,      5.239                 
# span 4 =    12.6740,    13.7040                 
# span 5 =   0.046882,   3.861963                 
# span 6 =     0.2921,    32.8879                 
# span 7 =   999.5144,  1024.8338                 
# span 8 =     -0.008,      5.282                 
# span 9 =     0.1788,     5.6530                 
# span 10 =     -0.251,      0.657                
# span 11 = 0.0000e+00, 0.0000e+00                
# interval = seconds: 0.25
# start_time = Sep 25 2020 19:37:36 [Instrument's time stamp, header]
# bad_flag = -9.990e-29
*END*
      0.000 269.817778          1     -0.003    13.6954   0.047832     0.2982   999.5199     -0.003     0.1792      0.000  0.000e+00
      0.250 269.817781          2     -0.003    13.6956   0.047823     0.2981   999.5198     -0.003     0.1788      0.000  0.000e+00
      0.500 269.817784          3     -0.005    13.6960   0.047788     0.2979   999.5195     -0.005     0.1792     -0.004  0.000e+00
      0.750 269.817786          4     -0.003    13.6961   0.047769     0.2978   999.5194     -0.003     0.1792      0.000  0.000e+00
      1.000 269.817789          5     -0.004    13.6966   0.047757     0.2977   999.5193     -0.004     0.1850      0.002  0.000e+00
      1.250 269.817792          6     -0.003    13.6969   0.047741     0.2976   999.5192     -0.003     0.1867      0.000  0.000e+00
      1.500 269.817795          7     -0.004    13.6972   0.047722     0.2975   999.5191     -0.004     0.1854     -0.000  0.000e+00
      1.750 269.817798          8     -0.005    13.6976   0.047716     0.2974   999.5190     -0.005     0.1834     -0.004  0.000e+00
      2.000 269.817801          9     -0.004    13.6979   0.047713     0.2974   999.5189     -0.004     0.1854      0.000  0.000e+00
      2.250 269.817804         10     -0.003    13.6981   0.047697     0.2973   999.5188     -0.003     0.1842      0.004  0.000e+00
      2.500 269.817807         11     -0.003    13.6984   0.047678     0.2972   999.5187     -0.003     0.1842      0.002  0.000e+00
      2.750 269.817810         12     -0.004    13.6988   0.047666     0.2971   999.5185     -0.004     0.1862     -0.002  0.000e+00
      3.000 269.817813         13     -0.002    13.6992   0.047631     0.2969   999.5183     -0.002     0.1867      0.002  0.000e+00
      3.250 269.817815         14     -0.003    13.6995   0.047616     0.2968   999.5182     -0.003     0.1875      0.002  0.000e+00
      3.500 269.817818         15     -0.005    13.6998   0.047603     0.2967   999.5181     -0.005     0.1887     -0.006  0.000e+00
      3.750 269.817821         16     -0.005    13.7000   0.047609     0.2967   999.5181     -0.005     0.1895     -0.004  0.000e+00
      4.000 269.817824         17     -0.004    13.7003   0.047603     0.2967   999.5180     -0.004     0.1858      0.002  0.000e+00
      4.250 269.817827         18     -0.004    13.7005   0.047594     0.2966   999.5179     -0.004     0.1867      0.002  0.000e+00
      4.500 269.817830         19     -0.003    13.7009   0.047594     0.2966   999.5179     -0.003     0.1834      0.002  0.000e+00
      4.750 269.817833         20     -0.005    13.7011   0.047584     0.2966   999.5178     -0.005     0.1817     -0.002  0.000e+00
      5.000 269.817836         21     -0.004    13.7015   0.047553     0.2964   999.5176     -0.004     0.1838     -0.002  0.000e+00
      5.250 269.817839         22     -0.005    13.7017   0.047531     0.2962   999.5175     -0.005     0.1846      0.000  0.000e+00
      5.500 269.817841         23     -0.003    13.7019   0.047503     0.2960   999.5173     -0.003     0.1850      0.002  0.000e+00
      5.750 269.817844         24     -0.003    13.7021   0.047468     0.2958   999.5171     -0.003     0.1858      0.004  0.000e+00
      6.000 269.817847         25     -0.003    13.7024   0.047446     0.2957   999.5169     -0.003     0.1871      0.000  0.000e+00
      6.250 269.817850         26     -0.004    13.7025   0.047412     0.2955   999.5167     -0.004     0.1862     -0.002  0.000e+00
      6.500 269.817853         27     -0.004    13.7027   0.047390     0.2953   999.5166     -0.004     0.1875     -0.002  0.000e+00
      6.750 269.817856         28     -0.004    13.7029   0.047374     0.2952   999.5165     -0.004     0.1854     -0.000  0.000e+00
      7.000 269.817859         29     -0.003    13.7032   0.047356     0.2951   999.5164     -0.003     0.1871      0.002  0.000e+00
      7.250 269.817862         30     -0.005    13.7032   0.047356     0.2951   999.5164     -0.005     0.1871     -0.002  0.000e+00
      7.500 269.817865         31     -0.006    13.7035   0.047356     0.2951   999.5163     -0.006     0.1858     -0.006  0.000e+00
      7.750 269.817867         32     -0.006    13.7038   0.047356     0.2951   999.5163     -0.006     0.1879     -0.002  0.000e+00
      8.000 269.817870         33     -0.005    13.7039   0.047349     0.2950   999.5162     -0.005     0.1895      0.002  0.000e+00
      8.250 269.817873         34     -0.004    13.7038   0.047318     0.2948   999.5161     -0.004     0.1883      0.004  0.000e+00
      8.500 269.817876         35     -0.004    13.7040   0.047302     0.2947   999.5160     -0.004     0.1891      0.002  0.000e+00
      8.750 269.817879         36     -0.004    13.7039   0.047268     0.2945   999.5158     -0.004     0.1862      0.000  0.000e+00
      9.000 269.817882         37     -0.004    13.7038   0.047240     0.2943   999.5157     -0.004     0.1829      0.000  0.000e+00
      9.250 269.817885         38     -0.006    13.7038   0.047211     0.2942   999.5156     -0.006     0.1858     -0.004  0.000e+00
      9.500 269.817888         39     -0.005    13.7036   0.047193     0.2940   999.5155     -0.005     0.1858     -0.002  0.000e+00
      9.750 269.817891         40     -0.006    13.7033   0.047196     0.2941   999.5155     -0.006     0.1871      0.000  0.000e+00
     10.000 269.817894         41     -0.004    13.7034   0.047183     0.2940   999.5155     -0.004     0.1858      0.002  0.000e+00
     10.250 269.817896         42     -0.003    13.7032   0.047177     0.2939   999.5155     -0.003     0.1854      0.006  0.000e+00
     10.500 269.817899         43     -0.003    13.7030   0.047164     0.2939   999.5155     -0.003     0.1875      0.002  0.000e+00
     10.750 269.817902         44     -0.004    13.7028   0.047164     0.2939   999.5155     -0.004     0.1862     -0.002  0.000e+00
     11.000 269.817905         45     -0.003    13.7028   0.047130     0.2936   999.5153     -0.003     0.1867      0.000  0.000e+00
     11.250 269.817908         46     -0.004    13.7026   0.047120     0.2936   999.5153     -0.004     0.1846     -0.000  0.000e+00
     11.500 269.817911         47     -0.004    13.7025   0.047099     0.2934   999.5152     -0.004     0.1858     -0.002  0.000e+00
     11.750 269.817914         48     -0.004    13.7025   0.047064     0.2932   999.5150     -0.004     0.1854      0.000  0.000e+00
     12.000 269.817917         49     -0.006    13.7022   0.047039     0.2931   999.5149     -0.006     0.1862     -0.004  0.000e+00
     12.250 269.817920         50     -0.005    13.7021   0.047020     0.2929   999.5148     -0.005     0.1850     -0.002  0.000e+00
     12.500 269.817922         51     -0.004    13.7020   0.047008     0.2929   999.5148     -0.004     0.1854      0.004  0.000e+00
     12.750 269.817925         52     -0.003    13.7019   0.047011     0.2929   999.5148     -0.003     0.1858      0.004  0.000e+00
     13.000 269.817928         53     -0.003    13.7017   0.046998     0.2928   999.5148     -0.003     0.1891      0.002  0.000e+00
     13.250 269.817931         54     -0.004    13.7017   0.047001     0.2928   999.5148     -0.004     0.1908     -0.002  0.000e+00
     13.500 269.817934         55     -0.006    13.7016   0.047020     0.2930   999.5149     -0.006     0.1904     -0.006  0.000e+00
     13.750 269.817937         56     -0.005    13.7016   0.047017     0.2929   999.5149     -0.005     0.1891     -0.002  0.000e+00
     14.000 269.817940         57     -0.005    13.7015   0.047026     0.2930   999.5150     -0.005     0.1920      0.002  0.000e+00
     14.250 269.817943         58     -0.005    13.7016   0.047017     0.2929   999.5149     -0.005     0.1899     -0.000  0.000e+00
     14.500 269.817946         59     -0.004    13.7012   0.047011     0.2929   999.5149     -0.004     0.1904      0.002  0.000e+00
     14.750 269.817948         60     -0.006    13.7011   0.046983     0.2927   999.5148     -0.006     0.1862     -0.002  0.000e+00
     15.000 269.817951         61     -0.005    13.7011   0.046973     0.2927   999.5147     -0.005     0.1924     -0.002  0.000e+00
     15.250 269.817954         62     -0.004    13.7010   0.046936     0.2924   999.5146     -0.004     0.1862      0.004  0.000e+00
     15.500 269.817957         63     -0.005    13.7011   0.046901     0.2922   999.5144     -0.005     0.1862     -0.000  0.000e+00
     15.750 269.817960         64     -0.004    13.7009   0.046895     0.2922   999.5144     -0.004     0.1891     -0.000  0.000e+00
     16.000 269.817963         65     -0.003    13.7007   0.046882     0.2921   999.5144     -0.003     0.1871      0.004  0.000e+00
     16.250 269.817966         66     -0.004    13.7008   0.046895     0.2922   999.5144     -0.004     0.1904      0.000  0.000e+00
     16.500 269.817969         67     -0.006    13.7007   0.046917     0.2923   999.5145     -0.006     0.1871     -0.007  0.000e+00
     16.750 269.817972         68     -0.006    13.7007   0.046936     0.2924   999.5146     -0.006     0.1879     -0.004  0.000e+00
     17.000 269.817975         69     -0.005    13.7009   0.046976     0.2927   999.5148     -0.005     0.1854      0.002  0.000e+00
     17.250 269.817977         70     -0.004    13.7011   0.047026     0.2930   999.5150     -0.004     0.1908      0.004  0.000e+00
     17.500 269.817980         71     -0.004    13.7013   0.047293     0.2947   999.5163     -0.004     0.1862      0.002  0.000e+00
     17.750 269.817983         72     -0.003    13.7015   0.047923     0.2987   999.5194     -0.003     0.1883      0.002  0.000e+00
     18.000 269.817986         73     -0.002    13.7015   0.048682     0.3036   999.5232     -0.002     0.1904      0.004  0.000e+00
     18.250 269.817989         74     -0.007    13.7013   0.050932     0.3181   999.5345     -0.007     0.1858     -0.009  0.000e+00
     18.500 269.817992         75     -0.004    13.7009   0.053068     0.3319   999.5453     -0.004     0.1854     -0.004  0.000e+00
     18.750 269.817995         76     -0.004    13.7007   0.055043     0.3447   999.5552     -0.004     0.1908      0.006  0.000e+00
     19.000 269.817998         77     -0.005    13.7003   0.057930     0.3634   999.5698     -0.005     0.1891     -0.002  0.000e+00
     19.250 269.818001         78     -0.006    13.7001   0.062335     0.3920   999.5921     -0.006     0.1883     -0.004  0.000e+00
     19.500 269.818003         79     -0.006    13.7000   0.068322     0.4311   999.6225     -0.006     0.1887     -0.002  0.000e+00
     19.750 269.818006         80     -0.006    13.6998   0.077192     0.4894   999.6678     -0.006     0.1912     -0.000  0.000e+00
     20.000 269.818009         81     -0.005    13.6996   0.088005     0.5609   999.7233     -0.005     0.1875      0.002  0.000e+00
     20.250 269.818012         82     -0.006    13.6995   0.091520     0.5843   999.7415     -0.006     0.1871 -2.961e-16  0.000e+00
     20.500 269.818015         83     -0.008    13.6993   0.093120     0.5949   999.7497     -0.008     0.1895     -0.006  0.000e+00
     20.750 269.818018         84     -0.004    13.6990   0.100414     0.6436   999.7876     -0.004     0.1867      0.004  0.000e+00
     21.000 269.818021         85     -0.006    13.6990   0.098103     0.6282   999.7756     -0.006     0.1871      0.004  0.000e+00
     21.250 269.818024         86     -0.004    13.6989   0.096484     0.6173   999.7672     -0.004     0.1904 2.9606e-16  0.000e+00
     21.500 269.818027         87     -0.004    13.6989   0.095266     0.6092   999.7609     -0.004     0.1871      0.004  0.000e+00
     21.750 269.818030         88     -0.004    13.6988   0.094478     0.6040   999.7569     -0.004     0.1879      0.000  0.000e+00
     22.000 269.818032         89     -0.003    13.6988   0.093604     0.5981   999.7523     -0.003     0.1904      0.002  0.000e+00
     22.250 269.818035         90     -0.005    13.6987   0.093405     0.5968   999.7513     -0.005     0.1899     -0.002  0.000e+00
     22.500 269.818038         91     -0.006    13.6987   0.093370     0.5966   999.7511     -0.006     0.1846     -0.006  0.000e+00
     22.750 269.818041         92     -0.007    13.6988   0.093568     0.5979   999.7521     -0.007     0.1904     -0.004  0.000e+00
     23.000 269.818044         93     -0.006    13.6990   0.094055     0.6011   999.7546     -0.006     0.1883      0.000  0.000e+00
     23.250 269.818047         94     -0.006    13.6994   0.094801     0.6061   999.7584     -0.006     0.1838      0.002  0.000e+00
     23.500 269.818050         95     -0.005    13.6992   0.095772     0.6126   999.7635     -0.005     0.1838      0.002  0.000e+00
     23.750 269.818053         96     -0.005    13.6996   0.096663     0.6185   999.7680     -0.005     0.1854      0.002  0.000e+00
     24.000 269.818056         97     -0.006    13.6998   0.097468     0.6239   999.7722     -0.006     0.1895     -0.002  0.000e+00
     24.250 269.818058         98     -0.005    13.7000   0.097955     0.6271   999.7747     -0.005     0.1854      0.000  0.000e+00
     24.500 269.818061         99     -0.002    13.7003   0.097445     0.6237   999.7720     -0.002     0.1858      0.009  0.000e+00
     24.750 269.818064        100     -0.003    13.7007   0.096753     0.6191   999.7684     -0.003     0.1871      0.004  0.000e+00
     25.000 269.818067        101     -0.007    13.7011   0.096737     0.6190   999.7682     -0.007     0.1871     -0.011  0.000e+00
     25.250 269.818070        102     -0.004    13.7012   0.095762     0.6125   999.7631     -0.004     0.1858     -0.002  0.000e+00
     25.500 269.818073        103     -0.002    13.7017   0.094465     0.6038   999.7564     -0.002     0.1920      0.011  0.000e+00
     25.750 269.818076        104     -0.005    13.7020   0.093562     0.5978   999.7516     -0.005     0.1871     -0.002  0.000e+00
     26.000 269.818079        105     -0.005    13.7021   0.092903     0.5934   999.7482     -0.005     0.1842     -0.006  0.000e+00
     26.250 269.818082        106     -0.002    13.7023   0.091866     0.5865   999.7429     -0.002     0.1875      0.006  0.000e+00
     26.500 269.818084        107     -0.007    13.7027   0.091460     0.5838   999.7407     -0.007     0.1895     -0.004  0.000e+00
     26.750 269.818087        108     -0.004    13.7030   0.090830     0.5796   999.7374     -0.004     0.1879     -0.004  0.000e+00
     27.000 269.818090        109     -0.005    13.7036   0.090225     0.5756   999.7342     -0.005     0.1887      0.004  0.000e+00
     27.250 269.818093        110     -0.005    13.7039   0.090088     0.5747   999.7334     -0.005     0.1904     -0.002  0.000e+00
     27.500 269.818096        111     -0.001    13.7040   0.089509     0.5708   999.7304     -0.002     0.1912      0.006  0.000e+00
     27.750 269.818099        112     -0.004    13.7038   0.089091     0.5681   999.7283     -0.004     0.1920      0.002  0.000e+00
     28.000 269.818102        113     -0.001    13.7037   0.088452     0.5638   999.7250     -0.002     0.1883      0.000  0.000e+00
     28.250 269.818105        114      0.070    13.6960   1.799560    13.9003  1009.9956      0.070     0.1908      0.148  0.000e+00
     28.500 269.818108        115      0.214    13.5550   3.800616    31.7267  1023.7498      0.215     0.1875      0.434  0.000e+00
     28.750 269.818111        116      0.368    13.3699   3.861963    32.4545  1024.3500      0.371     0.1858      0.601  0.000e+00
     29.000 269.818113        117      0.531    13.2440   3.861104    32.5540  1024.4528      0.535     0.1871      0.640  0.000e+00
     29.250 269.818116        118      0.687    13.1638   3.859217    32.6049  1024.5088      0.692     0.1883      0.642  0.000e+00
     29.500 269.818119        119      0.831    13.1001   3.854488    32.6150  1024.5298      0.838     0.1871      0.606  0.000e+00
     29.750 269.818122        120      0.969    13.0472   3.854273    32.6585  1024.5745      0.977     0.1879      0.569  0.000e+00
