Raw_Data/Cage/SBE19/2020-09-20_SBE19_004_012_processed.cnv
* Sea-Bird SBE19plus Data File:
* FileName = C:\cruises\2020_barkerboys\leg2\data\cage\SBE19\2020-09-25_SBE19_004_012.hex
* Software Version 1.59
* Temperature SN =  4881
* Conductivity SN =  4881
* System UpLoad Time = Sep 25 2020 12:24:10
* ds
* SeacatPlus V 1.5  SERIAL NO. 4881    25 Sep 2020  12:15:39
# nquan = 12
# nvalues = 3077                                  
# units = specified
# name 0 = timeS: Time, Elapsed [seconds]
# name 1 = timeJ: Julian Days
# name 2 = scan: Scan Count
# name 3 = depSM: Depth [salt water, m], lat = 44.00
# name 4 = tv290C: Temperature [ITS-90, deg C]
# name 5 = c0S/m: Conductivity [S/m]
# name 6 = sal00: Salinity, Practical [PSU]
# name 7 = density00: Density [density, kg/m^3]
# name 8 = prdM: Pressure, Strain Gauge [db]
# name 9 = wetStar: Fluorescence, WET Labs WETstar [mg/m^3]
# name 10 = dz/dtM: Descent Rate [m/s]
# name 11 = flag:  0.000e+00
# span 0 =      0.000,    769.000                 
# span 1 = 264.544583, 264.553484                 
# span 2 =          1,       3077                 
# span 3 =      0.121,    109.271                 
# span 4 =     8.6303,    13.0623                 
# span 5 =   0.044646,   3.819556                 
# span 6 =     0.3137,    34.8576                 
# span 7 =  1000.0314,  1026.8517                 
# span 8 =      0.122,    110.184                 
# span 9 =     0.1471,     5.9253                 
# span 10 =     -1.534,      1.304                
# span 11 = 0.0000e+00, 0.0000e+00                
# interval = seconds: 0.25
# start_time = Sep 20 2020 13:04:12 [Instrument's time stamp, header]
# bad_flag = -9.990e-29
*END*
[from data line 3008]
    752.000 264.553287       3009      0.125    13.0488   0.396240     2.7785  1001.5293      0.126     0.1640     -0.004  0.000e+00
    752.250 264.553290       3010      0.128    13.0484   0.386364     2.7049  1001.4725      0.129     0.1611      0.002  0.000e+00
    752.500 264.553293       3011      0.127    13.0480   0.392166     2.7482  1001.5060      0.128     0.1652      0.002  0.000e+00
    752.750 264.553296       3012      0.125    13.0474   0.422123     2.9720  1001.6792      0.126     0.1673     -0.004  0.000e+00
    753.000 264.553299       3013      0.125    13.0470   0.433545     3.0577  1001.7455      0.126     0.1681     -0.002  0.000e+00
    753.250 264.553302       3014      0.125    13.0467   0.438055     3.0916  1001.7718      0.126     0.1665     -0.000  0.000e+00
    753.500 264.553304       3015      0.125    13.0460   0.441949     3.1209  1001.7945      0.126     0.1648     -0.000  0.000e+00
    753.750 264.553307       3016      0.127    13.0456   0.437729     3.0893  1001.7701      0.128     0.1661      0.002  0.000e+00
    754.000 264.553310       3017      0.124    13.0451   0.433037     3.0540  1001.7429      0.125     0.1632     -0.002  0.000e+00
    754.250 264.553313       3018      0.124    13.0445   0.427914     3.0157  1001.7133      0.125     0.1693     -0.004  0.000e+00
    754.500 264.553316       3019      0.127    13.0440   0.422268     2.9734  1001.6807      0.128     0.1665      0.004  0.000e+00
    754.750 264.553319       3020      0.125    13.0433   0.426765     3.0071  1001.7069      0.126     0.1669      0.002  0.000e+00
    755.000 264.553322       3021      0.124    13.0429   0.435647     3.0738  1001.7585      0.125     0.1628     -0.004  0.000e+00
    755.250 264.553325       3022      0.125    13.0423   0.438766     3.0973  1001.7768      0.127     0.1665      0.000  0.000e+00
    755.500 264.553328       3023      0.125    13.0416   0.425256     2.9960  1001.6985      0.127     0.1652      0.002  0.000e+00
    755.750 264.553330       3024      0.124    13.0410   0.407223     2.8610  1001.5942      0.125     0.1611     -0.002  0.000e+00
    756.000 264.553333       3025      0.124    13.0403   0.403766     2.8353  1001.5744      0.125     0.1648     -0.002  0.000e+00
    756.250 264.553336       3026      0.127    13.0398   0.386482     2.7064  1001.4748      0.128     0.1632      0.004  0.000e+00
    756.500 264.553339       3027      0.124    13.0390   0.378110     2.6442  1001.4268      0.125     0.1619     -0.000  0.000e+00
    756.750 264.553342       3028      0.123    13.0385   0.407911     2.8664  1001.5987      0.124     0.1586     -0.006  0.000e+00
    757.000 264.553345       3029      0.123    13.0377   0.419350     2.9520  1001.6650      0.124     0.1619     -0.002  0.000e+00
    757.250 264.553348       3030      0.123    13.0371   0.405333     2.8472  1001.5840      0.124     0.1615 3.0316e-13  0.000e+00
    757.500 264.553351       3031      0.124    13.0363   0.389767     2.7311  1001.4944      0.125     0.1685      0.002  0.000e+00
    757.750 264.553354       3032      0.124    13.0355   0.375812     2.6274  1001.4143      0.125     0.1698      0.002  0.000e+00
    758.000 264.553356       3033      0.126    13.0348   0.367571     2.5663  1001.3671      0.127     0.1722      0.002  0.000e+00
    758.250 264.553359       3034      0.127    13.0337   0.356198     2.4821  1001.3021      0.128     0.1722      0.004  0.000e+00
    758.500 264.553362       3035      0.128    13.0331   0.323765     2.2431  1001.1172      0.129     0.1702      0.004  0.000e+00
    758.750 264.553365       3036      0.124    13.0325   0.396229     2.7796  1001.5324      0.125     0.1661     -0.004  0.000e+00
    759.000 264.553368       3037      0.126    13.0317   0.417743     2.9404  1001.6569      0.127     0.1665     -0.004  0.000e+00
    759.250 264.553371       3038      0.124    13.0312   0.381363     2.6690  1001.4470      0.125     0.1702      0.000  0.000e+00
    759.500 264.553374       3039      0.124    13.0305   0.349987     2.4364  1001.2671      0.125     0.1776     -0.002  0.000e+00
    759.750 264.553377       3040      0.126    13.0298   0.325045     2.2527  1001.1250      0.127     0.1801      0.002  0.000e+00
    760.000 264.553380       3041      0.124    13.0289   0.316881     2.1928  1001.0788      0.125     0.1883     -0.000  0.000e+00
    760.250 264.553383       3042      0.123    13.0282   0.315900     2.1856  1001.0733      0.124     0.1834     -0.004  0.000e+00
    760.500 264.553385       3043      0.124    13.0274   0.306471     2.1166  1001.0200      0.125     0.1776      0.000  0.000e+00
    760.750 264.553388       3044      0.124    13.0268   0.291201     2.0051  1000.9337      0.125     0.1838      0.002  0.000e+00
    761.000 264.553391       3045      0.128    13.0260   0.285540     1.9639  1000.9019      0.129     0.2250      0.006  0.000e+00
    761.250 264.553394       3046      0.128    13.0255   0.272369     1.8683  1000.8279      0.129     0.1924      0.006  0.000e+00
    761.500 264.553397       3047      0.128    13.0249   0.266274     1.8241  1000.7937      0.129     0.1854      0.000  0.000e+00
    761.750 264.553400       3048      0.124    13.0243   0.270039     1.8514  1000.8150      0.126     0.1887     -0.006  0.000e+00
    762.000 264.553403       3049      0.126    13.0241   0.272672     1.8705  1000.8298      0.127     0.1809     -0.004  0.000e+00
    762.250 264.553406       3050      0.126    13.0234   0.291291     2.0060  1000.9348      0.127     0.1817      0.002  0.000e+00
    762.500 264.553409       3051      0.127    13.0230   0.303110     2.0923  1001.0017      0.128     0.1883      0.002  0.000e+00
    762.750 264.553411       3052      0.126    13.0224   0.310732     2.1481  1001.0450      0.127     0.1813      0.000  0.000e+00
    763.000 264.553414       3053      0.123    13.0219   0.304516     2.1026  1001.0099      0.124     0.1788     -0.006  0.000e+00
    763.250 264.553417       3054      0.125    13.0215   0.314523     2.1759  1001.0667      0.126     0.1813     -0.002  0.000e+00
    763.500 264.553420       3055      0.126    13.0206   0.314460     2.1755  1001.0665      0.127     0.1772      0.004  0.000e+00
    763.750 264.553423       3056      0.126    13.0199   0.300332     2.0722  1000.9865      0.127     0.1792      0.002  0.000e+00
    764.000 264.553426       3057      0.126    13.0191   0.286133     1.9686  1000.9064      0.127     0.1801     -0.000  0.000e+00
    764.250 264.553429       3058      0.125    13.0183   0.284158     1.9543  1000.8954      0.126     0.1776     -0.002  0.000e+00
    764.500 264.553432       3059      0.125    13.0175   0.284401     1.9561  1000.8969      0.126     0.1805     -0.002  0.000e+00
    764.750 264.553435       3060      0.127    13.0168   0.281597     1.9357  1000.8813      0.128     0.1768      0.004  0.000e+00
    765.000 264.553437       3061      0.125    13.0160   0.270026     1.8517  1000.8163      0.126     0.1829      0.000  0.000e+00
    765.250 264.553440       3062      0.126    13.0150   0.256970     1.7572  1000.7432      0.127     0.1821     -0.002  0.000e+00
    765.500 264.553443       3063      0.125    13.0142   0.244206     1.6652  1000.6720      0.126     0.1784 3.0316e-13  0.000e+00
    765.750 264.553446       3064      0.126    13.0133   0.233168     1.5859  1000.6106      0.127     0.1792      0.000  0.000e+00
    766.000 264.553449       3065      0.123    13.0126   0.259813     1.7779  1000.7595      0.124     0.1780     -0.002  0.000e+00
    766.250 264.553452       3066      0.125    13.0115   0.261862     1.7928  1000.7712      0.126     0.1751     -0.002  0.000e+00
    766.500 264.553455       3067      0.125    13.0107   0.296863     2.0473  1000.9685      0.126     0.1718      0.002  0.000e+00
    766.750 264.553458       3068      0.125    13.0098   0.320204     2.2183  1001.1010      0.126     0.1743      0.000  0.000e+00
    767.000 264.553461       3069      0.121    13.0088   0.334416     2.3229  1001.1821      0.122     0.1726     -0.006  0.000e+00
    767.250 264.553464       3070      0.123    13.0079   0.331006     2.2978  1001.1628      0.124     0.1772     -0.002  0.000e+00
    767.500 264.553466       3071      0.123    13.0069   0.314470     2.1764  1001.0689      0.124     0.1751      0.004  0.000e+00
    767.750 264.553469       3072      0.126    13.0059   0.296933     2.0481  1000.9697      0.127     0.1685      0.004  0.000e+00
    768.000 264.553472       3073      0.126    13.0048   0.278699     1.9152  1000.8670      0.127     0.1714      0.004  0.000e+00
    768.250 264.553475       3074      0.125    13.0036   0.262064     1.7946  1000.7737      0.126     0.1862     -0.002  0.000e+00
    768.500 264.553478       3075      0.125    13.0026   0.249319     1.7026  1000.7025      0.126     0.1772     -0.002  0.000e+00
    768.750 264.553481       3076      0.125    13.0013   0.240407     1.6384  1000.6529      0.126     0.1731     -0.000  0.000e+00
    769.000 264.553484       3077      0.126    13.0004   0.235318     1.6018  1000.6247      0.127     0.1764      0.002  0.000e+00
