Raw_Data/Cage/SBE19/2020-09-25_SBE19_007_034_processed.cnv
* Sea-Bird SBE19plus Data File:
* FileName = C:\cruises\2020_barkerboys\leg2\data\cage\SBE19\2020-09-25_SBE19_004_034.hex
* Software Version 1.59
* Temperature SN =  4881
* Conductivity SN =  4881
* System UpLoad Time = Sep 25 2020 21:21:35
* ds
* SeacatPlus V 1.5  SERIAL NO. 4881    25 Sep 2020  21:17:28
# nquan = 12
# nvalues = 2929                                  
# units = specified
# name 0 = timeS: Time, Elapsed [seconds]
# name 1 = timeJ: Julian Days
# name 2 = scan: Scan Count
# name 3 = depSM: Depth [salt water, m], lat = 44.00
# name 4 = tv290C: Temperature [ITS-90, deg C]
# name 5 = c0S/m: Conductivity [S/m]
# name 6 = sal00: Salinity, Practical [PSU]
# name 7 = density00: Density [density, kg/m^3]
# name 8 = prdM: Pressure, Strain Gauge [db]
# name 9 = wetStar: Fluorescence, WET Labs WETstar [mg/m^3]
# name 10 = dz/dtM: Descent Rate [m/s]
# name 11 = flag:  0.000e+00
# span 0 =      0.000,    732.000                 
# span 1 = 269.760556, 269.769028                 
# span 2 =          1,       2929                 
# span 3 =     -0.012,    170.422                 
# span 4 =     9.7234,    13.7985                 
# span 5 =  -0.066228,   3.899691                 
# span 6 =     0.0000,    33.5993                 
# span 7 =   999.2737,  1026.6829                 
# span 8 =     -0.012,    171.873                 
# span 9 =     0.1347,     5.0078                 
# span 10 =     -1.286,      1.125                
# span 11 = 0.0000e+00, 0.0000e+00                
# interval = seconds: 0.25
# start_time = Sep 25 2020 18:15:12 [Instrument's time stamp, header]
# bad_flag = -9.990e-29
*END*
[from data line 2888]
    722.000 269.768912       2889      0.651    13.3143   3.889005    32.7554  1024.5951      0.656     1.5850      0.170  0.000e+00
    722.250 269.768915       2890      0.694    13.3442   3.886599    32.7071  1024.5520      0.699     1.7279      0.187  0.000e+00
    722.500 269.768918       2891      0.712    13.3500   3.876380    32.6064  1024.4730      0.718     1.4939      0.122  0.000e+00
    722.750 269.768921       2892      0.687    13.3102   3.873594    32.6144  1024.4870      0.693     1.4688     -0.013  0.000e+00
    723.000 269.768924       2893      0.615    13.2728   3.885097    32.7545  1024.6026      0.620     1.4181     -0.195  0.000e+00
    723.250 269.768927       2894      0.521    13.2849   3.887550    32.7672  1024.6095      0.526     1.3567     -0.335  0.000e+00
    723.500 269.768929       2895      0.424    13.3175   3.886963    32.7337  1024.5767      0.428     1.3283     -0.384  0.000e+00
    723.750 269.768932       2896      0.325    13.3373   3.888108    32.7274  1024.5674      0.328     1.2714     -0.395  0.000e+00
    724.000 269.768935       2897      0.223    13.3513   3.889531    32.7288  1024.5652      0.225     1.2006     -0.406  0.000e+00
    724.250 269.768938       2898      0.133    13.3644   3.889328    32.7156  1024.5520      0.134     1.1763     -0.389  0.000e+00
    724.500 269.768941       2899      0.079    13.3739   3.889759    32.7115  1024.5467      0.080     1.1520     -0.290  0.000e+00
    724.750 269.768944       2900      0.057    13.3808   3.888950    32.6980  1024.5348      0.058     1.1524     -0.152  0.000e+00
    725.000 269.768947       2901      0.070    13.3853   3.887602    32.6816  1024.5212      0.070     1.1796     -0.019  0.000e+00
    725.250 269.768950       2902      0.096    13.3883   3.886854    32.6720  1024.5133      0.097     1.1890      0.079  0.000e+00
    725.500 269.768953       2903      0.108    13.3874   3.886659    32.6709  1024.5127      0.109     1.0906      0.077  0.000e+00
    725.750 269.768955       2904      0.087    13.3781   3.886531    32.6776  1024.5197      0.088     1.0671     -0.019  0.000e+00
    726.000 269.768958       2905      0.057    13.3675   3.886382    32.6854  1024.5276      0.058     0.3708     -0.103  0.000e+00
    726.250 269.768961       2906      0.039    13.3578   3.885116    32.6818  1024.5268      0.039     0.3008     -0.097  0.000e+00
    726.500 269.768964       2907      0.011    13.3483   3.882293    32.6635  1024.5144      0.011     0.2946     -0.092  0.000e+00
    726.750 269.768967       2908      0.008    13.3335   3.880286    32.6574  1024.5126      0.008     0.3057     -0.062  0.000e+00
    727.000 269.768970       2909      0.009    13.3128   3.878838    32.6616  1024.5200      0.009     0.3061     -0.004  0.000e+00
    727.250 269.768973       2910      0.009    13.2923   3.876280    32.6552  1024.5191      0.009     0.2485      0.002  0.000e+00
    727.500 269.768976       2911      0.008    13.2728   3.875741    32.6668  1024.5320      0.008     0.2468     -0.002  0.000e+00
    727.750 269.768979       2912      0.008    13.2539   3.874880    32.6750  1024.5421      0.008     0.2340     -0.002  0.000e+00
    728.000 269.768981       2913      0.008    13.2404   3.873379    32.6725  1024.5428      0.008     0.2188      0.000  0.000e+00
    728.250 269.768984       2914      0.007    13.2284   2.724108    22.1423  1016.4164      0.007     0.2151     -0.002  0.000e+00
    728.500 269.768987       2915      0.007    13.2167   0.641555     4.6254  1002.9323      0.007     0.2101     -0.002  0.000e+00
    728.750 269.768990       2916      0.006    13.2098   0.492283     3.4861  1002.0539      0.006     0.2077     -0.002  0.000e+00
    729.000 269.768993       2917      0.007    13.2076   0.554972     3.9621  1002.4217      0.007     0.2060      0.000  0.000e+00
    729.250 269.768996       2918      0.008    13.2064   0.654258     4.7248  1003.0105      0.008     0.1970      0.004  0.000e+00
    729.500 269.768999       2919      0.006    13.2055   0.708347     5.1446  1003.3344      0.006     0.1941     -0.002  0.000e+00
    729.750 269.769002       2920      0.007    13.2041   0.738685     5.3814  1003.5172      0.007     0.1904     -0.002  0.000e+00
    730.000 269.769005       2921      0.009    13.2021   0.761854     5.5630  1003.6575      0.009     0.1895      0.006  0.000e+00
    730.250 269.769008       2922      0.005    13.1994   0.797307     5.8418  1003.8728      0.005     0.1961     -0.004  0.000e+00
    730.500 269.769010       2923      0.007    13.1964   0.730739     5.3204  1003.4713      0.007     0.1945     -0.004  0.000e+00
    730.750 269.769013       2924      0.008    13.1925   0.684734     4.9627  1003.1959      0.008     0.2019      0.006  0.000e+00
    731.000 269.769016       2925      0.005    13.1882   0.669026     4.8414  1003.1030      0.005     0.1945     -0.004  0.000e+00
    731.250 269.769019       2926      0.006    13.1835   0.641930     4.6323  1002.9423      0.006     0.1941     -0.004  0.000e+00
    731.500 269.769022       2927      0.007    13.1783   0.633652     4.5690  1002.8942      0.007     1.1482      0.004  0.000e+00
    731.750 269.769025       2928      0.007    13.1731   0.570795     4.0866  1002.5226      0.007     2.9309      0.002  0.000e+00
    732.000 269.769028       2929      0.004    13.1680   0.535088     3.8146  1002.3133      0.004     3.0092     -0.006  0.000e+00
