Raw_Data/Cage/SBE19/2020-09-25_SBE19_007_032_processed.cnv
* Sea-Bird SBE19plus Data File:
* FileName = C:\cruises\2020_barkerboys\leg2\data\cage\SBE19\2020-09-25_SBE19_004_032.hex
* Software Version 1.59
* Temperature SN =  4881
* Conductivity SN =  4881
* System UpLoad Time = Sep 25 2020 21:19:27
* ds
* SeacatPlus V 1.5  SERIAL NO. 4881    25 Sep 2020  21:17:28
# nquan = 12
# nvalues = 3003                                  
# units = specified
# name 0 = timeS: Time, Elapsed [seconds]
# name 1 = timeJ: Julian Days
# name 2 = scan: Scan Count
# name 3 = depSM: Depth [salt water, m], lat = 44.00
# name 4 = tv290C: Temperature [ITS-90, deg C]
# name 5 = c0S/m: Conductivity [S/m]
# name 6 = sal00: Salinity, Practical [PSU]
# name 7 = density00: Density [density, kg/m^3]
# name 8 = prdM: Pressure, Strain Gauge [db]
# name 9 = wetStar: Fluorescence, WET Labs WETstar [mg/m^3]
# name 10 = dz/dtM: Descent Rate [m/s]
# name 11 = flag:  0.000e+00
# span 0 =      0.000,    750.500                 
# span 1 = 269.702500, 269.711186                 
# span 2 =          1,       3003                 
# span 3 =      0.001,    178.662                 
# span 4 =     9.6270,    13.8740                 
# span 5 =   0.041492,   3.878540                 
# span 6 =     0.2566,    33.6345                 
# span 7 =   999.4646,  1026.7636                 
# span 8 =      0.001,    180.187                 
# span 9 =     0.1162,     3.9082                 
# span 10 =     -1.140,      1.194                
# span 11 = 0.0000e+00, 0.0000e+00                
# interval = seconds: 0.25
# start_time = Sep 25 2020 16:51:36 [Instrument's time stamp, header]
# bad_flag = -9.990e-29
*END*
[from data line 1564]
    391.000 269.707025       1565    154.825     9.7150   3.652574    33.5982  1026.6126    156.137     0.1541      0.761  0.000e+00
    391.250 269.707028       1566    154.979     9.7124   3.652580    33.6006  1026.6157    156.293     0.1545      0.675  0.000e+00
    391.500 269.707031       1567    155.091     9.7105   3.652541    33.6020  1026.6176    156.405     0.1636      0.537  0.000e+00
    391.750 269.707034       1568    155.164     9.7096   3.652607    33.6034  1026.6192    156.478     0.1537      0.372  0.000e+00
    392.000 269.707037       1569    155.202     9.7092   3.652607    33.6038  1026.6197    156.517     0.1582      0.223  0.000e+00
    392.250 269.707040       1570    155.224     9.7090   3.652574    33.6036  1026.6197    156.540     0.1829      0.123  0.000e+00
    392.500 269.707043       1571    155.251     9.7087   3.652613    33.6042  1026.6204    156.567     0.1636      0.099  0.000e+00
    392.750 269.707046       1572    155.302     9.7088   3.652442    33.6024  1026.6192    156.618     0.1533      0.157  0.000e+00
    393.000 269.707049       1573    155.392     9.7082   3.652541    33.6039  1026.6209    156.708     0.1850      0.284  0.000e+00
    393.250 269.707052       1574    155.522     9.7079   3.652508    33.6038  1026.6214    156.839     0.1648      0.443  0.000e+00
    393.500 269.707054       1575    155.677     9.7073   3.652206    33.6012  1026.6202    156.996     0.1533      0.576  0.000e+00
    393.750 269.707057       1576    155.838     9.7052   3.652074    33.6018  1026.6217    157.159     0.1652      0.638  0.000e+00
    394.000 269.707060       1577    155.986     9.7024   3.652121    33.6047  1026.6252    157.308     0.1764      0.623  0.000e+00
    394.250 269.707063       1578    156.116     9.7005   3.652107    33.6063  1026.6273    157.439     0.1801      0.561  0.000e+00
    394.500 269.707066       1579    156.226     9.6997   3.652075    33.6067  1026.6282    157.550     0.1706      0.484  0.000e+00
    394.750 269.707069       1580    156.316     9.6991   3.652075    33.6072  1026.6292    157.641     0.1784      0.404  0.000e+00
    395.000 269.707072       1581    156.395     9.6987   3.652042    33.6072  1026.6296    157.721     0.1735      0.342  0.000e+00
    395.250 269.707075       1582    156.479     9.6985   3.652088    33.6079  1026.6305    157.806     0.1652      0.329  0.000e+00
    395.500 269.707078       1583    156.575     9.6987   3.652141    33.6082  1026.6312    157.902     0.1570      0.363  0.000e+00
    395.750 269.707080       1584    156.694     9.6993   3.652141    33.6076  1026.6312    158.023     0.1578      0.434  0.000e+00
    396.000 269.707083       1585    156.848     9.6992   3.652042    33.6066  1026.6311    158.177     0.1677      0.550  0.000e+00
    396.250 269.707086       1586    157.025     9.6983   3.651976    33.6066  1026.6321    158.356     0.1673      0.667  0.000e+00
    396.500 269.707089       1587    157.214     9.6975   3.651944    33.6069  1026.6333    158.547     0.1776      0.739  0.000e+00
    396.750 269.707092       1588    157.403     9.6970   3.651977    33.6077  1026.6349    158.737     0.1706      0.763  0.000e+00
    397.000 269.707095       1589    157.572     9.6967   3.651977    33.6079  1026.6359    158.908     0.1611      0.722  0.000e+00
    397.250 269.707098       1590    157.706     9.6961   3.651911    33.6077  1026.6364    159.043     0.1788      0.611  0.000e+00
    397.500 269.707101       1591    157.797     9.6953   3.651944    33.6088  1026.6378    159.135     0.1673      0.454  0.000e+00
    397.750 269.707104       1592    157.849     9.6950   3.651944    33.6090  1026.6383    159.188     0.1578      0.290  0.000e+00
    398.000 269.707106       1593    157.882     9.6949   3.651944    33.6091  1026.6385    159.221     0.1529      0.172  0.000e+00
    398.250 269.707109       1594    157.923     9.6947   3.651911    33.6090  1026.6386    159.262     0.1619      0.148  0.000e+00
    398.500 269.707112       1595    157.998     9.6945   3.651977    33.6098  1026.6396    159.338     0.1611      0.234  0.000e+00
    398.750 269.707115       1596    158.111     9.6947   3.651944    33.6092  1026.6396    159.452     0.1623      0.380  0.000e+00
    399.000 269.707118       1597    158.271     9.6949   3.651911    33.6086  1026.6399    159.613     0.1681      0.550  0.000e+00
    399.250 269.707121       1598    158.460     9.6943   3.651701    33.6069  1026.6395    159.804     0.1656      0.703  0.000e+00
    399.500 269.707124       1599    158.650     9.6928   3.651576    33.6069  1026.6407    159.996     0.1656      0.765  0.000e+00
    399.750 269.707127       1600    158.819     9.6906   3.651576    33.6089  1026.6434    160.166     0.1751      0.724  0.000e+00
    400.000 269.707130       1601    158.949     9.6889   3.651438    33.6091  1026.6444    160.297     0.1669      0.602  0.000e+00
    400.250 269.707133       1602    159.031     9.6877   3.651405    33.6098  1026.6455    160.380     0.1850      0.428  0.000e+00
    400.500 269.707135       1603    159.072     9.6860   3.651280    33.6101  1026.6462    160.422     0.1599      0.249  0.000e+00
    400.750 269.707138       1604    159.085     9.6846   3.651373    33.6124  1026.6483    160.435     0.1508      0.110  0.000e+00
    401.000 269.707141       1605    159.095     9.6840   3.651609    33.6153  1026.6508    160.444     0.1681      0.045  0.000e+00
    401.250 269.707144       1606    159.125     9.6847   3.651642    33.6149  1026.6505    160.475     0.1689      0.082  0.000e+00
    401.500 269.707147       1607    159.198     9.6859   3.651576    33.6132  1026.6492    160.548     0.1751      0.208  0.000e+00
    401.750 269.707150       1608    159.318     9.6860   3.651419    33.6114  1026.6484    160.670     0.1817      0.389  0.000e+00
    402.000 269.707153       1609    159.476     9.6851   3.651340    33.6113  1026.6492    160.829     0.1710      0.561  0.000e+00
    402.250 269.707156       1610    159.655     9.6840   3.651340    33.6123  1026.6509    161.009     0.1932      0.679  0.000e+00
    402.500 269.707159       1611    159.831     9.6831   3.651340    33.6131  1026.6525    161.187     0.2155      0.716  0.000e+00
    402.750 269.707161       1612    159.982     9.6826   3.651340    33.6135  1026.6536    161.339     0.1751      0.660  0.000e+00
    403.000 269.707164       1613    160.098     9.6822   3.651353    33.6139  1026.6546    161.457     0.1710      0.539  0.000e+00
    403.250 269.707167       1614    160.184     9.6819   3.651307    33.6137  1026.6548    161.544     0.1689      0.409  0.000e+00
    403.500 269.707170       1615    160.243     9.6819   3.651340    33.6140  1026.6553    161.603     0.1619      0.292  0.000e+00
    403.750 269.707173       1616    160.294     9.6820   3.651406    33.6146  1026.6560    161.654     0.1632      0.221  0.000e+00
    404.000 269.707176       1617    160.361     9.6821   3.651406    33.6144  1026.6561    161.722     0.1706      0.238  0.000e+00
    404.250 269.707179       1618    160.464     9.6823   3.651386    33.6139  1026.6562    161.825     0.1603      0.342  0.000e+00
    404.500 269.707182       1619    160.608     9.6828   3.651439    33.6140  1026.6568    161.971     0.2480      0.499  0.000e+00
    404.750 269.707185       1620    160.786     9.6830   3.651439    33.6137  1026.6574    162.151     0.1809      0.651  0.000e+00
    405.000 269.707187       1621    160.987     9.6830   3.651439    33.6136  1026.6582    162.353     0.1661      0.763  0.000e+00
    405.250 269.707190       1622    161.191     9.6827   3.651511    33.6146  1026.6599    162.559     0.1710      0.817  0.000e+00
    405.500 269.707193       1623    161.386     9.6828   3.651479    33.6140  1026.6604    162.756     0.2101      0.806  0.000e+00
    405.750 269.707196       1624    161.564     9.6828   3.651419    33.6133  1026.6607    162.936     0.1792      0.752  0.000e+00
    406.000 269.707199       1625    161.716     9.6820   3.651209    33.6119  1026.6604    163.089     0.1899      0.666  0.000e+00
    406.250 269.707202       1626    161.831     9.6807   3.651176    33.6127  1026.6617    163.205     0.1941      0.540  0.000e+00
    406.500 269.707205       1627    161.918     9.6794   3.651045    33.6125  1026.6622    163.292     0.1735      0.406  0.000e+00
    406.750 269.707208       1628    161.975     9.6783   3.651144    33.6146  1026.6643    163.350     0.1595      0.290  0.000e+00
    407.000 269.707211       1629    162.009     9.6772   3.650999    33.6141  1026.6642    163.385     0.1607      0.185  0.000e+00
    407.250 269.707214       1630    162.043     9.6756   3.650973    33.6152  1026.6655    163.419     0.1755      0.137  0.000e+00
    407.500 269.707216       1631    162.096     9.6742   3.650907    33.6159  1026.6665    163.472     0.1640      0.174  0.000e+00
    407.750 269.707219       1632    162.181     9.6731   3.650874    33.6166  1026.6676    163.558     0.1599      0.277  0.000e+00
    408.000 269.707222       1633    162.310     9.6726   3.650907    33.6173  1026.6689    163.688     0.1628      0.432  0.000e+00
    408.250 269.707225       1634    162.468     9.6722   3.650933    33.6178  1026.6701    163.848     0.2658      0.580  0.000e+00
    408.500 269.707228       1635    162.627     9.6721   3.650907    33.6177  1026.6707    164.008     0.1698      0.641  0.000e+00
    408.750 269.707231       1636    162.748     9.6718   3.650874    33.6175  1026.6712    164.130     0.1595      0.563  0.000e+00
    409.000 269.707234       1637    162.845     9.6717   3.650907    33.6179  1026.6719    164.227     0.1615      0.438  0.000e+00
    409.250 269.707237       1638    162.916     9.6717   3.650973    33.6185  1026.6728    164.299     0.2105      0.339  0.000e+00
    409.500 269.707240       1639    162.961     9.6718   3.650894    33.6177  1026.6723    164.344     0.1871      0.234  0.000e+00
    409.750 269.707242       1640    162.991     9.6718   3.650940    33.6181  1026.6728    164.376     0.1726      0.153  0.000e+00
    410.000 269.707245       1641    163.023     9.6719   3.650940    33.6180  1026.6728    164.408     0.1739      0.127  0.000e+00
    410.250 269.707248       1642    163.064     9.6719   3.650940    33.6179  1026.6729    164.449     0.1817      0.146  0.000e+00
    410.500 269.707251       1643    163.122     9.6719   3.650940    33.6179  1026.6732    164.508     0.1768      0.200  0.000e+00
    410.750 269.707254       1644    163.198     9.6720   3.650934    33.6177  1026.6734    164.584     0.1932      0.271  0.000e+00
    411.000 269.707257       1645    163.288     9.6718   3.650907    33.6176  1026.6738    164.674     0.1693      0.333  0.000e+00
    411.250 269.707260       1646    163.387     9.6717   3.650973    33.6183  1026.6747    164.774     0.1656      0.380  0.000e+00
    411.500 269.707263       1647    163.489     9.6718   3.650908    33.6176  1026.6746    164.878     0.1636      0.406  0.000e+00
    411.750 269.707266       1648    163.590     9.6716   3.650908    33.6176  1026.6751    164.980     0.1809      0.411  0.000e+00
    412.000 269.707269       1649    163.685     9.6712   3.650908    33.6180  1026.6759    165.075     0.1669      0.395  0.000e+00
    412.250 269.707271       1650    163.766     9.6712   3.650967    33.6185  1026.6767    165.157     0.1784      0.355  0.000e+00
    412.500 269.707274       1651    163.833     9.6712   3.650908    33.6179  1026.6765    165.225     0.1656      0.299  0.000e+00
    412.750 269.707277       1652    163.894     9.6713   3.650875    33.6175  1026.6765    165.286     0.1702      0.258  0.000e+00
    413.000 269.707280       1653    163.960     9.6713   3.650908    33.6178  1026.6770    165.353     0.1772      0.255  0.000e+00
    413.250 269.707283       1654    164.030     9.6712   3.651046    33.6192  1026.6785    165.423     0.1669      0.275  0.000e+00
    413.500 269.707286       1655    164.111     9.6712   3.650967    33.6184  1026.6782    165.505     0.1689      0.305  0.000e+00
    413.750 269.707289       1656    164.208     9.6713   3.650908    33.6177  1026.6781    165.603     0.1702      0.359  0.000e+00
    414.000 269.707292       1657    164.318     9.6713   3.650908    33.6176  1026.6785    165.714     0.1710      0.417  0.000e+00
    414.250 269.707295       1658    164.432     9.6713   3.650941    33.6179  1026.6793    165.829     0.1685      0.451  0.000e+00
    414.500 269.707297       1659    164.551     9.6713   3.651013    33.6186  1026.6803    165.949     0.1656      0.471  0.000e+00
    414.750 269.707300       1660    164.671     9.6712   3.650895    33.6174  1026.6800    166.071     0.1615      0.484  0.000e+00
    415.000 269.707303       1661    164.795     9.6710   3.650908    33.6176  1026.6807    166.195     0.1825      0.492  0.000e+00
    415.250 269.707306       1662    164.917     9.6709   3.650941    33.6181  1026.6817    166.319     0.1693      0.496  0.000e+00
    415.500 269.707309       1663    165.040     9.6709   3.650974    33.6184  1026.6825    166.442     0.2056      0.494  0.000e+00
    415.750 269.707312       1664    165.154     9.6709   3.650908    33.6176  1026.6824    166.557     0.1809      0.477  0.000e+00
    416.000 269.707315       1665    165.266     9.6703   3.650685    33.6158  1026.6816    166.670     0.1677      0.456  0.000e+00
    416.250 269.707318       1666    165.366     9.6689   3.650678    33.6170  1026.6832    166.771     0.1743      0.428  0.000e+00
    416.500 269.707321       1667    165.452     9.6675   3.650843    33.6200  1026.6862    166.858     0.1689      0.376  0.000e+00
    416.750 269.707323       1668    165.528     9.6673   3.650744    33.6191  1026.6859    166.935     0.1607      0.327  0.000e+00
    417.000 269.707326       1669    165.592     9.6673   3.650711    33.6188  1026.6859    166.999     0.1751      0.282  0.000e+00
    417.250 269.707329       1670    165.668     9.6669   3.650757    33.6196  1026.6870    167.075     0.1640      0.282  0.000e+00
    417.500 269.707332       1671    165.754     9.6664   3.650711    33.6195  1026.6874    167.163     0.1912      0.327  0.000e+00
    417.750 269.707335       1672    165.859     9.6662   3.650744    33.6200  1026.6883    167.269     0.1751      0.387  0.000e+00
    418.000 269.707338       1673    165.986     9.6660   3.650508    33.6177  1026.6871    167.397     0.1817      0.468  0.000e+00
    418.250 269.707341       1674    166.136     9.6652   3.650547    33.6188  1026.6888    167.548     0.1796      0.559  0.000e+00
    418.500 269.707344       1675    166.295     9.6636   3.650442    33.6191  1026.6900    167.709     0.1677      0.623  0.000e+00
    418.750 269.707347       1676    166.450     9.6626   3.650547    33.6211  1026.6924    167.865     0.1792      0.634  0.000e+00
    419.000 269.707350       1677    166.593     9.6624   3.650646    33.6222  1026.6939    168.009     0.1731      0.602  0.000e+00
    419.250 269.707352       1678    166.712     9.6631   3.650744    33.6225  1026.6946    168.129     0.1648      0.527  0.000e+00
    419.500 269.707355       1679    166.795     9.6639   3.650712    33.6214  1026.6940    168.213     0.1726      0.406  0.000e+00
    419.750 269.707358       1680    166.851     9.6643   3.650712    33.6210  1026.6939    168.270     0.2002      0.281  0.000e+00
    420.000 269.707361       1681    166.889     9.6644   3.650580    33.6196  1026.6930    168.308     0.1788      0.191  0.000e+00
    420.250 269.707364       1682    166.919     9.6634   3.650547    33.6201  1026.6937    168.338     0.1669      0.138  0.000e+00
    420.500 269.707367       1683    166.960     9.6625   3.650580    33.6213  1026.6949    168.379     0.1834      0.142  0.000e+00
    420.750 269.707370       1684    167.022     9.6630   3.650646    33.6215  1026.6953    168.443     0.2855      0.208  0.000e+00
