Raw_Data/Cage/SBE19/2020-09-26_SBE19_008_039_processed.cnv
* Sea-Bird SBE19plus Data File:
* FileName = C:\cruises\2020_barkerboys\leg2\data\cage\SBE19\2020-09-25_SBE19_008_037039.hex
* Software Version 1.59
* Temperature SN =  4881
* Conductivity SN =  4881
* System UpLoad Time = Sep 26 2020 18:14:16
* ds
* SeacatPlus V 1.5  SERIAL NO. 4881    26 Sep 2020  18:11:53
# nquan = 12
# nvalues = 2196                                  
# units = specified
# name 0 = timeS: Time, Elapsed [seconds]
# name 1 = timeJ: Julian Days
# name 2 = scan: Scan Count
# name 3 = depSM: Depth [salt water, m], lat = 44.00
# name 4 = tv290C: Temperature [ITS-90, deg C]
# name 5 = c0S/m: Conductivity [S/m]
# name 6 = sal00: Salinity, Practical [PSU]
# name 7 = density00: Density [density, kg/m^3]
# name 8 = prdM: Pressure, Strain Gauge [db]
# name 9 = wetStar: Fluorescence, WET Labs WETstar [mg/m^3]
# name 10 = dz/dtM: Descent Rate [m/s]
# name 11 = flag:  0.000e+00
# span 0 =      0.000,    548.750                 
# span 1 = 270.566562, 270.572914                 
# span 2 =          1,       2196                 
# span 3 =      0.001,    144.756                 
# span 4 =    10.1974,    12.4857                 
# span 5 =   0.050013,   3.790649                 
# span 6 =     0.3236,    33.4042                 
# span 7 =   999.7197,  1026.3319                 
# span 8 =      0.001,    145.979                 
# span 9 =     0.1615,    16.9494                 
# span 10 =     -1.125,      1.231                
# span 11 = 0.0000e+00, 0.0000e+00                
# interval = seconds: 0.25
# start_time = Sep 26 2020 13:35:51 [Instrument's time stamp, header]
# bad_flag = -9.990e-29
*END*
[from data line 1204]
    301.000 270.570046       1205    138.276    10.9018   3.710680    33.1025  1025.9449    139.442     0.3411      0.778  0.000e+00
    301.250 270.570049       1206    138.463    10.9019   3.710528    33.1007  1025.9444    139.631     0.5253      0.754  0.000e+00
    301.500 270.570052       1207    138.647    10.9012   3.710495    33.1010  1025.9456    139.817     0.5319      0.750  0.000e+00
    301.750 270.570055       1208    138.835    10.8999   3.710396    33.1011  1025.9467    140.006     0.4384      0.750  0.000e+00
    302.000 270.570058       1209    139.028    10.8984   3.710363    33.1020  1025.9486    140.200     0.4174      0.767  0.000e+00
    302.250 270.570061       1210    139.220    10.8967   3.710330    33.1031  1025.9507    140.394     0.4837      0.776  0.000e+00
    302.500 270.570064       1211    139.410    10.8954   3.709953    33.1005  1025.9497    140.586     0.4207      0.772  0.000e+00
    302.750 270.570067       1212    139.591    10.8910   3.709616    33.1011  1025.9518    140.769     0.4705      0.750  0.000e+00
    303.000 270.570069       1213    139.754    10.8844   3.709444    33.1052  1025.9569    140.933     0.4046      0.694  0.000e+00
    303.250 270.570072       1214    139.906    10.8775   3.709312    33.1101  1025.9626    141.086     0.3869      0.634  0.000e+00
    303.500 270.570075       1215    140.053    10.8727   3.709206    33.1133  1025.9666    141.234     0.3432      0.602  0.000e+00
    303.750 270.570078       1216    140.204    10.8687   3.708730    33.1121  1025.9671    141.387     0.3832      0.602  0.000e+00
    304.000 270.570081       1217    140.368    10.8622   3.708697    33.1176  1025.9733    141.552     0.3564      0.636  0.000e+00
    304.250 270.570084       1218    140.548    10.8557   3.707269    33.1091  1025.9687    141.734     0.4207      0.694  0.000e+00
    304.500 270.570087       1219    140.746    10.8433   3.706528    33.1129  1025.9747    141.934     0.3943      0.763  0.000e+00
    304.750 270.570090       1220    140.952    10.8255   3.705947    33.1231  1025.9868    142.141     0.3374      0.815  0.000e+00
    305.000 270.570093       1221    141.153    10.8092   3.704115    33.1196  1025.9879    142.344     0.3696      0.821  0.000e+00
    305.250 270.570095       1222    141.348    10.7854   3.698155    33.0816  1025.9634    142.541     0.3836      0.800  0.000e+00
    305.500 270.570098       1223    141.534    10.7298   3.693690    33.0873  1025.9786    142.728     0.4281      0.767  0.000e+00
    305.750 270.570101       1224    141.709    10.6486   3.691262    33.1365  1026.0320    142.905     0.4219      0.729  0.000e+00
    306.000 270.570104       1225    141.877    10.5750   3.688358    33.1742  1026.0751    143.074     0.3337      0.692  0.000e+00
    306.250 270.570107       1226    142.037    10.5093   3.683774    33.1879  1026.0981    143.235     0.3964      0.660  0.000e+00
    306.500 270.570110       1227    142.191    10.4398   3.682020    33.2336  1026.1466    143.391     0.5121      0.634  0.000e+00
    306.750 270.570113       1228    142.354    10.3772   3.680741    33.2779  1026.1927    143.556     0.3564      0.640  0.000e+00
    307.000 270.570116       1229    142.519    10.3312   3.680946    33.3220  1026.2358    143.722     0.3910      0.662  0.000e+00
    307.250 270.570119       1230    142.700    10.3051   3.680980    33.3462  1026.2600    143.905     0.3234      0.699  0.000e+00
    307.500 270.570122       1231    142.895    10.2921   3.680149    33.3497  1026.2659    144.102     0.2958      0.759  0.000e+00
    307.750 270.570124       1232    143.089    10.2807   3.678857    33.3470  1026.2666    144.297     0.2645      0.785  0.000e+00
    308.000 270.570127       1233    143.284    10.2649   3.678758    33.3604  1026.2807    144.494     0.2452      0.784  0.000e+00
    308.250 270.570130       1234    143.462    10.2521   3.678594    33.3704  1026.2915    144.673     0.2538      0.752  0.000e+00
    308.500 270.570133       1235    143.621    10.2439   3.678324    33.3752  1026.2974    144.833     0.3650      0.679  0.000e+00
    308.750 270.570136       1236    143.772    10.2375   3.677750    33.3752  1026.2992    144.986     0.2682      0.626  0.000e+00
    309.000 270.570139       1237    143.920    10.2306   3.677177    33.3757  1026.3015    145.136     0.3098      0.604  0.000e+00
    309.250 270.570142       1238    144.072    10.2221   3.676854    33.3802  1026.3071    145.289     0.2530      0.606  0.000e+00
    309.500 270.570145       1239    144.241    10.2136   3.676472    33.3840  1026.3123    145.459     0.2398      0.647  0.000e+00
    309.750 270.570148       1240    144.423    10.2057   3.676571    33.3923  1026.3210    145.643     0.2892      0.707  0.000e+00
    310.000 270.570150       1241    144.615    10.2017   3.676505    33.3951  1026.3248    145.836     0.2217      0.755  0.000e+00
    310.250 270.570153       1242    144.714    10.1998   3.676439    33.3962  1026.3263    145.936     0.2410      0.587  0.000e+00
    310.500 270.570156       1243    144.751    10.1981   3.676644    33.3998  1026.3297    145.974     0.2588      0.275  0.000e+00
    310.750 270.570159       1244    144.753    10.1974   3.676743    33.4015  1026.3310    145.976     0.2254      0.080  0.000e+00
    311.000 270.570162       1245    144.756    10.1985   3.676947    33.4026  1026.3318    145.979     0.2703      0.011  0.000e+00
    311.250 270.570165       1246    144.754    10.1999   3.677066    33.4024  1026.3314    145.977     0.2180      0.002  0.000e+00
    311.500 270.570168       1247    144.751    10.2020   3.677316    33.4030  1026.3315    145.974     0.2406     -0.011  0.000e+00
    311.750 270.570171       1248    144.734    10.2045   3.677652    33.4042  1026.3319    145.957     0.3098     -0.041  0.000e+00
    312.000 270.570174       1249    144.691    10.2075   3.677718    33.4021  1026.3295    145.914     0.2192     -0.120  0.000e+00
    312.250 270.570177       1250    144.623    10.2101   3.677850    33.4010  1026.3279    145.845     0.2550     -0.224  0.000e+00
    312.500 270.570179       1251    144.543    10.2125   3.677988    33.4002  1026.3265    145.764     0.2703     -0.299  0.000e+00
    312.750 270.570182       1252    144.455    10.2153   3.678291    33.4008  1026.3261    145.675     0.2180     -0.340  0.000e+00
    313.000 270.570185       1253    144.350    10.2191   3.678522    33.3997  1026.3241    145.570     0.2357     -0.389  0.000e+00
    313.250 270.570188       1254    144.232    10.2238   3.678799    33.3982  1026.3216    145.450     0.2435     -0.449  0.000e+00
    313.500 270.570191       1255    144.100    10.2286   3.678997    33.3958  1026.3183    145.317     0.2777     -0.505  0.000e+00
    313.750 270.570194       1256    143.962    10.2334   3.679095    33.3925  1026.3142    145.178     0.2938     -0.544  0.000e+00
    314.000 270.570197       1257    143.830    10.2369   3.678996    33.3883  1026.3098    145.045     0.2427     -0.544  0.000e+00
    314.250 270.570200       1258    143.712    10.2388   3.678627    33.3829  1026.3047    144.926     0.2027     -0.505  0.000e+00
    314.500 270.570203       1259    143.601    10.2379   3.678693    33.3844  1026.3055    144.814     0.3222     -0.462  0.000e+00
    314.750 270.570205       1260    143.499    10.2370   3.678522    33.3836  1026.3046    144.711     0.2361     -0.430  0.000e+00
    315.000 270.570208       1261    143.390    10.2355   3.678377    33.3835  1026.3043    144.601     0.2847     -0.426  0.000e+00
    315.250 270.570211       1262    143.273    10.2340   3.678759    33.3888  1026.3081    144.483     0.2299     -0.456  0.000e+00
    315.500 270.570214       1263    143.136    10.2343   3.678627    33.3873  1026.3062    144.344     0.2517     -0.514  0.000e+00
    315.750 270.570217       1264    142.975    10.2346   3.678218    33.3830  1026.3021    144.182     0.2279     -0.602  0.000e+00
    316.000 270.570220       1265    142.797    10.2330   3.678251    33.3848  1026.3030    144.002     0.2192     -0.684  0.000e+00
    316.250 270.570223       1266    142.607    10.2318   3.678357    33.3871  1026.3041    143.811     0.2377     -0.742  0.000e+00
    316.500 270.570226       1267    142.428    10.2321   3.678594    33.3893  1026.3050    143.630     0.2085     -0.744  0.000e+00
    316.750 270.570229       1268    142.276    10.2337   3.678726    33.3892  1026.3040    143.477     0.2538     -0.668  0.000e+00
    317.000 270.570231       1269    142.162    10.2366   3.678943    33.3888  1026.3026    143.362     0.3284     -0.537  0.000e+00
    317.250 270.570234       1270    142.083    10.2411   3.679530    33.3906  1026.3029    143.282     0.2402     -0.389  0.000e+00
    317.500 270.570237       1271    142.025    10.2489   3.679905    33.3873  1026.2986    143.224     0.2077     -0.275  0.000e+00
    317.750 270.570240       1272    141.963    10.2584   3.680103    33.3806  1026.2915    143.162     0.2344     -0.241  0.000e+00
    318.000 270.570243       1273    141.870    10.2656   3.680070    33.3736  1026.2844    143.067     0.2625     -0.314  0.000e+00
    318.250 270.570246       1274    141.736    10.2699   3.680373    33.3728  1026.2824    142.932     0.2114     -0.460  0.000e+00
    318.500 270.570249       1275    141.566    10.2738   3.681046    33.3761  1026.2836    142.761     0.2843     -0.613  0.000e+00
    318.750 270.570252       1276    141.380    10.2805   3.681890    33.3785  1026.2834    142.573     0.2769     -0.718  0.000e+00
    319.000 270.570255       1277    141.197    10.2916   3.682984    33.3794  1026.2814    142.389     0.2831     -0.744  0.000e+00
    319.250 270.570258       1278    141.041    10.3079   3.684046    33.3753  1026.2746    142.231     0.3935     -0.683  0.000e+00
    319.500 270.570260       1279    140.903    10.3260   3.684448    33.3628  1026.2611    142.092     0.2402     -0.593  0.000e+00
    319.750 270.570263       1280    140.773    10.3402   3.684817    33.3535  1026.2508    141.961     0.2208     -0.540  0.000e+00
    320.000 270.570266       1281    140.647    10.3531   3.687212    33.3658  1026.2576    141.833     0.2633     -0.518  0.000e+00
    320.250 270.570269       1282    140.509    10.3766   3.687852    33.3509  1026.2412    141.695     0.2460     -0.533  0.000e+00
    320.500 270.570272       1283    140.363    10.4029   3.693152    33.3802  1026.2588    141.547     0.2159     -0.572  0.000e+00
    320.750 270.570275       1284    140.216    10.4532   3.695245    33.3551  1026.2298    141.399     0.2390     -0.591  0.000e+00
    321.000 270.570278       1285    140.081    10.5143   3.695515    33.3020  1026.1771    141.262     0.2530     -0.570  0.000e+00
    321.250 270.570281       1286    139.968    10.5535   3.696360    33.2748  1026.1485    141.148     0.2435     -0.501  0.000e+00
    321.500 270.570284       1287    139.865    10.5807   3.697621    33.2627  1026.1339    141.045     0.2625     -0.434  0.000e+00
    321.750 270.570286       1288    139.764    10.6055   3.698665    33.2506  1026.1196    140.943     0.3032     -0.411  0.000e+00
    322.000 270.570289       1289    139.662    10.6290   3.698665    33.2292  1026.0984    140.840     0.2357     -0.411  0.000e+00
    322.250 270.570292       1290    139.536    10.6428   3.699001    33.2201  1026.0882    140.713     0.3024     -0.460  0.000e+00
    322.500 270.570295       1291    139.392    10.6532   3.701407    33.2347  1026.0972    140.568     0.3313     -0.544  0.000e+00
    322.750 270.570298       1292    139.233    10.6798   3.702827    33.2248  1026.0840    140.407     0.3609     -0.613  0.000e+00
    323.000 270.570301       1293    139.061    10.7118   3.704625    33.2137  1026.0689    140.234     0.2864     -0.669  0.000e+00
    323.250 270.570304       1294    138.895    10.7456   3.705239    33.1893  1026.0432    140.066     0.3622     -0.682  0.000e+00
    323.500 270.570307       1295    138.746    10.7733   3.705979    33.1717  1026.0238    139.916     0.3799     -0.636  0.000e+00
    323.750 270.570310       1296    138.615    10.7936   3.706422    33.1577  1026.0088    139.783     0.3708     -0.565  0.000e+00
    324.000 270.570313       1297    138.499    10.8088   3.706488    33.1446  1025.9954    139.667     0.3547     -0.497  0.000e+00
    324.250 270.570315       1298    138.384    10.8182   3.706561    33.1369  1025.9872    139.551     0.4462     -0.464  0.000e+00
    324.500 270.570318       1299    138.258    10.8235   3.706389    33.1305  1025.9806    139.423     0.3613     -0.488  0.000e+00
    324.750 270.570321       1300    138.104    10.8262   3.706594    33.1302  1025.9792    139.269     0.3613     -0.565  0.000e+00
    325.000 270.570324       1301    137.936    10.8293   3.707857    33.1400  1025.9855    139.099     0.3465     -0.649  0.000e+00
    325.250 270.570327       1302    137.757    10.8399   3.708359    33.1355  1025.9794    138.918     0.3749     -0.701  0.000e+00
    325.500 270.570330       1303    137.572    10.8527   3.708392    33.1244  1025.9676    138.732     0.4433     -0.733  0.000e+00
    325.750 270.570333       1304    137.392    10.8609   3.708597    33.1190  1025.9611    138.551     0.4561     -0.735  0.000e+00
    326.000 270.570336       1305    137.226    10.8669   3.708696    33.1147  1025.9559    138.383     0.5216     -0.699  0.000e+00
    326.250 270.570339       1306    137.068    10.8714   3.708835    33.1121  1025.9523    138.224     0.4186     -0.654  0.000e+00
    326.500 270.570341       1307    136.913    10.8744   3.708834    33.1094  1025.9490    138.067     0.3449     -0.632  0.000e+00
    326.750 270.570344       1308    136.754    10.8765   3.708762    33.1069  1025.9460    137.907     0.5175     -0.634  0.000e+00
    327.000 270.570347       1309    136.587    10.8783   3.709139    33.1091  1025.9466    137.738     0.4413     -0.658  0.000e+00
    327.250 270.570350       1310    136.412    10.8809   3.709310    33.1085  1025.9449    137.562     0.4746     -0.690  0.000e+00
    327.500 270.570353       1311    136.233    10.8843   3.709582    33.1082  1025.9433    137.381     0.3642     -0.714  0.000e+00
    327.750 270.570356       1312    136.058    10.8877   3.709409    33.1035  1025.9382    137.205     0.3482     -0.714  0.000e+00
    328.000 270.570359       1313    135.887    10.8899   3.709581    33.1033  1025.9368    137.032     0.4512     -0.699  0.000e+00
    328.250 270.570362       1314    135.723    10.8917   3.709714    33.1031  1025.9356    136.866     0.4248     -0.677  0.000e+00
    328.500 270.570365       1315    135.573    10.8938   3.709919    33.1033  1025.9347    136.715     0.3976     -0.634  0.000e+00
    328.750 270.570367       1316    135.437    10.8964   3.709852    33.1003  1025.9313    136.578     0.3935     -0.576  0.000e+00
    329.000 270.570370       1317    135.311    10.8981   3.709852    33.0988  1025.9293    136.451     0.3514     -0.527  0.000e+00
    329.250 270.570373       1318    135.185    10.8988   3.709786    33.0976  1025.9277    136.323     0.3675     -0.509  0.000e+00
    329.500 270.570376       1319    135.054    10.8989   3.709852    33.0982  1025.9275    136.191     0.3490     -0.520  0.000e+00
    329.750 270.570379       1320    134.906    10.8992   3.709713    33.0966  1025.9256    136.042     0.3988     -0.563  0.000e+00
    330.000 270.570382       1321    134.745    10.8991   3.709852    33.0982  1025.9261    135.880     0.4417     -0.623  0.000e+00
    330.250 270.570385       1322    134.575    10.8996   3.709984    33.0991  1025.9259    135.709     0.3556     -0.666  0.000e+00
    330.500 270.570388       1323    134.405    10.9012   3.710090    33.0988  1025.9246    135.537     0.4816     -0.686  0.000e+00
