Raw_Data/Cage/SBE19/2020-09-20_SBE19_004_014_processed.cnv
* Sea-Bird SBE19plus Data File:
* FileName = C:\cruises\2020_barkerboys\leg2\data\cage\SBE19\2020-09-25_SBE19_004_014.hex
* Software Version 1.59
* Temperature SN =  4881
* Conductivity SN =  4881
* System UpLoad Time = Sep 25 2020 12:26:31
* ds
* SeacatPlus V 1.5  SERIAL NO. 4881    25 Sep 2020  12:15:39
# nquan = 12
# nvalues = 15683                                 
# units = specified
# name 0 = timeS: Time, Elapsed [seconds]
# name 1 = timeJ: Julian Days
# name 2 = scan: Scan Count
# name 3 = depSM: Depth [salt water, m], lat = 44.00
# name 4 = tv290C: Temperature [ITS-90, deg C]
# name 5 = c0S/m: Conductivity [S/m]
# name 6 = sal00: Salinity, Practical [PSU]
# name 7 = density00: Density [density, kg/m^3]
# name 8 = prdM: Pressure, Strain Gauge [db]
# name 9 = wetStar: Fluorescence, WET Labs WETstar [mg/m^3]
# name 10 = dz/dtM: Descent Rate [m/s]
# name 11 = flag:  0.000e+00
# span 0 =      0.000,   3920.500                 
# span 1 = 264.604988, 264.650365                 
# span 2 =          1,      15683                 
# span 3 =      0.122,    148.275                 
# span 4 =     9.5545,    12.8645                 
# span 5 =   0.046124,   3.807868                 
# span 6 =     0.3126,    33.8642                 
# span 7 =   999.7771,  1025.9570                 
# span 8 =      0.122,    149.529                 
# span 9 =     0.1475,     5.9422                 
# span 10 =     -1.544,      1.117                
# span 11 = 0.0000e+00, 0.0000e+00                
# interval = seconds: 0.25
# start_time = Sep 20 2020 14:31:11 [Instrument's time stamp, header]
# bad_flag = -9.990e-29
*END*
[from data line 4572]
   1143.000 264.618218       4573      0.135    10.2397   0.081768     0.5687  1000.1283      0.136     0.1677      0.002  0.000e+00
   1143.250 264.618220       4574      0.135    10.2389   0.081402     0.5661  1000.1263      0.136     0.1681      0.002  0.000e+00
   1143.500 264.618223       4575      0.135    10.2381   0.081090     0.5638  1000.1246      0.136     0.1665     -0.000  0.000e+00
   1143.750 264.618226       4576      0.134    10.2374   0.080778     0.5616  1000.1229      0.135     0.1706     -0.002  0.000e+00
   1144.000 264.618229       4577      0.135    10.2366   0.080472     0.5594  1000.1212      0.136     0.1739     -0.000  0.000e+00
   1144.250 264.618232       4578      0.136    10.2358   0.080189     0.5574  1000.1197      0.138     0.1710      0.004  0.000e+00
   1144.500 264.618235       4579      0.136    10.2351   0.079944     0.5556  1000.1184      0.138     0.1710      0.002  0.000e+00
   1144.750 264.618238       4580      0.135    10.2343   0.079712     0.5539  1000.1172      0.136     0.1669     -0.002  0.000e+00
   1145.000 264.618241       4581      0.135    10.2335   0.079511     0.5525  1000.1161      0.136     0.1685     -0.002  0.000e+00
   1145.250 264.618244       4582      0.136    10.2327   0.079241     0.5505  1000.1146      0.138     0.1673      0.002  0.000e+00
   1145.500 264.618247       4583      0.133    10.2319   0.078929     0.5483  1000.1129      0.134     0.1656     -0.004  0.000e+00
   1145.750 264.618249       4584      0.136    10.2311   0.078586     0.5458  1000.1111      0.137     0.1665     -0.000  0.000e+00
   1146.000 264.618252       4585      0.135    10.2304   0.078271     0.5436  1000.1094      0.136     0.1656      0.004  0.000e+00
   1146.250 264.618255       4586      0.136    10.2296   0.078001     0.5416  1000.1079      0.138     0.1722      0.000  0.000e+00
   1146.500 264.618258       4587      0.136    10.2287   0.077730     0.5397  1000.1065      0.138     0.1718      0.002  0.000e+00
   1146.750 264.618261       4588      0.135    10.2280   0.077479     0.5379  1000.1051      0.136     0.1747     -0.002  0.000e+00
   1147.000 264.618264       4589      0.135    10.2273   0.077247     0.5362  1000.1039      0.136     0.1669     -0.002  0.000e+00
   1147.250 264.618267       4590      0.135    10.2266   0.077022     0.5346  1000.1027      0.136     0.1677     -0.000  0.000e+00
   1147.500 264.618270       4591      0.135    10.2256   0.076831     0.5332  1000.1017      0.136     0.1726     -0.000  0.000e+00
   1147.750 264.618273       4592      0.135    10.2249   0.076628     0.5318  1000.1006      0.136     0.1731     -0.000  0.000e+00
   1148.000 264.618275       4593      0.136    10.2242   0.076450     0.5305  1000.0997      0.138     0.1689      0.002  0.000e+00
   1148.250 264.618278       4594      0.135    10.2234   0.076266     0.5292  1000.0987      0.136     0.1718      0.000  0.000e+00
   1148.500 264.618281       4595      0.134    10.2227   0.076088     0.5279  1000.0978      0.135     0.1677     -0.004  0.000e+00
   1148.750 264.618284       4596      0.135    10.2219   0.075926     0.5267  1000.0969      0.136     0.1698      0.000  0.000e+00
   1149.000 264.618287       4597      0.135    10.2212   0.075792     0.5258  1000.0963      0.136     0.1714      0.002  0.000e+00
   1149.250 264.618290       4598      0.135    10.2205   0.075668     0.5249  1000.0956      0.136     0.1677     -0.000  0.000e+00
   1149.500 264.618293       4599      0.135    10.2198   0.075573     0.5242  1000.0952      0.136     0.1669 6.0633e-13  0.000e+00
   1149.750 264.618296       4600      0.135    10.2190   0.075487     0.5236  1000.0948      0.136     0.1685      0.000  0.000e+00
   1150.000 264.618299       4601      0.135    10.2182   0.075345     0.5226  1000.0940      0.136     0.1718     -0.000  0.000e+00
   1150.250 264.618302       4602      0.135    10.2174   0.075176     0.5214  1000.0932      0.136     0.1661      0.000  0.000e+00
   1150.500 264.618304       4603      0.136    10.2167   0.074948     0.5197  1000.0919      0.137     0.1726      0.002  0.000e+00
   1150.750 264.618307       4604      0.135    10.2159   0.074719     0.5181  1000.0907      0.136     0.1673 -6.063e-13  0.000e+00
   1151.000 264.618310       4605      0.134    10.2151   0.074500     0.5165  1000.0896      0.135     0.1669     -0.004  0.000e+00
   1151.250 264.618313       4606      0.135    10.2144   0.074322     0.5153  1000.0886      0.136     0.1677     -0.000  0.000e+00
   1151.500 264.618316       4607      0.135    10.2137   0.074170     0.5142  1000.0878      0.136     0.1673      0.002  0.000e+00
   1151.750 264.618319       4608      0.133    10.2130   0.074075     0.5135  1000.0874      0.134     0.1710     -0.004  0.000e+00
   1152.000 264.618322       4609      0.135    10.2123   0.074043     0.5133  1000.0873      0.136     0.1685     -0.000  0.000e+00
   1152.250 264.618325       4610      0.134    10.2114   0.074084     0.5136  1000.0876      0.135     0.1693      0.002  0.000e+00
   1152.500 264.618328       4611      0.136    10.2108   0.074160     0.5141  1000.0881      0.137     0.1673      0.002  0.000e+00
   1152.750 264.618330       4612      0.134    10.2101   0.074221     0.5146  1000.0885      0.135     0.1702     -0.000  0.000e+00
   1153.000 264.618333       4613      0.135    10.2093   0.074214     0.5145  1000.0885      0.136     0.1673     -0.002  0.000e+00
   1153.250 264.618336       4614      0.134    10.2085   0.074145     0.5140  1000.0882      0.135     0.1677      0.000  0.000e+00
   1153.500 264.618339       4615      0.137    10.2079   0.074008     0.5131  1000.0875      0.139     0.1689      0.004  0.000e+00
   1153.750 264.618342       4616      0.136    10.2073   0.073808     0.5116  1000.0865      0.137     0.1673      0.004  0.000e+00
   1154.000 264.618345       4617      0.136    10.2063   0.073637     0.5104  1000.0856      0.137     0.1702     -0.002  0.000e+00
   1154.250 264.618348       4618      0.137    10.2057   0.073504     0.5095  1000.0849      0.139     0.1685      0.002  0.000e+00
   1154.500 264.618351       4619      0.135    10.2049   0.073447     0.5091  1000.0846      0.136     0.1718     -0.002  0.000e+00
   1154.750 264.618354       4620      0.136    10.2043   0.073427     0.5089  1000.0846      0.137     0.1726     -0.002  0.000e+00
   1155.000 264.618356       4621      0.135    10.2037   0.073447     0.5091  1000.0848      0.136     0.1669      0.000  0.000e+00
   1155.250 264.618359       4622      0.134    10.2031   0.073466     0.5092  1000.0849      0.135     0.1652     -0.004  0.000e+00
   1155.500 264.618362       4623      0.135    10.2023   0.073478     0.5093  1000.0851      0.136     0.1726     -0.000  0.000e+00
   1155.750 264.618365       4624      0.136    10.2015   0.073513     0.5096  1000.0854      0.137     0.1665      0.004  0.000e+00
   1156.000 264.618368       4625      0.136    10.2009   0.073504     0.5095  1000.0854      0.138     0.1673      0.002  0.000e+00
   1156.250 264.618371       4626      0.134    10.2001   0.073453     0.5092  1000.0852      0.135     0.1673     -0.004  0.000e+00
   1156.500 264.618374       4627      0.135    10.1994   0.073351     0.5085  1000.0847      0.136     0.1710     -0.002  0.000e+00
   1156.750 264.618377       4628      0.135    10.1986   0.073218     0.5075  1000.0840      0.136     0.1689      0.002  0.000e+00
   1157.000 264.618380       4629      0.133    10.1980   0.073075     0.5065  1000.0832      0.134     0.1689     -0.004  0.000e+00
   1157.250 264.618383       4630      0.133    10.1974   0.073002     0.5060  1000.0829      0.134     0.1681     -0.004  0.000e+00
   1157.500 264.618385       4631      0.135    10.1968   0.072983     0.5058  1000.0829      0.136     0.1677      0.004  0.000e+00
   1157.750 264.618388       4632      0.135    10.1960   0.073012     0.5060  1000.0831      0.136     0.1673      0.004  0.000e+00
   1158.000 264.618391       4633      0.135    10.1954   0.073066     0.5064  1000.0835      0.136     0.1685     -0.000  0.000e+00
   1158.250 264.618394       4634      0.135    10.1951   0.073155     0.5071  1000.0840      0.136     0.1693     -0.000  0.000e+00
   1158.500 264.618397       4635      0.133    10.1941   0.073253     0.5078  1000.0847      0.134     0.1656     -0.004  0.000e+00
   1158.750 264.618400       4636      0.135    10.1936   0.073335     0.5084  1000.0852      0.136     0.1677      0.000  0.000e+00
   1159.000 264.618403       4637      0.134    10.1929   0.073361     0.5086  1000.0854      0.135     0.1661      0.002  0.000e+00
   1159.250 264.618406       4638      0.135    10.1921   0.073310     0.5083  1000.0852      0.136     0.1665     -0.000  0.000e+00
   1159.500 264.618409       4639      0.136    10.1916   0.073164     0.5072  1000.0844      0.137     0.1698      0.004  0.000e+00
   1159.750 264.618411       4640      0.134    10.1909   0.072958     0.5057  1000.0833      0.135     0.1685     -0.002  0.000e+00
   1160.000 264.618414       4641      0.135    10.1902   0.072745     0.5042  1000.0822      0.136     0.1681     -0.002  0.000e+00
   1160.250 264.618417       4642      0.136    10.1897   0.072558     0.5029  1000.0812      0.137     0.1677      0.004  0.000e+00
   1160.500 264.618420       4643      0.138    10.1891   0.072470     0.5022  1000.0808      0.140     0.1656      0.006  0.000e+00
   1160.750 264.618423       4644      0.135    10.1883   0.072473     0.5023  1000.0808      0.136     0.1702     -0.002  0.000e+00
   1161.000 264.618426       4645      0.136    10.1877   0.072587     0.5031  1000.0816      0.137     0.1669     -0.004  0.000e+00
   1161.250 264.618429       4646      0.135    10.1872   0.072774     0.5045  1000.0827      0.136     0.1669      0.000  0.000e+00
   1161.500 264.618432       4647      0.135    10.1866   0.072990     0.5060  1000.0839      0.136     0.1689     -0.002  0.000e+00
   1161.750 264.618435       4648      0.135    10.1858   0.073167     0.5073  1000.0850      0.136     0.1731     -0.000  0.000e+00
   1162.000 264.618438       4649      0.137    10.1852   0.073259     0.5080  1000.0856      0.139     0.1714      0.004  0.000e+00
   1162.250 264.618440       4650      0.136    10.1847   0.073253     0.5079  1000.0856      0.137     0.1693      0.002  0.000e+00
   1162.500 264.618443       4651      0.136    10.1840   0.073145     0.5072  1000.0851      0.137     0.1693     -0.002  0.000e+00
   1162.750 264.618446       4652      0.136    10.1834   0.072983     0.5060  1000.0842      0.137     0.1714     -0.000  0.000e+00
   1163.000 264.618449       4653      0.135    10.1829   0.072755     0.5044  1000.0830      0.136     0.1681     -0.002  0.000e+00
   1163.250 264.618452       4654      0.136    10.1821   0.072584     0.5031  1000.0821      0.137     0.1706      0.000  0.000e+00
   1163.500 264.618455       4655      0.137    10.1815   0.072425     0.5020  1000.0813      0.139     0.1693      0.004  0.000e+00
   1163.750 264.618458       4656      0.134    10.1810   0.072359     0.5015  1000.0809      0.135     0.1693     -0.004  0.000e+00
   1164.000 264.618461       4657      0.135    10.1803   0.072374     0.5017  1000.0811      0.136     0.1710     -0.004  0.000e+00
   1164.250 264.618464       4658      0.136    10.1797   0.072454     0.5022  1000.0816      0.137     0.1673      0.004  0.000e+00
   1164.500 264.618466       4659      0.133    10.1789   0.072577     0.5031  1000.0824      0.134     0.1693     -0.004  0.000e+00
   1164.750 264.618469       4660      0.134    10.1787   0.072695     0.5040  1000.0831      0.135     0.1693     -0.004  0.000e+00
   1165.000 264.618472       4661      0.136    10.1780   0.072765     0.5045  1000.0836      0.137     0.1689      0.006  0.000e+00
   1165.250 264.618475       4662      0.136    10.1775   0.072780     0.5046  1000.0837      0.137     0.1718      0.004  0.000e+00
   1165.500 264.618478       4663      0.135    10.1767   0.072717     0.5042  1000.0834      0.136     0.1673     -0.002  0.000e+00
   1165.750 264.618481       4664      0.136    10.1762   0.072568     0.5031  1000.0826      0.137     0.1685     -0.000  0.000e+00
   1166.000 264.618484       4665      0.137    10.1756   0.072387     0.5018  1000.0817      0.138     0.1755      0.004  0.000e+00
   1166.250 264.618487       4666      0.136    10.1750   0.072175     0.5003  1000.0805      0.137     0.1669 -6.063e-13  0.000e+00
   1166.500 264.618490       4667      0.137    10.1744   0.071988     0.4990  1000.0795      0.138     0.1669     -0.000  0.000e+00
   1166.750 264.618492       4668      0.135    10.1738   0.071896     0.4983  1000.0791      0.136     0.1739     -0.002  0.000e+00
   1167.000 264.618495       4669      0.136    10.1733   0.071864     0.4981  1000.0789      0.137     0.1706     -0.002  0.000e+00
   1167.250 264.618498       4670      0.136    10.1727   0.071905     0.4984  1000.0792      0.137     0.1677      0.002  0.000e+00
   1167.500 264.618501       4671      0.135    10.1721   0.071981     0.4989  1000.0797      0.136     0.1693     -0.002  0.000e+00
   1167.750 264.618504       4672      0.134    10.1716   0.072057     0.4995  1000.0802      0.135     0.1698     -0.004  0.000e+00
   1168.000 264.618507       4673      0.134    10.1710   0.072073     0.4996  1000.0803      0.135     0.1718     -0.002  0.000e+00
   1168.250 264.618510       4674      0.134    10.1704   0.072013     0.4992  1000.0801      0.135     0.1706 6.0633e-13  0.000e+00
   1168.500 264.618513       4675      0.136    10.1698   0.071896     0.4984  1000.0795      0.137     0.1739      0.004  0.000e+00
   1168.750 264.618516       4676      0.136    10.1693   0.071763     0.4974  1000.0788      0.137     0.1693      0.004  0.000e+00
   1169.000 264.618519       4677      0.135    10.1687   0.071677     0.4968  1000.0783      0.136     0.1673     -0.002  0.000e+00
   1169.250 264.618521       4678      0.134    10.1681   0.071636     0.4965  1000.0782      0.135     0.1706     -0.004  0.000e+00
   1169.500 264.618524       4679      0.135    10.1676   0.071636     0.4965  1000.0782      0.136     0.1710      0.000  0.000e+00
   1169.750 264.618527       4680      0.135    10.1670   0.071620     0.4964  1000.0782      0.136     0.1685      0.002  0.000e+00
   1170.000 264.618530       4681      0.136    10.1665   0.071534     0.4958  1000.0778      0.137     0.1652      0.002  0.000e+00
   1170.250 264.618533       4682      0.134    10.1659   0.071382     0.4947  1000.0769      0.135     0.1656     -0.002  0.000e+00
   1170.500 264.618536       4683      0.136    10.1653   0.071192     0.4933  1000.0759      0.137     0.1669     -0.000  0.000e+00
   1170.750 264.618539       4684      0.135    10.1649   0.071005     0.4920  1000.0749      0.136     0.1747      0.002  0.000e+00
   1171.000 264.618542       4685      0.136    10.1642   0.070847     0.4909  1000.0741      0.137     0.1689     -0.000  0.000e+00
   1171.250 264.618545       4686      0.135    10.1637   0.070770     0.4903  1000.0737      0.136     0.1656 6.0633e-13  0.000e+00
   1171.500 264.618547       4687      0.134    10.1632   0.070780     0.4904  1000.0738      0.135     0.1698     -0.004  0.000e+00
   1171.750 264.618550       4688      0.135    10.1627   0.070847     0.4909  1000.0742      0.136     0.1685 6.0633e-13  0.000e+00
   1172.000 264.618553       4689      0.135    10.1621   0.070938     0.4916  1000.0748      0.136     0.1677      0.002  0.000e+00
   1172.250 264.618556       4690      0.134    10.1616   0.071030     0.4922  1000.0754      0.135     0.1656     -0.002  0.000e+00
   1172.500 264.618559       4691      0.136    10.1611   0.071091     0.4927  1000.0758      0.137     0.1698      0.002  0.000e+00
