Raw_Data/Cage/SBE19/2020-09-24_SBE19_006_029_processed.cnv
* Sea-Bird SBE19plus Data File:
* FileName = C:\cruises\2020_barkerboys\leg2\data\cage\SBE19\2020-09-25_SBE19_004_029.hex
* Software Version 1.59
* Temperature SN =  4881
* Conductivity SN =  4881
* System UpLoad Time = Sep 25 2020 12:49:19
* ds
* SeacatPlus V 1.5  SERIAL NO. 4881    25 Sep 2020  12:15:39
# nquan = 12
# nvalues = 8541                                  
# units = specified
# name 0 = timeS: Time, Elapsed [seconds]
# name 1 = timeJ: Julian Days
# name 2 = scan: Scan Count
# name 3 = depSM: Depth [salt water, m], lat = 44.00
# name 4 = tv290C: Temperature [ITS-90, deg C]
# name 5 = c0S/m: Conductivity [S/m]
# name 6 = sal00: Salinity, Practical [PSU]
# name 7 = density00: Density [density, kg/m^3]
# name 8 = prdM: Pressure, Strain Gauge [db]
# name 9 = wetStar: Fluorescence, WET Labs WETstar [mg/m^3]
# name 10 = dz/dtM: Descent Rate [m/s]
# name 11 = flag:  0.000e+00
# span 0 =      0.000,   2135.000                 
# span 1 = 268.796030, 268.820741                 
# span 2 =          1,       8541                 
# span 3 =     -0.112,    161.529                 
# span 4 =     9.9522,    14.1480                 
# span 5 =   0.049799,   3.856479                 
# span 6 =     0.3074,    33.5037                 
# span 7 =   999.4644,  1026.5266                 
# span 8 =     -0.113,    162.901                 
# span 9 =     0.1232,     3.3928                 
# span 10 =     -1.358,      1.174                
# span 11 = 0.0000e+00, 0.0000e+00                
# interval = seconds: 0.25
# start_time = Sep 24 2020 19:06:17 [Instrument's time stamp, header]
# bad_flag = -9.990e-29
*END*
[from data line 5173]
   1293.250 268.810998       5174     -0.103    13.2732   0.062187     0.3953   999.6512     -0.104     0.1842      0.002  0.000e+00
   1293.500 268.811001       5175     -0.105    13.2735   0.062139     0.3950   999.6509     -0.106     0.1829     -0.006  0.000e+00
   1293.750 268.811004       5176     -0.103    13.2739   0.062092     0.3947   999.6507     -0.104     0.1792     -0.000  0.000e+00
   1294.000 268.811007       5177     -0.102    13.2741   0.062057     0.3944   999.6505     -0.103     0.1792      0.006  0.000e+00
   1294.250 268.811010       5178     -0.102    13.2745   0.062019     0.3942   999.6502     -0.103     0.1829      0.002  0.000e+00
   1294.500 268.811013       5179     -0.104    13.2747   0.062016     0.3942   999.6502     -0.105     0.1788     -0.004  0.000e+00
   1294.750 268.811016       5180     -0.107    13.2752   0.062048     0.3944   999.6502     -0.107     0.1813     -0.009  0.000e+00
   1295.000 268.811019       5181     -0.103    13.2755   0.062098     0.3947   999.6505     -0.104     0.1825      0.002  0.000e+00
   1295.250 268.811021       5182     -0.103    13.2757   0.062130     0.3949   999.6506     -0.104     0.1842      0.006  0.000e+00
   1295.500 268.811024       5183     -0.104    13.2758   0.062114     0.3948   999.6505     -0.105     0.1871     -0.002  0.000e+00
   1295.750 268.811027       5184     -0.103    13.2763   0.062057     0.3944   999.6502     -0.104     0.1772      0.000  0.000e+00
   1296.000 268.811030       5185     -0.103    13.2767   0.062001     0.3940   999.6498     -0.104     0.1780      0.002  0.000e+00
   1296.250 268.811033       5186     -0.103    13.2770   0.061956     0.3937   999.6495     -0.104     0.1776      0.000  0.000e+00
   1296.500 268.811036       5187     -0.105    13.2772   0.061963     0.3938   999.6495     -0.106     0.1772     -0.004  0.000e+00
   1296.750 268.811039       5188     -0.107    13.2774   0.062007     0.3941   999.6497     -0.107     0.1792     -0.006  0.000e+00
   1297.000 268.811042       5189     -0.105    13.2779   0.062064     0.3944   999.6500     -0.106     0.1805      0.000  0.000e+00
   1297.250 268.811045       5190     -0.105    13.2782   0.062114     0.3948   999.6502     -0.106     0.1801      0.002  0.000e+00
   1297.500 268.811047       5191     -0.105    13.2783   0.062120     0.3948   999.6502     -0.106     0.1805     -0.000  0.000e+00
   1297.750 268.811050       5192     -0.107    13.2789   0.062083     0.3946   999.6499     -0.107     0.1825     -0.002  0.000e+00
   1298.000 268.811053       5193     -0.104    13.2790   0.062029     0.3942   999.6496     -0.105     0.1817      0.002  0.000e+00
   1298.250 268.811056       5194     -0.103    13.2794   0.061956     0.3937   999.6492     -0.104     0.1809      0.006  0.000e+00
   1298.500 268.811059       5195     -0.102    13.2798   0.061915     0.3934   999.6489     -0.103     0.1817      0.004  0.000e+00
   1298.750 268.811062       5196     -0.103    13.2800   0.061859     0.3931   999.6486     -0.104     0.1829      0.000  0.000e+00
   1299.000 268.811065       5197     -0.103    13.2804   0.061840     0.3929   999.6485     -0.104     0.1796     -0.002  0.000e+00
   1299.250 268.811068       5198     -0.104    13.2806   0.061833     0.3929   999.6484     -0.105     0.1809     -0.002  0.000e+00
   1299.500 268.811071       5199     -0.105    13.2811   0.061868     0.3931   999.6485     -0.106     0.1829     -0.004  0.000e+00
   1299.750 268.811073       5200     -0.103    13.2814   0.061931     0.3935   999.6488     -0.104     0.1813      0.002  0.000e+00
   1300.000 268.811076       5201     -0.103    13.2816   0.061997     0.3940   999.6491     -0.104     0.1813      0.004  0.000e+00
   1300.250 268.811079       5202     -0.105    13.2819   0.062001     0.3940   999.6491     -0.106     0.1792     -0.004  0.000e+00
   1300.500 268.811082       5203     -0.105    13.2821   0.061906     0.3934   999.6486     -0.106     0.1768     -0.004  0.000e+00
   1300.750 268.811085       5204     -0.103    13.2825   0.061814     0.3928   999.6480     -0.104     0.1821      0.004  0.000e+00
   1301.000 268.811088       5205     -0.104    13.2828   0.061701     0.3920   999.6474     -0.105     0.1809      0.002  0.000e+00
   1301.250 268.811091       5206     -0.104    13.2830   0.061644     0.3916   999.6471     -0.105     0.1805     -0.002  0.000e+00
   1301.500 268.811094       5207     -0.103    13.2834   0.061650     0.3917   999.6471     -0.104     0.1805      0.002  0.000e+00
   1301.750 268.811097       5208     -0.103    13.2837   0.061691     0.3919   999.6473     -0.104     0.1792      0.002  0.000e+00
   1302.000 268.811100       5209     -0.103    13.2839   0.061726     0.3922   999.6474     -0.104     0.1829      0.000  0.000e+00
   1302.250 268.811102       5210     -0.104    13.2841   0.061786     0.3925   999.6477     -0.105     0.1751     -0.002  0.000e+00
   1302.500 268.811105       5211     -0.105    13.2845   0.061849     0.3930   999.6479     -0.106     0.1796     -0.004  0.000e+00
   1302.750 268.811108       5212     -0.105    13.2849   0.061915     0.3934   999.6482     -0.106     0.1809     -0.002  0.000e+00
   1303.000 268.811111       5213     -0.104    13.2851   0.061950     0.3936   999.6484     -0.105     0.1817      0.002  0.000e+00
   1303.250 268.811114       5214     -0.104    13.2855   0.061953     0.3936   999.6483     -0.105     0.1817      0.002  0.000e+00
   1303.500 268.811117       5215     -0.103    13.2856   0.061931     0.3935   999.6482     -0.104     0.1805      0.002  0.000e+00
   1303.750 268.811120       5216     -0.103    13.2861   0.061858     0.3930   999.6478     -0.104     0.1784      0.002  0.000e+00
   1304.000 268.811123       5217     -0.104    13.2863   0.061792     0.3926   999.6474     -0.105     0.1846     -0.002  0.000e+00
   1304.250 268.811126       5218     -0.103    13.2866   0.061707     0.3920   999.6469     -0.104     0.1809      0.000  0.000e+00
   1304.500 268.811128       5219     -0.104    13.2869   0.061653     0.3916   999.6466     -0.105     0.1829      0.000  0.000e+00
   1304.750 268.811131       5220     -0.103    13.2871   0.061625     0.3915   999.6464     -0.104     0.1842      0.000  0.000e+00
   1305.000 268.811134       5221     -0.103    13.2874   0.061634     0.3915   999.6464     -0.104     0.1796      0.002  0.000e+00
   1305.250 268.811137       5222     -0.102    13.2879   0.061641     0.3916   999.6464     -0.103     0.1809      0.002  0.000e+00
   1305.500 268.811140       5223     -0.102    13.2882   0.061653     0.3916   999.6464     -0.103     0.1805      0.002  0.000e+00
   1305.750 268.811143       5224     -0.103    13.2885   0.061691     0.3919   999.6466     -0.104     0.1842     -0.002  0.000e+00
   1306.000 268.811146       5225     -0.103    13.2887   0.061758     0.3923   999.6469     -0.104     0.1788     -0.002  0.000e+00
   1306.250 268.811149       5226     -0.108    13.2890   0.061808     0.3926   999.6471     -0.108     0.1792     -0.009  0.000e+00
   1306.500 268.811152       5227     -0.105    13.2893   0.061840     0.3929   999.6472     -0.106     0.1792     -0.004  0.000e+00
   1306.750 268.811155       5228     -0.104    13.2897   0.061808     0.3926   999.6470     -0.105     0.1801      0.006  0.000e+00
   1307.000 268.811157       5229     -0.103    13.2899   0.061729     0.3921   999.6466     -0.104     0.1854      0.004  0.000e+00
   1307.250 268.811160       5230     -0.102    13.2903   0.061666     0.3917   999.6462     -0.103     0.1809      0.004  0.000e+00
   1307.500 268.811163       5231     -0.103    13.2905   0.061600     0.3913   999.6458     -0.104     0.1780 -6.063e-13  0.000e+00
   1307.750 268.811166       5232     -0.103    13.2908   0.061543     0.3909   999.6455     -0.104     0.1764     -0.002  0.000e+00
   1308.000 268.811169       5233     -0.102    13.2911   0.061505     0.3906   999.6453     -0.103     0.1751      0.002  0.000e+00
   1308.250 268.811172       5234     -0.103    13.2914   0.061483     0.3905   999.6451     -0.104     0.1788      0.000  0.000e+00
   1308.500 268.811175       5235     -0.106    13.2916   0.061527     0.3908   999.6453     -0.107     0.1772     -0.009  0.000e+00
   1308.750 268.811178       5236     -0.106    13.2919   0.061552     0.3909   999.6454     -0.107     0.1834     -0.006  0.000e+00
   1309.000 268.811181       5237     -0.105    13.2923   0.061559     0.3910   999.6454     -0.106     0.1792      0.002  0.000e+00
   1309.250 268.811183       5238     -0.103    13.2927   0.061515     0.3907   999.6451     -0.104     0.1780      0.006  0.000e+00
   1309.500 268.811186       5239     -0.104    13.2930   0.061483     0.3905   999.6449     -0.105     0.1805      0.002  0.000e+00
   1309.750 268.811189       5240     -0.103    13.2931   0.061458     0.3903   999.6447     -0.104     0.1846     -0.000  0.000e+00
   1310.000 268.811192       5241     -0.103    13.2934   0.061461     0.3903   999.6447     -0.104     0.1842      0.002  0.000e+00
   1310.250 268.811195       5242     -0.105    13.2938   0.061439     0.3902   999.6445     -0.106     0.1825     -0.004  0.000e+00
   1310.500 268.811198       5243     -0.106    13.2941   0.061451     0.3902   999.6446     -0.107     0.1784     -0.006  0.000e+00
   1310.750 268.811201       5244     -0.103    13.2944   0.061477     0.3904   999.6447     -0.104     0.1846      0.004  0.000e+00
   1311.000 268.811204       5245     -0.104    13.2947   0.061477     0.3904   999.6446     -0.105     0.1809      0.004  0.000e+00
   1311.250 268.811207       5246     -0.103    13.2950   0.061496     0.3905   999.6447     -0.104     0.1768      0.000  0.000e+00
   1311.500 268.811209       5247     -0.104    13.2952   0.061527     0.3907   999.6448     -0.105     0.1862      0.000  0.000e+00
   1311.750 268.811212       5248     -0.104    13.2956   0.061571     0.3910   999.6450     -0.105     0.1829     -0.002  0.000e+00
   1312.000 268.811215       5249     -0.105    13.2960   0.061600     0.3912   999.6451     -0.106     0.1813     -0.002  0.000e+00
   1312.250 268.811218       5250     -0.103    13.2961   0.061600     0.3912   999.6451     -0.104     0.1780      0.002  0.000e+00
   1312.500 268.811221       5251     -0.104    13.2965   0.061574     0.3910   999.6449     -0.105     0.1747      0.002  0.000e+00
   1312.750 268.811224       5252     -0.104    13.2968   0.061477     0.3904   999.6443     -0.105     0.1796     -0.002  0.000e+00
   1313.000 268.811227       5253     -0.104    13.2970   0.061366     0.3897   999.6437     -0.105     0.1805     -0.000  0.000e+00
   1313.250 268.811230       5254     -0.101    13.2974   0.061253     0.3889   999.6431     -0.102     0.1846      0.006  0.000e+00
   1313.500 268.811233       5255     -0.104    13.2978   0.061190     0.3885   999.6427     -0.105     0.1796     -0.000  0.000e+00
   1313.750 268.811236       5256     -0.104    13.2980   0.061177     0.3884   999.6426     -0.105     0.1813     -0.006  0.000e+00
   1314.000 268.811238       5257     -0.104    13.2983   0.061224     0.3887   999.6428     -0.105     0.1788      0.000  0.000e+00
   1314.250 268.811241       5258     -0.105    13.2984   0.061294     0.3892   999.6432     -0.106     0.1821     -0.002  0.000e+00
   1314.500 268.811244       5259     -0.106    13.2989   0.061309     0.3893   999.6432     -0.107     0.1825     -0.004  0.000e+00
   1314.750 268.811247       5260     -0.103    13.2993   0.061284     0.3891   999.6430     -0.104     0.1801      0.004  0.000e+00
   1315.000 268.811250       5261     -0.104    13.2996   0.061262     0.3890   999.6428     -0.105     0.1801      0.004  0.000e+00
   1315.250 268.811253       5262     -0.103    13.3000   0.061294     0.3892   999.6429     -0.104     0.1809     -0.000  0.000e+00
   1315.500 268.811256       5263     -0.105    13.3004   0.061385     0.3898   999.6434     -0.106     0.1801     -0.002  0.000e+00
   1315.750 268.811259       5264     -0.105    13.3004   0.061508     0.3906   999.6440     -0.106     0.1838     -0.004  0.000e+00
   1316.000 268.811262       5265     -0.106    13.3008   0.061619     0.3913   999.6445     -0.107     0.1743     -0.002  0.000e+00
   1316.250 268.811264       5266     -0.103    13.3012   0.061609     0.3912   999.6444     -0.104     0.1764      0.004  0.000e+00
   1316.500 268.811267       5267     -0.102    13.3014   0.061505     0.3905   999.6438     -0.103     0.1788      0.009  0.000e+00
   1316.750 268.811270       5268     -0.102    13.3018   0.061350     0.3895   999.6430     -0.103     0.1850      0.002  0.000e+00
   1317.000 268.811273       5269     -0.102    13.3021   0.061205     0.3886   999.6422     -0.103     0.1817 -6.063e-13  0.000e+00
   1317.250 268.811276       5270     -0.101    13.3023   0.061104     0.3879   999.6417     -0.102     0.1850      0.002  0.000e+00
   1317.500 268.811279       5271     -0.102    13.3027   0.061079     0.3877   999.6415     -0.103     0.1792     -0.000  0.000e+00
   1317.750 268.811282       5272     -0.104    13.3030   0.061104     0.3879   999.6416     -0.105     0.1801     -0.006  0.000e+00
   1318.000 268.811285       5273     -0.104    13.3034   0.061177     0.3884   999.6419     -0.105     0.1788     -0.004  0.000e+00
   1318.250 268.811288       5274     -0.104    13.3036   0.061253     0.3888   999.6422     -0.105     0.1759      0.000  0.000e+00
   1318.500 268.811291       5275     -0.105    13.3040   0.061268     0.3889   999.6423     -0.106     0.1817     -0.002  0.000e+00
   1318.750 268.811293       5276     -0.106    13.3044   0.061253     0.3888   999.6421     -0.107     0.1801     -0.004  0.000e+00
   1319.000 268.811296       5277     -0.104    13.3046   0.061218     0.3886   999.6419     -0.105     0.1838      0.002  0.000e+00
   1319.250 268.811299       5278     -0.103    13.3050   0.061199     0.3885   999.6418     -0.104     0.1834      0.006  0.000e+00
   1319.500 268.811302       5279     -0.104    13.3054   0.061202     0.3885   999.6417     -0.105     0.1867 6.0633e-13  0.000e+00
   1319.750 268.811305       5280     -0.104    13.3055   0.061234     0.3887   999.6419     -0.105     0.1809     -0.002  0.000e+00
   1320.000 268.811308       5281     -0.105    13.3060   0.061303     0.3892   999.6422     -0.106     0.1805     -0.002  0.000e+00
   1320.250 268.811311       5282     -0.106    13.3062   0.061404     0.3898   999.6426     -0.107     0.1846     -0.004  0.000e+00
   1320.500 268.811314       5283     -0.106    13.3066   0.061477     0.3903   999.6430     -0.107     0.1829     -0.002  0.000e+00
   1320.750 268.811317       5284     -0.103    13.3069   0.061496     0.3904   999.6430     -0.104     0.1788      0.006  0.000e+00
   1321.000 268.811319       5285     -0.104    13.3071   0.061436     0.3900   999.6427     -0.105     0.1788      0.004  0.000e+00
   1321.250 268.811322       5286     -0.103    13.3074   0.061309     0.3892   999.6420     -0.104     0.1772      0.000  0.000e+00
   1321.500 268.811325       5287     -0.102    13.3076   0.061161     0.3882   999.6412     -0.103     0.1772      0.004  0.000e+00
   1321.750 268.811328       5288     -0.103    13.3080   0.061029     0.3873   999.6405     -0.104     0.1842 6.0633e-13  0.000e+00
   1322.000 268.811331       5289     -0.104    13.3083   0.060931     0.3867   999.6399     -0.105     0.1862     -0.004  0.000e+00
   1322.250 268.811334       5290     -0.102    13.3085   0.060880     0.3864   999.6397     -0.103     0.1817      0.002  0.000e+00
   1322.500 268.811337       5291     -0.104    13.3090   0.060861     0.3862   999.6395     -0.105     0.1792      0.000  0.000e+00
   1322.750 268.811340       5292     -0.105    13.3092   0.060906     0.3865   999.6397     -0.106     0.1813     -0.006  0.000e+00
   1323.000 268.811343       5293     -0.105    13.3096   0.060994     0.3871   999.6401     -0.106     0.1776     -0.002  0.000e+00
