Raw_Data/Cage/SBE19/2020-09-24_SBE19_006_024_processed.cnv
* Sea-Bird SBE19plus Data File:
* FileName = C:\cruises\2020_barkerboys\leg2\data\cage\SBE19\2020-09-25_SBE19_004_024.hex
* Software Version 1.59
* Temperature SN =  4881
* Conductivity SN =  4881
* System UpLoad Time = Sep 25 2020 12:44:01
* ds
* SeacatPlus V 1.5  SERIAL NO. 4881    25 Sep 2020  12:15:39
# nquan = 12
# nvalues = 3128                                  
# units = specified
# name 0 = timeS: Time, Elapsed [seconds]
# name 1 = timeJ: Julian Days
# name 2 = scan: Scan Count
# name 3 = depSM: Depth [salt water, m], lat = 44.00
# name 4 = tv290C: Temperature [ITS-90, deg C]
# name 5 = c0S/m: Conductivity [S/m]
# name 6 = sal00: Salinity, Practical [PSU]
# name 7 = density00: Density [density, kg/m^3]
# name 8 = prdM: Pressure, Strain Gauge [db]
# name 9 = wetStar: Fluorescence, WET Labs WETstar [mg/m^3]
# name 10 = dz/dtM: Descent Rate [m/s]
# name 11 = flag:  0.000e+00
# span 0 =      0.000,    781.750                 
# span 1 = 268.665660, 268.674708                 
# span 2 =          1,       3128                 
# span 3 =     -0.092,    187.106                 
# span 4 =     9.5926,    16.4928                 
# span 5 =   0.051981,   3.901704                 
# span 6 =     0.3036,    33.6479                 
# span 7 =   999.0981,  1026.8186                 
# span 8 =     -0.093,    188.706                 
# span 9 =     0.1413,     3.5625                 
# span 10 =     -1.447,      1.104                
# span 11 = 0.0000e+00, 0.0000e+00                
# interval = seconds: 0.25
# start_time = Sep 24 2020 15:58:33 [Instrument's time stamp, header]
# bad_flag = -9.990e-29
*END*
[from data line 602]
    150.500 268.667402        603      5.068    12.7445   3.824596    32.6371  1024.6357      5.109     2.0176     -0.069  0.000e+00
    150.750 268.667405        604      5.064    12.7439   3.824770    32.6393  1024.6375      5.105     2.1770     -0.037  0.000e+00
    151.000 268.667407        605      5.072    12.7444   3.825259    32.6435  1024.6407      5.113     2.0262      0.009  0.000e+00
    151.250 268.667410        606      5.093    12.7467   3.824911    32.6382  1024.6362      5.135     2.0180      0.060  0.000e+00
    151.500 268.667413        607      5.118    12.7474   3.824415    32.6329  1024.6321      5.159     2.0089      0.092  0.000e+00
    151.750 268.667416        608      5.142    12.7456   3.824315    32.6335  1024.6330      5.184     2.1655      0.099  0.000e+00
    152.000 268.667419        609      5.157    12.7433   3.824489    32.6371  1024.6364      5.199     2.2330      0.079  0.000e+00
    152.250 268.667422        610      5.157    12.7423   3.824656    32.6396  1024.6384      5.199     2.0723      0.030  0.000e+00
    152.500 268.667425        611      5.137    12.7427   3.824770    32.6403  1024.6389      5.179     2.0843     -0.041  0.000e+00
    152.750 268.667428        612      5.099    12.7433   3.823786    32.6304  1024.6309      5.140     2.1032     -0.118  0.000e+00
    153.000 268.667431        613      5.045    12.7402   3.823605    32.6314  1024.6320      5.086     2.0361     -0.185  0.000e+00
    153.250 268.667433        614      4.984    12.7367   3.824034    32.6385  1024.6379      5.024     2.0769     -0.232  0.000e+00
    153.500 268.667436        615      4.928    12.7365   3.823819    32.6367  1024.6363      4.968     2.0134     -0.236  0.000e+00
    153.750 268.667439        616      4.892    12.7360   3.823364    32.6328  1024.6332      4.932     2.0134     -0.185  0.000e+00
    154.000 268.667442        617      4.891    12.7340   3.823150    32.6325  1024.6333      4.931     1.9677     -0.075  0.000e+00
    154.250 268.667445        618      4.932    12.7311   3.822447    32.6283  1024.6309      4.972     1.9533      0.082  0.000e+00
    154.500 268.667448        619      5.011    12.7267   3.822233    32.6301  1024.6335      5.052     1.9623      0.243  0.000e+00
    154.750 268.667451        620      5.104    12.7222   3.822675    32.6381  1024.6410      5.145     2.0291      0.346  0.000e+00
    155.000 268.667454        621      5.196    12.7208   3.822588    32.6385  1024.6420      5.238     2.1078      0.371  0.000e+00
    155.250 268.667457        622      5.265    12.7209   3.822762    32.6400  1024.6434      5.307     1.9982      0.324  0.000e+00
    155.500 268.667459        623      5.296    12.7208   3.821845    32.6313  1024.6368      5.339     1.9961      0.202  0.000e+00
    155.750 268.667462        624      5.293    12.7180   3.822200    32.6372  1024.6419      5.336     2.0122      0.058  0.000e+00
    156.000 268.667465        625      5.263    12.7165   3.822608    32.6423  1024.6461      5.305     2.0501     -0.067  0.000e+00
    156.250 268.667468        626      5.206    12.7180   3.822621    32.6412  1024.6446      5.248     2.0476     -0.176  0.000e+00
    156.500 268.667471        627      5.100    12.7195   3.822762    32.6413  1024.6440      5.141     2.0056     -0.329  0.000e+00
    156.750 268.667474        628      4.938    12.7209   3.822695    32.6395  1024.6415      4.978     2.0505     -0.541  0.000e+00
    157.000 268.667477        629      4.759    12.7215   3.822695    32.6391  1024.6403      4.797     2.0534     -0.687  0.000e+00
    157.250 268.667480        630      4.584    12.7219   3.822507    32.6370  1024.6378      4.621     1.9838     -0.713  0.000e+00
    157.500 268.667483        631      4.425    12.7217   3.822761    32.6397  1024.6392      4.461     2.1494     -0.672  0.000e+00
    157.750 268.667486        632      4.292    12.7221   3.822835    32.6401  1024.6388      4.327     2.1601     -0.589  0.000e+00
    158.000 268.667488        633      4.183    12.7231   3.822761    32.6386  1024.6370      4.217     2.0563     -0.488  0.000e+00
    158.250 268.667491        634      4.093    12.7237   3.823116    32.6415  1024.6387      4.126     2.0353     -0.402  0.000e+00
    158.500 268.667494        635      4.006    12.7249   3.823016    32.6395  1024.6365      4.038     2.0818     -0.359  0.000e+00
    158.750 268.667497        636      3.916    12.7257   3.822835    32.6371  1024.6342      3.948     2.0344     -0.357  0.000e+00
    159.000 268.667500        637      3.818    12.7255   3.823083    32.6397  1024.6357      3.849     2.0414     -0.378  0.000e+00
    159.250 268.667503        638      3.704    12.7262   3.825506    32.6622  1024.6525      3.734     2.1523     -0.427  0.000e+00
    159.500 268.667506        639      3.570    12.7357   3.826457    32.6631  1024.6507      3.599     2.0291     -0.500  0.000e+00
    159.750 268.667509        640      3.432    12.7482   3.825526    32.6434  1024.6325      3.460     1.9545     -0.548  0.000e+00
    160.000 268.667512        641      3.294    12.7526   3.825754    32.6418  1024.6297      3.321     2.0328     -0.556  0.000e+00
    160.250 268.667514        642      3.162    12.7546   3.826390    32.6462  1024.6322      3.187     1.9858     -0.546  0.000e+00
    160.500 268.667517        643      3.057    12.7584   3.828084    32.6591  1024.6409      3.082     1.9549     -0.477  0.000e+00
    160.750 268.667520        644      2.981    12.7675   3.826604    32.6372  1024.6218      3.005     1.9224     -0.365  0.000e+00
    161.000 268.667523        645      2.921    12.7751   3.828754    32.6510  1024.6308      2.945     1.8993     -0.275  0.000e+00
    161.250 268.667526        646      2.848    12.7821   3.830161    32.6583  1024.6348      2.871     1.9772     -0.269  0.000e+00
    161.500 268.667529        647      2.747    12.7930   3.831682    32.6634  1024.6361      2.770     1.9479     -0.350  0.000e+00
    161.750 268.667532        648      2.633    12.8075   3.833906    32.6720  1024.6394      2.655     1.9063     -0.432  0.000e+00
    162.000 268.667535        649      2.508    12.8269   3.834630    32.6621  1024.6275      2.528     2.0089     -0.483  0.000e+00
    162.250 268.667538        650      2.366    12.8431   3.835173    32.6533  1024.6168      2.385     1.9982     -0.539  0.000e+00
    162.500 268.667541        651      2.223    12.8567   3.836091    32.6504  1024.6113      2.241     1.8441     -0.573  0.000e+00
    162.750 268.667543        652      2.082    12.8672   3.837894    32.6584  1024.6148      2.099     1.7337     -0.573  0.000e+00
    163.000 268.667546        653      1.951    12.8821   3.843629    32.6999  1024.6435      1.966     1.7308     -0.550  0.000e+00
    163.250 268.667549        654      1.842    12.9152   3.848098    32.7137  1024.6471      1.857     1.6604     -0.483  0.000e+00
    163.500 268.667552        655      1.765    12.9584   3.849977    32.6942  1024.6232      1.780     1.7712     -0.374  0.000e+00
    163.750 268.667555        656      1.739    12.9952   3.853421    32.6950  1024.6165      1.753     1.6941     -0.208  0.000e+00
    164.000 268.667558        657      1.764    13.0303   3.852649    32.6574  1024.5806      1.778     1.5936     -0.002  0.000e+00
    164.250 268.667561        658      1.799    13.0528   3.849694    32.6101  1024.5397      1.814     1.5442      0.122  0.000e+00
    164.500 268.667564        659      1.814    13.0496   3.848096    32.5978  1024.5309      1.829     1.4445      0.101  0.000e+00
    164.750 268.667567        660      1.817    13.0360   3.848311    32.6115  1024.5442      1.832     1.3658      0.036  0.000e+00
    165.000 268.667569        661      1.823    13.0268   3.846157    32.5991  1024.5365      1.837     1.2962      0.017  0.000e+00
    165.250 268.667572        662      1.823    13.0152   3.848271    32.6290  1024.5619      1.837     1.2397      0.011  0.000e+00
    165.500 268.667575        663      1.819    13.0118   3.852750    32.6743  1024.5976      1.834     1.1969     -0.006  0.000e+00
    165.750 268.667578        664      1.820    13.0308   3.857620    32.7039  1024.6168      1.835     1.1598     -0.004  0.000e+00
    166.000 268.667581        665      1.818    13.0702   3.858775    32.6808  1024.5911      1.833     1.1507     -0.002  0.000e+00
    166.250 268.667584        666      1.831    13.1017   3.858795    32.6539  1024.5641      1.846     1.1841      0.021  0.000e+00
    166.500 268.667587        667      1.875    13.1198   3.858223    32.6328  1024.5445      1.890     1.2422      0.114  0.000e+00
    166.750 268.667590        668      1.931    13.1272   3.856980    32.6147  1024.5292      1.947     1.2661      0.202  0.000e+00
    167.000 268.667593        669      1.992    13.1243   3.855341    32.6018  1024.5201      2.008     1.2471      0.236  0.000e+00
    167.250 268.667595        670      2.057    13.1152   3.856550    32.6210  1024.5370      2.074     1.3044      0.253  0.000e+00
    167.500 268.667598        671      2.129    13.1123   3.854522    32.6043  1024.5250      2.147     1.1911      0.277  0.000e+00
    167.750 268.667601        672      2.225    13.1038   3.849230    32.5617  1024.4942      2.243     1.1392      0.339  0.000e+00
    168.000 268.667604        673      2.344    13.0766   3.846465    32.5590  1024.4979      2.363     1.1017      0.434  0.000e+00
    168.250 268.667607        674      2.486    13.0443   3.843808    32.5616  1024.5070      2.506     1.0444      0.526  0.000e+00
    168.500 268.667610        675      2.656    13.0114   3.841152    32.5647  1024.5166      2.678     1.0691      0.629  0.000e+00
    168.750 268.667613        676      2.848    12.9803   3.838537    32.5667  1024.5251      2.871     1.0976      0.730  0.000e+00
    169.000 268.667616        677      3.039    12.9491   3.836941    32.5784  1024.5412      3.063     1.1009      0.771  0.000e+00
    169.250 268.667619        678      3.221    12.9219   3.836446    32.5971  1024.5618      3.247     1.1182      0.752  0.000e+00
    169.500 268.667622        679      3.363    12.9032   3.834964    32.5991  1024.5676      3.390     1.1948      0.653  0.000e+00
    169.750 268.667624        680      3.468    12.8865   3.832880    32.5938  1024.5673      3.496     1.2179      0.498  0.000e+00
    170.000 268.667627        681      3.531    12.8660   3.832318    32.6061  1024.5811      3.559     1.3130      0.339  0.000e+00
    170.250 268.667630        682      3.568    12.8496   3.832807    32.6248  1024.5990      3.597     1.4181      0.202  0.000e+00
    170.500 268.667633        683      3.593    12.8424   3.832807    32.6310  1024.6053      3.622     1.5083      0.124  0.000e+00
    170.750 268.667636        684      3.630    12.8394   3.832847    32.6340  1024.6083      3.659     1.5368      0.125  0.000e+00
    171.000 268.667639        685      3.698    12.8391   3.834255    32.6476  1024.6192      3.728     1.5907      0.213  0.000e+00
    171.250 268.667642        686      3.798    12.8442   3.834503    32.6455  1024.6170      3.829     1.6604      0.339  0.000e+00
    171.500 268.667645        687      3.928    12.8493   3.834295    32.6390  1024.6116      3.960     1.7592      0.464  0.000e+00
    171.750 268.667648        688      4.109    12.8520   3.829316    32.5894  1024.5735      4.142     1.8573      0.627  0.000e+00
    172.000 268.667650        689      4.309    12.8335   3.825894    32.5729  1024.5652      4.344     1.8964      0.769  0.000e+00
    172.250 268.667653        690      4.515    12.8007   3.824876    32.5914  1024.5869      4.551     2.0905      0.818  0.000e+00
    172.500 268.667656        691      4.720    12.7747   3.824241    32.6077  1024.6055      4.759     1.8849      0.829  0.000e+00
    172.750 268.667659        692      4.913    12.7565   3.823645    32.6178  1024.6177      4.953     1.8606      0.803  0.000e+00
    173.000 268.667662        693      5.095    12.7446   3.824134    32.6326  1024.6323      5.137     1.8528      0.756  0.000e+00
    173.250 268.667665        694      5.263    12.7386   3.823552    32.6322  1024.6339      5.305     1.8804      0.704  0.000e+00
    173.500 268.667668        695      5.416    12.7352   3.824241    32.6417  1024.6426      5.460     1.8004      0.646  0.000e+00
    173.750 268.667671        696      5.562    12.7335   3.823398    32.6350  1024.6384      5.607     1.8589      0.603  0.000e+00
    174.000 268.667674        697      5.702    12.7296   3.821282    32.6182  1024.6269      5.749     1.8643      0.578  0.000e+00
    174.250 268.667677        698      5.850    12.7206   3.817662    32.5915  1024.6086      5.898     1.9088      0.582  0.000e+00
    174.500 268.667679        699      6.013    12.6984   3.817288    32.6071  1024.6257      6.062     1.9640      0.627  0.000e+00
    174.750 268.667682        700      6.193    12.6815   3.817663    32.6253  1024.6438      6.244     1.9121      0.692  0.000e+00
    175.000 268.667685        701      6.390    12.6728   3.817174    32.6281  1024.6486      6.442     2.0068      0.760  0.000e+00
    175.250 268.667688        702      6.609    12.6674   3.816786    32.6290  1024.6513      6.662     1.9586      0.837  0.000e+00
    175.500 268.667691        703      6.840    12.6628   3.816258    32.6278  1024.6523      6.895     1.8865      0.906  0.000e+00
    175.750 268.667694        704      7.076    12.6580   3.815616    32.6258  1024.6528      7.134     1.9570      0.943  0.000e+00
    176.000 268.667697        705      7.312    12.6528   3.815870    32.6326  1024.6601      7.371     1.9261      0.951  0.000e+00
    176.250 268.667700        706      7.542    12.6499   3.815630    32.6327  1024.6618      7.603     2.0081      0.939  0.000e+00
    176.500 268.667703        707      7.758    12.6480   3.815556    32.6336  1024.6638      7.821     2.0394      0.900  0.000e+00
    176.750 268.667705        708      7.952    12.6463   3.815556    32.6350  1024.6661      8.016     2.1020      0.827  0.000e+00
    177.000 268.667708        709      8.134    12.6451   3.815717    32.6375  1024.6691      8.200     2.2948      0.758  0.000e+00
    177.250 268.667711        710      8.316    12.6451   3.815489    32.6352  1024.6681      8.383     2.4205      0.734  0.000e+00
    177.500 268.667714        711      8.500    12.6447   3.815730    32.6378  1024.6711      8.569     2.6772      0.739  0.000e+00
    177.750 268.667717        712      8.704    12.6447   3.815590    32.6364  1024.6709      8.774     2.2647      0.782  0.000e+00
    178.000 268.667720        713      8.927    12.6445   3.815276    32.6335  1024.6697      9.000     2.2553      0.861  0.000e+00
    178.250 268.667723        714      9.173    12.6433   3.815068    32.6324  1024.6702      9.248     2.3455      0.947  0.000e+00
    178.500 268.667726        715      9.428    12.6418   3.814848    32.6315  1024.6710      9.504     2.3480      1.009  0.000e+00
    178.750 268.667729        716      9.687    12.6400   3.814821    32.6327  1024.6734      9.765     2.4188      1.035  0.000e+00
    179.000 268.667731        717      9.940    12.6385   3.814928    32.6349  1024.6766     10.021     2.5564      1.033  0.000e+00
    179.250 268.667734        718     10.181    12.6382   3.814962    32.6354  1024.6781     10.264     2.4411      0.996  0.000e+00
    179.500 268.667737        719     10.402    12.6382   3.814928    32.6350  1024.6788     10.487     2.5424      0.932  0.000e+00
    179.750 268.667740        720     10.603    12.6380   3.815116    32.6369  1024.6812     10.689     2.4674      0.850  0.000e+00
    180.000 268.667743        721     10.786    12.6381   3.815102    32.6365  1024.6817     10.873     2.5511      0.773  0.000e+00
