Raw_Data/Cage/SBE19/2020-09-21_SBE19_005_021_processed.cnv
* Sea-Bird SBE19plus Data File:
* FileName = C:\cruises\2020_barkerboys\leg2\data\cage\SBE19\2020-09-25_SBE19_004_021.hex
* Software Version 1.59
* Temperature SN =  4881
* Conductivity SN =  4881
* System UpLoad Time = Sep 25 2020 12:41:09
* ds
* SeacatPlus V 1.5  SERIAL NO. 4881    25 Sep 2020  12:15:39
# nquan = 12
# nvalues = 2733                                  
# units = specified
# name 0 = timeS: Time, Elapsed [seconds]
# name 1 = timeJ: Julian Days
# name 2 = scan: Scan Count
# name 3 = depSM: Depth [salt water, m], lat = 44.00
# name 4 = tv290C: Temperature [ITS-90, deg C]
# name 5 = c0S/m: Conductivity [S/m]
# name 6 = sal00: Salinity, Practical [PSU]
# name 7 = density00: Density [density, kg/m^3]
# name 8 = prdM: Pressure, Strain Gauge [db]
# name 9 = wetStar: Fluorescence, WET Labs WETstar [mg/m^3]
# name 10 = dz/dtM: Descent Rate [m/s]
# name 11 = flag:  0.000e+00
# span 0 =      0.000,    683.000                 
# span 1 = 265.716597, 265.724502                 
# span 2 =          1,       2733                 
# span 3 =      0.143,    166.104                 
# span 4 =     9.9252,    13.0112                 
# span 5 =   0.058816,   3.844063                 
# span 6 =     0.4003,    34.1543                 
# span 7 =   999.9660,  1026.5648                 
# span 8 =      0.144,    167.516                 
# span 9 =     0.1113,     4.3437                 
# span 10 =     -1.416,      1.324                
# span 11 = 0.0000e+00, 0.0000e+00                
# interval = seconds: 0.25
# start_time = Sep 21 2020 17:11:54 [Instrument's time stamp, header]
# bad_flag = -9.990e-29
*END*
[from data line 361]
     90.250 265.717642        362      5.425    12.9273   3.836628    32.5933  1024.5677      5.469     2.6298      0.101  0.000e+00
     90.500 265.717645        363      5.517    12.9281   3.836768    32.5939  1024.5685      5.562     2.5317      0.290  0.000e+00
     90.750 265.717648        364      5.639    12.9288   3.836628    32.5919  1024.5673      5.685     2.5816      0.432  0.000e+00
     91.000 265.717650        365      5.767    12.9286   3.836721    32.5929  1024.5687      5.813     2.6425      0.502  0.000e+00
     91.250 265.717653        366      5.885    12.9283   3.836802    32.5938  1024.5701      5.933     2.6162      0.496  0.000e+00
     91.500 265.717656        367      5.965    12.9288   3.836628    32.5917  1024.5687      6.013     2.6178      0.399  0.000e+00
     91.750 265.717659        368      5.999    12.9286   3.836272    32.5885  1024.5664      6.047     2.5927      0.230  0.000e+00
     92.000 265.717662        369      5.984    12.9265   3.836313    32.5907  1024.5685      6.032     2.5824      0.039  0.000e+00
     92.250 265.717665        370      5.913    12.9254   3.836554    32.5940  1024.5709      5.960     2.6718     -0.174  0.000e+00
     92.500 265.717668        371      5.803    12.9260   3.836554    32.5935  1024.5699      5.850     2.6883     -0.365  0.000e+00
     92.750 265.717671        372      5.665    12.9268   3.836587    32.5932  1024.5689      5.711     2.6302     -0.498  0.000e+00
     93.000 265.717674        373      5.515    12.9271   3.836654    32.5936  1024.5684      5.560     2.5515     -0.580  0.000e+00
     93.250 265.717677        374      5.377    12.9274   3.836627    32.5932  1024.5674      5.420     2.5832     -0.582  0.000e+00
     93.500 265.717679        375      5.273    12.9282   3.836728    32.5935  1024.5670      5.315     2.5618     -0.490  0.000e+00
     93.750 265.717682        376      5.224    12.9287   3.836802    32.5937  1024.5669      5.266     2.5993     -0.309  0.000e+00
     94.000 265.717685        377      5.242    12.9292   3.836768    32.5930  1024.5663      5.284     2.6265     -0.062  0.000e+00
     94.250 265.717688        378      5.322    12.9294   3.836889    32.5939  1024.5674      5.365     2.6026      0.198  0.000e+00
     94.500 265.717691        379      5.447    12.9300   3.836728    32.5919  1024.5662      5.491     2.5577      0.414  0.000e+00
     94.750 265.717694        380      5.578    12.9300   3.836728    32.5918  1024.5668      5.623     2.5692      0.517  0.000e+00
     95.000 265.717697        381      5.695    12.9299   3.836768    32.5922  1024.5676      5.742     2.6298      0.500  0.000e+00
     95.250 265.717700        382      5.773    12.9294   3.836514    32.5902  1024.5666      5.820     2.6912      0.393  0.000e+00
     95.500 265.717703        383      5.803    12.9290   3.836768    32.5929  1024.5688      5.850     2.5997      0.217  0.000e+00
     95.750 265.717705        384      5.782    12.9289   3.836802    32.5933  1024.5691      5.828     2.6314      0.017  0.000e+00
     96.000 265.717708        385      5.704    12.9293   3.836835    32.5934  1024.5687      5.750     2.6104     -0.200  0.000e+00
     96.250 265.717711        386      5.592    12.9296   3.836721    32.5921  1024.5672      5.637     2.6615     -0.382  0.000e+00
     96.500 265.717714        387      5.467    12.9292   3.836661    32.5919  1024.5665      5.512     2.8362     -0.477  0.000e+00
     96.750 265.717717        388      5.353    12.9290   3.836661    32.5921  1024.5662      5.397     2.5882     -0.481  0.000e+00
     97.000 265.717720        389      5.262    12.9290   3.836802    32.5935  1024.5669      5.305     2.5531     -0.414  0.000e+00
     97.250 265.717723        390      5.215    12.9291   3.836822    32.5936  1024.5667      5.257     2.6182     -0.279  0.000e+00
     97.500 265.717726        391      5.218    12.9294   3.836768    32.5929  1024.5661      5.261     2.6644     -0.088  0.000e+00
     97.750 265.717729        392      5.271    12.9297   3.837157    32.5962  1024.5689      5.314     2.5663      0.114  0.000e+00
     98.000 265.717731        393      5.353    12.9308   3.836869    32.5926  1024.5662      5.397     2.5507      0.273  0.000e+00
     98.250 265.717734        394      5.448    12.9310   3.836768    32.5913  1024.5656      5.492     2.5255      0.356  0.000e+00
     98.500 265.717737        395      5.538    12.9306   3.836990    32.5937  1024.5680      5.583     2.5898      0.371  0.000e+00
     98.750 265.717740        396      5.602    12.9310   3.837828    32.6014  1024.5741      5.647     2.6561      0.309  0.000e+00
     99.000 265.717743        397      5.638    12.9344   3.837895    32.5990  1024.5718      5.684     2.5878      0.202  0.000e+00
     99.250 265.717746        398      5.641    12.9379   3.837895    32.5960  1024.5688      5.687     2.6924      0.079  0.000e+00
     99.500 265.717749        399      5.618    12.9405   3.837828    32.5931  1024.5659      5.663     2.5807     -0.041  0.000e+00
     99.750 265.717752        400      5.575    12.9418   3.837298    32.5870  1024.5607      5.620     2.4934     -0.133  0.000e+00
    100.000 265.717755        401      5.522    12.9404   3.837083    32.5862  1024.5601      5.567     2.5412     -0.193  0.000e+00
    100.250 265.717758        402      5.465    12.9374   3.837298    32.5909  1024.5641      5.510     2.5124     -0.221  0.000e+00
    100.500 265.717760        403      5.416    12.9362   3.837325    32.5921  1024.5651      5.460     2.4856     -0.213  0.000e+00
    100.750 265.717763        404      5.378    12.9363   3.837439    32.5932  1024.5657      5.422     2.4584     -0.176  0.000e+00
    101.000 265.717766        405      5.364    12.9365   3.837472    32.5933  1024.5657      5.408     2.4073     -0.105  0.000e+00
    101.250 265.717769        406      5.368    12.9372   3.837687    32.5947  1024.5667      5.412     2.3550     -0.019  0.000e+00
    101.500 265.717772        407      5.391    12.9384   3.837760    32.5944  1024.5663      5.434     2.4584      0.054  0.000e+00
    101.750 265.717775        408      5.423    12.9395   3.837754    32.5934  1024.5654      5.467     2.5338      0.110  0.000e+00
    102.000 265.717778        409      5.453    12.9406   3.837935    32.5941  1024.5659      5.497     2.4539      0.125  0.000e+00
    102.250 265.717781        410      5.474    12.9415   3.837895    32.5929  1024.5649      5.518     2.4600      0.103  0.000e+00
    102.500 265.717784        411      5.481    12.9419   3.837935    32.5930  1024.5650      5.526     2.4864      0.058  0.000e+00
    102.750 265.717786        412      5.476    12.9421   3.837794    32.5915  1024.5637      5.520     2.6108      0.004  0.000e+00
    103.000 265.717789        413      5.460    12.9421   3.837794    32.5915  1024.5636      5.504     2.4798     -0.043  0.000e+00
    103.250 265.717792        414      5.448    12.9419   3.837895    32.5927  1024.5645      5.492     2.5276     -0.056  0.000e+00
    103.500 265.717795        415      5.444    12.9422   3.838109    32.5944  1024.5658      5.488     2.3818     -0.032  0.000e+00
    103.750 265.717798        416      5.461    12.9434   3.838203    32.5943  1024.5655      5.505     2.3879      0.026  0.000e+00
    104.000 265.717801        417      5.497    12.9448   3.838431    32.5952  1024.5661      5.542     2.3797      0.107  0.000e+00
    104.250 265.717804        418      5.543    12.9463   3.838853    32.5979  1024.5681      5.588     2.3756      0.165  0.000e+00
    104.500 265.717807        419      5.585    12.9487   3.838713    32.5944  1024.5652      5.630     2.5062      0.176  0.000e+00
    104.750 265.717810        420      5.606    12.9504   3.838672    32.5926  1024.5636      5.651     2.5045      0.127  0.000e+00
    105.000 265.717812        421      5.598    12.9508   3.838672    32.5922  1024.5631      5.644     2.3941      0.028  0.000e+00
    105.250 265.717815        422      5.561    12.9512   3.838605    32.5913  1024.5621      5.606     2.3871     -0.090  0.000e+00
    105.500 265.717818        423      5.495    12.9510   3.838572    32.5912  1024.5618      5.540     2.4324     -0.208  0.000e+00
    105.750 265.717821        424      5.417    12.9507   3.838572    32.5915  1024.5617      5.461     2.3574     -0.290  0.000e+00
    106.000 265.717824        425      5.342    12.9507   3.838780    32.5935  1024.5630      5.385     2.4609     -0.309  0.000e+00
    106.250 265.717827        426      5.273    12.9510   3.838853    32.5940  1024.5630      5.315     2.3541     -0.292  0.000e+00
    106.500 265.717830        427      5.233    12.9520   3.838887    32.5934  1024.5621      5.276     2.3760     -0.219  0.000e+00
    106.750 265.717833        428      5.228    12.9529   3.839142    32.5951  1024.5632      5.270     2.4254     -0.090  0.000e+00
    107.000 265.717836        429      5.267    12.9543   3.839450    32.5967  1024.5644      5.310     2.4522      0.069  0.000e+00
    107.250 265.717839        430      5.344    12.9565   3.839209    32.5925  1024.5610      5.387     2.3801      0.234  0.000e+00
    107.500 265.717841        431      5.444    12.9575   3.839209    32.5916  1024.5606      5.488     2.4473      0.356  0.000e+00
    107.750 265.717844        432      5.538    12.9578   3.839028    32.5896  1024.5595      5.583     2.4201      0.391  0.000e+00
    108.000 265.717847        433      5.612    12.9562   3.836889    32.5707  1024.5455      5.658     2.4753      0.339  0.000e+00
    108.250 265.717850        434      5.650    12.9484   3.837224    32.5806  1024.5548      5.695     2.4168      0.225  0.000e+00
    108.500 265.717853        435      5.650    12.9416   3.836802    32.5825  1024.5576      5.695     2.4024      0.075  0.000e+00
    108.750 265.717856        436      5.602    12.9367   3.837365    32.5921  1024.5658      5.647     2.3900     -0.097  0.000e+00
    109.000 265.717859        437      5.515    12.9358   3.838337    32.6021  1024.5733      5.560     2.3706     -0.271  0.000e+00
    109.250 265.717862        438      5.401    12.9398   3.838250    32.5978  1024.5687      5.445     2.3525     -0.404  0.000e+00
    109.500 265.717865        439      5.278    12.9433   3.838639    32.5985  1024.5680      5.321     2.3706     -0.479  0.000e+00
    109.750 265.717867        440      5.165    12.9463   3.838820    32.5977  1024.5663      5.207     2.4131     -0.477  0.000e+00
    110.000 265.717870        441      5.089    12.9490   3.839008    32.5971  1024.5650      5.131     2.4609     -0.380  0.000e+00
    110.250 265.717873        442      5.076    12.9517   3.839276    32.5974  1024.5646      5.117     2.5144     -0.180  0.000e+00
    110.500 265.717876        443      5.130    12.9545   3.839738    32.5993  1024.5658      5.171     2.7002      0.082  0.000e+00
    110.750 265.717879        444      5.256    12.9581   3.839598    32.5948  1024.5622      5.298     2.6619      0.363  0.000e+00
    111.000 265.717882        445      5.417    12.9602   3.838706    32.5845  1024.5545      5.461     2.6055      0.580  0.000e+00
    111.250 265.717885        446      5.567    12.9575   3.838109    32.5811  1024.5531      5.612     2.5321      0.627  0.000e+00
    111.500 265.717888        447      5.687    12.9527   3.838391    32.5880  1024.5599      5.733     2.5029      0.543  0.000e+00
    111.750 265.717891        448      5.759    12.9494   3.838076    32.5878  1024.5607      5.806     2.4609      0.389  0.000e+00
    112.000 265.717894        449      5.763    12.9471   3.838029    32.5893  1024.5623      5.809     2.4102      0.152  0.000e+00
    112.250 265.717896        450      5.693    12.9452   3.838183    32.5924  1024.5648      5.739     2.3752     -0.133  0.000e+00
    112.500 265.717899        451      5.565    12.9448   3.838324    32.5942  1024.5657      5.611     2.4073     -0.397  0.000e+00
    112.750 265.717902        452      5.407    12.9455   3.838109    32.5916  1024.5628      5.451     2.4147     -0.578  0.000e+00
    113.000 265.717905        453      5.251    12.9457   3.838639    32.5965  1024.5659      5.294     2.4893     -0.633  0.000e+00
    113.250 265.717908        454      5.135    12.9475   3.838873    32.5972  1024.5656      5.177     2.4052     -0.548  0.000e+00
    113.500 265.717911        455      5.091    12.9500   3.839209    32.5982  1024.5656      5.132     2.5231     -0.324  0.000e+00
    113.750 265.717914        456      5.121    12.9529   3.839772    32.6010  1024.5674      5.163     2.5095     -0.028  0.000e+00
    114.000 265.717917        457      5.224    12.9573   3.840161    32.6009  1024.5669      5.266     2.5321      0.268  0.000e+00
    114.250 265.717920        458      5.362    12.9619   3.839920    32.5945  1024.5617      5.406     2.6059      0.485  0.000e+00
    114.500 265.717922        459      5.507    12.9642   3.839846    32.5918  1024.5598      5.552     2.6813      0.571  0.000e+00
    114.750 265.717925        460      5.623    12.9639   3.838431    32.5787  1024.5502      5.669     2.5383      0.526  0.000e+00
    115.000 265.717928        461      5.686    12.9588   3.836480    32.5646  1024.5406      5.732     2.4687      0.361  0.000e+00
    115.250 265.717931        462      5.681    12.9465   3.836279    32.5733  1024.5496      5.727     2.4184      0.116  0.000e+00
    115.500 265.717934        463      5.611    12.9367   3.837472    32.5930  1024.5665      5.657     2.3941     -0.150  0.000e+00
    115.750 265.717937        464      5.493    12.9351   3.838465    32.6039  1024.5747      5.538     2.3451     -0.378  0.000e+00
    116.000 265.717940        465      5.356    12.9399   3.838887    32.6038  1024.5731      5.399     2.3364     -0.515  0.000e+00
    116.250 265.717943        466      5.200    12.9455   3.839075    32.6008  1024.5690      5.242     2.3002     -0.590  0.000e+00
    116.500 265.717946        467      5.034    12.9505   3.839772    32.6032  1024.5691      5.075     2.5878     -0.648  0.000e+00
    116.750 265.717948        468      4.881    12.9556   3.839598    32.5971  1024.5627      4.920     2.3566     -0.644  0.000e+00
    117.000 265.717951        469      4.760    12.9587   3.839349    32.5922  1024.5578      4.799     2.4300     -0.552  0.000e+00
    117.250 265.717954        470      4.677    12.9595   3.839275    32.5908  1024.5562      4.715     2.5717     -0.410  0.000e+00
    117.500 265.717957        471      4.607    12.9592   3.839208    32.5905  1024.5556      4.644     2.6116     -0.309  0.000e+00
    117.750 265.717960        472      4.528    12.9585   3.838109    32.5807  1024.5479      4.565     2.5054     -0.301  0.000e+00
    118.000 265.717963        473      4.438    12.9542   3.838323    32.5865  1024.5528      4.474     2.4571     -0.341  0.000e+00
    118.250 265.717966        474      4.333    12.9512   3.838135    32.5874  1024.5536      4.369     2.3921     -0.393  0.000e+00
    118.500 265.717969        475      4.208    12.9486   3.837438    32.5830  1024.5501      4.242     2.3822     -0.464  0.000e+00
    118.750 265.717972        476      4.059    12.9448   3.837156    32.5837  1024.5507      4.092     2.4295     -0.554  0.000e+00
    119.000 265.717975        477      3.895    12.9406   3.837257    32.5883  1024.5544      3.926     2.4411     -0.631  0.000e+00
    119.250 265.717977        478      3.734    12.9376   3.836975    32.5883  1024.5543      3.764     2.3739     -0.655  0.000e+00
    119.500 265.717980        479      3.583    12.9354   3.836855    32.5891  1024.5546      3.612     2.4460     -0.629  0.000e+00
    119.750 265.717983        480      3.452    12.9334   3.836479    32.5874  1024.5531      3.480     2.3669     -0.569  0.000e+00
    120.000 265.717986        481      3.338    12.9310   3.836660    32.5912  1024.5560      3.365     2.3727     -0.494  0.000e+00
