Raw_Data/Cage/SBE19/2020-09-21_SBE19_005_019_processed.cnv
* Sea-Bird SBE19plus Data File:
* FileName = C:\cruises\2020_barkerboys\leg2\data\cage\SBE19\2020-09-25_SBE19_004_019.hex
* Software Version 1.59
* Temperature SN =  4881
* Conductivity SN =  4881
* System UpLoad Time = Sep 25 2020 12:38:29
* ds
* SeacatPlus V 1.5  SERIAL NO. 4881    25 Sep 2020  12:15:39
# nquan = 12
# nvalues = 3260                                  
# units = specified
# name 0 = timeS: Time, Elapsed [seconds]
# name 1 = timeJ: Julian Days
# name 2 = scan: Scan Count
# name 3 = depSM: Depth [salt water, m], lat = 44.00
# name 4 = tv290C: Temperature [ITS-90, deg C]
# name 5 = c0S/m: Conductivity [S/m]
# name 6 = sal00: Salinity, Practical [PSU]
# name 7 = density00: Density [density, kg/m^3]
# name 8 = prdM: Pressure, Strain Gauge [db]
# name 9 = wetStar: Fluorescence, WET Labs WETstar [mg/m^3]
# name 10 = dz/dtM: Descent Rate [m/s]
# name 11 = flag:  0.000e+00
# span 0 =      0.000,    814.750                 
# span 1 = 265.646968, 265.656398                 
# span 2 =          1,       3260                 
# span 3 =      0.153,    158.180                 
# span 4 =     9.8375,    13.1098                 
# span 5 =   0.053069,   3.851257                 
# span 6 =     0.3532,    33.5455                 
# span 7 =   999.8557,  1026.5629                 
# span 8 =      0.154,    159.521                 
# span 9 =     0.1150,     3.2737                 
# span 10 =     -1.362,      1.432                
# span 11 = 0.0000e+00, 0.0000e+00                
# interval = seconds: 0.25
# start_time = Sep 21 2020 15:31:38 [Instrument's time stamp, header]
# bad_flag = -9.990e-29
*END*
[from data line 1805]
    451.250 265.652190       1806    131.179     9.8893   3.661212    33.5348  1026.4259    132.283     0.1352      0.062  0.000e+00
    451.500 265.652193       1807    131.172     9.8895   3.661245    33.5349  1026.4259    132.276     0.1430     -0.017  0.000e+00
    451.750 265.652196       1808    131.188     9.8896   3.661285    33.5353  1026.4262    132.292     0.1327      0.017  0.000e+00
    452.000 265.652199       1809    131.252     9.8896   3.661245    33.5349  1026.4262    132.356     0.1314      0.161  0.000e+00
    452.250 265.652202       1810    131.359     9.8896   3.661179    33.5341  1026.4261    132.465     0.1430      0.346  0.000e+00
    452.500 265.652205       1811    131.507     9.8892   3.661081    33.5334  1026.4262    132.614     0.1434      0.516  0.000e+00
    452.750 265.652208       1812    131.667     9.8884   3.660883    33.5321  1026.4261    132.775     0.1397      0.621  0.000e+00
    453.000 265.652211       1813    131.823     9.8871   3.660982    33.5342  1026.4286    132.932     0.1384      0.636  0.000e+00
    453.250 265.652214       1814    131.970     9.8863   3.660982    33.5349  1026.4300    133.080     0.1413      0.610  0.000e+00
    453.500 265.652216       1815    132.095     9.8857   3.660916    33.5347  1026.4305    133.207     0.1541      0.550  0.000e+00
    453.750 265.652219       1816    132.205     9.8850   3.660903    33.5351  1026.4315    133.318     0.1483      0.475  0.000e+00
    454.000 265.652222       1817    132.301     9.8846   3.660949    33.5360  1026.4326    133.415     0.1455      0.415  0.000e+00
    454.250 265.652225       1818    132.394     9.8845   3.660949    33.5360  1026.4331    133.508     0.1356      0.380  0.000e+00
    454.500 265.652228       1819    132.487     9.8846   3.660917    33.5356  1026.4332    133.603     0.1405      0.376  0.000e+00
    454.750 265.652231       1820    132.582     9.8846   3.660950    33.5359  1026.4339    133.698     0.1442      0.380  0.000e+00
    455.000 265.652234       1821    132.675     9.8846   3.660950    33.5358  1026.4343    133.792     0.1801      0.378  0.000e+00
    455.250 265.652237       1822    132.761     9.8845   3.661009    33.5365  1026.4352    133.879     0.1500      0.361  0.000e+00
    455.500 265.652240       1823    132.843     9.8846   3.660983    33.5361  1026.4352    133.961     0.1438      0.339  0.000e+00
    455.750 265.652242       1824    132.929     9.8846   3.660983    33.5361  1026.4356    134.048     0.1615      0.340  0.000e+00
    456.000 265.652245       1825    133.018     9.8847   3.661015    33.5362  1026.4361    134.138     0.1558      0.352  0.000e+00
    456.250 265.652248       1826    133.115     9.8844   3.660950    33.5358  1026.4363    134.235     0.1343      0.374  0.000e+00
    456.500 265.652251       1827    133.215     9.8844   3.661016    33.5364  1026.4372    134.337     0.1413      0.398  0.000e+00
    456.750 265.652254       1828    133.322     9.8841   3.660904    33.5355  1026.4370    134.445     0.1628      0.419  0.000e+00
    457.000 265.652257       1829    133.434     9.8837   3.660917    33.5359  1026.4380    134.558     0.1595      0.442  0.000e+00
    457.250 265.652260       1830    133.543     9.8832   3.660845    33.5357  1026.4383    134.667     0.1438      0.445  0.000e+00
    457.500 265.652263       1831    133.649     9.8829   3.660917    33.5366  1026.4396    134.775     0.1570      0.434  0.000e+00
    457.750 265.652266       1832    133.758     9.8826   3.660845    33.5361  1026.4397    134.885     0.1430      0.434  0.000e+00
    458.000 265.652269       1833    133.872     9.8826   3.660864    33.5363  1026.4404    134.999     0.1422      0.449  0.000e+00
    458.250 265.652271       1834    134.011     9.8823   3.660845    33.5362  1026.4410    135.139     0.1397      0.509  0.000e+00
    458.500 265.652274       1835    134.178     9.8822   3.660812    33.5360  1026.4417    135.308     0.1401      0.617  0.000e+00
    458.750 265.652277       1836    134.363     9.8817   3.660779    33.5360  1026.4426    135.495     0.1314      0.712  0.000e+00
    459.000 265.652280       1837    134.548     9.8815   3.660779    33.5361  1026.4435    135.681     0.1496      0.746  0.000e+00
    459.250 265.652283       1838    134.706     9.8811   3.660779    33.5364  1026.4446    135.841     0.1319      0.692  0.000e+00
    459.500 265.652286       1839    134.840     9.8810   3.660792    33.5366  1026.4454    135.976     0.1376      0.591  0.000e+00
    459.750 265.652289       1840    134.928     9.8808   3.660746    33.5363  1026.4455    136.064     0.1335      0.447  0.000e+00
    460.000 265.652292       1841    134.969     9.8808   3.660885    33.5376  1026.4467    136.106     0.1640      0.260  0.000e+00
    460.250 265.652295       1842    134.977     9.8809   3.660950    33.5382  1026.4472    136.114     0.1459      0.099  0.000e+00
    460.500 265.652297       1843    134.973     9.8813   3.660845    33.5368  1026.4461    136.109     0.1314      0.006  0.000e+00
    460.750 265.652300       1844    134.990     9.8814   3.660845    33.5366  1026.4460    136.127     0.1413      0.026  0.000e+00
    461.000 265.652303       1845    135.050     9.8815   3.660793    33.5360  1026.4458    136.188     0.1384      0.157  0.000e+00
    461.250 265.652306       1846    135.188     9.8814   3.660845    33.5366  1026.4469    136.326     0.1413      0.400  0.000e+00
    461.500 265.652309       1847    135.401     9.8814   3.660918    33.5372  1026.4483    136.541     0.1401      0.707  0.000e+00
    461.750 265.652312       1848    135.659     9.8812   3.660918    33.5373  1026.4496    136.801     0.1430      0.950  0.000e+00
    462.000 265.652315       1849    135.941     9.8811   3.660845    33.5365  1026.4503    137.086     0.1343      1.090  0.000e+00
    462.250 265.652318       1850    136.181     9.8810   3.660885    33.5370  1026.4517    137.328     0.1446      1.053  0.000e+00
    462.500 265.652321       1851    136.380     9.8809   3.660793    33.5360  1026.4519    137.529     0.2143      0.886  0.000e+00
    462.750 265.652323       1852    136.542     9.8807   3.660846    33.5367  1026.4532    137.692     0.1574      0.728  0.000e+00
    463.000 265.652326       1853    136.650     9.8805   3.660813    33.5365  1026.4536    137.802     0.1525      0.546  0.000e+00
    463.250 265.652329       1854    136.712     9.8802   3.660846    33.5370  1026.4543    137.864     0.1397      0.344  0.000e+00
    463.500 265.652332       1855    136.730     9.8799   3.660918    33.5381  1026.4553    137.883     0.1450      0.161  0.000e+00
    463.750 265.652335       1856    136.721     9.8802   3.660885    33.5374  1026.4547    137.873     0.1356      0.017  0.000e+00
    464.000 265.652338       1857    136.698     9.8802   3.660938    33.5379  1026.4550    137.850     0.1417     -0.065  0.000e+00
    464.250 265.652341       1858    136.684     9.8805   3.660951    33.5378  1026.4548    137.836     0.1529     -0.073  0.000e+00
    464.500 265.652344       1859    136.694     9.8807   3.660813    33.5362  1026.4536    137.846     0.1446     -0.009  0.000e+00
    464.750 265.652347       1860    136.750     9.8804   3.660648    33.5348  1026.4527    137.903     0.1438      0.133  0.000e+00
    465.000 265.652350       1861    136.873     9.8795   3.660444    33.5335  1026.4524    138.026     0.1533      0.361  0.000e+00
    465.250 265.652352       1862    137.059     9.8775   3.660247    33.5332  1026.4534    138.215     0.1487      0.623  0.000e+00
    465.500 265.652355       1863    137.284     9.8754   3.660234    33.5350  1026.4562    138.441     0.1343      0.830  0.000e+00
    465.750 265.652358       1864    137.528     9.8737   3.660280    33.5369  1026.4591    138.687     0.1409      0.946  0.000e+00
    466.000 265.652361       1865    137.754     9.8729   3.660346    33.5382  1026.4613    138.915     0.1455      0.948  0.000e+00
    466.250 265.652364       1866    137.949     9.8725   3.660280    33.5378  1026.4619    139.112     0.1726      0.849  0.000e+00
    466.500 265.652367       1867    138.111     9.8724   3.660379    33.5389  1026.4635    139.275     0.1372      0.720  0.000e+00
    466.750 265.652370       1868    138.227     9.8723   3.660313    33.5383  1026.4636    139.392     0.2324      0.561  0.000e+00
    467.000 265.652373       1869    138.301     9.8721   3.660340    33.5387  1026.4643    139.467     0.1549      0.385  0.000e+00
    467.250 265.652376       1870    138.339     9.8722   3.660346    33.5386  1026.4644    139.505     0.1459      0.226  0.000e+00
    467.500 265.652378       1871    138.343     9.8721   3.660379    33.5390  1026.4647    139.509     0.1446      0.084  0.000e+00
    467.750 265.652381       1872    138.331     9.8724   3.660412    33.5392  1026.4647    139.498     0.1314     -0.015  0.000e+00
    468.000 265.652384       1873    138.307     9.8727   3.660379    33.5386  1026.4641    139.473     0.1417     -0.073  0.000e+00
    468.250 265.652387       1874    138.289     9.8728   3.660379    33.5384  1026.4639    139.455     0.1487     -0.086  0.000e+00
    468.500 265.652390       1875    138.301     9.8727   3.660412    33.5388  1026.4643    139.467     0.1417     -0.011  0.000e+00
    468.750 265.652393       1876    138.372     9.8728   3.660379    33.5384  1026.4643    139.538     0.1417      0.168  0.000e+00
    469.000 265.652396       1877    138.515     9.8728   3.660412    33.5387  1026.4651    139.683     0.1442      0.432  0.000e+00
    469.250 265.652399       1878    138.732     9.8727   3.660346    33.5380  1026.4656    139.902     0.1347      0.726  0.000e+00
    469.500 265.652402       1879    139.002     9.8725   3.660379    33.5384  1026.4672    140.175     0.1372      0.982  0.000e+00
    469.750 265.652405       1880    139.274     9.8724   3.660340    33.5380  1026.4681    140.449     0.1417      1.094  0.000e+00
    470.000 265.652407       1881    139.541     9.8720   3.660347    33.5383  1026.4696    140.718     0.1372      1.087  0.000e+00
    470.250 265.652410       1882    139.753     9.8716   3.660347    33.5385  1026.4709    140.932     0.1347      0.967  0.000e+00
    470.500 265.652413       1883    139.922     9.8714   3.660248    33.5377  1026.4710    141.102     0.1409      0.767  0.000e+00
    470.750 265.652416       1884    140.041     9.8710   3.660314    33.5387  1026.4724    141.222     0.1405      0.580  0.000e+00
    471.000 265.652419       1885    140.088     9.8707   3.660347    33.5393  1026.4731    141.270     0.1487      0.335  0.000e+00
    471.250 265.652422       1886    140.081     9.8710   3.660340    33.5389  1026.4728    141.263     0.1397      0.082  0.000e+00
    471.500 265.652425       1887    140.055     9.8710   3.660413    33.5396  1026.4732    141.236     0.1376     -0.067  0.000e+00
    471.750 265.652428       1888    140.029     9.8714   3.660380    33.5390  1026.4725    141.210     0.1504     -0.105  0.000e+00
    472.000 265.652431       1889    140.041     9.8715   3.660413    33.5392  1026.4727    141.222     0.1327     -0.028  0.000e+00
    472.250 265.652433       1890    140.112     9.8716   3.660380    33.5387  1026.4726    141.294     0.1516      0.167  0.000e+00
    472.500 265.652436       1891    140.260     9.8716   3.660314    33.5380  1026.4727    141.444     0.1306      0.443  0.000e+00
    472.750 265.652439       1892    140.479     9.8715   3.660413    33.5390  1026.4745    141.664     0.1389      0.739  0.000e+00
    473.000 265.652442       1893    140.758     9.8715   3.660446    33.5392  1026.4760    141.945     0.1244      1.004  0.000e+00
    473.250 265.652445       1894    141.042     9.8712   3.660380    33.5387  1026.4769    142.232     0.1294      1.137  0.000e+00
    473.500 265.652448       1895    141.300     9.8707   3.660282    33.5380  1026.4777    142.493     0.1343      1.094  0.000e+00
    473.750 265.652451       1896    141.518     9.8703   3.660282    33.5383  1026.4790    142.713     0.1813      0.961  0.000e+00
    474.000 265.652454       1897    141.686     9.8700   3.660348    33.5392  1026.4804    142.881     0.1496      0.778  0.000e+00
    474.250 265.652457       1898    141.811     9.8698   3.660308    33.5389  1026.4808    143.008     0.1450      0.591  0.000e+00
    474.500 265.652459       1899    141.884     9.8700   3.660381    33.5395  1026.4816    143.081     0.1751      0.400  0.000e+00
    474.750 265.652462       1900    141.913     9.8700   3.660348    33.5391  1026.4815    143.110     0.1467      0.204  0.000e+00
    475.000 265.652465       1901    141.918     9.8701   3.660348    33.5390  1026.4813    143.116     0.1409      0.069  0.000e+00
    475.250 265.652468       1902    141.909     9.8701   3.660381    33.5393  1026.4816    143.107     0.1277     -0.007  0.000e+00
    475.500 265.652471       1903    141.915     9.8704   3.660381    33.5391  1026.4814    143.113     0.1463     -0.007  0.000e+00
    475.750 265.652474       1904    141.959     9.8706   3.660374    33.5388  1026.4813    143.158     0.1294      0.101  0.000e+00
    476.000 265.652477       1905    142.071     9.8706   3.660315    33.5381  1026.4813    143.270     0.1352      0.316  0.000e+00
    476.250 265.652480       1906    142.269     9.8704   3.660381    33.5389  1026.4828    143.470     0.1384      0.625  0.000e+00
    476.500 265.652483       1907    142.525     9.8701   3.660348    33.5387  1026.4839    143.728     0.1273      0.915  0.000e+00
    476.750 265.652486       1908    142.830     9.8699   3.660348    33.5388  1026.4854    144.036     0.1253      1.131  0.000e+00
    477.000 265.652488       1909    143.109     9.8695   3.660184    33.5374  1026.4856    144.317     0.1512      1.178  0.000e+00
    477.250 265.652491       1910    143.334     9.8690   3.660131    33.5372  1026.4866    144.544     0.1290      1.017  0.000e+00
    477.500 265.652494       1911    143.508     9.8680   3.660118    33.5379  1026.4881    144.720     0.1636      0.806  0.000e+00
    477.750 265.652497       1912    143.617     9.8670   3.660118    33.5388  1026.4894    144.830     0.1310      0.572  0.000e+00
    478.000 265.652500       1913    143.638     9.8665   3.660184    33.5399  1026.4905    144.851     0.1405      0.262  0.000e+00
    478.250 265.652503       1914    143.567     9.8664   3.660250    33.5407  1026.4908    144.779     0.1417     -0.101  0.000e+00
    478.500 265.652506       1915    143.454     9.8668   3.660236    33.5402  1026.4899    144.665     0.1306     -0.372  0.000e+00
    478.750 265.652509       1916    143.329     9.8672   3.660249    33.5401  1026.4891    144.540     0.1549     -0.479  0.000e+00
    479.000 265.652512       1917    143.237     9.8676   3.660282    33.5401  1026.4887    144.446     0.1405     -0.439  0.000e+00
    479.250 265.652514       1918    143.223     9.8680   3.660249    33.5394  1026.4880    144.432     0.1261     -0.215  0.000e+00
    479.500 265.652517       1919    143.331     9.8680   3.660217    33.5389  1026.4881    144.542     0.1335      0.191  0.000e+00
    479.750 265.652520       1920    143.574     9.8681   3.660184    33.5384  1026.4888    144.787     0.1244      0.709  0.000e+00
    480.000 265.652523       1921    143.907     9.8679   3.660269    33.5393  1026.4911    145.122     0.1290      1.161  0.000e+00
    480.250 265.652526       1922    144.283     9.8677   3.660085    33.5375  1026.4914    145.501     0.1277      1.429  0.000e+00
    480.500 265.652529       1923    144.579     9.8671   3.659783    33.5348  1026.4908    145.800     0.1216      1.356  0.000e+00
    480.750 265.652532       1924    144.792     9.8651   3.659980    33.5385  1026.4950    146.015     0.1277      1.027  0.000e+00
