Raw_Data/Cage/SBE19/2020-09-19_SBE19_003_009_processed.cnv
* Sea-Bird SBE19plus Data File:
* FileName = C:\cruises\2020_barkerboys\leg2\data\cage\SBE19\2020-09-25_SBE19_004_009.hex
* Software Version 1.59
* Temperature SN =  4881
* Conductivity SN =  4881
* System UpLoad Time = Sep 25 2020 12:22:30
* ds
* SeacatPlus V 1.5  SERIAL NO. 4881    25 Sep 2020  12:15:39
# nquan = 12
# nvalues = 518                                   
# units = specified
# name 0 = timeS: Time, Elapsed [seconds]
# name 1 = timeJ: Julian Days
# name 2 = scan: Scan Count
# name 3 = depSM: Depth [salt water, m], lat = 44.00
# name 4 = tv290C: Temperature [ITS-90, deg C]
# name 5 = c0S/m: Conductivity [S/m]
# name 6 = sal00: Salinity, Practical [PSU]
# name 7 = density00: Density [density, kg/m^3]
# name 8 = prdM: Pressure, Strain Gauge [db]
# name 9 = wetStar: Fluorescence, WET Labs WETstar [mg/m^3]
# name 10 = dz/dtM: Descent Rate [m/s]
# name 11 = flag:  0.000e+00
# span 0 =      0.000,    129.250                 
# span 1 = 263.815995, 263.817491                 
# span 2 =          1,        518                 
# span 3 =      0.041,      5.512                 
# span 4 =    13.2956,    14.3215                 
# span 5 =  -0.272258,   3.858753                 
# span 6 =     0.0000,    32.4513                 
# span 7 =   999.2015,  1024.3759                 
# span 8 =      0.041,      5.557                 
# span 9 =     0.1343,     5.4734                 
# span 10 =     -0.356,      0.831                
# span 11 = 0.0000e+00, 0.0000e+00                
# interval = seconds: 0.25
# start_time = Sep 19 2020 19:35:02 [Instrument's time stamp, header]
# bad_flag = -9.990e-29
*END*
[from data line 121]
     30.250 263.816345        122      0.043    14.3021   0.003923     0.0266   999.2243      0.043     0.1525      0.002  0.000e+00
     30.500 263.816348        123      0.043    14.3021   0.003911     0.0265   999.2243      0.043     0.1520     -0.000  0.000e+00
     30.750 263.816351        124      0.045    14.3022   0.003893     0.0264   999.2242      0.046     0.1537      0.004  0.000e+00
     31.000 263.816354        125      0.044    14.3021   0.003893     0.0264   999.2242      0.044     0.1545      0.002  0.000e+00
     31.250 263.816357        126      0.043    14.3021   0.003893     0.0264   999.2242      0.043     0.1549     -0.004  0.000e+00
     31.500 263.816360        127      0.044    14.3021   0.003886     0.0264   999.2242      0.045     0.1537      0.000  0.000e+00
     31.750 263.816363        128      0.042    14.3020   0.003893     0.0264   999.2242      0.042     0.1529     -0.002  0.000e+00
     32.000 263.816366        129      0.043    14.3020   0.003911     0.0265   999.2243      0.043     0.1537     -0.002  0.000e+00
     32.250 263.816369        130      0.044    14.3020   0.003914     0.0265   999.2243      0.044     0.1537      0.004  0.000e+00
     32.500 263.816372        131      0.045    14.3021   0.003911     0.0265   999.2243      0.046     0.1545      0.004  0.000e+00
     32.750 263.816374        132      0.044    14.3021   0.003920     0.0266   999.2243      0.045     0.1533      0.000  0.000e+00
     33.000 263.816377        133      0.043    14.3021   0.003911     0.0265   999.2243      0.043     0.1483     -0.004  0.000e+00
     33.250 263.816380        134      0.044    14.3021   0.003899     0.0265   999.2242      0.045     0.1570      0.000  0.000e+00
     33.500 263.816383        135      0.043    14.3021   0.003893     0.0264   999.2242      0.043     0.1533      0.000  0.000e+00
     33.750 263.816386        136      0.045    14.3022   0.003893     0.0264   999.2242      0.046     0.1533      0.002  0.000e+00
     34.000 263.816389        137      0.043    14.3022   0.003886     0.0264   999.2242      0.043     0.1537     -0.000  0.000e+00
     34.250 263.816392        138      0.043    14.3023   0.003883     0.0264   999.2241      0.043     0.1533     -0.004  0.000e+00
     34.500 263.816395        139      0.042    14.3022   0.003893     0.0264   999.2242      0.042     0.1549     -0.002  0.000e+00
     34.750 263.816398        140      0.044    14.3023   0.003902     0.0265   999.2242      0.045     0.1533      0.002  0.000e+00
     35.000 263.816400        141      0.044    14.3024   0.003902     0.0265   999.2242      0.045     0.1574      0.004  0.000e+00
     35.250 263.816403        142      0.042    14.3023   0.003908     0.0265   999.2242      0.042     0.1520     -0.004  0.000e+00
     35.500 263.816406        143      0.042    14.3024   0.003911     0.0265   999.2242      0.042     0.1516     -0.004  0.000e+00
     35.750 263.816409        144      0.042    14.3025   0.003911     0.0265   999.2242      0.042     0.1496      0.000  0.000e+00
     36.000 263.816412        145      0.043    14.3026   0.003893     0.0264   999.2241      0.043     0.1512      0.002  0.000e+00
     36.250 263.816415        146      0.042    14.3028   0.003893     0.0264   999.2241      0.042     0.1541     -0.000  0.000e+00
     36.500 263.816418        147      0.045    14.3026   0.003893     0.0264   999.2241      0.046     0.1525      0.004  0.000e+00
     36.750 263.816421        148      0.043    14.3027   0.003886     0.0264   999.2241      0.043     0.1570      0.002  0.000e+00
     37.000 263.816424        149      0.043    14.3029   0.003886     0.0264   999.2241      0.043     0.1545     -0.004  0.000e+00
     37.250 263.816427        150      0.043    14.3029   0.003893     0.0264   999.2241      0.043     0.1533      0.000  0.000e+00
     37.500 263.816429        151      0.042    14.3028   0.003893     0.0264   999.2241      0.042     0.1570     -0.002  0.000e+00
     37.750 263.816432        152      0.042    14.3029   0.003893     0.0264   999.2241      0.042     0.1529     -0.002  0.000e+00
     38.000 263.816435        153      0.044    14.3028   0.003893     0.0264   999.2241      0.045     0.1525      0.004  0.000e+00
     38.250 263.816438        154      0.044    14.3030   0.003899     0.0265   999.2241      0.045     0.1508      0.004  0.000e+00
     38.500 263.816441        155      0.043    14.3030   0.003902     0.0265   999.2241      0.043     0.1533     -0.002  0.000e+00
     38.750 263.816444        156      0.044    14.3031   0.003893     0.0264   999.2241      0.045     0.1549      0.000  0.000e+00
     39.000 263.816447        157      0.044    14.3032   0.003886     0.0264   999.2240      0.045     0.1541      0.002  0.000e+00
     39.250 263.816450        158      0.044    14.3034   0.003883     0.0264   999.2240      0.045     0.1558     -0.000  0.000e+00
     39.500 263.816453        159      0.044    14.3034   0.003886     0.0264   999.2240      0.045     0.1558     -0.000  0.000e+00
     39.750 263.816455        160      0.045    14.3034   0.003877     0.0263   999.2240      0.046     0.1541      0.002  0.000e+00
     40.000 263.816458        161      0.043    14.3034   0.003886     0.0264   999.2240      0.043     0.1529     -0.002  0.000e+00
     40.250 263.816461        162      0.042    14.3036   0.003899     0.0265   999.2240      0.042     0.1533     -0.006  0.000e+00
     40.500 263.816464        163      0.043    14.3035   0.003893     0.0264   999.2240      0.043     0.1504     -0.000  0.000e+00
     40.750 263.816467        164      0.044    14.3037   0.003902     0.0265   999.2240      0.045     0.1529      0.004  0.000e+00
     41.000 263.816470        165      0.043    14.3037   0.003893     0.0264   999.2240      0.043     0.1508      0.000  0.000e+00
     41.250 263.816473        166      0.043    14.3040   0.003893     0.0264   999.2239      0.043     0.1562     -0.002  0.000e+00
     41.500 263.816476        167      0.043    14.3039   0.003877     0.0263   999.2239      0.043     0.1496      0.000  0.000e+00
     41.750 263.816479        168      0.045    14.3040   0.003877     0.0263   999.2239      0.046     0.1516      0.004  0.000e+00
     42.000 263.816481        169      0.043    14.3041   0.003886     0.0264   999.2239      0.043     0.1541      0.000  0.000e+00
     42.250 263.816484        170      0.042    14.3043   0.003893     0.0264   999.2239      0.042     0.1525     -0.006  0.000e+00
     42.500 263.816487        171      0.044    14.3043   0.003902     0.0265   999.2239      0.045     0.1537      0.002  0.000e+00
     42.750 263.816490        172      0.044    14.3044   0.003920     0.0266   999.2240      0.045     0.1537      0.004  0.000e+00
     43.000 263.816493        173      0.045    14.3045   0.003911     0.0265   999.2239      0.046     0.1512      0.002  0.000e+00
     43.250 263.816496        174      0.043    14.3045   0.003920     0.0266   999.2240      0.043     0.1545     -0.002  0.000e+00
     43.500 263.816499        175      0.042    14.3047   0.003908     0.0265   999.2239      0.042     0.1533     -0.006  0.000e+00
     43.750 263.816502        176      0.044    14.3047   0.003893     0.0264   999.2238      0.045     0.1504      0.002  0.000e+00
     44.000 263.816505        177      0.043    14.3048   0.003893     0.0264   999.2238      0.043     0.1553      0.002  0.000e+00
     44.250 263.816508        178      0.045    14.3050   0.003893     0.0264   999.2238      0.046     0.1562      0.002  0.000e+00
     44.500 263.816510        179      0.045    14.3050   0.003899     0.0265   999.2238      0.046     0.1508      0.004  0.000e+00
     44.750 263.816513        180      0.044    14.3051   0.003902     0.0265   999.2238      0.045     0.1520     -0.002  0.000e+00
     45.000 263.816516        181      0.042    14.3051   0.003911     0.0265   999.2239      0.042     0.1520     -0.006  0.000e+00
     45.250 263.816519        182      0.044    14.3053   0.003911     0.0265   999.2238      0.045     0.1525 9.4739e-15  0.000e+00
     45.500 263.816522        183      0.044    14.3053   0.003908     0.0265   999.2238      0.045     0.1541      0.004  0.000e+00
     45.750 263.816525        184      0.044    14.3052   0.003911     0.0265   999.2238      0.045     0.1545      0.000  0.000e+00
     46.000 263.816528        185      0.043    14.3053   0.003902     0.0265   999.2238      0.043     0.1545     -0.002  0.000e+00
     46.250 263.816531        186      0.043    14.3053   0.003902     0.0265   999.2238      0.043     0.1516     -0.002  0.000e+00
     46.500 263.816534        187      0.043    14.3053   0.003908     0.0265   999.2238      0.043     0.1533      0.000  0.000e+00
     46.750 263.816536        188      0.042    14.3054   0.003911     0.0265   999.2238      0.042     0.1541     -0.002  0.000e+00
     47.000 263.816539        189      0.044    14.3052   0.003920     0.0266   999.2239      0.045     0.1479      0.002  0.000e+00
     47.250 263.816542        190      0.043    14.3054   0.003920     0.0266   999.2239      0.043     0.1541      0.002  0.000e+00
     47.500 263.816545        191      0.043    14.3053   0.003914     0.0265   999.2238      0.043     0.1545     -0.002  0.000e+00
     47.750 263.816548        192      0.046    14.3054   0.003920     0.0266   999.2239      0.047     0.1549      0.006  0.000e+00
     48.000 263.816551        193      0.047    14.3054   0.003920     0.0266   999.2239      0.048     0.1533      0.009  0.000e+00
     48.250 263.816554        194      0.044    14.3054   0.003920     0.0266   999.2239      0.045     0.1500     -0.004  0.000e+00
     48.500 263.816557        195      0.043    14.3053   0.003899     0.0265   999.2238      0.043     0.1558     -0.009  0.000e+00
     48.750 263.816560        196      0.045    14.3052   0.003902     0.0265   999.2238      0.046     0.1496      0.002  0.000e+00
     49.000 263.816562        197      0.044    14.3055   0.003902     0.0265   999.2238      0.045     0.1492      0.002  0.000e+00
     49.250 263.816565        198      0.043    14.3054   0.003911     0.0265   999.2238      0.043     0.1496     -0.004  0.000e+00
     49.500 263.816568        199      0.044    14.3054   0.003908     0.0265   999.2238      0.045     0.1549 -9.474e-15  0.000e+00
     49.750 263.816571        200      0.043    14.3054   0.003920     0.0266   999.2239      0.043     0.1562      0.000  0.000e+00
     50.000 263.816574        201      0.043    14.3054   0.003920     0.0266   999.2239      0.043     0.1508     -0.002  0.000e+00
     50.250 263.816577        202      0.043    14.3056   0.003920     0.0266   999.2238      0.043     0.1525      0.000  0.000e+00
     50.500 263.816580        203      0.043    14.3056   0.003929     0.0266   999.2239      0.043     0.1525      0.000  0.000e+00
     50.750 263.816583        204      0.043    14.3055   0.003936     0.0267   999.2239      0.043     0.1512      0.000  0.000e+00
     51.000 263.816586        205      0.045    14.3054   0.003945     0.0267   999.2240      0.046     0.1512      0.004  0.000e+00
     51.250 263.816589        206      0.043    14.3054   0.003945     0.0267   999.2240      0.043     0.1533      0.000  0.000e+00
     51.500 263.816591        207      0.044    14.3054   0.003945     0.0267   999.2240      0.045     0.1566     -0.002  0.000e+00
     51.750 263.816594        208      0.044    14.3054   0.003936     0.0267   999.2239      0.045     0.1508      0.002  0.000e+00
     52.000 263.816597        209      0.044    14.3054   0.003954     0.0268   999.2240      0.045     0.1520      0.000  0.000e+00
     52.250 263.816600        210      0.044    14.3056   0.003945     0.0267   999.2239      0.045     0.1525     -0.000  0.000e+00
     52.500 263.816603        211      0.043    14.3055   0.003954     0.0268   999.2240      0.043     0.1529     -0.002  0.000e+00
     52.750 263.816606        212      0.045    14.3057   0.003954     0.0268   999.2240      0.046     0.1500      0.002  0.000e+00
     53.000 263.816609        213      0.042    14.3058   0.003945     0.0267   999.2239      0.042     0.1541     -0.002  0.000e+00
     53.250 263.816612        214      0.043    14.3058   0.003954     0.0268   999.2239      0.043     0.1537     -0.004  0.000e+00
     53.500 263.816615        215      0.042    14.3060   0.003954     0.0268   999.2239      0.042     0.1541      0.000  0.000e+00
     53.750 263.816617        216      0.044    14.3059   0.003963     0.0268   999.2240      0.045     0.1566      0.002  0.000e+00
     54.000 263.816620        217      0.045    14.3063   0.003979     0.0269   999.2240      0.046     0.1520      0.006  0.000e+00
     54.250 263.816623        218      0.042    14.3063   0.003997     0.0270   999.2240      0.042     0.1541     -0.004  0.000e+00
     54.500 263.816626        219      0.044    14.3065   0.003975     0.0269   999.2239      0.045     0.1549     -0.002  0.000e+00
     54.750 263.816629        220      0.044    14.3065   0.003972     0.0269   999.2239      0.045     0.1537      0.004  0.000e+00
     55.000 263.816632        221      0.043    14.3069   0.003945     0.0267   999.2237      0.043     0.1529     -0.002  0.000e+00
     55.250 263.816635        222      0.043    14.3072   0.003929     0.0266   999.2236      0.043     0.1545     -0.002  0.000e+00
     55.500 263.816638        223      0.045    14.3072   0.003908     0.0265   999.2236      0.046     0.1525      0.004  0.000e+00
     55.750 263.816641        224      0.044    14.3074   0.003886     0.0264   999.2234      0.045     0.1549      0.002  0.000e+00
     56.000 263.816644        225      0.043    14.3077   0.003886     0.0264   999.2234      0.043     0.1549     -0.004  0.000e+00
     56.250 263.816646        226      0.044    14.3080   0.003877     0.0263   999.2233      0.045     0.1545      0.000  0.000e+00
     56.500 263.816649        227      0.043    14.3080   0.003847     0.0262   999.2232      0.043     0.1508      0.000  0.000e+00
     56.750 263.816652        228      0.044    14.3082   0.003834     0.0261   999.2231      0.045     0.1529     -0.000  0.000e+00
     57.000 263.816655        229      0.041    14.3084   0.003816     0.0260   999.2230      0.041     0.1508     -0.004  0.000e+00
     57.250 263.816658        230      0.044    14.3085   0.003800     0.0259   999.2229      0.045     0.1545      0.000  0.000e+00
     57.500 263.816661        231      0.044    14.3086   0.003773     0.0258   999.2228      0.045     0.1525      0.006  0.000e+00
     57.750 263.816664        232      0.041    14.3091   0.003761     0.0257   999.2226      0.041     0.1516     -0.006  0.000e+00
     58.000 263.816667        233      0.043    14.3094   0.003739     0.0256   999.2225      0.043     0.1520     -0.002  0.000e+00
     58.250 263.816670        234      0.044    14.3093   0.003739     0.0256   999.2225      0.045     0.1553      0.006  0.000e+00
     58.500 263.816672        235      0.043    14.3093   0.003721     0.0255   999.2224      0.043     0.1520      0.000  0.000e+00
     58.750 263.816675        236      0.044    14.3095   0.003702     0.0254   999.2223      0.045     0.1545      0.000  0.000e+00
     59.000 263.816678        237      0.043    14.3096   0.003687     0.0253   999.2223      0.043     0.1529      0.000  0.000e+00
     59.250 263.816681        238      0.043    14.3098   0.003671     0.0252   999.2222      0.043     0.1533     -0.002  0.000e+00
     59.500 263.816684        239      0.045    14.3098   0.003653     0.0251   999.2221      0.046     0.1541      0.004  0.000e+00
     59.750 263.816687        240      0.042    14.3095   0.003641     0.0250   999.2221      0.042     0.1537     -0.002  0.000e+00
