Raw_Data/Cage/SBE19/2020-09-19_SBE19_003_009_processed.cnv
* Sea-Bird SBE19plus Data File:
* FileName = C:\cruises\2020_barkerboys\leg2\data\cage\SBE19\2020-09-25_SBE19_004_009.hex
* Software Version 1.59
* Temperature SN =  4881
* Conductivity SN =  4881
* System UpLoad Time = Sep 25 2020 12:22:30
* ds
* SeacatPlus V 1.5  SERIAL NO. 4881    25 Sep 2020  12:15:39
# nquan = 12
# nvalues = 518                                   
# units = specified
# name 0 = timeS: Time, Elapsed [seconds]
# name 1 = timeJ: Julian Days
# name 2 = scan: Scan Count
# name 3 = depSM: Depth [salt water, m], lat = 44.00
# name 4 = tv290C: Temperature [ITS-90, deg C]
# name 5 = c0S/m: Conductivity [S/m]
# name 6 = sal00: Salinity, Practical [PSU]
# name 7 = density00: Density [density, kg/m^3]
# name 8 = prdM: Pressure, Strain Gauge [db]
# name 9 = wetStar: Fluorescence, WET Labs WETstar [mg/m^3]
# name 10 = dz/dtM: Descent Rate [m/s]
# name 11 = flag:  0.000e+00
# span 0 =      0.000,    129.250                 
# span 1 = 263.815995, 263.817491                 
# span 2 =          1,        518                 
# span 3 =      0.041,      5.512                 
# span 4 =    13.2956,    14.3215                 
# span 5 =  -0.272258,   3.858753                 
# span 6 =     0.0000,    32.4513                 
# span 7 =   999.2015,  1024.3759                 
# span 8 =      0.041,      5.557                 
# span 9 =     0.1343,     5.4734                 
# span 10 =     -0.356,      0.831                
# span 11 = 0.0000e+00, 0.0000e+00                
# interval = seconds: 0.25
# start_time = Sep 19 2020 19:35:02 [Instrument's time stamp, header]
# bad_flag = -9.990e-29
*END*
[from data line 482]
    120.500 263.817390        483      5.190    13.4007   3.848979    32.3050  1024.2501      5.232     1.7242      0.034  0.000e+00
    120.750 263.817393        484      5.214    13.4058   3.850154    32.3116  1024.2542      5.256     1.7790      0.077  0.000e+00
    121.000 263.817396        485      5.231    13.4153   3.850295    32.3048  1024.2472      5.273     1.7065      0.082  0.000e+00
    121.250 263.817399        486      5.248    13.4260   3.850476    32.2975  1024.2395      5.290     1.6966      0.069  0.000e+00
    121.500 263.817402        487      5.262    13.4336   3.850899    32.2950  1024.2361      5.304     1.6134      0.062  0.000e+00
    121.750 263.817405        488      5.279    13.4400   3.851073    32.2912  1024.2319      5.321     1.5343      0.062  0.000e+00
    122.000 263.817407        489      5.281    13.4451   3.851678    32.2925  1024.2319      5.324     1.5821      0.039  0.000e+00
    122.250 263.817410        490      5.265    13.4520   3.851966    32.2894  1024.2281      5.307     1.8058     -0.028  0.000e+00
    122.500 263.817413        491      5.231    13.4590   3.852067    32.2844  1024.2226      5.273     1.7860     -0.101  0.000e+00
    122.750 263.817416        492      5.184    13.4642   3.852174    32.2810  1024.2188      5.226     2.3393     -0.163  0.000e+00
    123.000 263.817419        493      5.131    13.4683   3.851899    32.2750  1024.2131      5.172     2.0027     -0.202  0.000e+00
    123.250 263.817422        494      5.086    13.4690   3.851852    32.2739  1024.2119      5.127     2.4159     -0.197  0.000e+00
    123.500 263.817425        495      5.070    13.4684   3.851926    32.2751  1024.2129      5.111     2.6553     -0.122  0.000e+00
    123.750 263.817428        496      5.075    13.4686   3.852248    32.2780  1024.2151      5.116     2.1597     -0.022  0.000e+00
    124.000 263.817431        497      5.119    13.4708   3.852409    32.2777  1024.2146      5.160     2.3368      0.099  0.000e+00
    124.250 263.817433        498      5.181    13.4734   3.852705    32.2782  1024.2148      5.223     2.4374      0.213  0.000e+00
    124.500 263.817436        499      5.240    13.4764   3.852953    32.2779  1024.2142      5.283     3.0891      0.245  0.000e+00
    124.750 263.817439        500      5.280    13.4800   3.853101    32.2762  1024.2124      5.322     3.2886      0.200  0.000e+00
    125.000 263.817442        501      5.287    13.4837   3.853423    32.2761  1024.2116      5.330     2.7031      0.094  0.000e+00
    125.250 263.817445        502      5.267    13.4870   3.853490    32.2739  1024.2091      5.310     2.3447     -0.026  0.000e+00
    125.500 263.817448        503      5.232    13.4894   3.853457    32.2716  1024.2067      5.274     2.8638     -0.112  0.000e+00
    125.750 263.817451        504      5.186    13.4906   3.853275    32.2689  1024.2042      5.228     2.3336     -0.163  0.000e+00
    126.000 263.817454        505      5.148    13.4908   3.853390    32.2699  1024.2047      5.189     2.6817     -0.170  0.000e+00
    126.250 263.817457        506      5.129    13.4909   3.853309    32.2690  1024.2039      5.171     3.2877     -0.114  0.000e+00
    126.500 263.817459        507      5.131    13.4914   3.853739    32.2726  1024.2066      5.172     2.3937     -0.034  0.000e+00
    126.750 263.817462        508      5.140    13.4927   3.853927    32.2733  1024.2069      5.182     2.8963      0.021  0.000e+00
    127.000 263.817465        509      5.160    13.4953   3.853880    32.2707  1024.2045      5.202     3.3005      0.060  0.000e+00
    127.250 263.817468        510      5.161    13.4969   3.853913    32.2696  1024.2033      5.203     2.5165      0.043  0.000e+00
    127.500 263.817471        511      5.154    13.4978   3.854128    32.2708  1024.2041      5.196     2.4110     -0.013  0.000e+00
    127.750 263.817474        512      5.134    13.4992   3.854061    32.2690  1024.2023      5.175     2.3867     -0.056  0.000e+00
    128.000 263.817477        513      5.098    13.5003   3.854310    32.2705  1024.2030      5.139     2.2367     -0.114  0.000e+00
    128.250 263.817480        514      5.072    13.5019   3.854451    32.2704  1024.2025      5.113     2.2713     -0.125  0.000e+00
    128.500 263.817483        515      5.069    13.5032   3.854343    32.2683  1024.2006      5.110     2.2540     -0.058  0.000e+00
    128.750 263.817486        516      5.094    13.5044   3.854504    32.2688  1024.2009      5.136     2.3216      0.045  0.000e+00
    129.000 263.817488        517      5.160    13.5050   3.854269    32.2661  1024.1990      5.202     2.5420      0.185  0.000e+00
    129.250 263.817491        518      5.239    13.5050   3.853739    32.2611  1024.1955      5.282     2.6829      0.292  0.000e+00
