Raw_Data/Cage/SBE19/2020-09-20_SBE19_004_014_processed.cnv
* Sea-Bird SBE19plus Data File:
* FileName = C:\cruises\2020_barkerboys\leg2\data\cage\SBE19\2020-09-25_SBE19_004_014.hex
* Software Version 1.59
* Temperature SN =  4881
* Conductivity SN =  4881
* System UpLoad Time = Sep 25 2020 12:26:31
* ds
* SeacatPlus V 1.5  SERIAL NO. 4881    25 Sep 2020  12:15:39
# nquan = 12
# nvalues = 15683                                 
# units = specified
# name 0 = timeS: Time, Elapsed [seconds]
# name 1 = timeJ: Julian Days
# name 2 = scan: Scan Count
# name 3 = depSM: Depth [salt water, m], lat = 44.00
# name 4 = tv290C: Temperature [ITS-90, deg C]
# name 5 = c0S/m: Conductivity [S/m]
# name 6 = sal00: Salinity, Practical [PSU]
# name 7 = density00: Density [density, kg/m^3]
# name 8 = prdM: Pressure, Strain Gauge [db]
# name 9 = wetStar: Fluorescence, WET Labs WETstar [mg/m^3]
# name 10 = dz/dtM: Descent Rate [m/s]
# name 11 = flag:  0.000e+00
# span 0 =      0.000,   3920.500                 
# span 1 = 264.604988, 264.650365                 
# span 2 =          1,      15683                 
# span 3 =      0.122,    148.275                 
# span 4 =     9.5545,    12.8645                 
# span 5 =   0.046124,   3.807868                 
# span 6 =     0.3126,    33.8642                 
# span 7 =   999.7771,  1025.9570                 
# span 8 =      0.122,    149.529                 
# span 9 =     0.1475,     5.9422                 
# span 10 =     -1.544,      1.117                
# span 11 = 0.0000e+00, 0.0000e+00                
# interval = seconds: 0.25
# start_time = Sep 20 2020 14:31:11 [Instrument's time stamp, header]
# bad_flag = -9.990e-29
*END*
[from data line 7940]
   1985.000 264.627963       7941      0.135     9.5912   0.058545     0.4089  1000.0599      0.136     0.1681      0.009  0.000e+00
   1985.250 264.627966       7942      0.134     9.5913   0.058457     0.4082  1000.0594      0.135     0.1669      0.002  0.000e+00
   1985.500 264.627969       7943      0.134     9.5915   0.058334     0.4073  1000.0587      0.135     0.1632     -0.002  0.000e+00
   1985.750 264.627972       7944      0.133     9.5915   0.058211     0.4064  1000.0579      0.134     0.1636     -0.002  0.000e+00
   1986.000 264.627975       7945      0.130     9.5917   0.058167     0.4061  1000.0577      0.131     0.1661     -0.006  0.000e+00
   1986.250 264.627977       7946      0.133     9.5920   0.058151     0.4060  1000.0576      0.134     0.1685      0.000  0.000e+00
   1986.500 264.627980       7947      0.131     9.5921   0.058192     0.4063  1000.0578      0.133     0.1656      0.002  0.000e+00
   1986.750 264.627983       7948      0.134     9.5923   0.058318     0.4072  1000.0585      0.135     0.1665      0.002  0.000e+00
   1987.000 264.627986       7949      0.134     9.5924   0.058444     0.4081  1000.0592      0.135     0.1648      0.004  0.000e+00
   1987.250 264.627989       7950      0.135     9.5926   0.058457     0.4082  1000.0593      0.136     0.1689      0.002  0.000e+00
   1987.500 264.627992       7951      0.135     9.5928   0.058369     0.4076  1000.0587      0.136     0.1661      0.002  0.000e+00
   1987.750 264.627995       7952      0.134     9.5928   0.058242     0.4067  1000.0580      0.135     0.1648     -0.002  0.000e+00
   1988.000 264.627998       7953      0.133     9.5931   0.058170     0.4061  1000.0576      0.134     0.1652     -0.004  0.000e+00
   1988.250 264.628001       7954      0.134     9.5933   0.058148     0.4060  1000.0574      0.135     0.1661      0.000  0.000e+00
   1988.500 264.628003       7955      0.130     9.5934   0.058170     0.4061  1000.0575      0.131     0.1661     -0.004  0.000e+00
   1988.750 264.628006       7956      0.129     9.5936   0.058239     0.4066  1000.0579      0.130     0.1673     -0.009  0.000e+00
   1989.000 264.628009       7957      0.129     9.5937   0.058359     0.4075  1000.0586      0.130     0.1677     -0.002  0.000e+00
   1989.250 264.628012       7958      0.133     9.5939   0.058435     0.4080  1000.0590      0.134     0.1702      0.006  0.000e+00
   1989.500 264.628015       7959      0.134     9.5940   0.058441     0.4081  1000.0590      0.135     0.1681      0.009  0.000e+00
   1989.750 264.628018       7960      0.134     9.5942   0.058359     0.4075  1000.0585      0.135     0.1689      0.002  0.000e+00
   1990.000 264.628021       7961      0.133     9.5945   0.058252     0.4067  1000.0579      0.134     0.1673     -0.002  0.000e+00
   1990.250 264.628024       7962      0.134     9.5946   0.058167     0.4061  1000.0574      0.135     0.1665 -1.213e-12  0.000e+00
   1990.500 264.628027       7963      0.133     9.5948   0.058110     0.4057  1000.0571      0.134     0.1656      0.000  0.000e+00
   1990.750 264.628030       7964      0.133     9.5949   0.058101     0.4056  1000.0570      0.134     0.1669     -0.002  0.000e+00
   1991.000 264.628032       7965      0.133     9.5950   0.058145     0.4059  1000.0572      0.134     0.1656 1.2127e-12  0.000e+00
   1991.250 264.628035       7966      0.133     9.5954   0.058239     0.4066  1000.0577      0.134     0.1656     -0.000  0.000e+00
   1991.500 264.628038       7967      0.131     9.5954   0.058309     0.4071  1000.0581      0.133     0.1693     -0.002  0.000e+00
   1991.750 264.628041       7968      0.133     9.5955   0.058334     0.4073  1000.0583      0.134     0.1706 1.2127e-12  0.000e+00
   1992.000 264.628044       7969      0.131     9.5957   0.058343     0.4074  1000.0583      0.133     0.1681     -0.000  0.000e+00
   1992.250 264.628047       7970      0.131     9.5961   0.058258     0.4067  1000.0578      0.133     0.1669     -0.002  0.000e+00
   1992.500 264.628050       7971      0.133     9.5961   0.058151     0.4060  1000.0572      0.134     0.1656      0.002  0.000e+00
   1992.750 264.628053       7972      0.133     9.5961   0.058063     0.4053  1000.0567      0.134     0.1698      0.002  0.000e+00
   1993.000 264.628056       7973      0.131     9.5964   0.058028     0.4051  1000.0564      0.133     0.1669     -0.002  0.000e+00
   1993.250 264.628058       7974      0.133     9.5965   0.058044     0.4052  1000.0565      0.134     0.1689     -0.000  0.000e+00
   1993.500 264.628061       7975      0.131     9.5968   0.058104     0.4056  1000.0568      0.133     0.1673     -0.000  0.000e+00
   1993.750 264.628064       7976      0.130     9.5969   0.058220     0.4065  1000.0575      0.131     0.1656     -0.004  0.000e+00
   1994.000 264.628067       7977      0.134     9.5971   0.058318     0.4072  1000.0580      0.135     0.1706      0.004  0.000e+00
   1994.250 264.628070       7978      0.131     9.5973   0.058353     0.4074  1000.0582      0.133     0.1681      0.002  0.000e+00
   1994.500 264.628073       7979      0.134     9.5976   0.058283     0.4069  1000.0578      0.135     0.1706      0.000  0.000e+00
   1994.750 264.628076       7980      0.135     9.5976   0.058202     0.4063  1000.0573      0.136     0.1689      0.006  0.000e+00
   1995.000 264.628079       7981      0.131     9.5979   0.058151     0.4059  1000.0570      0.133     0.1640     -0.004  0.000e+00
   1995.250 264.628082       7982      0.133     9.5980   0.058120     0.4057  1000.0568      0.134     0.1689     -0.004  0.000e+00
   1995.500 264.628084       7983      0.135     9.5981   0.058126     0.4058  1000.0569      0.136     0.1661      0.006  0.000e+00
   1995.750 264.628087       7984      0.130     9.5984   0.058157     0.4060  1000.0570      0.131     0.1685     -0.004  0.000e+00
   1996.000 264.628090       7985      0.130     9.5986   0.058176     0.4061  1000.0571      0.131     0.1702     -0.009  0.000e+00
   1996.250 264.628093       7986      0.131     9.5988   0.058183     0.4062  1000.0571      0.133     0.1681      0.002  0.000e+00
   1996.500 264.628096       7987      0.134     9.5991   0.058126     0.4057  1000.0568      0.135     0.1698      0.006  0.000e+00
   1996.750 264.628099       7988      0.135     9.5991   0.058082     0.4054  1000.0565      0.136     0.1636      0.006  0.000e+00
   1997.000 264.628102       7989      0.134     9.5993   0.058038     0.4051  1000.0562      0.135     0.1677      0.000  0.000e+00
   1997.250 264.628105       7990      0.134     9.5995   0.058009     0.4049  1000.0561      0.135     0.1681     -0.002  0.000e+00
   1997.500 264.628108       7991      0.134     9.5996   0.058028     0.4050  1000.0562      0.135     0.1702 -1.213e-12  0.000e+00
   1997.750 264.628111       7992      0.133     9.5998   0.058091     0.4055  1000.0565      0.134     0.1656     -0.002  0.000e+00
   1998.000 264.628113       7993      0.133     9.5999   0.058151     0.4059  1000.0568      0.134     0.1669     -0.002  0.000e+00
   1998.250 264.628116       7994      0.131     9.6002   0.058217     0.4064  1000.0572      0.133     0.1673     -0.002  0.000e+00
   1998.500 264.628119       7995      0.133     9.6004   0.058192     0.4062  1000.0570      0.134     0.1673      0.000  0.000e+00
   1998.750 264.628122       7996      0.134     9.6005   0.058104     0.4056  1000.0565      0.135     0.1665      0.004  0.000e+00
   1999.000 264.628125       7997      0.134     9.6008   0.058009     0.4049  1000.0559      0.135     0.1681      0.002  0.000e+00
   1999.250 264.628128       7998      0.133     9.6009   0.057937     0.4044  1000.0555      0.134     0.1673     -0.002  0.000e+00
   1999.500 264.628131       7999      0.134     9.6011   0.057905     0.4041  1000.0553      0.135     0.1731      0.000  0.000e+00
   1999.750 264.628134       8000      0.134     9.6013   0.057912     0.4042  1000.0553      0.135     0.1685      0.002  0.000e+00
   2000.000 264.628137       8001      0.131     9.6015   0.058000     0.4048  1000.0558      0.133     0.1640     -0.004  0.000e+00
   2000.250 264.628139       8002      0.133     9.6016   0.058094     0.4055  1000.0563      0.134     0.1698     -0.002  0.000e+00
   2000.500 264.628142       8003      0.133     9.6019   0.058239     0.4065  1000.0571      0.134     0.1669      0.002  0.000e+00
   2000.750 264.628145       8004      0.135     9.6020   0.058299     0.4070  1000.0575      0.136     0.1673      0.004  0.000e+00
   2001.000 264.628148       8005      0.134     9.6022   0.058249     0.4066  1000.0572      0.135     0.1669      0.002  0.000e+00
   2001.250 264.628151       8006      0.131     9.6025   0.058135     0.4058  1000.0565      0.133     0.1681     -0.006  0.000e+00
   2001.500 264.628154       8007      0.133     9.6027   0.058025     0.4050  1000.0558      0.134     0.1644     -0.002  0.000e+00
   2001.750 264.628157       8008      0.133     9.6028   0.057962     0.4045  1000.0555      0.134     0.1681      0.002  0.000e+00
   2002.000 264.628160       8009      0.133     9.6029   0.057924     0.4042  1000.0552      0.134     0.1673     -0.000  0.000e+00
   2002.250 264.628163       8010      0.131     9.6031   0.057937     0.4043  1000.0553      0.133     0.1677     -0.002  0.000e+00
   2002.500 264.628166       8011      0.131     9.6033   0.057981     0.4046  1000.0555      0.133     0.1669     -0.002  0.000e+00
   2002.750 264.628168       8012      0.133     9.6036   0.058038     0.4051  1000.0558      0.134     0.1685      0.002  0.000e+00
   2003.000 264.628171       8013      0.134     9.6038   0.058082     0.4054  1000.0561      0.135     0.1677      0.004  0.000e+00
   2003.250 264.628174       8014      0.133     9.6039   0.058104     0.4055  1000.0562      0.134     0.1693 -1.213e-12  0.000e+00
   2003.500 264.628177       8015      0.130     9.6041   0.058082     0.4054  1000.0560      0.131     0.1677     -0.006  0.000e+00
   2003.750 264.628180       8016      0.134     9.6044   0.058079     0.4053  1000.0560      0.135     0.1698      0.002  0.000e+00
   2004.000 264.628183       8017      0.134     9.6046   0.058053     0.4052  1000.0558      0.135     0.1636      0.006  0.000e+00
   2004.250 264.628186       8018      0.131     9.6047   0.058028     0.4050  1000.0557      0.133     0.1702     -0.004  0.000e+00
   2004.500 264.628189       8019      0.133     9.6050   0.057981     0.4046  1000.0554      0.134     0.1693     -0.002  0.000e+00
   2004.750 264.628192       8020      0.133     9.6051   0.057931     0.4043  1000.0551      0.134     0.1677      0.002  0.000e+00
   2005.000 264.628194       8021      0.133     9.6053   0.057877     0.4039  1000.0548      0.134     0.1689      0.000  0.000e+00
   2005.250 264.628197       8022      0.130     9.6054   0.057871     0.4038  1000.0547      0.131     0.1681     -0.004  0.000e+00
   2005.500 264.628200       8023      0.134     9.6057   0.057886     0.4039  1000.0548      0.135     0.1673      0.002  0.000e+00
   2005.750 264.628203       8024      0.131     9.6058   0.057953     0.4044  1000.0551      0.133     0.1685      0.002  0.000e+00
   2006.000 264.628206       8025      0.131     9.6060   0.058063     0.4052  1000.0557      0.133     0.1681     -0.004  0.000e+00
   2006.250 264.628209       8026      0.133     9.6062   0.058104     0.4055  1000.0560      0.134     0.1681      0.002  0.000e+00
   2006.500 264.628212       8027      0.133     9.6066   0.058082     0.4053  1000.0558      0.134     0.1665      0.002  0.000e+00
   2006.750 264.628215       8028      0.133     9.6067   0.057987     0.4047  1000.0553      0.134     0.1673      0.000  0.000e+00
   2007.000 264.628218       8029      0.133     9.6067   0.057905     0.4041  1000.0548      0.134     0.1731      0.000  0.000e+00
   2007.250 264.628220       8030      0.130     9.6070   0.057830     0.4035  1000.0543      0.131     0.1661     -0.004  0.000e+00
   2007.500 264.628223       8031      0.133     9.6072   0.057805     0.4033  1000.0542      0.134     0.1669     -0.000  0.000e+00
   2007.750 264.628226       8032      0.131     9.6074   0.057814     0.4034  1000.0542      0.133     0.1656      0.002  0.000e+00
   2008.000 264.628229       8033      0.133     9.6075   0.057868     0.4038  1000.0545      0.134     0.1698     -0.000  0.000e+00
   2008.250 264.628232       8034      0.129     9.6077   0.057978     0.4046  1000.0551      0.130     0.1673     -0.004  0.000e+00
   2008.500 264.628235       8035      0.133     9.6080   0.058082     0.4053  1000.0557      0.134     0.1726      0.000  0.000e+00
   2008.750 264.628238       8036      0.131     9.6082   0.058085     0.4053  1000.0557      0.133     0.1669      0.004  0.000e+00
   2009.000 264.628241       8037      0.134     9.6085   0.057953     0.4044  1000.0549      0.135     0.1739      0.002  0.000e+00
   2009.250 264.628244       8038      0.133     9.6087   0.057846     0.4036  1000.0543      0.134     0.1681      0.002  0.000e+00
   2009.500 264.628247       8039      0.130     9.6088   0.057789     0.4032  1000.0539      0.131     0.1661     -0.006  0.000e+00
   2009.750 264.628249       8040      0.131     9.6090   0.057786     0.4032  1000.0539      0.133     0.1665     -0.002  0.000e+00
   2010.000 264.628252       8041      0.133     9.6091   0.057839     0.4036  1000.0542      0.134     0.1681      0.004  0.000e+00
   2010.250 264.628255       8042      0.133     9.6095   0.057915     0.4041  1000.0546      0.134     0.1689      0.002  0.000e+00
   2010.500 264.628258       8043      0.131     9.6098   0.057978     0.4046  1000.0549      0.133     0.1689     -0.002  0.000e+00
   2010.750 264.628261       8044      0.133     9.6099   0.057953     0.4044  1000.0548      0.134     0.1681      0.000  0.000e+00
   2011.000 264.628264       8045      0.133     9.6101   0.057864     0.4037  1000.0542      0.134     0.1693      0.002  0.000e+00
   2011.250 264.628267       8046      0.134     9.6104   0.057786     0.4032  1000.0538      0.135     0.1698      0.002  0.000e+00
   2011.500 264.628270       8047      0.135     9.6105   0.057757     0.4030  1000.0536      0.136     0.1677      0.004  0.000e+00
   2011.750 264.628273       8048      0.133     9.6106   0.057767     0.4030  1000.0536      0.134     0.1681     -0.002  0.000e+00
   2012.000 264.628275       8049      0.129     9.6109   0.057839     0.4035  1000.0540      0.130     0.1619     -0.011  0.000e+00
   2012.250 264.628278       8050      0.131     9.6112   0.057934     0.4042  1000.0545      0.133     0.1636     -0.002  0.000e+00
   2012.500 264.628281       8051      0.131     9.6115   0.057997     0.4047  1000.0549      0.133     0.1669      0.004  0.000e+00
   2012.750 264.628284       8052      0.134     9.6116   0.058009     0.4048  1000.0549      0.135     0.1681      0.004  0.000e+00
   2013.000 264.628287       8053      0.133     9.6119   0.057962     0.4044  1000.0546      0.134     0.1632      0.002  0.000e+00
   2013.250 264.628290       8054      0.133     9.6121   0.057877     0.4038  1000.0541      0.134     0.1656     -0.002  0.000e+00
   2013.500 264.628293       8055      0.131     9.6124   0.057798     0.4032  1000.0537      0.133     0.1693     -0.002  0.000e+00
   2013.750 264.628296       8056      0.131     9.6125   0.057729     0.4027  1000.0532      0.133     0.1669     -0.002  0.000e+00
   2014.000 264.628299       8057      0.133     9.6128   0.057707     0.4026  1000.0531      0.134     0.1681      0.002  0.000e+00
   2014.250 264.628302       8058      0.133     9.6129   0.057710     0.4026  1000.0531      0.134     0.1693      0.002  0.000e+00
   2014.500 264.628304       8059      0.133     9.6132   0.057764     0.4030  1000.0534      0.134     0.1677     -0.000  0.000e+00
   2014.750 264.628307       8060      0.131     9.6133   0.057849     0.4036  1000.0539      0.133     0.1665     -0.002  0.000e+00
