Raw_Data/Cage/SBE19/2020-09-24_SBE19_006_023_processed.cnv
* Sea-Bird SBE19plus Data File:
* FileName = C:\cruises\2020_barkerboys\leg2\data\cage\SBE19\2020-09-25_SBE19_004_023.hex
* Software Version 1.59
* Temperature SN =  4881
* Conductivity SN =  4881
* System UpLoad Time = Sep 25 2020 12:43:06
* ds
* SeacatPlus V 1.5  SERIAL NO. 4881    25 Sep 2020  12:15:39
# nquan = 12
# nvalues = 2632                                  
# units = specified
# name 0 = timeS: Time, Elapsed [seconds]
# name 1 = timeJ: Julian Days
# name 2 = scan: Scan Count
# name 3 = depSM: Depth [salt water, m], lat = 44.00
# name 4 = tv290C: Temperature [ITS-90, deg C]
# name 5 = c0S/m: Conductivity [S/m]
# name 6 = sal00: Salinity, Practical [PSU]
# name 7 = density00: Density [density, kg/m^3]
# name 8 = prdM: Pressure, Strain Gauge [db]
# name 9 = wetStar: Fluorescence, WET Labs WETstar [mg/m^3]
# name 10 = dz/dtM: Descent Rate [m/s]
# name 11 = flag:  0.000e+00
# span 0 =      0.000,    657.750                 
# span 1 = 268.623993, 268.631606                 
# span 2 =          1,       2632                 
# span 3 =     -0.090,    183.168                 
# span 4 =     9.6774,    16.4034                 
# span 5 =   0.002640,   3.909093                 
# span 6 =     0.0197,    33.6216                 
# span 7 =   998.8928,  1026.7658                 
# span 8 =     -0.090,    184.733                 
# span 9 =     0.1080,     3.3710                 
# span 10 =     -1.380,      1.154                
# span 11 = 0.0000e+00, 0.0000e+00                
# interval = seconds: 0.25
# start_time = Sep 24 2020 14:58:33 [Instrument's time stamp, header]
# bad_flag = -9.990e-29
*END*
[from data line 1685]
    421.250 268.628869       1686    166.766     9.7315   3.654899    33.6012  1026.6668    168.183     0.1784     -0.645  0.000e+00
    421.500 268.628872       1687    166.606     9.7316   3.654912    33.6013  1026.6661    168.022     0.2435     -0.639  0.000e+00
    421.750 268.628874       1688    166.439     9.7320   3.654846    33.6003  1026.6645    167.854     0.1854     -0.658  0.000e+00
    422.000 268.628877       1689    166.258     9.7320   3.654846    33.6004  1026.6637    167.672     0.1825     -0.701  0.000e+00
    422.250 268.628880       1690    166.062     9.7321   3.654846    33.6004  1026.6628    167.474     0.1974     -0.761  0.000e+00
    422.500 268.628883       1691    165.841     9.7321   3.654879    33.6008  1026.6621    167.250     0.1937     -0.843  0.000e+00
    422.750 268.628886       1692    165.596     9.7321   3.654793    33.6001  1026.6604    167.003     0.2015     -0.942  0.000e+00
    423.000 268.628889       1693    165.329     9.7319   3.654813    33.6005  1026.6596    166.734     0.2316     -1.032  0.000e+00
    423.250 268.628892       1694    165.047     9.7319   3.654845    33.6010  1026.6587    166.449     0.2616     -1.107  0.000e+00
    423.500 268.628895       1695    164.770     9.7324   3.654911    33.6014  1026.6576    166.170     0.2089     -1.129  0.000e+00
    423.750 268.628898       1696    164.513     9.7328   3.654911    33.6011  1026.6561    165.911     0.2056     -1.077  0.000e+00
    424.000 268.628900       1697    164.283     9.7338   3.654970    33.6009  1026.6548    165.678     0.1986     -0.983  0.000e+00
    424.250 268.628903       1698    164.092     9.7349   3.655082    33.6011  1026.6539    165.486     0.1970     -0.849  0.000e+00
    424.500 268.628906       1699    163.935     9.7359   3.655246    33.6019  1026.6536    165.328     0.1949     -0.701  0.000e+00
    424.750 268.628909       1700    163.790     9.7384   3.655345    33.6006  1026.6516    165.182     0.2130     -0.609  0.000e+00
    425.000 268.628912       1701    163.651     9.7410   3.655377    33.5986  1026.6489    165.041     0.1920     -0.574  0.000e+00
    425.250 268.628915       1702    163.503     9.7427   3.655443    33.5978  1026.6473    164.891     0.1920     -0.581  0.000e+00
    425.500 268.628918       1703    163.329     9.7446   3.655917    33.6010  1026.6486    164.716     0.2002     -0.649  0.000e+00
    425.750 268.628921       1704    163.126     9.7491   3.655884    33.5965  1026.6435    164.512     0.1982     -0.759  0.000e+00
    426.000 268.628924       1705    162.895     9.7528   3.655949    33.5938  1026.6397    164.278     0.2114     -0.875  0.000e+00
    426.250 268.628927       1706    162.644     9.7551   3.656212    33.5945  1026.6387    164.025     0.2279     -0.974  0.000e+00
    426.500 268.628929       1707    162.376     9.7581   3.656245    33.5921  1026.6351    163.755     0.2110     -1.047  0.000e+00
    426.750 268.628932       1708    162.110     9.7607   3.656304    33.5904  1026.6321    163.486     0.2044     -1.077  0.000e+00
    427.000 268.628935       1709    161.851     9.7627   3.656383    33.5895  1026.6299    163.225     0.1945     -1.060  0.000e+00
    427.250 268.628938       1710    161.603     9.7648   3.656383    33.5877  1026.6270    162.975     0.1974     -1.021  0.000e+00
    427.500 268.628941       1711    161.371     9.7665   3.656613    33.5885  1026.6263    162.741     0.1829     -0.968  0.000e+00
    427.750 268.628944       1712    161.159     9.7689   3.656613    33.5864  1026.6233    162.527     0.1883     -0.897  0.000e+00
    428.000 268.628947       1713    160.959     9.7707   3.656580    33.5844  1026.6205    162.325     0.2118     -0.832  0.000e+00
    428.250 268.628950       1714    160.773     9.7717   3.656586    33.5837  1026.6189    162.138     0.2015     -0.778  0.000e+00
    428.500 268.628953       1715    160.585     9.7725   3.656612    33.5833  1026.6176    161.948     0.1899     -0.755  0.000e+00
    428.750 268.628955       1716    160.393     9.7734   3.656711    33.5835  1026.6168    161.754     0.2246     -0.768  0.000e+00
    429.000 268.628958       1717    160.194     9.7748   3.656849    33.5837  1026.6158    161.553     0.1982     -0.789  0.000e+00
    429.250 268.628961       1718    159.987     9.7767   3.656915    33.5827  1026.6138    161.344     0.2143     -0.819  0.000e+00
    429.500 268.628964       1719    159.770     9.7784   3.656862    33.5807  1026.6109    161.125     0.1924     -0.856  0.000e+00
    429.750 268.628967       1720    159.548     9.7797   3.657079    33.5818  1026.6105    160.901     0.1982     -0.886  0.000e+00
    430.000 268.628970       1721    159.336     9.7817   3.657079    33.5800  1026.6078    160.687     0.1982     -0.875  0.000e+00
    430.250 268.628973       1722    159.132     9.7838   3.657184    33.5793  1026.6060    160.482     0.1970     -0.838  0.000e+00
    430.500 268.628976       1723    158.947     9.7856   3.657282    33.5786  1026.6043    160.295     0.1838     -0.785  0.000e+00
    430.750 268.628979       1724    158.776     9.7874   3.657348    33.5777  1026.6025    160.123     0.1994     -0.718  0.000e+00
    431.000 268.628981       1725    158.612     9.7890   3.657355    33.5763  1026.6004    159.957     0.1998     -0.675  0.000e+00
    431.250 268.628984       1726    158.456     9.7907   3.657447    33.5758  1026.5990    159.799     0.1805     -0.647  0.000e+00
    431.500 268.628987       1727    158.297     9.7920   3.657381    33.5740  1026.5967    159.639     0.1883     -0.637  0.000e+00
    431.750 268.628990       1728    158.130     9.7927   3.657447    33.5741  1026.5958    159.471     0.1813     -0.656  0.000e+00
    432.000 268.628993       1729    157.962     9.7935   3.657446    33.5734  1026.5944    159.302     0.1784     -0.675  0.000e+00
    432.250 268.628996       1730    157.786     9.7941   3.657512    33.5736  1026.5936    159.124     0.1817     -0.694  0.000e+00
    432.500 268.628999       1731    157.607     9.7946   3.657427    33.5723  1026.5918    158.944     0.1850     -0.716  0.000e+00
    432.750 268.629002       1732    157.421     9.7953   3.657479    33.5723  1026.5908    158.755     0.1871     -0.738  0.000e+00
    433.000 268.629005       1733    157.234     9.7960   3.657512    33.5721  1026.5896    158.567     0.1718     -0.753  0.000e+00
    433.250 268.629008       1734    157.037     9.7968   3.657545    33.5717  1026.5883    158.368     0.1974     -0.774  0.000e+00
    433.500 268.629010       1735    156.837     9.7975   3.657545    33.5712  1026.5869    158.166     0.2023     -0.802  0.000e+00
    433.750 268.629013       1736    156.626     9.7983   3.657604    33.5712  1026.5858    157.953     0.1755     -0.830  0.000e+00
    434.000 268.629016       1737    156.404     9.7988   3.657617    33.5709  1026.5844    157.730     0.1924     -0.873  0.000e+00
    434.250 268.629019       1738    156.173     9.7993   3.657650    33.5709  1026.5833    157.497     0.1796     -0.914  0.000e+00
    434.500 268.629022       1739    155.925     9.7999   3.657682    33.5708  1026.5820    157.246     0.1854     -0.968  0.000e+00
    434.750 268.629025       1740    155.665     9.8005   3.657715    33.5707  1026.5806    156.984     0.1796     -1.025  0.000e+00
    435.000 268.629028       1741    155.396     9.8013   3.657682    33.5697  1026.5785    156.713     0.1731     -1.066  0.000e+00
    435.250 268.629031       1742    155.120     9.8019   3.657708    33.5695  1026.5770    156.434     0.1961     -1.099  0.000e+00
    435.500 268.629034       1743    154.848     9.8032   3.657847    33.5699  1026.5758    156.160     0.1887     -1.105  0.000e+00
    435.750 268.629036       1744    154.584     9.8048   3.657846    33.5685  1026.5732    155.894     0.1904     -1.081  0.000e+00
    436.000 268.629039       1745    154.331     9.8061   3.657846    33.5674  1026.5710    155.638     0.1780     -1.045  0.000e+00
    436.250 268.629042       1746    154.101     9.8070   3.657813    33.5663  1026.5689    155.407     0.1932     -0.974  0.000e+00
    436.500 268.629045       1747    153.888     9.8077   3.657879    33.5664  1026.5679    155.192     0.1912     -0.892  0.000e+00
    436.750 268.629048       1748    153.692     9.8089   3.657951    33.5661  1026.5666    154.994     0.1801     -0.826  0.000e+00
    437.000 268.629051       1749    153.499     9.8098   3.657945    33.5653  1026.5650    154.799     0.1673     -0.785  0.000e+00
    437.250 268.629054       1750    153.304     9.8103   3.657945    33.5649  1026.5637    154.603     0.1994     -0.783  0.000e+00
    437.500 268.629057       1751    153.104     9.8109   3.657944    33.5645  1026.5624    154.400     0.1899     -0.798  0.000e+00
    437.750 268.629060       1752    152.897     9.8115   3.657977    33.5644  1026.5612    154.192     0.1792     -0.821  0.000e+00
    438.000 268.629062       1753    152.690     9.8117   3.658023    33.5647  1026.5605    153.982     0.2390     -0.836  0.000e+00
    438.250 268.629065       1754    152.493     9.8121   3.657977    33.5640  1026.5589    153.785     0.1747     -0.815  0.000e+00
    438.500 268.629068       1755    152.307     9.8127   3.658017    33.5639  1026.5580    153.596     0.1661     -0.772  0.000e+00
    438.750 268.629071       1756    152.136     9.8130   3.658049    33.5640  1026.5572    153.424     0.1764     -0.720  0.000e+00
    439.000 268.629074       1757    151.967     9.8134   3.657977    33.5630  1026.5555    153.253     0.1862     -0.686  0.000e+00
    439.250 268.629077       1758    151.794     9.8142   3.658016    33.5627  1026.5544    153.079     0.1739     -0.690  0.000e+00
    439.500 268.629080       1759    151.613     9.8149   3.658023    33.5622  1026.5531    152.897     0.2452     -0.714  0.000e+00
    439.750 268.629083       1760    151.412     9.8153   3.658082    33.5626  1026.5523    152.693     0.1739     -0.772  0.000e+00
    440.000 268.629086       1761    151.202     9.8156   3.658082    33.5624  1026.5512    152.482     0.1669     -0.830  0.000e+00
    440.250 268.629089       1762    150.995     9.8158   3.658049    33.5619  1026.5498    152.273     0.1764     -0.841  0.000e+00
    440.500 268.629091       1763    150.809     9.8163   3.658148    33.5625  1026.5494    152.085     0.1611     -0.793  0.000e+00
    440.750 268.629094       1764    150.638     9.8165   3.658082    33.5618  1026.5480    151.913     0.1640     -0.720  0.000e+00
    441.000 268.629097       1765    150.482     9.8167   3.658128    33.5622  1026.5476    151.755     0.1706     -0.660  0.000e+00
    441.250 268.629100       1766    150.326     9.8170   3.658082    33.5614  1026.5462    151.598     0.1718     -0.630  0.000e+00
    441.500 268.629103       1767    150.168     9.8171   3.658082    33.5614  1026.5455    151.439     0.1673     -0.632  0.000e+00
    441.750 268.629106       1768    149.981     9.8174   3.658081    33.5612  1026.5444    151.250     0.1508     -0.696  0.000e+00
    442.000 268.629109       1769    149.772     9.8176   3.658114    33.5615  1026.5437    151.039     0.1619     -0.800  0.000e+00
    442.250 268.629112       1770    149.552     9.8177   3.658022    33.5605  1026.5419    150.817     0.1586     -0.864  0.000e+00
    442.500 268.629115       1771    149.329     9.8178   3.658048    33.5609  1026.5411    150.592     0.1772     -0.894  0.000e+00
    442.750 268.629117       1772    149.111     9.8180   3.658081    33.5611  1026.5402    150.372     0.1718     -0.890  0.000e+00
    443.000 268.629120       1773    148.904     9.8182   3.658114    33.5613  1026.5394    150.164     0.2011     -0.856  0.000e+00
    443.250 268.629123       1774    148.708     9.8184   3.658081    33.5609  1026.5382    149.966     0.1599     -0.813  0.000e+00
    443.500 268.629126       1775    148.512     9.8185   3.658048    33.5605  1026.5370    149.768     0.1702     -0.791  0.000e+00
    443.750 268.629129       1776    148.313     9.8187   3.658094    33.5609  1026.5363    149.567     0.1780     -0.798  0.000e+00
    444.000 268.629132       1777    148.097     9.8188   3.658081    33.5608  1026.5353    149.349     0.1669     -0.838  0.000e+00
    444.250 268.629135       1778    147.843     9.8190   3.658179    33.5617  1026.5348    149.093     0.1718     -0.948  0.000e+00
    444.500 268.629138       1779    147.557     9.8194   3.658113    33.5608  1026.5326    148.804     0.1681     -1.090  0.000e+00
    444.750 268.629141       1780    147.250     9.8202   3.658113    33.5602  1026.5307    148.494     0.1656     -1.197  0.000e+00
    445.000 268.629144       1781    146.935     9.8210   3.658212    33.5606  1026.5294    148.177     0.2052     -1.254  0.000e+00
    445.250 268.629146       1782    146.636     9.8218   3.658199    33.5599  1026.5274    147.875     0.1607     -1.238  0.000e+00
    445.500 268.629149       1783    146.378     9.8229   3.658310    33.5601  1026.5261    147.615     0.1582     -1.124  0.000e+00
    445.750 268.629152       1784    146.163     9.8239   3.658343    33.5595  1026.5246    147.398     0.1661     -0.955  0.000e+00
    446.000 268.629155       1785    145.983     9.8250   3.658415    33.5594  1026.5235    147.216     0.1681     -0.798  0.000e+00
    446.250 268.629158       1786    145.825     9.8262   3.658448    33.5586  1026.5219    147.057     0.1665     -0.682  0.000e+00
    446.500 268.629161       1787    145.672     9.8272   3.658336    33.5566  1026.5195    146.902     0.1570     -0.628  0.000e+00
    446.750 268.629164       1788    145.513     9.8277   3.658415    33.5570  1026.5190    146.742     0.1685     -0.630  0.000e+00
    447.000 268.629167       1789    145.337     9.8280   3.658310    33.5558  1026.5172    146.565     0.1632     -0.675  0.000e+00
    447.250 268.629170       1790    145.158     9.8280   3.658343    33.5562  1026.5167    146.384     0.1595     -0.716  0.000e+00
    447.500 268.629172       1791    144.968     9.8280   3.658343    33.5563  1026.5159    146.193     0.1640     -0.744  0.000e+00
    447.750 268.629175       1792    144.771     9.8277   3.658310    33.5563  1026.5151    145.994     0.1541     -0.780  0.000e+00
    448.000 268.629178       1793    144.574     9.8275   3.658303    33.5565  1026.5143    145.795     0.1586     -0.796  0.000e+00
    448.250 268.629181       1794    144.378     9.8274   3.658342    33.5571  1026.5139    145.597     0.2085     -0.794  0.000e+00
    448.500 268.629184       1795    144.181     9.8275   3.658309    33.5568  1026.5128    145.399     0.1578     -0.793  0.000e+00
    448.750 268.629187       1796    143.993     9.8277   3.658309    33.5567  1026.5118    145.209     0.1558     -0.776  0.000e+00
    449.000 268.629190       1797    143.813     9.8280   3.658276    33.5562  1026.5105    145.028     0.1500     -0.742  0.000e+00
    449.250 268.629193       1798    143.636     9.8280   3.658309    33.5566  1026.5101    144.849     0.1665     -0.720  0.000e+00
    449.500 268.629196       1799    143.441     9.8280   3.658303    33.5566  1026.5091    144.653     0.1636     -0.750  0.000e+00
    449.750 268.629198       1800    143.233     9.8283   3.658309    33.5564  1026.5080    144.443     0.1500     -0.813  0.000e+00
    450.000 268.629201       1801    142.997     9.8287   3.658375    33.5569  1026.5072    144.204     0.1698     -0.896  0.000e+00
    450.250 268.629204       1802    142.736     9.8291   3.658375    33.5566  1026.5058    143.941     0.1553     -1.004  0.000e+00
    450.500 268.629207       1803    142.467     9.8297   3.658447    33.5570  1026.5047    143.670     0.1562     -1.068  0.000e+00
    450.750 268.629210       1804    142.203     9.8308   3.658473    33.5563  1026.5028    143.403     0.1887     -1.075  0.000e+00
