Raw_Data/Cage/SBE19/2020-09-25_SBE19_007_036_processed.cnv
* Sea-Bird SBE19plus Data File:
* FileName = C:\cruises\2020_barkerboys\leg2\data\cage\SBE19\2020-09-25_SBE19_004_036.hex
* Software Version 1.59
* Temperature SN =  4881
* Conductivity SN =  4881
* System UpLoad Time = Sep 25 2020 21:23:36
* ds
* SeacatPlus V 1.5  SERIAL NO. 4881    25 Sep 2020  21:17:28
# nquan = 12
# nvalues = 459                                   
# units = specified
# name 0 = timeS: Time, Elapsed [seconds]
# name 1 = timeJ: Julian Days
# name 2 = scan: Scan Count
# name 3 = depSM: Depth [salt water, m], lat = 44.00
# name 4 = tv290C: Temperature [ITS-90, deg C]
# name 5 = c0S/m: Conductivity [S/m]
# name 6 = sal00: Salinity, Practical [PSU]
# name 7 = density00: Density [density, kg/m^3]
# name 8 = prdM: Pressure, Strain Gauge [db]
# name 9 = wetStar: Fluorescence, WET Labs WETstar [mg/m^3]
# name 10 = dz/dtM: Descent Rate [m/s]
# name 11 = flag:  0.000e+00
# span 0 =      0.000,    114.500                 
# span 1 = 269.817778, 269.819103                 
# span 2 =          1,        459                 
# span 3 =     -0.008,      5.239                 
# span 4 =    12.6740,    13.7040                 
# span 5 =   0.046882,   3.861963                 
# span 6 =     0.2921,    32.8879                 
# span 7 =   999.5144,  1024.8338                 
# span 8 =     -0.008,      5.282                 
# span 9 =     0.1788,     5.6530                 
# span 10 =     -0.251,      0.657                
# span 11 = 0.0000e+00, 0.0000e+00                
# interval = seconds: 0.25
# start_time = Sep 25 2020 19:37:36 [Instrument's time stamp, header]
# bad_flag = -9.990e-29
*END*
[from data line 241]
     60.250 269.818475        242      4.872    12.9262   3.851650    32.7366  1024.6765      4.911     3.0278     -0.060  0.000e+00
     60.500 269.818478        243      4.878    12.9354   3.851899    32.7310  1024.6703      4.918     3.0212     -0.000  0.000e+00
     60.750 269.818481        244      4.906    12.9410   3.851469    32.7220  1024.6624      4.946     2.9730      0.069  0.000e+00
     61.000 269.818484        245      4.943    12.9437   3.851127    32.7165  1024.6577      4.983     2.9252      0.131  0.000e+00
     61.250 269.818487        246      4.986    12.9448   3.851402    32.7181  1024.6590      5.026     2.9120      0.161  0.000e+00
     61.500 269.818490        247      5.015    12.9452   3.852181    32.7252  1024.6645      5.055     2.9449      0.144  0.000e+00
     61.750 269.818492        248      5.031    12.9458   3.852926    32.7316  1024.6695      5.071     2.9425      0.090  0.000e+00
     62.000 269.818495        249      5.022    12.9463   3.852684    32.7289  1024.6672      5.063     2.8226      0.015  0.000e+00
     62.250 269.818498        250      4.997    12.9467   3.852362    32.7255  1024.6644      5.037     2.8135     -0.069  0.000e+00
     62.500 269.818501        251      4.958    12.9515   3.852040    32.7183  1024.6577      4.998     2.8617     -0.129  0.000e+00
     62.750 269.818504        252      4.922    12.9589   3.851872    32.7104  1024.6499      4.962     2.7764     -0.150  0.000e+00
     63.000 269.818507        253      4.899    12.9647   3.852006    32.7066  1024.6458      4.938     2.9676     -0.120  0.000e+00
     63.250 269.818510        254      4.898    12.9675   3.852288    32.7069  1024.6455      4.937     2.9647     -0.049  0.000e+00
     63.500 269.818513        255      4.919    12.9693   3.852214    32.7046  1024.6434      4.959     2.9462      0.041  0.000e+00
     63.750 269.818516        256      4.954    12.9708   3.851637    32.6978  1024.6380      4.994     2.9388      0.114  0.000e+00
     64.000 269.818519        257      4.992    12.9721   3.851684    32.6972  1024.6375      5.033     2.9182      0.148  0.000e+00
     64.250 269.818521        258      5.024    12.9731   3.852039    32.6997  1024.6393      5.065     2.8951      0.142  0.000e+00
     64.500 269.818524        259      5.042    12.9738   3.852785    32.7061  1024.6443      5.083     2.8523      0.101  0.000e+00
     64.750 269.818527        260      5.047    12.9748   3.852919    32.7065  1024.6444      5.088     2.7950      0.045  0.000e+00
     65.000 269.818530        261      5.036    12.9755   3.852395    32.7009  1024.6399      5.077     3.3899     -0.013  0.000e+00
     65.250 269.818533        262      5.016    12.9769   3.851542    32.6917  1024.6324      5.056     3.0838     -0.062  0.000e+00
     65.500 269.818536        263      4.991    12.9798   3.850858    32.6827  1024.6247      5.032     2.9396     -0.090  0.000e+00
     65.750 269.818539        264      4.975    12.9807   3.850972    32.6830  1024.6247      5.016     2.9573     -0.082  0.000e+00
     66.000 269.818542        265      4.966    12.9761   3.851113    32.6883  1024.6297      5.006     3.0187     -0.052  0.000e+00
     66.250 269.818545        266      4.972    12.9706   3.851220    32.6941  1024.6353      5.012     3.1262     -0.006  0.000e+00
     66.500 269.818547        267      4.986    12.9673   3.851637    32.7008  1024.6412      5.026     3.0611      0.041  0.000e+00
     66.750 269.818550        268      5.003    12.9667   3.852181    32.7065  1024.6458      5.043     3.0945      0.062  0.000e+00
     67.000 269.818553        269      5.019    12.9671   3.852429    32.7085  1024.6473      5.060     3.2280      0.067  0.000e+00
     67.250 269.818556        270      5.028    12.9681   3.852644    32.7097  1024.6481      5.069     3.1612      0.051  0.000e+00
     67.500 269.818559        271      5.031    12.9684   3.852819    32.7111  1024.6491      5.071     3.1089      0.024  0.000e+00
     67.750 269.818562        272      5.030    12.9689   3.852892    32.7114  1024.6493      5.070     3.0389      0.002  0.000e+00
     68.000 269.818565        273      5.033    12.9696   3.852785    32.7097  1024.6479      5.074     3.0076      0.004  0.000e+00
     68.250 269.818568        274      5.038    12.9703   3.852073    32.7024  1024.6420      5.079     2.9552      0.017  0.000e+00
     68.500 269.818571        275      5.051    12.9680   3.838705    32.5780  1024.5463      5.092     2.4444      0.037  0.000e+00
     68.750 269.818573        276      5.064    12.9296   3.834610    32.5723  1024.5494      5.105     2.4019      0.052  0.000e+00
     69.000 269.818576        277      5.073    12.8740   3.833866    32.6132  1024.5920      5.114     2.5301      0.045  0.000e+00
     69.250 269.818579        278      5.077    12.8330   3.834296    32.6527  1024.6306      5.119     2.7287      0.028  0.000e+00
     69.500 269.818582        279      5.079    12.8108   3.834832    32.6770  1024.6538      5.120     3.0063      0.011  0.000e+00
     69.750 269.818585        280      5.074    12.8023   3.835462    32.6903  1024.6657      5.115     3.0653     -0.006  0.000e+00
     70.000 269.818588        281      5.076    12.8011   3.835918    32.6957  1024.6701      5.118     3.1806     -0.004  0.000e+00
     70.250 269.818591        282      5.080    12.8033   3.836341    32.6978  1024.6713      5.121     3.2300      0.011  0.000e+00
     70.500 269.818594        283      5.097    12.8070   3.836280    32.6940  1024.6678      5.138     3.1584      0.041  0.000e+00
     70.750 269.818597        284      5.116    12.8091   3.835851    32.6881  1024.6629      5.157     3.2354      0.073  0.000e+00
     71.000 269.818600        285      5.136    12.8090   3.836025    32.6898  1024.6643      5.178     3.4319      0.079  0.000e+00
     71.250 269.818602        286      5.146    12.8087   3.836274    32.6924  1024.6664      5.187     3.1662      0.060  0.000e+00
     71.500 269.818605        287      5.141    12.8096   3.836555    32.6943  1024.6677      5.183     3.0929      0.011  0.000e+00
     71.750 269.818608        288      5.120    12.8115   3.837494    32.7016  1024.6729      5.162     3.0191     -0.052  0.000e+00
     72.000 269.818611        289      5.088    12.8161   3.838003    32.7024  1024.6725      5.129     3.4192     -0.107  0.000e+00
     72.250 269.818614        290      5.053    12.8218   3.837299    32.6909  1024.6623      5.094     3.0335     -0.135  0.000e+00
     72.500 269.818617        291      5.023    12.8233   3.838037    32.6965  1024.6662      5.064     3.1147     -0.131  0.000e+00
     72.750 269.818620        292      5.012    12.8259   3.838540    32.6991  1024.6676      5.053     3.0055     -0.082  0.000e+00
     73.000 269.818623        293      5.024    12.8298   3.838962    32.6997  1024.6674      5.065     3.4863      0.002  0.000e+00
     73.250 269.818626        294      5.050    12.8344   3.840055    32.7061  1024.6715      5.091     3.0739      0.075  0.000e+00
     73.500 269.818628        295      5.086    12.8408   3.839881    32.6988  1024.6649      5.127     2.9548      0.125  0.000e+00
     73.750 269.818631        296      5.118    12.8454   3.840156    32.6975  1024.6630      5.159     2.9800      0.137  0.000e+00
     74.000 269.818634        297      5.140    12.8483   3.840021    32.6937  1024.6596      5.182     3.1172      0.109  0.000e+00
     74.250 269.818637        298      5.151    12.8503   3.839740    32.6893  1024.6559      5.193     2.9750      0.067  0.000e+00
     74.500 269.818640        299      5.152    12.8502   3.839351    32.6857  1024.6532      5.194     2.9981      0.024  0.000e+00
     74.750 269.818643        300      5.147    12.8483   3.838875    32.6829  1024.6513      5.188     2.8918     -0.009  0.000e+00
     75.000 269.818646        301      5.138    12.8450   3.837581    32.6734  1024.6446      5.180     2.8782     -0.028  0.000e+00
     75.250 269.818649        302      5.127    12.8399   3.838432    32.6859  1024.6552      5.169     2.9070     -0.039  0.000e+00
     75.500 269.818652        303      5.122    12.8363   3.838962    32.6941  1024.6622      5.164     2.9009     -0.032  0.000e+00
     75.750 269.818655        304      5.120    12.8372   3.839552    32.6988  1024.6657      5.162     2.9103     -0.015  0.000e+00
     76.000 269.818657        305      5.124    12.8412   3.840518    32.7046  1024.6694      5.166     2.8588      0.004  0.000e+00
     76.250 269.818660        306      5.130    12.8477   3.841081    32.7043  1024.6679      5.171     2.8852      0.019  0.000e+00
     76.500 269.818663        307      5.146    12.8546   3.841188    32.6994  1024.6628      5.187     3.0685      0.043  0.000e+00
     76.750 269.818666        308      5.168    12.8593   3.841269    32.6960  1024.6594      5.210     2.8922      0.077  0.000e+00
     77.000 269.818669        309      5.191    12.8621   3.841329    32.6941  1024.6575      5.233     2.9005      0.092  0.000e+00
     77.250 269.818672        310      5.211    12.8640   3.840551    32.6851  1024.6503      5.253     2.8864      0.086  0.000e+00
     77.500 269.818675        311      5.217    12.8624   3.840658    32.6875  1024.6524      5.259     3.1472      0.052  0.000e+00
     77.750 269.818678        312      5.211    12.8605   3.841168    32.6940  1024.6579      5.253     2.8996     -0.000  0.000e+00
     78.000 269.818681        313      5.185    12.8617   3.842074    32.7015  1024.6633      5.227     2.9738     -0.064  0.000e+00
     78.250 269.818683        314      5.147    12.8661   3.841933    32.6964  1024.6583      5.188     2.8321     -0.129  0.000e+00
     78.500 269.818686        315      5.095    12.8691   3.841544    32.6902  1024.6527      5.137     2.8185     -0.180  0.000e+00
     78.750 269.818689        316      5.042    12.8693   3.841510    32.6897  1024.6520      5.083     2.8358     -0.210  0.000e+00
     79.000 269.818692        317      4.994    12.8686   3.840658    32.6822  1024.6462      5.035     2.9050     -0.204  0.000e+00
     79.250 269.818695        318      4.963    12.8654   3.840055    32.6793  1024.6444      5.004     2.9890     -0.159  0.000e+00
     79.500 269.818698        319      4.949    12.8599   3.839666    32.6803  1024.6462      4.989     2.9095     -0.092  0.000e+00
     79.750 269.818701        320      4.958    12.8546   3.839525    32.6837  1024.6498      4.998     2.8275     -0.011  0.000e+00
     80.000 269.818704        321      4.988    12.8503   3.837326    32.6665  1024.6375      5.028     3.0092      0.079  0.000e+00
     80.250 269.818707        322      5.023    12.8391   3.836132    32.6649  1024.6386      5.064     2.8469      0.131  0.000e+00
     80.500 269.818709        323      5.067    12.8262   3.838144    32.6950  1024.6647      5.108     3.1921      0.159  0.000e+00
     80.750 269.818712        324      5.108    12.8252   3.837795    32.6926  1024.6631      5.150     3.2424      0.172  0.000e+00
     81.000 269.818715        325      5.146    12.8268   3.837527    32.6886  1024.6600      5.187     2.8407      0.159  0.000e+00
     81.250 269.818718        326      5.180    12.8256   3.837440    32.6889  1024.6605      5.222     2.8827      0.144  0.000e+00
     81.500 269.818721        327      5.208    12.8248   3.838674    32.7013  1024.6704      5.251     2.8057      0.127  0.000e+00
     81.750 269.818724        328      5.230    12.8291   3.838573    32.6965  1024.6660      5.272     2.8543      0.101  0.000e+00
     82.000 269.818727        329      5.239    12.8325   3.836515    32.6741  1024.6480      5.282     2.8860      0.062  0.000e+00
     82.250 269.818730        330      5.232    12.8251   3.834966    32.6658  1024.6430      5.274     2.9194      0.004  0.000e+00
     82.500 269.818733        331      5.207    12.8097   3.837863    32.7066  1024.6775      5.249     2.8914     -0.064  0.000e+00
     82.750 269.818736        332      5.171    12.8119   3.838500    32.7108  1024.6801      5.213     2.8230     -0.122  0.000e+00
     83.000 269.818738        333      5.123    12.8216   3.838439    32.7018  1024.6710      5.165     2.9454     -0.170  0.000e+00
     83.250 269.818741        334      5.075    12.8278   3.837118    32.6839  1024.6558      5.116     2.8815     -0.193  0.000e+00
     83.500 269.818744        335      5.034    12.8268   3.836977    32.6835  1024.6554      5.074     2.8399     -0.180  0.000e+00
     83.750 269.818747        336      5.002    12.8233   3.837118    32.6878  1024.6594      5.042     2.8992     -0.148  0.000e+00
     84.000 269.818750        337      4.989    12.8216   3.835918    32.6780  1024.6520      5.029     2.9746     -0.090  0.000e+00
     84.250 269.818753        338      4.989    12.8164   3.834698    32.6709  1024.6475      5.029     2.9066     -0.026  0.000e+00
     84.500 269.818756        339      5.006    12.8075   3.835174    32.6831  1024.6588      5.047     2.9882      0.034  0.000e+00
     84.750 269.818759        340      5.035    12.8023   3.834115    32.6775  1024.6556      5.075     2.9276      0.092  0.000e+00
     85.000 269.818762        341      5.067    12.7968   3.832882    32.6706  1024.6514      5.108     2.9108      0.122  0.000e+00
     85.250 269.818764        342      5.100    12.7881   3.833291    32.6820  1024.6621      5.141     2.9845      0.131  0.000e+00
     85.500 269.818767        343      5.120    12.7814   3.832949    32.6845  1024.6655      5.161     2.9206      0.107  0.000e+00
     85.750 269.818770        344      5.128    12.7784   3.834538    32.7022  1024.6798      5.170     2.8934      0.058  0.000e+00
     86.000 269.818773        345      5.124    12.7843   3.834967    32.7012  1024.6778      5.166     2.9524      0.009  0.000e+00
     86.250 269.818776        346      5.108    12.7913   3.835107    32.6964  1024.6727      5.150     2.9631     -0.041  0.000e+00
     86.500 269.818779        347      5.084    12.7953   3.834752    32.6896  1024.6666      5.125     3.0966     -0.082  0.000e+00
     86.750 269.818782        348      5.061    12.7960   3.834537    32.6870  1024.6643      5.102     3.0311     -0.095  0.000e+00
     87.000 269.818785        349      5.039    12.7946   3.834082    32.6838  1024.6620      5.080     3.0587     -0.090  0.000e+00
     87.250 269.818788        350      5.021    12.7919   3.834082    32.6862  1024.6643      5.062     3.1794     -0.082  0.000e+00
     87.500 269.818791        351      5.006    12.7897   3.833961    32.6870  1024.6652      5.046     2.9952     -0.067  0.000e+00
     87.750 269.818793        352      4.998    12.7884   3.833659    32.6853  1024.6642      5.039     3.0665     -0.045  0.000e+00
     88.000 269.818796        353      4.998    12.7862   3.832916    32.6801  1024.6606      5.039     2.9676     -0.015  0.000e+00
     88.250 269.818799        354      5.007    12.7815   3.832420    32.6795  1024.6610      5.048     2.9841      0.017  0.000e+00
     88.500 269.818802        355      5.031    12.7765   3.832715    32.6866  1024.6676      5.072     3.0166      0.067  0.000e+00
     88.750 269.818805        356      5.064    12.7741   3.832989    32.6912  1024.6718      5.106     3.1633      0.116  0.000e+00
     89.000 269.818808        357      5.099    12.7733   3.831361    32.6765  1024.6607      5.140     3.0405      0.135  0.000e+00
     89.250 269.818811        358      5.124    12.7696   3.829244    32.6596  1024.6485      5.166     3.0356      0.120  0.000e+00
     89.500 269.818814        359      5.140    12.7562   3.827415    32.6537  1024.6466      5.182     3.0195      0.084  0.000e+00
     89.750 269.818817        360      5.138    12.7395   3.827844    32.6723  1024.6642      5.180     2.9993      0.028  0.000e+00
