Raw_Data/Cage/SBE19/2020-09-26_SBE19_008_041_processed.cnv
* Sea-Bird SBE19plus Data File:
* FileName = C:\cruises\2020_barkerboys\leg2\data\cage\SBE19\2020-09-25_SBE19_008_037041.hex
* Software Version 1.59
* Temperature SN =  4881
* Conductivity SN =  4881
* System UpLoad Time = Sep 26 2020 18:15:57
* ds
* SeacatPlus V 1.5  SERIAL NO. 4881    26 Sep 2020  18:11:53
# nquan = 12
# nvalues = 2091                                  
# units = specified
# name 0 = timeS: Time, Elapsed [seconds]
# name 1 = timeJ: Julian Days
# name 2 = scan: Scan Count
# name 3 = depSM: Depth [salt water, m], lat = 44.00
# name 4 = tv290C: Temperature [ITS-90, deg C]
# name 5 = c0S/m: Conductivity [S/m]
# name 6 = sal00: Salinity, Practical [PSU]
# name 7 = density00: Density [density, kg/m^3]
# name 8 = prdM: Pressure, Strain Gauge [db]
# name 9 = wetStar: Fluorescence, WET Labs WETstar [mg/m^3]
# name 10 = dz/dtM: Descent Rate [m/s]
# name 11 = flag:  0.000e+00
# span 0 =      0.000,    522.500                 
# span 1 = 270.605880, 270.611927                 
# span 2 =          1,       2091                 
# span 3 =      0.004,    131.324                 
# span 4 =    10.6455,    12.5126                 
# span 5 =   0.059399,   3.796015                 
# span 6 =     0.3868,    33.2081                 
# span 7 =   999.7709,  1026.0384                 
# span 8 =      0.004,    132.429                 
# span 9 =     0.1623,     2.3257                 
# span 10 =     -1.108,      1.206                
# span 11 = 0.0000e+00, 0.0000e+00                
# interval = seconds: 0.25
# start_time = Sep 26 2020 14:32:28 [Instrument's time stamp, header]
# bad_flag = -9.990e-29
*END*
[from data line 2046]
    511.500 270.611800       2047      0.012    12.4759   0.425668     3.0439  1001.8091      0.012     0.1858      0.004  0.000e+00
    511.750 270.611803       2048      0.010    12.4754   0.394722     2.8091  1001.6273      0.010     0.1875     -0.002  0.000e+00
    512.000 270.611806       2049      0.011    12.4748   0.382861     2.7195  1001.5579      0.011     0.1850     -0.002  0.000e+00
    512.250 270.611808       2050      0.012    12.4743   0.411682     2.9377  1001.7271      0.012     0.1908      0.004  0.000e+00
    512.500 270.611811       2051      0.009    12.4738   0.406423     2.8978  1001.6962      0.009     0.1899     -0.004  0.000e+00
    512.750 270.611814       2052      0.009    12.4732   0.369644     2.6199  1001.4810      0.009     0.1858     -0.006  0.000e+00
    513.000 270.611817       2053      0.012    12.4727   0.334275     2.3547  1001.2755      0.012     0.1854      0.006  0.000e+00
    513.250 270.611820       2054      0.014    12.4721   0.316325     2.2209  1001.1718      0.014     0.1829      0.011  0.000e+00
    513.500 270.611823       2055      0.009    12.4715   0.316956     2.2256  1001.1755      0.009     0.1862     -0.006  0.000e+00
    513.750 270.611826       2056      0.010    12.4708   0.333273     2.3473  1001.2700      0.010     0.1796     -0.009  0.000e+00
    514.000 270.611829       2057      0.012    12.4703   0.335789     2.3661  1001.2847      0.012     0.1776      0.006  0.000e+00
    514.250 270.611832       2058      0.011    12.4700   0.308540     2.1631  1001.1272      0.011     0.1842      0.002  0.000e+00
    514.500 270.611834       2059      0.012    12.4694   0.297386     2.0804  1001.0632      0.012     0.1834      0.000  0.000e+00
    514.750 270.611837       2060      0.012    12.4688   0.299381     2.0952  1001.0747      0.012     0.1821      0.002  0.000e+00
    515.000 270.611840       2061      0.011    12.4680   0.300242     2.1016  1001.0798      0.011     0.1846     -0.002  0.000e+00
    515.250 270.611843       2062      0.010    12.4675   0.287974     2.0108  1001.0094      0.010     0.1780     -0.004  0.000e+00
    515.500 270.611846       2063      0.012    12.4669   0.287419     2.0068  1001.0063      0.012     0.1735      0.002  0.000e+00
    515.750 270.611849       2064      0.008    12.4662   0.293786     2.0539  1001.0430      0.008     0.1698     -0.004  0.000e+00
    516.000 270.611852       2065      0.012    12.4656   0.294888     2.0621  1001.0494      0.012     0.1764      0.000  0.000e+00
    516.250 270.611855       2066      0.010    12.4651   0.283871     1.9807  1000.9863      0.010     0.1747      0.004  0.000e+00
    516.500 270.611858       2067      0.011    12.4646   0.267210     1.8579  1000.8911      0.011     0.1776     -0.002  0.000e+00
    516.750 270.611861       2068      0.012    12.4640   0.255816     1.7743  1000.8263      0.012     0.1780      0.004  0.000e+00
    517.000 270.611863       2069      0.010    12.4633   0.249330     1.7268  1000.7895      0.010     0.1801     -0.002  0.000e+00
    517.250 270.611866       2070      0.013    12.4628   0.242311     1.6755  1000.7498      0.013     0.1805      0.002  0.000e+00
    517.500 270.611869       2071      0.011    12.4621   0.239730     1.6567  1000.7352      0.011     0.1792      0.002  0.000e+00
    517.750 270.611872       2072      0.012    12.4615   0.235567     1.6264  1000.7118      0.012     0.1813     -0.002  0.000e+00
    518.000 270.611875       2073      0.011    12.4610   0.233862     1.6140  1000.7022      0.011     0.1801      0.000  0.000e+00
    518.250 270.611878       2074      0.010    12.4604   0.246659     1.7074  1000.7748      0.010     0.1747     -0.004  0.000e+00
    518.500 270.611881       2075      0.011    12.4599   0.250174     1.7331  1000.7949      0.011     0.1759     -0.000  0.000e+00
    518.750 270.611884       2076      0.011    12.4592   0.251976     1.7464  1000.8052      0.011     0.1805      0.002  0.000e+00
    519.000 270.611887       2077      0.012    12.4588   0.244626     1.6926  1000.7635      0.012     0.1796      0.002  0.000e+00
    519.250 270.611889       2078      0.010    12.4583   0.235071     1.6229  1000.7095      0.010     0.1788     -0.002  0.000e+00
    519.500 270.611892       2079      0.013    12.4577   0.224263     1.5443  1000.6485      0.013     0.1834      0.002  0.000e+00
    519.750 270.611895       2080      0.012    12.4572   0.217445     1.4948  1000.6101      0.012     0.1858      0.004  0.000e+00
    520.000 270.611898       2081      0.012    12.4566   0.210592     1.4452  1000.5717      0.012     0.1846     -0.002  0.000e+00
    520.250 270.611901       2082      0.012    12.4560   0.198165     1.3555  1000.5020      0.012     0.1829      0.000  0.000e+00
    520.500 270.611904       2083      0.010    12.4555   0.187270     1.2772  1000.4412      0.010     0.1784     -0.004  0.000e+00
    520.750 270.611907       2084      0.009    12.4550   0.188827     1.2884  1000.4500      0.009     0.1805     -0.006  0.000e+00
    521.000 270.611910       2085      0.009    12.4543   0.190875     1.3031  1000.4615      0.009     0.1788     -0.002  0.000e+00
    521.250 270.611913       2086      0.008    12.4539   0.204396     1.4005  1000.5373      0.008     0.1796     -0.002  0.000e+00
    521.500 270.611916       2087      0.009    12.4532   0.215068     1.4777  1000.5974      0.009     0.1764      0.000  0.000e+00
    521.750 270.611918       2088      0.013    12.4525   0.214744     1.4754  1000.5956      0.013     0.1813      0.011  0.000e+00
    522.000 270.611921       2089      0.009    12.4522   0.217425     1.4949  1000.6108      0.009     0.1784      0.000  0.000e+00
    522.250 270.611924       2090      0.010    12.4516   0.208827     1.4326  1000.5625      0.010     0.1788     -0.006  0.000e+00
    522.500 270.611927       2091      0.009    12.4511   0.197335     1.3497  1000.4981      0.009     0.1817     -0.000  0.000e+00
