Raw_Data/Cage/SBE19/2020-09-24_SBE19_006_026_processed.cnv
* Sea-Bird SBE19plus Data File:
* FileName = C:\cruises\2020_barkerboys\leg2\data\cage\SBE19\2020-09-25_SBE19_004_026.hex
* Software Version 1.59
* Temperature SN =  4881
* Conductivity SN =  4881
* System UpLoad Time = Sep 25 2020 12:46:04
* ds
* SeacatPlus V 1.5  SERIAL NO. 4881    25 Sep 2020  12:15:39
# nquan = 12
# nvalues = 2972                                  
# units = specified
# name 0 = timeS: Time, Elapsed [seconds]
# name 1 = timeJ: Julian Days
# name 2 = scan: Scan Count
# name 3 = depSM: Depth [salt water, m], lat = 44.00
# name 4 = tv290C: Temperature [ITS-90, deg C]
# name 5 = c0S/m: Conductivity [S/m]
# name 6 = sal00: Salinity, Practical [PSU]
# name 7 = density00: Density [density, kg/m^3]
# name 8 = prdM: Pressure, Strain Gauge [db]
# name 9 = wetStar: Fluorescence, WET Labs WETstar [mg/m^3]
# name 10 = dz/dtM: Descent Rate [m/s]
# name 11 = flag:  0.000e+00
# span 0 =      0.000,    742.750                 
# span 1 = 268.726273, 268.734870                 
# span 2 =          1,       2972                 
# span 3 =     -0.097,    168.637                 
# span 4 =     9.8262,    15.7959                 
# span 5 =   0.052578,   3.926497                 
# span 6 =     0.3130,    33.5450                 
# span 7 =   999.2349,  1026.6146                 
# span 8 =     -0.098,    170.072                 
# span 9 =     0.0882,     3.4010                 
# span 10 =     -1.392,      1.212                
# span 11 = 0.0000e+00, 0.0000e+00                
# interval = seconds: 0.25
# start_time = Sep 24 2020 17:25:50 [Instrument's time stamp, header]
# bad_flag = -9.990e-29
*END*
[from data line 1925]
    481.250 268.731843       1926    167.197     9.8284   3.658153    33.5440  1026.6076    168.618     0.1726     -0.752  0.000e+00
    481.500 268.731846       1927    167.029     9.8285   3.658087    33.5433  1026.6064    168.449     0.1570     -0.693  0.000e+00
    481.750 268.731849       1928    166.869     9.8283   3.658120    33.5439  1026.6062    168.288     0.1566     -0.660  0.000e+00
    482.000 268.731852       1929    166.713     9.8281   3.658061    33.5435  1026.6051    168.130     0.1628     -0.639  0.000e+00
    482.250 268.731855       1930    166.567     9.8280   3.658054    33.5437  1026.6046    167.983     0.1673     -0.611  0.000e+00
    482.500 268.731858       1931    166.423     9.8278   3.658021    33.5435  1026.6039    167.838     0.2159     -0.585  0.000e+00
    482.750 268.731861       1932    166.286     9.8278   3.658054    33.5440  1026.6036    167.700     0.2011     -0.566  0.000e+00
    483.000 268.731863       1933    166.155     9.8280   3.658054    33.5439  1026.6029    167.568     0.2118     -0.540  0.000e+00
    483.250 268.731866       1934    166.017     9.8280   3.658061    33.5440  1026.6024    167.428     0.1920     -0.544  0.000e+00
    483.500 268.731869       1935    165.870     9.8278   3.658054    33.5441  1026.6018    167.279     0.1545     -0.576  0.000e+00
    483.750 268.731872       1936    165.715     9.8278   3.657982    33.5435  1026.6006    167.124     0.2143     -0.609  0.000e+00
    484.000 268.731875       1937    165.553     9.8277   3.658054    33.5443  1026.6006    166.960     0.1595     -0.639  0.000e+00
    484.250 268.731878       1938    165.394     9.8278   3.658021    33.5440  1026.5995    166.800     0.1516     -0.647  0.000e+00
    484.500 268.731881       1939    165.245     9.8277   3.657981    33.5437  1026.5987    166.649     0.2489     -0.621  0.000e+00
    484.750 268.731884       1940    165.106     9.8276   3.658027    33.5444  1026.5986    166.509     0.1813     -0.583  0.000e+00
    485.000 268.731887       1941    164.976     9.8274   3.657981    33.5441  1026.5978    166.377     0.1537     -0.544  0.000e+00
    485.250 268.731889       1942    164.856     9.8277   3.657948    33.5436  1026.5969    166.257     0.1615     -0.503  0.000e+00
    485.500 268.731892       1943    164.738     9.8275   3.657948    33.5439  1026.5965    166.138     0.2769     -0.479  0.000e+00
    485.750 268.731895       1944    164.620     9.8274   3.657915    33.5437  1026.5959    166.018     0.1871     -0.477  0.000e+00
    486.000 268.731898       1945    164.490     9.8274   3.657948    33.5441  1026.5956    165.887     0.1483     -0.501  0.000e+00
    486.250 268.731901       1946    164.346     9.8273   3.657882    33.5435  1026.5945    165.742     0.1714     -0.553  0.000e+00
    486.500 268.731904       1947    164.192     9.8272   3.657948    33.5444  1026.5945    165.587     0.1537     -0.600  0.000e+00
    486.750 268.731907       1948    164.030     9.8271   3.657915    33.5442  1026.5936    165.424     0.1586     -0.636  0.000e+00
    487.000 268.731910       1949    163.862     9.8272   3.657849    33.5435  1026.5923    165.254     0.1463     -0.667  0.000e+00
    487.250 268.731913       1950    163.681     9.8271   3.657849    33.5437  1026.5916    165.071     0.1801     -0.705  0.000e+00
    487.500 268.731916       1951    163.491     9.8272   3.657955    33.5448  1026.5916    164.880     0.1673     -0.748  0.000e+00
    487.750 268.731918       1952    163.296     9.8273   3.657849    33.5437  1026.5898    164.683     0.1553     -0.776  0.000e+00
    488.000 268.731921       1953    163.098     9.8273   3.657882    33.5441  1026.5892    164.483     0.1871     -0.793  0.000e+00
    488.250 268.731924       1954    162.901     9.8272   3.657849    33.5439  1026.5883    164.284     0.1599     -0.798  0.000e+00
    488.500 268.731927       1955    162.699     9.8272   3.657849    33.5440  1026.5874    164.081     0.1599     -0.804  0.000e+00
    488.750 268.731930       1956    162.491     9.8272   3.657849    33.5441  1026.5865    163.871     0.1438     -0.826  0.000e+00
    489.000 268.731933       1957    162.276     9.8271   3.657776    33.5436  1026.5852    163.654     0.1426     -0.854  0.000e+00
    489.250 268.731936       1958    162.043     9.8271   3.657816    33.5441  1026.5844    163.418     0.1689     -0.905  0.000e+00
    489.500 268.731939       1959    161.802     9.8271   3.657783    33.5438  1026.5832    163.176     0.1776     -0.957  0.000e+00
    489.750 268.731942       1960    161.556     9.8270   3.657783    33.5440  1026.5822    162.927     0.1615     -0.983  0.000e+00
    490.000 268.731944       1961    161.317     9.8272   3.657816    33.5443  1026.5813    162.686     0.1706     -0.978  0.000e+00
    490.250 268.731947       1962    161.106     9.8271   3.657776    33.5441  1026.5802    162.474     0.1520     -0.907  0.000e+00
    490.500 268.731950       1963    160.941     9.8272   3.657717    33.5435  1026.5789    162.307     0.1731     -0.759  0.000e+00
    490.750 268.731953       1964    160.831     9.8272   3.657717    33.5435  1026.5785    162.196     0.1384     -0.555  0.000e+00
    491.000 268.731956       1965    160.762     9.8272   3.657783    33.5442  1026.5787    162.126     0.1574     -0.361  0.000e+00
    491.250 268.731959       1966    160.728     9.8272   3.657717    33.5436  1026.5780    162.092     0.1438     -0.209  0.000e+00
    491.500 268.731962       1967    160.701     9.8271   3.657717    33.5437  1026.5780    162.065     0.1562     -0.123  0.000e+00
    491.750 268.731965       1968    160.652     9.8269   3.657743    33.5441  1026.5782    162.015     0.1590     -0.153  0.000e+00
    492.000 268.731968       1969    160.576     9.8268   3.657651    33.5433  1026.5772    161.939     0.1459     -0.252  0.000e+00
    492.250 268.731970       1970    160.462     9.8269   3.657717    33.5439  1026.5771    161.824     0.1508     -0.383  0.000e+00
    492.500 268.731973       1971    160.313     9.8269   3.657749    33.5443  1026.5768    161.674     0.1516     -0.531  0.000e+00
    492.750 268.731976       1972    160.136     9.8272   3.657749    33.5441  1026.5758    161.495     0.1343     -0.658  0.000e+00
    493.000 268.731979       1973    159.943     9.8272   3.657684    33.5435  1026.5744    161.301     0.1409     -0.746  0.000e+00
    493.250 268.731982       1974    159.737     9.8275   3.657776    33.5443  1026.5741    161.092     0.1356     -0.806  0.000e+00
    493.500 268.731985       1975    159.526     9.8277   3.657749    33.5439  1026.5728    160.879     0.1409     -0.843  0.000e+00
    493.750 268.731988       1976    159.321     9.8279   3.657815    33.5445  1026.5723    160.673     0.1319     -0.839  0.000e+00
    494.000 268.731991       1977    159.124     9.8281   3.657815    33.5444  1026.5712    160.474     0.1508     -0.811  0.000e+00
    494.250 268.731994       1978    158.943     9.8286   3.657749    33.5434  1026.5695    160.291     0.1389     -0.763  0.000e+00
    494.500 268.731997       1979    158.771     9.8287   3.657815    33.5440  1026.5692    160.118     0.1525     -0.712  0.000e+00
    494.750 268.731999       1980    158.607     9.8291   3.657749    33.5431  1026.5677    159.952     0.1467     -0.677  0.000e+00
    495.000 268.732002       1981    158.445     9.8292   3.657749    33.5430  1026.5669    159.789     0.1364     -0.658  0.000e+00
    495.250 268.732005       1982    158.283     9.8292   3.657815    33.5438  1026.5667    159.626     0.1409     -0.653  0.000e+00
    495.500 268.732008       1983    158.115     9.8292   3.657749    33.5432  1026.5655    159.456     0.1364     -0.667  0.000e+00
    495.750 268.732011       1984    157.946     9.8295   3.657782    33.5434  1026.5648    159.286     0.1409     -0.679  0.000e+00
    496.000 268.732014       1985    157.775     9.8295   3.657709    33.5426  1026.5635    159.113     0.1368     -0.686  0.000e+00
    496.250 268.732017       1986    157.611     9.8295   3.657716    33.5428  1026.5629    158.947     0.1450     -0.677  0.000e+00
    496.500 268.732020       1987    157.448     9.8296   3.657683    33.5425  1026.5618    158.783     0.1393     -0.660  0.000e+00
    496.750 268.732023       1988    157.288     9.8293   3.657748    33.5435  1026.5619    158.621     0.1467     -0.651  0.000e+00
    497.000 268.732025       1989    157.121     9.8294   3.657683    33.5428  1026.5606    158.453     0.1269     -0.660  0.000e+00
    497.250 268.732028       1990    156.947     9.8295   3.657715    33.5431  1026.5601    158.277     0.1512     -0.688  0.000e+00
    497.500 268.732031       1991    156.749     9.8295   3.657709    33.5432  1026.5592    158.077     0.1286     -0.750  0.000e+00
    497.750 268.732034       1992    156.530     9.8295   3.657715    33.5433  1026.5583    157.857     0.1281     -0.841  0.000e+00
    498.000 268.732037       1993    156.293     9.8295   3.657682    33.5430  1026.5570    157.617     0.1339     -0.920  0.000e+00
    498.250 268.732040       1994    156.040     9.8295   3.657682    33.5432  1026.5559    157.362     0.1393     -0.989  0.000e+00
    498.500 268.732043       1995    155.790     9.8296   3.657649    33.5429  1026.5546    157.110     0.1331     -1.015  0.000e+00
    498.750 268.732046       1996    155.560     9.8295   3.657636    33.5429  1026.5535    156.878     0.1277     -0.969  0.000e+00
    499.000 268.732049       1997    155.365     9.8295   3.657649    33.5431  1026.5528    156.681     0.1360     -0.858  0.000e+00
    499.250 268.732052       1998    155.224     9.8295   3.657649    33.5432  1026.5522    156.539     0.1920     -0.677  0.000e+00
    499.500 268.732054       1999    155.139     9.8296   3.657583    33.5425  1026.5513    156.453     0.1430     -0.456  0.000e+00
    499.750 268.732057       2000    155.081     9.8294   3.657649    33.5434  1026.5517    156.395     0.1368     -0.288  0.000e+00
    500.000 268.732060       2001    155.042     9.8294   3.657616    33.5430  1026.5513    156.355     0.1426     -0.196  0.000e+00
    500.250 268.732063       2002    154.999     9.8294   3.657563    33.5425  1026.5507    156.312     0.1224     -0.166  0.000e+00
    500.500 268.732066       2003    154.947     9.8293   3.657412    33.5411  1026.5494    156.260     0.1265     -0.191  0.000e+00
    500.750 268.732069       2004    154.870     9.8292   3.657544    33.5425  1026.5502    156.182     0.1339     -0.260  0.000e+00
    501.000 268.732072       2005    154.760     9.8293   3.657583    33.5429  1026.5500    156.071     0.1389     -0.377  0.000e+00
    501.250 268.732075       2006    154.613     9.8295   3.657649    33.5435  1026.5497    155.923     0.1372     -0.518  0.000e+00
    501.500 268.732078       2007    154.419     9.8295   3.657583    33.5429  1026.5484    155.727     0.1319     -0.688  0.000e+00
    501.750 268.732080       2008    154.197     9.8296   3.657603    33.5431  1026.5475    155.503     0.1805     -0.841  0.000e+00
    502.000 268.732083       2009    153.948     9.8297   3.657543    33.5425  1026.5459    155.252     0.1393     -0.950  0.000e+00
    502.250 268.732086       2010    153.697     9.8297   3.657616    33.5434  1026.5454    154.998     0.1397     -1.008  0.000e+00
    502.500 268.732089       2011    153.455     9.8295   3.657615    33.5437  1026.5446    154.754     0.1743     -0.996  0.000e+00
    502.750 268.732092       2012    153.228     9.8295   3.657510    33.5427  1026.5427    154.525     0.1335     -0.946  0.000e+00
    503.000 268.732095       2013    153.031     9.8297   3.657563    33.5431  1026.5421    154.327     0.1380     -0.855  0.000e+00
    503.250 268.732098       2014    152.863     9.8296   3.657510    33.5428  1026.5411    154.158     0.1253     -0.735  0.000e+00
    503.500 268.732101       2015    152.726     9.8296   3.657582    33.5436  1026.5411    154.019     0.1286     -0.615  0.000e+00
    503.750 268.732104       2016    152.617     9.8297   3.657510    33.5428  1026.5400    153.909     0.2439     -0.497  0.000e+00
    504.000 268.732106       2017    152.516     9.8297   3.657543    33.5432  1026.5399    153.807     0.1487     -0.424  0.000e+00
    504.250 268.732109       2018    152.419     9.8297   3.657510    33.5429  1026.5391    153.709     0.1393     -0.400  0.000e+00
    504.500 268.732112       2019    152.305     9.8297   3.657497    33.5428  1026.5386    153.594     0.1520     -0.426  0.000e+00
    504.750 268.732115       2020    152.169     9.8297   3.657477    33.5427  1026.5379    153.457     0.1273     -0.505  0.000e+00
    505.000 268.732118       2021    152.005     9.8297   3.657510    33.5430  1026.5374    153.291     0.1335     -0.606  0.000e+00
    505.250 268.732121       2022    151.814     9.8298   3.657444    33.5423  1026.5360    153.099     0.1413     -0.716  0.000e+00
    505.500 268.732124       2023    151.598     9.8298   3.657477    33.5428  1026.5353    152.881     0.1512     -0.821  0.000e+00
    505.750 268.732127       2024    151.363     9.8298   3.657496    33.5431  1026.5345    152.644     0.1331     -0.909  0.000e+00
    506.000 268.732130       2025    151.114     9.8298   3.657477    33.5430  1026.5333    152.393     0.1356     -0.976  0.000e+00
    506.250 268.732133       2026    150.858     9.8299   3.657476    33.5430  1026.5321    152.135     0.1253     -1.019  0.000e+00
    506.500 268.732135       2027    150.614     9.8300   3.657509    33.5434  1026.5313    151.888     0.1422     -1.008  0.000e+00
    506.750 268.732138       2028    150.386     9.8299   3.657410    33.5426  1026.5296    151.659     0.1483     -0.952  0.000e+00
    507.000 268.732141       2029    150.180     9.8301   3.657410    33.5425  1026.5286    151.451     0.1277     -0.875  0.000e+00
    507.250 268.732144       2030    150.003     9.8300   3.657496    33.5435  1026.5286    151.272     0.1286     -0.772  0.000e+00
    507.500 268.732147       2031    149.861     9.8300   3.657410    33.5428  1026.5274    151.128     0.1335     -0.645  0.000e+00
    507.750 268.732150       2032    149.756     9.8299   3.657410    33.5429  1026.5270    151.023     0.2723     -0.499  0.000e+00
    508.000 268.732153       2033    149.677     9.8297   3.657410    33.5431  1026.5268    150.943     0.1516     -0.370  0.000e+00
    508.250 268.732156       2034    149.595     9.8297   3.657377    33.5428  1026.5262    150.861     0.1607     -0.325  0.000e+00
    508.500 268.732159       2035    149.502     9.8297   3.657377    33.5429  1026.5258    150.766     0.2423     -0.355  0.000e+00
    508.750 268.732161       2036    149.378     9.8298   3.657423    33.5432  1026.5255    150.641     0.1731     -0.439  0.000e+00
    509.000 268.732164       2037    149.214     9.8298   3.657410    33.5432  1026.5247    150.476     0.1438     -0.580  0.000e+00
    509.250 268.732167       2038    149.007     9.8298   3.657344    33.5426  1026.5234    150.267     0.2262     -0.748  0.000e+00
    509.500 268.732170       2039    148.788     9.8301   3.657344    33.5425  1026.5222    150.046     0.1450     -0.860  0.000e+00
    509.750 268.732173       2040    148.561     9.8298   3.657344    33.5428  1026.5215    149.817     0.1446     -0.901  0.000e+00
    510.000 268.732176       2041    148.352     9.8300   3.657351    33.5428  1026.5205    149.606     0.1776     -0.879  0.000e+00
    510.250 268.732179       2042    148.157     9.8299   3.657410    33.5436  1026.5202    149.410     0.1380     -0.815  0.000e+00
    510.500 268.732182       2043    147.992     9.8300   3.657344    33.5429  1026.5190    149.243     0.1339     -0.727  0.000e+00
    510.750 268.732185       2044    147.858     9.8300   3.657311    33.5426  1026.5181    149.109     0.1405     -0.602  0.000e+00
    511.000 268.732188       2045    147.743     9.8301   3.655404    33.5231  1026.5023    148.993     0.1253     -0.501  0.000e+00
