Raw_Data/Cage/SBE19/2020-09-21_SBE19_005_018_processed.cnv
* Sea-Bird SBE19plus Data File:
* FileName = C:\cruises\2020_barkerboys\leg2\data\cage\SBE19\2020-09-25_SBE19_004_018.hex
* Software Version 1.59
* Temperature SN =  4881
* Conductivity SN =  4881
* System UpLoad Time = Sep 25 2020 12:37:22
* ds
* SeacatPlus V 1.5  SERIAL NO. 4881    25 Sep 2020  12:15:39
# nquan = 12
# nvalues = 3193                                  
# units = specified
# name 0 = timeS: Time, Elapsed [seconds]
# name 1 = timeJ: Julian Days
# name 2 = scan: Scan Count
# name 3 = depSM: Depth [salt water, m], lat = 44.00
# name 4 = tv290C: Temperature [ITS-90, deg C]
# name 5 = c0S/m: Conductivity [S/m]
# name 6 = sal00: Salinity, Practical [PSU]
# name 7 = density00: Density [density, kg/m^3]
# name 8 = prdM: Pressure, Strain Gauge [db]
# name 9 = wetStar: Fluorescence, WET Labs WETstar [mg/m^3]
# name 10 = dz/dtM: Descent Rate [m/s]
# name 11 = flag:  0.000e+00
# span 0 =      0.000,    798.000                 
# span 1 = 265.610104, 265.619340                 
# span 2 =          1,       3193                 
# span 3 =      0.160,    171.983                 
# span 4 =     9.8261,    13.2594                 
# span 5 =   0.050411,   3.861743                 
# span 6 =     0.3326,    33.5412                 
# span 7 =   999.8130,  1026.6272                 
# span 8 =      0.161,    173.447                 
# span 9 =     0.1022,     3.3977                 
# span 10 =     -1.590,      1.240                
# span 11 = 0.0000e+00, 0.0000e+00                
# interval = seconds: 0.25
# start_time = Sep 21 2020 14:38:33 [Instrument's time stamp, header]
# bad_flag = -9.990e-29
*END*
[from data line 843]
    210.750 265.612543        844     26.618    11.7006   3.747671    32.8008  1025.0579     26.835     0.4878      0.226  0.000e+00
    211.000 265.612546        845     26.730    11.7033   3.747605    32.7977  1025.0555     26.948     0.4928      0.376  0.000e+00
    211.250 265.612549        846     26.897    11.7048   3.747293    32.7933  1025.0525     27.117     0.4730      0.563  0.000e+00
    211.500 265.612552        847     27.106    11.7043   3.747087    32.7916  1025.0523     27.327     0.4722      0.758  0.000e+00
    211.750 265.612555        848     27.315    11.7017   3.745852    32.7817  1025.0460     27.537     0.4919      0.842  0.000e+00
    212.000 265.612558        849     27.517    11.6939   3.745819    32.7882  1025.0534     27.741     0.4738      0.829  0.000e+00
    212.250 265.612561        850     27.703    11.6873   3.745713    32.7930  1025.0592     27.929     0.4713      0.784  0.000e+00
    212.500 265.612564        851     27.847    11.6829   3.745779    32.7974  1025.0641     28.074     0.4590      0.666  0.000e+00
    212.750 265.612567        852     27.960    11.6809   3.745885    32.8002  1025.0672     28.188     0.5480      0.518  0.000e+00
    213.000 265.612569        853     28.063    11.6805   3.745852    32.8002  1025.0677     28.292     0.4816      0.436  0.000e+00
    213.250 265.612572        854     28.153    11.6806   3.746025    32.8018  1025.0693     28.383     0.4697      0.389  0.000e+00
    213.500 265.612575        855     28.244    11.6811   3.746091    32.8019  1025.0697     28.475     0.4643      0.365  0.000e+00
    213.750 265.612578        856     28.339    11.6822   3.746158    32.8015  1025.0697     28.570     0.4676      0.376  0.000e+00
    214.000 265.612581        857     28.450    11.6833   3.746058    32.7996  1025.0684     28.682     0.4907      0.414  0.000e+00
    214.250 265.612584        858     28.576    11.6835   3.746091    32.7997  1025.0691     28.809     0.4713      0.477  0.000e+00
    214.500 265.612587        859     28.716    11.6839   3.746091    32.7993  1025.0693     28.951     0.4771      0.537  0.000e+00
    214.750 265.612590        860     28.865    11.6839   3.745985    32.7981  1025.0691     29.101     0.4672      0.584  0.000e+00
    215.000 265.612593        861     29.004    11.6830   3.745819    32.7972  1025.0692     29.240     0.4701      0.580  0.000e+00
    215.250 265.612595        862     29.148    11.6817   3.745680    32.7970  1025.0700     29.385     0.4755      0.569  0.000e+00
    215.500 265.612598        863     29.281    11.6803   3.745713    32.7985  1025.0720     29.520     0.4676      0.558  0.000e+00
    215.750 265.612601        864     29.407    11.6792   3.745574    32.7981  1025.0724     29.647     0.4944      0.524  0.000e+00
    216.000 265.612604        865     29.541    11.6780   3.745574    32.7991  1025.0740     29.782     0.4718      0.524  0.000e+00
    216.250 265.612607        866     29.682    11.6774   3.745780    32.8015  1025.0767     29.925     0.4693      0.554  0.000e+00
    216.500 265.612610        867     29.833    11.6779   3.745886    32.8021  1025.0777     30.077     0.4680      0.591  0.000e+00
    216.750 265.612613        868     29.986    11.6792   3.745780    32.7998  1025.0764     30.231     0.4615      0.612  0.000e+00
    217.000 265.612616        869     30.122    11.6798   3.745747    32.7989  1025.0762     30.368     0.4680      0.582  0.000e+00
    217.250 265.612619        870     30.237    11.6796   3.745747    32.7990  1025.0768     30.484     0.4602      0.507  0.000e+00
    217.500 265.612622        871     30.319    11.6794   3.746059    32.8023  1025.0797     30.567     0.4919      0.397  0.000e+00
    217.750 265.612624        872     30.373    11.6799   3.746026    32.8014  1025.0792     30.621     0.4726      0.275  0.000e+00
    218.000 265.612627        873     30.400    11.6809   3.746232    32.8026  1025.0801     30.648     0.4668      0.163  0.000e+00
    218.250 265.612630        874     30.431    11.6816   3.745953    32.7992  1025.0775     30.679     0.4631      0.116  0.000e+00
    218.500 265.612633        875     30.483    11.6814   3.745853    32.7984  1025.0771     30.732     0.4796      0.168  0.000e+00
    218.750 265.612636        876     30.576    11.6808   3.745647    32.7969  1025.0765     30.825     0.5863      0.292  0.000e+00
    219.000 265.612639        877     30.717    11.6792   3.745295    32.7948  1025.0758     30.968     0.4713      0.472  0.000e+00
    219.250 265.612642        878     30.907    11.6765   3.744784    32.7921  1025.0751     31.159     0.4676      0.668  0.000e+00
    219.500 265.612645        879     31.113    11.6720   3.744512    32.7933  1025.0778     31.367     0.4631      0.797  0.000e+00
    219.750 265.612648        880     31.311    11.6680   3.744479    32.7965  1025.0819     31.566     0.4660      0.814  0.000e+00
    220.000 265.612650        881     31.497    11.6650   3.744406    32.7984  1025.0847     31.754     0.4565      0.775  0.000e+00
    220.250 265.612653        882     31.646    11.6630   3.744373    32.7997  1025.0868     31.905     0.4647      0.676  0.000e+00
    220.500 265.612656        883     31.750    11.6618   3.744406    32.8010  1025.0885     32.010     0.4454      0.511  0.000e+00
    220.750 265.612659        884     31.820    11.6613   3.744446    32.8019  1025.0896     32.080     0.4483      0.350  0.000e+00
    221.000 265.612662        885     31.859    11.6615   3.744579    32.8030  1025.0906     32.119     0.4676      0.219  0.000e+00
    221.250 265.612665        886     31.884    11.6621   3.744891    32.8055  1025.0926     32.144     0.4730      0.129  0.000e+00
    221.500 265.612668        887     31.913    11.6635   3.744785    32.8032  1025.0907     32.174     0.4623      0.110  0.000e+00
    221.750 265.612671        888     31.978    11.6645   3.744752    32.8020  1025.0898     32.240     0.4676      0.191  0.000e+00
    222.000 265.612674        889     32.071    11.6651   3.744785    32.8017  1025.0899     32.333     0.4462      0.318  0.000e+00
    222.250 265.612677        890     32.200    11.6652   3.744685    32.8006  1025.0896     32.463     0.4520      0.447  0.000e+00
    222.500 265.612679        891     32.358    11.6645   3.744307    32.7975  1025.0880     32.622     0.4462      0.578  0.000e+00
    222.750 265.612682        892     32.518    11.6626   3.743895    32.7950  1025.0872     32.784     0.4586      0.642  0.000e+00
    223.000 265.612685        893     32.663    11.6590   3.743723    32.7965  1025.0897     32.930     0.6254      0.616  0.000e+00
    223.250 265.612688        894     32.791    11.6552   3.743789    32.8005  1025.0940     33.059     0.4676      0.550  0.000e+00
    223.500 265.612691        895     32.900    11.6529   3.743517    32.7998  1025.0944     33.169     0.4483      0.477  0.000e+00
    223.750 265.612694        896     32.985    11.6513   3.743690    32.8029  1025.0975     33.254     0.4421      0.391  0.000e+00
    224.000 265.612697        897     33.050    11.6505   3.743789    32.8045  1025.0992     33.320     0.4474      0.303  0.000e+00
    224.250 265.612700        898     33.086    11.6508   3.744168    32.8079  1025.1020     33.356     0.4450      0.204  0.000e+00
    224.500 265.612703        899     33.103    11.6525   3.743896    32.8038  1025.0985     33.374     0.4466      0.107  0.000e+00
    224.750 265.612705        900     33.130    11.6531   3.743896    32.8032  1025.0981     33.401     0.4470      0.088  0.000e+00
    225.000 265.612708        901     33.181    11.6526   3.743723    32.8020  1025.0974     33.452     0.4952      0.157  0.000e+00
    225.250 265.612711        902     33.262    11.6518   3.743617    32.8016  1025.0976     33.534     0.5175      0.266  0.000e+00
    225.500 265.612714        903     33.382    11.6509   3.743690    32.8031  1025.0995     33.655     0.4499      0.406  0.000e+00
    225.750 265.612717        904     33.528    11.6504   3.743205    32.7987  1025.0969     33.802     0.4277      0.537  0.000e+00
    226.000 265.612720        905     33.686    11.6483   3.742621    32.7948  1025.0950     33.961     0.4301      0.612  0.000e+00
    226.250 265.612723        906     33.818    11.6433   3.742728    32.8001  1025.1006     34.094     0.4540      0.584  0.000e+00
    226.500 265.612726        907     33.942    11.6395   3.742728    32.8035  1025.1045     34.220     0.4380      0.518  0.000e+00
    226.750 265.612729        908     34.056    11.6377   3.742661    32.8044  1025.1060     34.335     0.4565      0.481  0.000e+00
    227.000 265.612731        909     34.166    11.6364   3.742622    32.8051  1025.1073     34.445     0.4672      0.451  0.000e+00
    227.250 265.612734        910     34.267    11.6360   3.742728    32.8065  1025.1089     34.547     0.4911      0.425  0.000e+00
    227.500 265.612737        911     34.378    11.6361   3.742867    32.8077  1025.1104     34.659     0.4870      0.427  0.000e+00
    227.750 265.612740        912     34.507    11.6363   3.742901    32.8078  1025.1110     34.789     0.4577      0.483  0.000e+00
    228.000 265.612743        913     34.647    11.6365   3.742794    32.8065  1025.1106     34.931     0.4520      0.543  0.000e+00
    228.250 265.612746        914     34.803    11.6370   3.742761    32.8057  1025.1106     35.088     0.4330      0.597  0.000e+00
    228.500 265.612749        915     34.963    11.6375   3.742794    32.8055  1025.1111     35.249     0.4334      0.636  0.000e+00
    228.750 265.612752        916     35.098    11.6369   3.742489    32.8030  1025.1098     35.385     0.4540      0.595  0.000e+00
    229.000 265.612755        917     35.202    11.6350   3.742489    32.8046  1025.1119     35.490     0.4376      0.483  0.000e+00
    229.250 265.612758        918     35.287    11.6335   3.742489    32.8059  1025.1136     35.575     0.4413      0.380  0.000e+00
    229.500 265.612760        919     35.344    11.6326   3.742589    32.8076  1025.1153     35.633     0.4413      0.286  0.000e+00
    229.750 265.612763        920     35.398    11.6329   3.742795    32.8094  1025.1169     35.688     0.4211      0.225  0.000e+00
    230.000 265.612766        921     35.457    11.6340   3.742828    32.8087  1025.1164     35.747     0.4619      0.228  0.000e+00
    230.250 265.612769        922     35.526    11.6352   3.742934    32.8086  1025.1165     35.817     0.4656      0.258  0.000e+00
    230.500 265.612772        923     35.619    11.6361   3.742901    32.8075  1025.1158     35.910     0.4713      0.327  0.000e+00
    230.750 265.612775        924     35.743    11.6365   3.742781    32.8059  1025.1151     36.036     0.4421      0.438  0.000e+00
    231.000 265.612778        925     35.901    11.6364   3.742622    32.8043  1025.1146     36.195     0.4314      0.569  0.000e+00
    231.250 265.612781        926     36.096    11.6352   3.742178    32.8010  1025.1131     36.391     0.4273      0.711  0.000e+00
    231.500 265.612784        927     36.280    11.6318   3.742144    32.8036  1025.1166     36.577     0.4512      0.765  0.000e+00
    231.750 265.612786        928     36.467    11.6285   3.742251    32.8075  1025.1211     36.765     0.4355      0.747  0.000e+00
    232.000 265.612789        929     36.653    11.6270   3.742145    32.8078  1025.1224     36.953     0.4565      0.752  0.000e+00
    232.250 265.612792        930     36.815    11.6263   3.742284    32.8097  1025.1248     37.116     0.4421      0.702  0.000e+00
    232.500 265.612795        931     36.951    11.6261   3.742251    32.8095  1025.1253     37.254     0.4392      0.601  0.000e+00
    232.750 265.612798        932     37.056    11.6263   3.742317    32.8099  1025.1261     37.359     0.4363      0.485  0.000e+00
    233.000 265.612801        933     37.137    11.6261   3.742284    32.8096  1025.1263     37.440     0.4503      0.374  0.000e+00
    233.250 265.612804        934     37.194    11.6261   3.742317    32.8099  1025.1267     37.498     0.4441      0.279  0.000e+00
    233.500 265.612807        935     37.245    11.6263   3.742490    32.8114  1025.1281     37.550     0.4330      0.219  0.000e+00
    233.750 265.612810        936     37.308    11.6271   3.742457    32.8104  1025.1274     37.613     0.4400      0.230  0.000e+00
    234.000 265.612813        937     37.402    11.6275   3.742384    32.8093  1025.1269     37.708     0.4421      0.316  0.000e+00
    234.250 265.612815        938     37.536    11.6275   3.742284    32.8083  1025.1268     37.843     0.4314      0.460  0.000e+00
    234.500 265.612818        939     37.710    11.6272   3.742251    32.8081  1025.1275     38.018     0.4334      0.621  0.000e+00
    234.750 265.612821        940     37.903    11.6261   3.741355    32.8003  1025.1225     38.214     0.4413      0.741  0.000e+00
    235.000 265.612824        941     38.093    11.6207   3.741050    32.8020  1025.1257     38.405     0.4301      0.773  0.000e+00
    235.250 265.612827        942     38.274    11.6142   3.740878    32.8060  1025.1307     38.587     0.4314      0.747  0.000e+00
    235.500 265.612830        943     38.443    11.6093   3.740639    32.8079  1025.1339     38.758     0.4211      0.707  0.000e+00
    235.750 265.612833        944     38.587    11.6055   3.741050    32.8153  1025.1410     38.903     0.4499      0.631  0.000e+00
    236.000 265.612836        945     38.733    11.6044   3.741011    32.8157  1025.1422     39.050     0.5509      0.584  0.000e+00
    236.250 265.612839        946     38.866    11.6046   3.740978    32.8152  1025.1424     39.184     0.4503      0.563  0.000e+00
    236.500 265.612841        947     38.997    11.6046   3.741011    32.8155  1025.1432     39.316     0.4376      0.533  0.000e+00
    236.750 265.612844        948     39.128    11.6048   3.741084    32.8160  1025.1442     39.449     0.4421      0.528  0.000e+00
    237.000 265.612847        949     39.252    11.6049   3.741051    32.8155  1025.1443     39.573     0.4289      0.513  0.000e+00
    237.250 265.612850        950     39.379    11.6054   3.741117    32.8157  1025.1449     39.701     0.4355      0.505  0.000e+00
    237.500 265.612853        951     39.507    11.6058   3.741117    32.8152  1025.1451     39.831     0.4388      0.516  0.000e+00
    237.750 265.612856        952     39.636    11.6064   3.741257    32.8160  1025.1462     39.961     0.4392      0.520  0.000e+00
    238.000 265.612859        953     39.779    11.6071   3.741323    32.8160  1025.1467     40.105     0.4330      0.548  0.000e+00
    238.250 265.612862        954     39.941    11.6075   3.741150    32.8138  1025.1457     40.268     0.4227      0.614  0.000e+00
    238.500 265.612865        955     40.136    11.6070   3.739604    32.7992  1025.1353     40.465     0.4293      0.720  0.000e+00
    238.750 265.612867        956     40.361    11.5988   3.737176    32.7826  1025.1250     40.691     0.4285      0.846  0.000e+00
    239.000 265.612870        957     40.590    11.5773   3.735564    32.7857  1025.1323     40.922     0.4203      0.915  0.000e+00
    239.250 265.612873        958     40.820    11.5523   3.735253    32.8047  1025.1527     41.154     0.4273      0.926  0.000e+00
    239.500 265.612876        959     41.040    11.5342   3.735220    32.8204  1025.1692     41.376     0.4231      0.909  0.000e+00
    239.750 265.612879        960     41.239    11.5237   3.734637    32.8239  1025.1747     41.577     0.4293      0.846  0.000e+00
    240.000 265.612882        961     41.392    11.5152   3.734776    32.8327  1025.1838     41.731     0.4421      0.709  0.000e+00
    240.250 265.612885        962     41.510    11.5101   3.735121    32.8406  1025.1915     41.850     0.4297      0.546  0.000e+00
