Raw_Data/Cage/SBE19/2020-09-21_SBE19_005_018_processed.cnv
* Sea-Bird SBE19plus Data File:
* FileName = C:\cruises\2020_barkerboys\leg2\data\cage\SBE19\2020-09-25_SBE19_004_018.hex
* Software Version 1.59
* Temperature SN =  4881
* Conductivity SN =  4881
* System UpLoad Time = Sep 25 2020 12:37:22
* ds
* SeacatPlus V 1.5  SERIAL NO. 4881    25 Sep 2020  12:15:39
# nquan = 12
# nvalues = 3193                                  
# units = specified
# name 0 = timeS: Time, Elapsed [seconds]
# name 1 = timeJ: Julian Days
# name 2 = scan: Scan Count
# name 3 = depSM: Depth [salt water, m], lat = 44.00
# name 4 = tv290C: Temperature [ITS-90, deg C]
# name 5 = c0S/m: Conductivity [S/m]
# name 6 = sal00: Salinity, Practical [PSU]
# name 7 = density00: Density [density, kg/m^3]
# name 8 = prdM: Pressure, Strain Gauge [db]
# name 9 = wetStar: Fluorescence, WET Labs WETstar [mg/m^3]
# name 10 = dz/dtM: Descent Rate [m/s]
# name 11 = flag:  0.000e+00
# span 0 =      0.000,    798.000                 
# span 1 = 265.610104, 265.619340                 
# span 2 =          1,       3193                 
# span 3 =      0.160,    171.983                 
# span 4 =     9.8261,    13.2594                 
# span 5 =   0.050411,   3.861743                 
# span 6 =     0.3326,    33.5412                 
# span 7 =   999.8130,  1026.6272                 
# span 8 =      0.161,    173.447                 
# span 9 =     0.1022,     3.3977                 
# span 10 =     -1.590,      1.240                
# span 11 = 0.0000e+00, 0.0000e+00                
# interval = seconds: 0.25
# start_time = Sep 21 2020 14:38:33 [Instrument's time stamp, header]
# bad_flag = -9.990e-29
*END*
      0.000 265.610104          1      0.170    11.5249   0.055644     0.3685   999.8417      0.171     0.1401      0.000  0.000e+00
      0.250 265.610107          2      0.168    11.5252   0.055644     0.3685   999.8416      0.169     0.1471     -0.004  0.000e+00
      0.500 265.610110          3      0.168    11.5255   0.055657     0.3686   999.8417      0.169     0.1459     -0.004  0.000e+00
      0.750 265.610113          4      0.170    11.5256   0.055682     0.3687   999.8418      0.171     0.1467      0.004  0.000e+00
      1.000 265.610116          5      0.168    11.5260   0.055688     0.3688   999.8418      0.169     0.1492      0.000  0.000e+00
      1.250 265.610119          6      0.169    11.5261   0.055682     0.3687   999.8417      0.170     0.1475     -0.002  0.000e+00
      1.500 265.610122          7      0.170    11.5263   0.055657     0.3686   999.8416      0.171     0.1529      0.004  0.000e+00
      1.750 265.610124          8      0.168    11.5265   0.055597     0.3681   999.8412      0.169     0.1496     -0.002  0.000e+00
      2.000 265.610127          9      0.171    11.5268   0.055531     0.3677   999.8409      0.172     0.1541      0.002  0.000e+00
      2.250 265.610130         10      0.168    11.5270   0.055478     0.3673   999.8405      0.169     0.1533     -0.000  0.000e+00
      2.500 265.610133         11      0.168    11.5272   0.055434     0.3670   999.8403      0.169     0.1553     -0.006  0.000e+00
      2.750 265.610136         12      0.169    11.5276   0.055396     0.3667   999.8400      0.170     0.1545      0.002  0.000e+00
      3.000 265.610139         13      0.169    11.5278   0.055368     0.3666   999.8399      0.170     0.1516      0.002  0.000e+00
      3.250 265.610142         14      0.170    11.5279   0.055358     0.3665   999.8398      0.171     0.1520      0.002  0.000e+00
      3.500 265.610145         15      0.170    11.5284   0.055352     0.3664   999.8397      0.171     0.1525      0.002  0.000e+00
      3.750 265.610148         16      0.171    11.5285   0.055349     0.3664   999.8397      0.172     0.1541      0.002  0.000e+00
      4.000 265.610150         17      0.169    11.5288   0.055336     0.3663   999.8396      0.170     0.1562     -0.002  0.000e+00
      4.250 265.610153         18      0.170    11.5290   0.055320     0.3662   999.8395      0.171     0.1558     -0.002  0.000e+00
      4.500 265.610156         19      0.170    11.5293   0.055276     0.3659   999.8392      0.171     0.1566      0.002  0.000e+00
      4.750 265.610159         20      0.171    11.5297   0.055229     0.3656   999.8389      0.173     0.1553      0.002  0.000e+00
      5.000 265.610162         21      0.169    11.5299   0.055204     0.3654   999.8387      0.170     0.1541     -0.002  0.000e+00
      5.250 265.610165         22      0.169    11.5300   0.055172     0.3652   999.8386      0.170     0.1549     -0.004  0.000e+00
      5.500 265.610168         23      0.168    11.5302   0.055154     0.3651   999.8384      0.169     0.1541     -0.002  0.000e+00
      5.750 265.610171         24      0.168    11.5304   0.055135     0.3649   999.8383      0.169     0.1566     -0.002  0.000e+00
      6.000 265.610174         25      0.168    11.5307   0.055113     0.3648   999.8382      0.169     0.1578      0.000  0.000e+00
      6.250 265.610177         26      0.167    11.5309   0.055110     0.3648   999.8381      0.168     0.1558     -0.002  0.000e+00
      6.500 265.610179         27      0.169    11.5311   0.055081     0.3646   999.8379      0.170     0.1595      0.002  0.000e+00
      6.750 265.610182         28      0.170    11.5314   0.055053     0.3644   999.8378      0.171     0.1599      0.006  0.000e+00
      7.000 265.610185         29      0.169    11.5315   0.055031     0.3642   999.8376      0.170     0.1562      0.000  0.000e+00
      7.250 265.610188         30      0.170    11.5317   0.055006     0.3640   999.8375      0.171     0.1566      0.000  0.000e+00
      7.500 265.610191         31      0.169    11.5321   0.054990     0.3639   999.8373      0.170     0.1582     -0.000  0.000e+00
      7.750 265.610194         32      0.169    11.5323   0.054971     0.3638   999.8372      0.170     0.1570     -0.002  0.000e+00
      8.000 265.610197         33      0.170    11.5326   0.054940     0.3636   999.8370      0.171     0.1558      0.002  0.000e+00
      8.250 265.610200         34      0.169    11.5328   0.054933     0.3635   999.8369      0.170     0.1562     -0.000  0.000e+00
      8.500 265.610203         35      0.169    11.5330   0.054908     0.3634   999.8368      0.170     0.1549     -0.002  0.000e+00
      8.750 265.610205         36      0.169    11.5333   0.054877     0.3631   999.8366      0.170     0.1545      0.000  0.000e+00
      9.000 265.610208         37      0.168    11.5336   0.054867     0.3631   999.8365      0.169     0.1537     -0.002  0.000e+00
      9.250 265.610211         38      0.168    11.5338   0.054848     0.3629   999.8364      0.169     0.1549     -0.002  0.000e+00
      9.500 265.610214         39      0.170    11.5340   0.054801     0.3626   999.8361      0.171     0.1570      0.004  0.000e+00
      9.750 265.610217         40      0.169    11.5343   0.054767     0.3624   999.8359      0.170     0.1566      0.002  0.000e+00
     10.000 265.610220         41      0.169    11.5344   0.054735     0.3622   999.8357      0.170     0.1570     -0.002  0.000e+00
     10.250 265.610223         42      0.170    11.5348   0.054710     0.3620   999.8355      0.171     0.1582      0.002  0.000e+00
     10.500 265.610226         43      0.168    11.5350   0.054685     0.3618   999.8354      0.169     0.1558     -0.002  0.000e+00
     10.750 265.610229         44      0.167    11.5352   0.054666     0.3617   999.8352      0.168     0.1599     -0.006  0.000e+00
     11.000 265.610231         45      0.170    11.5354   0.054653     0.3616   999.8352      0.171     0.1590      0.004  0.000e+00
     11.250 265.610234         46      0.170    11.5355   0.054628     0.3614   999.8350      0.171     0.1574      0.006  0.000e+00
     11.500 265.610237         47      0.168    11.5359   0.054597     0.3612   999.8348      0.169     0.1541     -0.004  0.000e+00
     11.750 265.610240         48      0.168    11.5362   0.054543     0.3608   999.8345      0.169     0.1603     -0.004  0.000e+00
     12.000 265.610243         49      0.168    11.5364   0.054496     0.3605   999.8342      0.169     0.1558      0.000  0.000e+00
     12.250 265.610246         50      0.170    11.5366   0.054462     0.3603   999.8340      0.171     0.1595      0.004  0.000e+00
     12.500 265.610249         51      0.170    11.5369   0.054433     0.3601   999.8338      0.171     0.1578      0.004  0.000e+00
     12.750 265.610252         52      0.167    11.5371   0.054433     0.3601   999.8338      0.168     0.1574     -0.006  0.000e+00
     13.000 265.610255         53      0.170    11.5372   0.054433     0.3601   999.8338      0.171     0.1553      0.000  0.000e+00
     13.250 265.610258         54      0.169    11.5376   0.054443     0.3601   999.8338      0.170     0.1533      0.004  0.000e+00
     13.500 265.610260         55      0.170    11.5378   0.054440     0.3601   999.8337      0.171     0.1582      0.000  0.000e+00
     13.750 265.610263         56      0.169    11.5381   0.054433     0.3601   999.8336      0.170     0.1595      0.000  0.000e+00
     14.000 265.610266         57      0.169    11.5383   0.054408     0.3599   999.8335      0.170     0.1586     -0.002  0.000e+00
     14.250 265.610269         58      0.170    11.5386   0.054414     0.3599   999.8335      0.172     0.1562      0.002  0.000e+00
     14.500 265.610272         59      0.172    11.5390   0.054386     0.3597   999.8333      0.174     0.1615      0.006  0.000e+00
     14.750 265.610275         60      0.169    11.5391   0.054333     0.3594   999.8330      0.170     0.1578     -0.002  0.000e+00
     15.000 265.610278         61      0.170    11.5394   0.054304     0.3592   999.8328      0.171     0.1595     -0.004  0.000e+00
     15.250 265.610281         62      0.170    11.5396   0.054285     0.3590   999.8327      0.171     0.1603      0.002  0.000e+00
     15.500 265.610284         63      0.168    11.5398   0.054257     0.3588   999.8325      0.169     0.1574     -0.004  0.000e+00
     15.750 265.610286         64      0.169    11.5398   0.054276     0.3590   999.8326      0.170     0.1586     -0.002  0.000e+00
     16.000 265.610289         65      0.169    11.5401   0.054285     0.3590   999.8326      0.170     0.1603      0.002  0.000e+00
     16.250 265.610292         66      0.169    11.5403   0.054301     0.3591   999.8327      0.170     0.1607     -0.000  0.000e+00
     16.500 265.610295         67      0.169    11.5405   0.054295     0.3591   999.8326      0.170     0.1566 9.4739e-15  0.000e+00
     16.750 265.610298         68      0.169    11.5407   0.054251     0.3588   999.8324      0.170     0.1566      0.000  0.000e+00
     17.000 265.610301         69      0.168    11.5409   0.054223     0.3586   999.8322      0.169     0.1628     -0.002  0.000e+00
     17.250 265.610304         70      0.168    11.5410   0.054194     0.3584   999.8320      0.169     0.1574     -0.002  0.000e+00
     17.500 265.610307         71      0.168    11.5412   0.054194     0.3584   999.8320      0.169     0.1582 -9.474e-15  0.000e+00
     17.750 265.610310         72      0.170    11.5413   0.054201     0.3584   999.8320      0.172     0.1586      0.004  0.000e+00
     18.000 265.610313         73      0.169    11.5417   0.054213     0.3585   999.8320      0.170     0.1595      0.002  0.000e+00
     18.250 265.610315         74      0.168    11.5417   0.054210     0.3585   999.8320      0.169     0.1586     -0.004  0.000e+00
     18.500 265.610318         75      0.170    11.5419   0.054194     0.3584   999.8319      0.171     0.1590      0.002  0.000e+00
     18.750 265.610321         76      0.168    11.5421   0.054153     0.3581   999.8317      0.169     0.1586 -9.474e-15  0.000e+00
     19.000 265.610324         77      0.168    11.5423   0.054094     0.3577   999.8313      0.169     0.1603     -0.004  0.000e+00
     19.250 265.610327         78      0.168    11.5424   0.054053     0.3574   999.8311      0.169     0.1537      0.000  0.000e+00
     19.500 265.610330         79      0.169    11.5425   0.054028     0.3572   999.8310      0.170     0.1578      0.002  0.000e+00
     19.750 265.610333         80      0.169    11.5426   0.054031     0.3573   999.8310      0.170     0.1599      0.002  0.000e+00
     20.000 265.610336         81      0.168    11.5429   0.054046     0.3574   999.8310      0.169     0.1574     -0.002  0.000e+00
     20.250 265.610339         82      0.169    11.5430   0.054062     0.3575   999.8311      0.170     0.1595     -0.000  0.000e+00
     20.500 265.610341         83      0.169    11.5432   0.054075     0.3575   999.8311      0.170     0.1611      0.002  0.000e+00
     20.750 265.610344         84      0.168    11.5432   0.054072     0.3575   999.8311      0.169     0.1590     -0.002  0.000e+00
     21.000 265.610347         85      0.169    11.5435   0.054046     0.3574   999.8309      0.170     0.1615      0.000  0.000e+00
     21.250 265.610350         86      0.170    11.5437   0.054006     0.3571   999.8307      0.171     0.1570      0.004  0.000e+00
     21.500 265.610353         87      0.168    11.5437   0.053962     0.3568   999.8305      0.169     0.1574     -0.002  0.000e+00
     21.750 265.610356         88      0.169    11.5440   0.053949     0.3567   999.8304      0.170     0.1611     -0.002  0.000e+00
     22.000 265.610359         89      0.167    11.5441   0.053936     0.3566   999.8303      0.168     0.1558     -0.002  0.000e+00
     22.250 265.610362         90      0.169    11.5443   0.053930     0.3565   999.8302      0.170     0.1595      0.000  0.000e+00
     22.500 265.610365         91      0.169    11.5443   0.053927     0.3565   999.8302      0.170     0.1611      0.004  0.000e+00
     22.750 265.610367         92      0.169    11.5446   0.053924     0.3565   999.8302      0.170     0.1586      0.000  0.000e+00
     23.000 265.610370         93      0.167    11.5447   0.053908     0.3564   999.8301      0.168     0.1603     -0.004  0.000e+00
     23.250 265.610373         94      0.168    11.5448   0.053899     0.3563   999.8300      0.169     0.1595     -0.002  0.000e+00
     23.500 265.610376         95      0.169    11.5451   0.053889     0.3563   999.8299      0.170     0.1574      0.004  0.000e+00
     23.750 265.610379         96      0.170    11.5451   0.053883     0.3562   999.8299      0.171     0.1586      0.004  0.000e+00
     24.000 265.610382         97      0.168    11.5452   0.053851     0.3560   999.8297      0.169     0.1590     -0.002  0.000e+00
     24.250 265.610385         98      0.169    11.5454   0.053842     0.3559   999.8296      0.170     0.1590     -0.002  0.000e+00
     24.500 265.610388         99      0.169    11.5455   0.053823     0.3558   999.8295      0.170     0.1611      0.002  0.000e+00
     24.750 265.610391        100      0.170    11.5457   0.053817     0.3558   999.8295      0.171     0.1603      0.002  0.000e+00
     25.000 265.610394        101      0.169    11.5458   0.053807     0.3557   999.8294      0.170     0.1607     -0.000  0.000e+00
     25.250 265.610396        102      0.169    11.5460   0.053801     0.3557   999.8293      0.170     0.1566     -0.002  0.000e+00
     25.500 265.610399        103      0.168    11.5460   0.053789     0.3556   999.8293      0.169     0.1558     -0.002  0.000e+00
     25.750 265.610402        104      0.169    11.5462   0.053801     0.3556   999.8293      0.170     0.1586 -1.895e-14  0.000e+00
     26.000 265.610405        105      0.169    11.5464   0.053789     0.3556   999.8292      0.170     0.1623      0.002  0.000e+00
     26.250 265.610408        106      0.169    11.5466   0.053801     0.3556   999.8293      0.170     0.1578     -0.000  0.000e+00
     26.500 265.610411        107      0.167    11.5470   0.053807     0.3557   999.8293      0.168     0.1553     -0.004  0.000e+00
     26.750 265.610414        108      0.170    11.5470   0.053792     0.3556   999.8292      0.171     0.1562      0.002  0.000e+00
     27.000 265.610417        109      0.167    11.5473   0.053760     0.3554   999.8290      0.168     0.1582      0.000  0.000e+00
     27.250 265.610420        110      0.167    11.5474   0.053726     0.3551   999.8288      0.168     0.1590     -0.006  0.000e+00
     27.500 265.610422        111      0.169    11.5476   0.053694     0.3549   999.8286      0.170     0.1648      0.004  0.000e+00
     27.750 265.610425        112      0.168    11.5478   0.053675     0.3548   999.8285      0.169     0.1578      0.002  0.000e+00
     28.000 265.610428        113      0.167    11.5480   0.053669     0.3547   999.8284      0.168     0.1582     -0.004  0.000e+00
     28.250 265.610431        114      0.169    11.5484   0.053685     0.3548   999.8284      0.170     0.1623      0.002  0.000e+00
     28.500 265.610434        115      0.169    11.5485   0.053713     0.3550   999.8286      0.170     0.1619      0.004  0.000e+00
     28.750 265.610437        116      0.167    11.5488   0.053716     0.3550   999.8286      0.168     0.1578     -0.004  0.000e+00
     29.000 265.610440        117      0.169    11.5490   0.053723     0.3551   999.8286      0.170     0.1595 1.8948e-14  0.000e+00
     29.250 265.610443        118      0.169    11.5492   0.053713     0.3550   999.8285      0.170     0.1615      0.004  0.000e+00
     29.500 265.610446        119      0.168    11.5494   0.053710     0.3550   999.8285      0.169     0.1586     -0.002  0.000e+00
     29.750 265.610448        120      0.170    11.5495   0.053675     0.3548   999.8283      0.172     0.1533      0.002  0.000e+00
