Raw_Data/Cage/SBE19/2020-09-26_SBE19_008_041_processed.cnv
* Sea-Bird SBE19plus Data File:
* FileName = C:\cruises\2020_barkerboys\leg2\data\cage\SBE19\2020-09-25_SBE19_008_037041.hex
* Software Version 1.59
* Temperature SN =  4881
* Conductivity SN =  4881
* System UpLoad Time = Sep 26 2020 18:15:57
* ds
* SeacatPlus V 1.5  SERIAL NO. 4881    26 Sep 2020  18:11:53
# nquan = 12
# nvalues = 2091                                  
# units = specified
# name 0 = timeS: Time, Elapsed [seconds]
# name 1 = timeJ: Julian Days
# name 2 = scan: Scan Count
# name 3 = depSM: Depth [salt water, m], lat = 44.00
# name 4 = tv290C: Temperature [ITS-90, deg C]
# name 5 = c0S/m: Conductivity [S/m]
# name 6 = sal00: Salinity, Practical [PSU]
# name 7 = density00: Density [density, kg/m^3]
# name 8 = prdM: Pressure, Strain Gauge [db]
# name 9 = wetStar: Fluorescence, WET Labs WETstar [mg/m^3]
# name 10 = dz/dtM: Descent Rate [m/s]
# name 11 = flag:  0.000e+00
# span 0 =      0.000,    522.500                 
# span 1 = 270.605880, 270.611927                 
# span 2 =          1,       2091                 
# span 3 =      0.004,    131.324                 
# span 4 =    10.6455,    12.5126                 
# span 5 =   0.059399,   3.796015                 
# span 6 =     0.3868,    33.2081                 
# span 7 =   999.7709,  1026.0384                 
# span 8 =      0.004,    132.429                 
# span 9 =     0.1623,     2.3257                 
# span 10 =     -1.108,      1.206                
# span 11 = 0.0000e+00, 0.0000e+00                
# interval = seconds: 0.25
# start_time = Sep 26 2020 14:32:28 [Instrument's time stamp, header]
# bad_flag = -9.990e-29
*END*
      0.000 270.605880          1      0.008    12.2614   0.063377     0.4137   999.7924      0.008     0.1623      0.000  0.000e+00
      0.250 270.605883          2      0.008    12.2613   0.063387     0.4138   999.7925      0.008     0.1714      0.000  0.000e+00
      0.500 270.605885          3      0.006    12.2613   0.063346     0.4135   999.7922      0.006     0.1681     -0.004  0.000e+00
      0.750 270.605888          4      0.007    12.2612   0.063260     0.4129   999.7918      0.007     0.1731     -0.002  0.000e+00
      1.000 270.605891          5      0.008    12.2613   0.063169     0.4123   999.7913      0.008     0.1739      0.004  0.000e+00
      1.250 270.605894          6      0.007    12.2612   0.063087     0.4117   999.7909      0.007     0.1747      0.000  0.000e+00
      1.500 270.605897          7      0.007    12.2611   0.063046     0.4115   999.7907      0.007     0.1759     -0.002  0.000e+00
      1.750 270.605900          8      0.006    12.2612   0.063074     0.4117   999.7908      0.006     0.1768     -0.002  0.000e+00
      2.000 270.605903          9      0.006    12.2612   0.063144     0.4121   999.7912      0.006     0.1792     -0.002  0.000e+00
      2.250 270.605906         10      0.008    12.2611   0.063213     0.4126   999.7916      0.008     0.1751      0.004  0.000e+00
      2.500 270.605909         11      0.007    12.2611   0.063229     0.4127   999.7917      0.007     0.1788      0.002  0.000e+00
      2.750 270.605911         12      0.007    12.2611   0.063178     0.4124   999.7914      0.007     0.1784     -0.002  0.000e+00
      3.000 270.605914         13      0.008    12.2613   0.063102     0.4119   999.7910      0.008     0.1784      0.002  0.000e+00
      3.250 270.605917         14      0.007    12.2611   0.063065     0.4116   999.7908      0.007     0.1768 -7.401e-17  0.000e+00
      3.500 270.605920         15      0.006    12.2611   0.063071     0.4116   999.7908      0.006     0.1817     -0.004  0.000e+00
      3.750 270.605923         16      0.007    12.2613   0.063102     0.4119   999.7910      0.007     0.1801 7.4015e-17  0.000e+00
      4.000 270.605926         17      0.009    12.2610   0.063137     0.4121   999.7912      0.009     0.1817      0.007  0.000e+00
      4.250 270.605929         18      0.006    12.2611   0.063112     0.4119   999.7910      0.006     0.1850     -0.002  0.000e+00
      4.500 270.605932         19      0.009    12.2609   0.063061     0.4116   999.7908      0.009     0.1801     -0.000  0.000e+00
      4.750 270.605935         20      0.006    12.2611   0.062979     0.4110   999.7903      0.006     0.1796      0.000  0.000e+00
      5.000 270.605937         21      0.006    12.2610   0.062935     0.4107   999.7901      0.006     0.1796     -0.006  0.000e+00
      5.250 270.605940         22      0.006    12.2609   0.062938     0.4107   999.7901      0.006     0.1764      0.000  0.000e+00
      5.500 270.605943         23      0.007    12.2611   0.062970     0.4110   999.7903      0.007     0.1813      0.002  0.000e+00
      5.750 270.605946         24      0.005    12.2611   0.063027     0.4113   999.7906      0.005     0.1796     -0.002  0.000e+00
      6.000 270.605949         25      0.006    12.2611   0.063046     0.4115   999.7907      0.006     0.1776     -0.002  0.000e+00
      6.250 270.605952         26      0.006    12.2610   0.063036     0.4114   999.7907      0.006     0.1813      0.002  0.000e+00
      6.500 270.605955         27      0.007    12.2612   0.062989     0.4111   999.7904      0.007     0.1796      0.002  0.000e+00
      6.750 270.605958         28      0.007    12.2611   0.062913     0.4106   999.7900      0.007     0.1813      0.002  0.000e+00
      7.000 270.605961         29      0.007    12.2612   0.062840     0.4101   999.7896      0.007     0.1784      0.000  0.000e+00
      7.250 270.605964         30      0.007    12.2612   0.062803     0.4098   999.7894      0.007     0.1809      0.000  0.000e+00
      7.500 270.605966         31      0.008    12.2611   0.062793     0.4098   999.7894      0.008     0.1788      0.002  0.000e+00
      7.750 270.605969         32      0.006    12.2613   0.062828     0.4100   999.7895      0.006     0.1813     -0.002  0.000e+00
      8.000 270.605972         33      0.005    12.2612   0.062869     0.4103   999.7897      0.005     0.1805     -0.006  0.000e+00
      8.250 270.605975         34      0.007    12.2613   0.062878     0.4103   999.7898      0.007     0.1821      0.002  0.000e+00
      8.500 270.605978         35      0.006    12.2613   0.062878     0.4103   999.7898      0.006     0.1817      0.002  0.000e+00
      8.750 270.605981         36      0.007    12.2613   0.062859     0.4102   999.7897      0.007     0.1821      0.000  0.000e+00
      9.000 270.605984         37      0.008    12.2614   0.062803     0.4098   999.7894      0.008     0.1817      0.004  0.000e+00
      9.250 270.605987         38      0.006    12.2613   0.062736     0.4094   999.7890      0.006     0.1821     -0.002  0.000e+00
      9.500 270.605990         39      0.008    12.2613   0.062689     0.4091   999.7888      0.008     0.1813      0.000  0.000e+00
      9.750 270.605992         40      0.007    12.2613   0.062683     0.4090   999.7887      0.007     0.1792      0.002  0.000e+00
     10.000 270.605995         41      0.005    12.2613   0.062720     0.4093   999.7889      0.005     0.1871     -0.006  0.000e+00
     10.250 270.605998         42      0.006    12.2614   0.062765     0.4096   999.7892      0.006     0.1834     -0.002  0.000e+00
     10.500 270.606001         43      0.006    12.2613   0.062771     0.4096   999.7892      0.006     0.1858      0.002  0.000e+00
     10.750 270.606004         44      0.008    12.2613   0.062736     0.4094   999.7890      0.008     0.1834      0.004  0.000e+00
     11.000 270.606007         45      0.006    12.2615   0.062705     0.4092   999.7888      0.006     0.1850      0.000  0.000e+00
     11.250 270.606010         46      0.006    12.2615   0.062654     0.4088   999.7886      0.006     0.1834     -0.004  0.000e+00
     11.500 270.606013         47      0.006    12.2613   0.062654     0.4088   999.7886      0.006     0.1834      0.000  0.000e+00
     11.750 270.606016         48      0.005    12.2615   0.062664     0.4089   999.7886      0.005     0.1825     -0.002  0.000e+00
     12.000 270.606019         49      0.007    12.2615   0.062654     0.4088   999.7886      0.007     0.1842      0.002  0.000e+00
     12.250 270.606021         50      0.009    12.2615   0.062629     0.4086   999.7885      0.009     0.1825      0.009  0.000e+00
     12.500 270.606024         51      0.007    12.2614   0.062559     0.4082   999.7881      0.007     0.1842 -2.961e-16  0.000e+00
     12.750 270.606027         52      0.007    12.2615   0.062496     0.4077   999.7877      0.007     0.1801     -0.004  0.000e+00
     13.000 270.606030         53      0.007    12.2615   0.062458     0.4075   999.7876      0.007     0.1867      0.000  0.000e+00
     13.250 270.606033         54      0.007    12.2615   0.062430     0.4073   999.7874      0.007     0.1809 -2.961e-16  0.000e+00
     13.500 270.606036         55      0.008    12.2615   0.062421     0.4072   999.7874      0.008     0.1829      0.002  0.000e+00
     13.750 270.606039         56      0.006    12.2614   0.062414     0.4072   999.7873      0.006     0.1842     -0.002  0.000e+00
     14.000 270.606042         57      0.007    12.2615   0.062439     0.4074   999.7874      0.007     0.1834     -0.002  0.000e+00
     14.250 270.606045         58      0.006    12.2615   0.062490     0.4077   999.7877      0.006     0.1846      0.000  0.000e+00
     14.500 270.606047         59      0.006    12.2616   0.062550     0.4081   999.7880      0.006     0.1842     -0.002  0.000e+00
     14.750 270.606050         60      0.006    12.2616   0.062578     0.4083   999.7882      0.006     0.1821      0.000  0.000e+00
     15.000 270.606053         61      0.006    12.2616   0.062569     0.4082   999.7881      0.006     0.1813      0.000  0.000e+00
     15.250 270.606056         62      0.006    12.2615   0.062490     0.4077   999.7877      0.006     0.1850      0.000  0.000e+00
     15.500 270.606059         63      0.008    12.2617   0.062383     0.4070   999.7871      0.008     0.1854      0.004  0.000e+00
     15.750 270.606062         64      0.009    12.2615   0.062282     0.4063   999.7866      0.009     0.1805      0.006  0.000e+00
     16.000 270.606065         65      0.007    12.2617   0.062247     0.4061   999.7864      0.007     0.1813     -0.002  0.000e+00
     16.250 270.606068         66      0.007    12.2617   0.062278     0.4063   999.7866      0.007     0.1829     -0.004  0.000e+00
     16.500 270.606071         67      0.006    12.2617   0.062323     0.4066   999.7868      0.006     0.1801     -0.002  0.000e+00
     16.750 270.606073         68      0.007    12.2617   0.062392     0.4070   999.7872      0.007     0.1838 -5.921e-16  0.000e+00
     17.000 270.606076         69      0.005    12.2617   0.062430     0.4073   999.7874      0.005     0.1879     -0.002  0.000e+00
     17.250 270.606079         70      0.006    12.2616   0.062421     0.4072   999.7873      0.006     0.1850     -0.002  0.000e+00
     17.500 270.606082         71      0.008    12.2618   0.062373     0.4069   999.7871      0.008     0.1821      0.006  0.000e+00
     17.750 270.606085         72      0.006    12.2617   0.062316     0.4065   999.7868      0.006     0.1879     -0.000  0.000e+00
     18.000 270.606088         73      0.008    12.2617   0.062288     0.4063   999.7866      0.008     0.1862      0.000  0.000e+00
     18.250 270.606091         74      0.006    12.2617   0.062288     0.4063   999.7866      0.006     0.1854      0.000  0.000e+00
     18.500 270.606094         75      0.006    12.2619   0.062297     0.4064   999.7866      0.006     0.1817     -0.004  0.000e+00
     18.750 270.606097         76      0.006    12.2618   0.062297     0.4064   999.7867      0.006     0.1842     -0.000  0.000e+00
     19.000 270.606100         77      0.007    12.2617   0.062272     0.4062   999.7865      0.007     0.1821      0.002  0.000e+00
     19.250 270.606102         78      0.007    12.2619   0.062215     0.4058   999.7862      0.007     0.1875      0.002  0.000e+00
     19.500 270.606105         79      0.006    12.2619   0.062149     0.4054   999.7859      0.006     0.1817     -0.002  0.000e+00
     19.750 270.606108         80      0.009    12.2619   0.062124     0.4052   999.7857      0.009     0.1825      0.004  0.000e+00
     20.000 270.606111         81      0.005    12.2620   0.062111     0.4051   999.7856      0.005     0.1858     -0.002  0.000e+00
     20.250 270.606114         82      0.006    12.2618   0.062130     0.4053   999.7858      0.006     0.1846     -0.006  0.000e+00
     20.500 270.606117         83      0.007    12.2620   0.062149     0.4054   999.7858      0.007     0.1862      0.004  0.000e+00
     20.750 270.606120         84      0.004    12.2619   0.062165     0.4055   999.7859      0.004     0.1875     -0.004  0.000e+00
     21.000 270.606123         85      0.006    12.2620   0.062130     0.4053   999.7857      0.006     0.1862     -0.002  0.000e+00
     21.250 270.606126         86      0.006    12.2620   0.062058     0.4048   999.7854      0.006     0.1850      0.004  0.000e+00
     21.500 270.606128         87      0.005    12.2620   0.061982     0.4043   999.7850      0.005     0.1817     -0.002  0.000e+00
     21.750 270.606131         88      0.007    12.2620   0.061916     0.4038   999.7846      0.007     0.1858      0.002  0.000e+00
     22.000 270.606134         89      0.005    12.2621   0.061906     0.4037   999.7845      0.005     0.1821      0.000  0.000e+00
     22.250 270.606137         90      0.005    12.2620   0.061916     0.4038   999.7846      0.005     0.1842     -0.004  0.000e+00
     22.500 270.606140         91      0.007    12.2621   0.061944     0.4040   999.7848      0.007     0.1854      0.004  0.000e+00
     22.750 270.606143         92      0.005    12.2621   0.061966     0.4042   999.7849      0.005     0.1817      0.000  0.000e+00
     23.000 270.606146         93      0.006    12.2621   0.061972     0.4042   999.7849      0.006     0.1842     -0.002  0.000e+00
     23.250 270.606149         94      0.007    12.2622   0.061975     0.4042   999.7849      0.007     0.1796      0.004  0.000e+00
     23.500 270.606152         95      0.006    12.2622   0.061944     0.4040   999.7847      0.006     0.1825      0.000  0.000e+00
     23.750 270.606155         96      0.007    12.2620   0.061890     0.4036   999.7845      0.007     0.1842     -0.000  0.000e+00
     24.000 270.606157         97      0.007    12.2623   0.061824     0.4032   999.7841      0.007     0.1842      0.002  0.000e+00
     24.250 270.606160         98      0.007    12.2622   0.061786     0.4029   999.7839      0.007     0.1825      0.000  0.000e+00
     24.500 270.606163         99      0.007    12.2623   0.061751     0.4027   999.7837      0.007     0.1834      0.000  0.000e+00
     24.750 270.606166        100      0.005    12.2622   0.061748     0.4027   999.7837      0.005     0.1838     -0.004  0.000e+00
     25.000 270.606169        101      0.006    12.2623   0.061758     0.4027   999.7837      0.006     0.1854     -0.002  0.000e+00
     25.250 270.606172        102      0.006    12.2623   0.061748     0.4027   999.7837      0.006     0.1817      0.002  0.000e+00
     25.500 270.606175        103      0.006    12.2624   0.061726     0.4025   999.7836      0.006     0.1801      0.000  0.000e+00
     25.750 270.606178        104      0.004    12.2624   0.061682     0.4022   999.7833      0.004     0.1796     -0.004  0.000e+00
     26.000 270.606181        105      0.005    12.2624   0.061625     0.4018   999.7830      0.005     0.1731     -0.002  0.000e+00
     26.250 270.606183        106      0.006    12.2623   0.061562     0.4014   999.7827      0.006     0.1776      0.004  0.000e+00
     26.500 270.606186        107      0.006    12.2624   0.061508     0.4011   999.7824      0.006     0.1759      0.002  0.000e+00
     26.750 270.606189        108      0.007    12.2626   0.061477     0.4008   999.7822      0.007     0.1776      0.002  0.000e+00
     27.000 270.606192        109      0.008    12.2625   0.061477     0.4008   999.7822      0.008     0.1755      0.004  0.000e+00
     27.250 270.606195        110      0.007    12.2626   0.061515     0.4011   999.7824      0.007     0.1867      0.000  0.000e+00
     27.500 270.606198        111      0.006    12.2626   0.061543     0.4013   999.7826      0.006     0.1895     -0.004  0.000e+00
     27.750 270.606201        112      0.005    12.2627   0.061609     0.4017   999.7829      0.005     0.1871     -0.004  0.000e+00
     28.000 270.606204        113      0.005    12.2626   0.061625     0.4018   999.7830      0.005     0.1792     -0.002  0.000e+00
     28.250 270.606207        114      0.007    12.2627   0.061609     0.4017   999.7829      0.007     0.1834      0.004  0.000e+00
     28.500 270.606209        115      0.006    12.2627   0.061543     0.4013   999.7826      0.006     0.1829      0.002  0.000e+00
     28.750 270.606212        116      0.006    12.2628   0.061461     0.4007   999.7821      0.006     0.1821     -0.002  0.000e+00
     29.000 270.606215        117      0.005    12.2628   0.061385     0.4002   999.7817      0.005     0.1821     -0.002  0.000e+00
     29.250 270.606218        118      0.006    12.2629   0.061344     0.3999   999.7815      0.006     0.1858      0.000  0.000e+00
     29.500 270.606221        119      0.006    12.2628   0.061319     0.3998   999.7814      0.006     0.1887      0.002  0.000e+00
     29.750 270.606224        120      0.007    12.2629   0.061329     0.3998   999.7814      0.007     0.1862      0.002  0.000e+00
