Raw_Data/Cage/SBE19/2020-09-26_SBE19_008_040_processed.cnv
* Sea-Bird SBE19plus Data File:
* FileName = C:\cruises\2020_barkerboys\leg2\data\cage\SBE19\2020-09-25_SBE19_008_037040.hex
* Software Version 1.59
* Temperature SN =  4881
* Conductivity SN =  4881
* System UpLoad Time = Sep 26 2020 18:15:04
* ds
* SeacatPlus V 1.5  SERIAL NO. 4881    26 Sep 2020  18:11:53
# nquan = 12
# nvalues = 2447                                  
# units = specified
# name 0 = timeS: Time, Elapsed [seconds]
# name 1 = timeJ: Julian Days
# name 2 = scan: Scan Count
# name 3 = depSM: Depth [salt water, m], lat = 44.00
# name 4 = tv290C: Temperature [ITS-90, deg C]
# name 5 = c0S/m: Conductivity [S/m]
# name 6 = sal00: Salinity, Practical [PSU]
# name 7 = density00: Density [density, kg/m^3]
# name 8 = prdM: Pressure, Strain Gauge [db]
# name 9 = wetStar: Fluorescence, WET Labs WETstar [mg/m^3]
# name 10 = dz/dtM: Descent Rate [m/s]
# name 11 = flag:  0.000e+00
# span 0 =      0.000,    611.500                 
# span 1 = 270.591956, 270.599034                 
# span 2 =          1,       2447                 
# span 3 =     -0.000,    143.030                 
# span 4 =    10.3850,    12.6196                 
# span 5 =  -0.039747,   3.801503                 
# span 6 =     0.0000,    33.3239                 
# span 7 =   999.4262,  1026.2278                 
# span 8 =     -0.000,    144.238                 
# span 9 =     0.1628,     2.3101                 
# span 10 =     -1.300,      1.163                
# span 11 = 0.0000e+00, 0.0000e+00                
# interval = seconds: 0.25
# start_time = Sep 26 2020 14:12:25 [Instrument's time stamp, header]
# bad_flag = -9.990e-29
*END*
[from data line 1685]
    421.250 270.596832       1686    120.543    10.9271   3.710356    33.0840  1025.8454    121.554     0.3469     -0.585  0.000e+00
    421.500 270.596834       1687    120.375    10.9277   3.710422    33.0842  1025.8447    121.384     0.5154     -0.641  0.000e+00
    421.750 270.596837       1688    120.177    10.9289   3.710561    33.0846  1025.8439    121.184     0.4544     -0.739  0.000e+00
    422.000 270.596840       1689    119.959    10.9307   3.710521    33.0828  1025.8411    120.965     0.4194     -0.838  0.000e+00
    422.250 270.596843       1690    119.733    10.9320   3.710693    33.0833  1025.8403    120.737     0.3803     -0.894  0.000e+00
    422.500 270.596846       1691    119.500    10.9338   3.710799    33.0829  1025.8386    120.502     0.3712     -0.926  0.000e+00
    422.750 270.596849       1692    119.271    10.9364   3.710865    33.0813  1025.8358    120.271     0.3168     -0.933  0.000e+00
    423.000 270.596852       1693    119.059    10.9384   3.710931    33.0802  1025.8337    120.057     0.3683     -0.890  0.000e+00
    423.250 270.596855       1694    118.871    10.9402   3.710997    33.0793  1025.8318    119.868     0.3321     -0.806  0.000e+00
    423.500 270.596858       1695    118.709    10.9420   3.711103    33.0788  1025.8304    119.705     0.3992     -0.705  0.000e+00
    423.750 270.596861       1696    118.577    10.9439   3.711308    33.0792  1025.8297    119.571     0.3428     -0.593  0.000e+00
    424.000 270.596863       1697    118.461    10.9465   3.711473    33.0785  1025.8282    119.454     0.3782     -0.501  0.000e+00
    424.250 270.596866       1698    118.340    10.9494   3.711506    33.0764  1025.8254    119.332     0.5921     -0.479  0.000e+00
    424.500 270.596869       1699    118.198    10.9519   3.711566    33.0748  1025.8231    119.189     0.4446     -0.531  0.000e+00
    424.750 270.596872       1700    118.027    10.9539   3.711645    33.0738  1025.8212    119.017     0.3968     -0.630  0.000e+00
    425.000 270.596875       1701    117.820    10.9562   3.711916    33.0745  1025.8204    118.807     0.3700     -0.763  0.000e+00
    425.250 270.596878       1702    117.589    10.9596   3.712055    33.0729  1025.8175    118.574     0.4075     -0.885  0.000e+00
    425.500 270.596881       1703    117.359    10.9632   3.712597    33.0751  1025.8176    118.343     0.3585     -0.928  0.000e+00
    425.750 270.596884       1704    117.132    10.9698   3.712901    33.0723  1025.8132    118.113     0.4310     -0.922  0.000e+00
    426.000 270.596887       1705    116.926    10.9770   3.712967    33.0666  1025.8065    117.906     0.4841     -0.875  0.000e+00
    426.250 270.596889       1706    116.742    10.9823   3.713040    33.0626  1025.8016    117.720     0.4301     -0.787  0.000e+00
    426.500 270.596892       1707    116.591    10.9859   3.713139    33.0604  1025.7985    117.568     0.3675     -0.675  0.000e+00
    426.750 270.596895       1708    116.455    10.9892   3.713205    33.0581  1025.7956    117.431     0.5265     -0.578  0.000e+00
    427.000 270.596898       1709    116.318    10.9919   3.713410    33.0578  1025.7942    117.292     0.4256     -0.552  0.000e+00
    427.250 270.596901       1710    116.160    10.9944   3.713443    33.0560  1025.7916    117.133     0.4281     -0.595  0.000e+00
    427.500 270.596904       1711    115.978    10.9967   3.713615    33.0557  1025.7902    116.949     0.3663     -0.686  0.000e+00
    427.750 270.596907       1712    115.775    10.9995   3.713993    33.0570  1025.7897    116.745     0.3486     -0.776  0.000e+00
    428.000 270.596910       1713    115.557    11.0039   3.713886    33.0520  1025.7841    116.525     0.4198     -0.849  0.000e+00
    428.250 270.596913       1714    115.335    11.0070   3.713919    33.0497  1025.7807    116.301     0.4421     -0.888  0.000e+00
    428.500 270.596916       1715    115.120    11.0089   3.714091    33.0498  1025.7795    116.084     0.3823     -0.881  0.000e+00
    428.750 270.596918       1716    114.905    11.0109   3.714191    33.0490  1025.7775    115.867     0.4145     -0.868  0.000e+00
    429.000 270.596921       1717    114.696    11.0131   3.714263    33.0479  1025.7753    115.656     0.3539     -0.855  0.000e+00
    429.250 270.596924       1718    114.482    11.0154   3.714329    33.0466  1025.7729    115.440     0.3729     -0.853  0.000e+00
    429.500 270.596927       1719    114.279    11.0172   3.714534    33.0471  1025.7720    115.236     0.5183     -0.840  0.000e+00
    429.750 270.596930       1720    114.089    11.0198   3.714713    33.0466  1025.7704    115.044     0.3749     -0.793  0.000e+00
    430.000 270.596933       1721    113.914    11.0231   3.714806    33.0446  1025.7674    114.868     0.3766     -0.737  0.000e+00
    430.250 270.596936       1722    113.760    11.0259   3.714739    33.0415  1025.7638    114.712     0.3465     -0.664  0.000e+00
    430.500 270.596939       1723    113.624    11.0275   3.714805    33.0407  1025.7623    114.575     0.4005     -0.585  0.000e+00
    430.750 270.596942       1724    113.496    11.0287   3.714838    33.0401  1025.7610    114.446     0.3366     -0.531  0.000e+00
    431.000 270.596944       1725    113.361    11.0301   3.714944    33.0399  1025.7600    114.310     0.8067     -0.531  0.000e+00
    431.250 270.596947       1726    113.210    11.0316   3.715454    33.0437  1025.7620    114.157     0.3836     -0.578  0.000e+00
    431.500 270.596950       1727    113.022    11.0359   3.715487    33.0403  1025.7577    113.968     0.3197     -0.684  0.000e+00
    431.750 270.596953       1728    112.803    11.0402   3.715315    33.0347  1025.7516    113.747     0.4491     -0.821  0.000e+00
    432.000 270.596956       1729    112.561    11.0421   3.715791    33.0378  1025.7526    113.503     0.3704     -0.931  0.000e+00
    432.250 270.596959       1730    112.308    11.0454   3.715963    33.0367  1025.7500    113.248     0.6712     -0.997  0.000e+00
    432.500 270.596962       1731    112.061    11.0495   3.715791    33.0315  1025.7440    112.999     0.4713     -1.008  0.000e+00
    432.750 270.596965       1732    111.847    11.0533   3.716095    33.0311  1025.7421    112.783     0.4240     -0.931  0.000e+00
    433.000 270.596968       1733    111.666    11.0561   3.716201    33.0298  1025.7397    112.600     0.4569     -0.797  0.000e+00
    433.250 270.596970       1734    111.510    11.0584   3.716439    33.0301  1025.7388    112.443     0.9723     -0.679  0.000e+00
    433.500 270.596973       1735    111.370    11.0613   3.716677    33.0299  1025.7375    112.301     0.4544     -0.598  0.000e+00
    433.750 270.596976       1736    111.220    11.0651   3.716605    33.0258  1025.7330    112.150     0.3889     -0.587  0.000e+00
    434.000 270.596979       1737    111.053    11.0678   3.716982    33.0272  1025.7328    111.982     0.3465     -0.638  0.000e+00
    434.250 270.596982       1738    110.859    11.0716   3.717359    33.0276  1025.7316    111.787     0.4178     -0.726  0.000e+00
    434.500 270.596985       1739    110.639    11.0775   3.717359    33.0224  1025.7254    111.564     0.4120     -0.836  0.000e+00
    434.750 270.596988       1740    110.409    11.0817   3.717392    33.0191  1025.7211    111.332     0.4507     -0.909  0.000e+00
    435.000 270.596991       1741    110.174    11.0845   3.717762    33.0203  1025.7205    111.096     0.3609     -0.937  0.000e+00
    435.250 270.596994       1742    109.945    11.0888   3.717934    33.0182  1025.7170    110.865     0.3926     -0.935  0.000e+00
    435.500 270.596997       1743    109.730    11.0935   3.718298    33.0177  1025.7148    110.648     0.3964     -0.896  0.000e+00
    435.750 270.596999       1744    109.534    11.0993   3.718550    33.0151  1025.7109    110.450     0.3696     -0.829  0.000e+00
    436.000 270.597002       1745    109.357    11.1049   3.718854    33.0131  1025.7075    110.271     0.3811     -0.752  0.000e+00
    436.250 270.597005       1746    109.194    11.1108   3.719059    33.0100  1025.7032    110.107     0.4025     -0.686  0.000e+00
    436.500 270.597008       1747    109.045    11.1160   3.719232    33.0070  1025.6993    109.957     0.3613     -0.630  0.000e+00
    436.750 270.597011       1748    108.900    11.1207   3.719635    33.0069  1025.6977    109.811     0.4297     -0.593  0.000e+00
    437.000 270.597014       1749    108.751    11.1269   3.719946    33.0044  1025.6940    109.660     0.3498     -0.593  0.000e+00
    437.250 270.597017       1750    108.589    11.1332   3.719840    32.9978  1025.6870    109.497     0.3465     -0.628  0.000e+00
    437.500 270.597020       1751    108.409    11.1374   3.720185    32.9976  1025.6853    109.315     0.3292     -0.690  0.000e+00
    437.750 270.597023       1752    108.213    11.1418   3.720727    32.9991  1025.6847    109.117     0.5233     -0.759  0.000e+00
    438.000 270.597025       1753    108.012    11.1483   3.721410    33.0000  1025.6834    108.914     0.5043     -0.802  0.000e+00
    438.250 270.597028       1754    107.803    11.1581   3.721615    32.9934  1025.6755    108.704     0.4104     -0.827  0.000e+00
    438.500 270.597031       1755    107.594    11.1672   3.722469    32.9937  1025.6731    108.493     0.4507     -0.842  0.000e+00
    438.750 270.597034       1756    107.388    11.1783   3.722634    32.9856  1025.6639    108.286     0.3819     -0.836  0.000e+00
    439.000 270.597037       1757    107.185    11.1881   3.723118    32.9816  1025.6581    108.080     0.4273     -0.825  0.000e+00
    439.250 270.597040       1758    106.986    11.1967   3.723727    32.9800  1025.6544    107.880     0.3696     -0.812  0.000e+00
    439.500 270.597043       1759    106.790    11.2066   3.724038    32.9743  1025.6473    107.682     0.3939     -0.797  0.000e+00
    439.750 270.597046       1760    106.600    11.2160   3.724276    32.9683  1025.6400    107.491     0.3894     -0.778  0.000e+00
    440.000 270.597049       1761    106.422    11.2235   3.724343    32.9623  1025.6332    107.311     0.5224     -0.741  0.000e+00
    440.250 270.597052       1762    106.248    11.2287   3.724959    32.9639  1025.6327    107.135     0.3597     -0.711  0.000e+00
    440.500 270.597054       1763    106.084    11.2351   3.725707    32.9655  1025.6321    106.970     0.4297     -0.681  0.000e+00
    440.750 270.597057       1764    105.925    11.2448   3.725879    32.9587  1025.6243    106.809     0.4310     -0.651  0.000e+00
    441.000 270.597060       1765    105.761    11.2532   3.725773    32.9502  1025.6154    106.644     0.3840     -0.653  0.000e+00
    441.250 270.597063       1766    105.590    11.2582   3.726012    32.9481  1025.6121    106.472     0.3955     -0.675  0.000e+00
    441.500 270.597066       1767    105.404    11.2622   3.726356    32.9480  1025.6104    106.284     0.3762     -0.720  0.000e+00
    441.750 270.597069       1768    105.198    11.2672   3.726389    32.9440  1025.6054    106.076     0.3547     -0.791  0.000e+00
    442.000 270.597072       1769    104.974    11.2713   3.726627    32.9428  1025.6028    105.851     0.4664     -0.866  0.000e+00
    442.250 270.597075       1770    104.727    11.2752   3.727005    32.9431  1025.6012    105.602     0.3964     -0.950  0.000e+00
    442.500 270.597078       1771    104.470    11.2805   3.727071    32.9391  1025.5960    105.343     0.4969     -1.017  0.000e+00
    442.750 270.597080       1772    104.221    11.2852   3.727276    32.9371  1025.5924    105.091     0.3675     -1.021  0.000e+00
    443.000 270.597083       1773    104.000    11.2898   3.727482    32.9351  1025.5890    104.868     0.4194     -0.950  0.000e+00
    443.250 270.597086       1774    103.816    11.2938   3.727548    32.9322  1025.5852    104.683     0.3807     -0.817  0.000e+00
    443.500 270.597089       1775    103.690    11.2972   3.727753    32.9313  1025.5833    104.555     0.4507     -0.625  0.000e+00
    443.750 270.597092       1776    103.604    11.3008   3.727892    32.9295  1025.5808    104.469     0.4561     -0.428  0.000e+00
    444.000 270.597095       1777    103.530    11.3040   3.727892    32.9266  1025.5777    104.394     0.4363     -0.322  0.000e+00
    444.250 270.597098       1778    103.433    11.3062   3.728031    32.9260  1025.5764    104.296     0.3840     -0.346  0.000e+00
    444.500 270.597101       1779    103.283    11.3081   3.727992    32.9240  1025.5738    104.144     0.3593     -0.499  0.000e+00
    444.750 270.597104       1780    103.056    11.3095   3.727925    32.9223  1025.5711    103.916     0.3795     -0.761  0.000e+00
    445.000 270.597106       1781    102.771    11.3099   3.727925    32.9220  1025.5696    103.629     0.3997     -1.032  0.000e+00
    445.250 270.597109       1782    102.452    11.3103   3.727991    32.9224  1025.5684    103.306     0.4573     -1.219  0.000e+00
    445.500 270.597112       1783    102.127    11.3111   3.728064    32.9226  1025.5669    102.979     0.4730     -1.300  0.000e+00
    445.750 270.597115       1784    101.841    11.3126   3.728236    32.9231  1025.5657    102.691     0.4404     -1.231  0.000e+00
    446.000 270.597118       1785    101.626    11.3148   3.728402    32.9228  1025.5641    102.474     0.5051     -1.010  0.000e+00
    446.250 270.597121       1786    101.484    11.3175   3.728541    32.9219  1025.5623    102.331     0.4157     -0.720  0.000e+00
    446.500 270.597124       1787    101.399    11.3202   3.728813    32.9221  1025.5616    102.245     0.3852     -0.458  0.000e+00
    446.750 270.597127       1788    101.335    11.3238   3.729018    32.9210  1025.5597    102.180     0.3926     -0.301  0.000e+00
    447.000 270.597130       1789    101.259    11.3277   3.729157    32.9189  1025.5570    102.104     0.4149     -0.282  0.000e+00
    447.250 270.597133       1790    101.142    11.3309   3.729031    32.9148  1025.5528    101.986     0.6637     -0.389  0.000e+00
    447.500 270.597135       1791    100.947    11.3323   3.728985    32.9133  1025.5505    101.789     0.4577     -0.630  0.000e+00
    447.750 270.597138       1792    100.695    11.3329   3.729157    32.9145  1025.5502    101.535     0.3885     -0.903  0.000e+00
    448.000 270.597141       1793    100.399    11.3339   3.729223    32.9144  1025.5485    101.236     0.3914     -1.107  0.000e+00
    448.250 270.597144       1794    100.089    11.3359   3.729601    32.9165  1025.5484    100.923     0.3622     -1.223  0.000e+00
    448.500 270.597147       1795     99.801    11.3395   3.729700    32.9144  1025.5448    100.633     0.4034     -1.206  0.000e+00
    448.750 270.597150       1796     99.558    11.3430   3.729872    32.9130  1025.5419    100.388     0.3819     -1.070  0.000e+00
    449.000 270.597153       1797     99.388    11.3460   3.730177    32.9134  1025.5410    100.216     0.5010     -0.834  0.000e+00
    449.250 270.597156       1798     99.278    11.3496   3.730555    32.9140  1025.5403    100.106     0.3741     -0.565  0.000e+00
    449.500 270.597159       1799     99.199    11.3544   3.730794    32.9121  1025.5375    100.026     0.3720     -0.380  0.000e+00
    449.750 270.597161       1800     99.127    11.3606   3.730966    32.9083  1025.5331     99.953     0.4347     -0.305  0.000e+00
    450.000 270.597164       1801     99.017    11.3654   3.730899    32.9034  1025.5280     99.842     0.3593     -0.367  0.000e+00
    450.250 270.597167       1802     98.848    11.3675   3.730999    32.9026  1025.5262     99.671     0.5233     -0.563  0.000e+00
    450.500 270.597170       1803     98.614    11.3696   3.731105    32.9018  1025.5242     99.436     0.4005     -0.812  0.000e+00
    450.750 270.597173       1804     98.332    11.3722   3.731237    32.9010  1025.5217     99.151     0.3753     -1.040  0.000e+00
