Raw_Data/Cage/SBE19/2020-09-24_SBE19_006_027_processed.cnv
* Sea-Bird SBE19plus Data File:
* FileName = C:\cruises\2020_barkerboys\leg2\data\cage\SBE19\2020-09-25_SBE19_004_027.hex
* Software Version 1.59
* Temperature SN =  4881
* Conductivity SN =  4881
* System UpLoad Time = Sep 25 2020 12:47:08
* ds
* SeacatPlus V 1.5  SERIAL NO. 4881    25 Sep 2020  12:15:39
# nquan = 12
# nvalues = 2627                                  
# units = specified
# name 0 = timeS: Time, Elapsed [seconds]
# name 1 = timeJ: Julian Days
# name 2 = scan: Scan Count
# name 3 = depSM: Depth [salt water, m], lat = 44.00
# name 4 = tv290C: Temperature [ITS-90, deg C]
# name 5 = c0S/m: Conductivity [S/m]
# name 6 = sal00: Salinity, Practical [PSU]
# name 7 = density00: Density [density, kg/m^3]
# name 8 = prdM: Pressure, Strain Gauge [db]
# name 9 = wetStar: Fluorescence, WET Labs WETstar [mg/m^3]
# name 10 = dz/dtM: Descent Rate [m/s]
# name 11 = flag:  0.000e+00
# span 0 =      0.000,    656.500                 
# span 1 = 268.751100, 268.758698                 
# span 2 =          1,       2627                 
# span 3 =     -0.105,    163.757                 
# span 4 =     9.9149,    15.2551                 
# span 5 =   0.051843,   3.882479                 
# span 6 =     0.3119,    33.5155                 
# span 7 =   999.3039,  1026.5548                 
# span 8 =     -0.106,    165.148                 
# span 9 =     0.1224,     3.4983                 
# span 10 =     -1.325,      1.123                
# span 11 = 0.0000e+00, 0.0000e+00                
# interval = seconds: 0.25
# start_time = Sep 24 2020 18:01:35 [Instrument's time stamp, header]
# bad_flag = -9.990e-29
*END*
[from data line 2046]
    511.500 268.757020       2047     86.574     9.9901   3.663775    33.4874  1026.1681     87.293     0.1405     -0.711  0.000e+00
    511.750 268.757023       2048     86.401     9.9911   3.663768    33.4865  1026.1665     87.118     0.1302     -0.703  0.000e+00
    512.000 268.757025       2049     86.231     9.9921   3.663775    33.4857  1026.1650     86.947     0.1459     -0.692  0.000e+00
    512.250 268.757028       2050     86.064     9.9929   3.663939    33.4867  1026.1648     86.778     0.1442     -0.679  0.000e+00
    512.500 268.757031       2051     85.902     9.9943   3.663873    33.4848  1026.1624     86.615     0.1673     -0.664  0.000e+00
    512.750 268.757034       2052     85.749     9.9958   3.663939    33.4842  1026.1609     86.460     0.1434     -0.636  0.000e+00
    513.000 268.757037       2053     85.595     9.9968   3.663972    33.4837  1026.1596     86.306     0.1525     -0.619  0.000e+00
    513.250 268.757040       2054     85.442     9.9977   3.664018    33.4833  1026.1585     86.151     0.1512     -0.619  0.000e+00
    513.500 268.757043       2055     85.285     9.9985   3.663972    33.4822  1026.1568     85.993     0.2270     -0.625  0.000e+00
    513.750 268.757046       2056     85.113     9.9992   3.664011    33.4821  1026.1558     85.819     0.1520     -0.664  0.000e+00
    514.000 268.757049       2057     84.921     9.9997   3.663972    33.4812  1026.1542     85.626     0.1471     -0.735  0.000e+00
    514.250 268.757052       2058     84.707     9.9999   3.664011    33.4816  1026.1534     85.410     0.1368     -0.819  0.000e+00
    514.500 268.757054       2059     84.468    10.0005   3.664077    33.4818  1026.1524     85.169     0.1430     -0.913  0.000e+00
    514.750 268.757057       2060     84.220    10.0011   3.663972    33.4803  1026.1500     84.919     0.1397     -0.982  0.000e+00
    515.000 268.757060       2061     83.970    10.0017   3.663985    33.4800  1026.1485     84.666     0.1409     -1.005  0.000e+00
    515.250 268.757063       2062     83.727    10.0022   3.664044    33.4802  1026.1475     84.422     0.1417     -0.995  0.000e+00
    515.500 268.757066       2063     83.506    10.0029   3.664109    33.4804  1026.1465     84.199     0.1327     -0.935  0.000e+00
    515.750 268.757069       2064     83.318    10.0040   3.664142    33.4797  1026.1449     84.009     0.1310     -0.825  0.000e+00
    516.000 268.757072       2065     83.154    10.0048   3.664208    33.4797  1026.1440     83.844     0.1450     -0.711  0.000e+00
    516.250 268.757075       2066     83.014    10.0058   3.664241    33.4792  1026.1428     83.703     0.1446     -0.612  0.000e+00
    516.500 268.757078       2067     82.900    10.0068   3.664195    33.4778  1026.1411     83.588     0.1343     -0.511  0.000e+00
    516.750 268.757080       2068     82.796    10.0076   3.664274    33.4780  1026.1406     83.483     0.1347     -0.441  0.000e+00
    517.000 268.757083       2069     82.689    10.0082   3.664372    33.4784  1026.1403     83.375     0.1352     -0.425  0.000e+00
    517.250 268.757086       2070     82.579    10.0090   3.664339    33.4774  1026.1389     83.263     0.1409     -0.438  0.000e+00
    517.500 268.757089       2071     82.457    10.0099   3.664339    33.4766  1026.1376     83.141     0.1566     -0.468  0.000e+00
    517.750 268.757092       2072     82.323    10.0105   3.664372    33.4765  1026.1368     83.006     0.1417     -0.516  0.000e+00
    518.000 268.757095       2073     82.172    10.0107   3.664471    33.4774  1026.1367     82.853     0.1393     -0.576  0.000e+00
    518.250 268.757098       2074     82.002    10.0111   3.664510    33.4775  1026.1359     82.682     0.1339     -0.647  0.000e+00
    518.500 268.757101       2075     81.809    10.0118   3.664543    33.4773  1026.1348     82.488     0.1829     -0.730  0.000e+00
    518.750 268.757104       2076     81.592    10.0124   3.664543    33.4768  1026.1333     82.269     0.1471     -0.827  0.000e+00
    519.000 268.757106       2077     81.358    10.0132   3.664576    33.4765  1026.1319     82.032     0.1467     -0.911  0.000e+00
    519.250 268.757109       2078     81.118    10.0140   3.664642    33.4765  1026.1307     81.791     0.1290     -0.956  0.000e+00
    519.500 268.757112       2079     80.874    10.0148   3.664615    33.4756  1026.1287     81.545     0.1438     -0.975  0.000e+00
    519.750 268.757115       2080     80.652    10.0155   3.664707    33.4761  1026.1279     81.320     0.1516     -0.941  0.000e+00
    520.000 268.757118       2081     80.434    10.0161   3.664707    33.4755  1026.1264     81.101     0.1397     -0.887  0.000e+00
    520.250 268.757121       2082     80.231    10.0169   3.664674    33.4746  1026.1247     80.896     0.1463     -0.849  0.000e+00
    520.500 268.757124       2083     80.032    10.0175   3.664780    33.4752  1026.1241     80.695     0.1442     -0.812  0.000e+00
    520.750 268.757127       2084     79.826    10.0186   3.664845    33.4749  1026.1228     80.488     0.1422     -0.816  0.000e+00
    521.000 268.757130       2085     79.606    10.0195   3.664898    33.4747  1026.1214     80.265     0.1413     -0.859  0.000e+00
    521.250 268.757133       2086     79.373    10.0208   3.664977    33.4744  1026.1199     80.031     0.1434     -0.913  0.000e+00
    521.500 268.757135       2087     79.127    10.0224   3.665075    33.4740  1026.1182     79.783     0.1352     -0.965  0.000e+00
    521.750 268.757138       2088     78.883    10.0249   3.665213    33.4733  1026.1161     79.537     0.1343     -0.988  0.000e+00
    522.000 268.757141       2089     78.659    10.0272   3.665246    33.4715  1026.1133     79.310     0.1352     -0.945  0.000e+00
    522.250 268.757144       2090     78.472    10.0295   3.665312    33.4702  1026.1110     79.122     0.1731     -0.829  0.000e+00
    522.500 268.757147       2091     78.331    10.0316   3.665411    33.4693  1026.1094     78.980     0.1640     -0.662  0.000e+00
    522.750 268.757150       2092     78.228    10.0345   3.665457    33.4671  1026.1067     78.876     0.1471     -0.492  0.000e+00
    523.000 268.757153       2093     78.150    10.0370   3.665443    33.4648  1026.1041     78.797     0.1607     -0.365  0.000e+00
    523.250 268.757156       2094     78.076    10.0386   3.665509    33.4640  1026.1028     78.723     0.1483     -0.307  0.000e+00
    523.500 268.757159       2095     77.982    10.0395   3.665509    33.4632  1026.1016     78.628     0.1739     -0.337  0.000e+00
    523.750 268.757161       2096     77.850    10.0405   3.665582    33.4631  1026.1008     78.495     0.1327     -0.456  0.000e+00
    524.000 268.757164       2097     77.674    10.0415   3.665582    33.4621  1026.0991     78.318     0.1409     -0.621  0.000e+00
    524.250 268.757167       2098     77.466    10.0426   3.665601    33.4615  1026.0974     78.107     0.1455     -0.775  0.000e+00
    524.500 268.757170       2099     77.239    10.0439   3.665647    33.4608  1026.0956     77.878     0.1380     -0.879  0.000e+00
    524.750 268.757173       2100     76.999    10.0448   3.665614    33.4597  1026.0936     77.637     0.1636     -0.941  0.000e+00
    525.000 268.757176       2101     76.771    10.0455   3.665581    33.4589  1026.0917     77.407     0.1661     -0.943  0.000e+00
    525.250 268.757179       2102     76.558    10.0460   3.665647    33.4592  1026.0909     77.192     0.1475     -0.890  0.000e+00
    525.500 268.757182       2103     76.375    10.0464   3.665647    33.4589  1026.0898     77.007     0.1483     -0.799  0.000e+00
    525.750 268.757185       2104     76.208    10.0468   3.665601    33.4581  1026.0883     76.839     0.1389     -0.707  0.000e+00
    526.000 268.757187       2105     76.064    10.0469   3.665614    33.4582  1026.0877     76.694     0.1397     -0.627  0.000e+00
    526.250 268.757190       2106     75.921    10.0470   3.665581    33.4578  1026.0868     76.550     0.1413     -0.578  0.000e+00
    526.500 268.757193       2107     75.771    10.0473   3.665548    33.4573  1026.0856     76.398     0.1595     -0.591  0.000e+00
    526.750 268.757196       2108     75.603    10.0473   3.665581    33.4577  1026.0852     76.228     0.1352     -0.642  0.000e+00
    527.000 268.757199       2109     75.409    10.0473   3.665548    33.4574  1026.0841     76.033     0.1405     -0.730  0.000e+00
    527.250 268.757202       2110     75.181    10.0473   3.665567    33.4577  1026.0833     75.803     0.1520     -0.851  0.000e+00
    527.500 268.757205       2111     74.930    10.0474   3.665580    33.4579  1026.0823     75.550     0.1813     -0.967  0.000e+00
    527.750 268.757208       2112     74.660    10.0475   3.665580    33.4579  1026.0810     75.278     0.1636     -1.051  0.000e+00
    528.000 268.757211       2113     74.401    10.0477   3.665547    33.4575  1026.0795     75.017     0.1520     -1.065  0.000e+00
    528.250 268.757214       2114     74.175    10.0478   3.665580    33.4579  1026.0787     74.789     0.1496     -0.977  0.000e+00
    528.500 268.757216       2115     74.000    10.0480   3.665580    33.4578  1026.0778     74.612     0.1566     -0.810  0.000e+00
    528.750 268.757219       2116     73.871    10.0481   3.665508    33.4570  1026.0766     74.482     0.1693     -0.614  0.000e+00
    529.000 268.757222       2117     73.779    10.0484   3.665567    33.4574  1026.0764     74.390     0.1504     -0.445  0.000e+00
    529.250 268.757225       2118     73.698    10.0486   3.665580    33.4574  1026.0760     74.308     0.1545     -0.348  0.000e+00
    529.500 268.757228       2119     73.603    10.0486   3.665508    33.4567  1026.0751     74.212     0.1376     -0.354  0.000e+00
    529.750 268.757231       2120     73.477    10.0487   3.665547    33.4570  1026.0747     74.084     0.1323     -0.447  0.000e+00
    530.000 268.757234       2121     73.297    10.0487   3.665507    33.4567  1026.0737     73.903     0.1619     -0.619  0.000e+00
    530.250 268.757237       2122     73.073    10.0489   3.665507    33.4567  1026.0726     73.677     0.1434     -0.814  0.000e+00
    530.500 268.757240       2123     72.816    10.0488   3.665494    33.4567  1026.0714     73.418     0.1376     -0.969  0.000e+00
    530.750 268.757242       2124     72.543    10.0491   3.665547    33.4571  1026.0704     73.142     0.1360     -1.070  0.000e+00
    531.000 268.757245       2125     72.274    10.0495   3.665441    33.4558  1026.0681     72.872     0.1397     -1.093  0.000e+00
    531.250 268.757248       2126     72.018    10.0498   3.665579    33.4570  1026.0679     72.614     0.1475     -1.057  0.000e+00
    531.500 268.757251       2127     71.791    10.0501   3.665474    33.4557  1026.0658     72.384     0.1430     -0.975  0.000e+00
    531.750 268.757254       2128     71.589    10.0504   3.665474    33.4555  1026.0646     72.181     0.1450     -0.866  0.000e+00
    532.000 268.757257       2129     71.414    10.0509   3.665494    33.4554  1026.0636     72.004     0.1409     -0.760  0.000e+00
    532.250 268.757260       2130     71.252    10.0516   3.665546    33.4554  1026.0628     71.841     0.1364     -0.681  0.000e+00
    532.500 268.757263       2131     71.091    10.0521   3.665546    33.4549  1026.0616     71.678     0.1364     -0.651  0.000e+00
    532.750 268.757266       2132     70.920    10.0530   3.665612    33.4549  1026.0606     71.507     0.1500     -0.668  0.000e+00
    533.000 268.757269       2133     70.745    10.0543   3.665579    33.4534  1026.0585     71.329     0.1504     -0.698  0.000e+00
    533.250 268.757271       2134     70.559    10.0560   3.665710    33.4532  1026.0572     71.142     0.1422     -0.728  0.000e+00
    533.500 268.757274       2135     70.375    10.0584   3.665914    33.4532  1026.0559     70.957     0.1401     -0.745  0.000e+00
    533.750 268.757277       2136     70.200    10.0628   3.666053    33.4506  1026.0523     70.780     0.1512     -0.724  0.000e+00
    534.000 268.757280       2137     70.036    10.0683   3.666079    33.4459  1026.0470     70.615     0.1426     -0.683  0.000e+00
    534.250 268.757283       2138     69.885    10.0727   3.666112    33.4422  1026.0426     70.462     0.1339     -0.636  0.000e+00
    534.500 268.757286       2139     69.748    10.0773   3.666079    33.4377  1026.0377     70.324     0.1455     -0.582  0.000e+00
    534.750 268.757289       2140     69.597    10.0795   3.666111    33.4360  1026.0354     70.172     0.1430     -0.580  0.000e+00
    535.000 268.757292       2141     69.439    10.0801   3.666144    33.4359  1026.0344     70.012     0.1698     -0.623  0.000e+00
    535.250 268.757295       2142     69.254    10.0815   3.666269    33.4359  1026.0334     69.827     0.1504     -0.692  0.000e+00
    535.500 268.757297       2143     69.043    10.0851   3.666315    33.4332  1026.0297     69.613     0.1479     -0.799  0.000e+00
    535.750 268.757300       2144     68.798    10.0897   3.666447    33.4304  1026.0256     69.366     0.1549     -0.922  0.000e+00
    536.000 268.757303       2145     68.527    10.0941   3.666611    33.4281  1026.0218     69.093     0.1500     -1.040  0.000e+00
    536.250 268.757306       2146     68.245    10.0988   3.667013    33.4280  1026.0196     68.808     0.1302     -1.115  0.000e+00
    536.500 268.757309       2147     67.976    10.1045   3.667381    33.4265  1026.0163     68.538     0.1714     -1.111  0.000e+00
    536.750 268.757312       2148     67.738    10.1115   3.667539    33.4218  1026.0103     68.297     0.1409     -1.023  0.000e+00
    537.000 268.757315       2149     67.548    10.1173   3.667717    33.4183  1026.0058     68.106     0.1352     -0.864  0.000e+00
    537.250 268.757318       2150     67.418    10.1216   3.667750    33.4147  1026.0017     67.975     0.1298     -0.644  0.000e+00
    537.500 268.757321       2151     67.337    10.1248   3.667921    33.4136  1025.9998     67.893     0.1327     -0.425  0.000e+00
    537.750 268.757323       2152     67.299    10.1274   3.668052    33.4125  1025.9984     67.855     0.1376     -0.241  0.000e+00
    538.000 268.757326       2153     67.267    10.1301   3.668118    33.4107  1025.9964     67.822     0.1339     -0.142  0.000e+00
    538.250 268.757329       2154     67.216    10.1326   3.668118    33.4084  1025.9939     67.771     0.1409     -0.168  0.000e+00
    538.500 268.757332       2155     67.114    10.1342   3.668171    33.4075  1025.9925     67.668     0.1467     -0.309  0.000e+00
    538.750 268.757335       2156     66.949    10.1355   3.668118    33.4058  1025.9902     67.501     0.1360     -0.539  0.000e+00
    539.000 268.757338       2157     66.712    10.1361   3.668190    33.4061  1025.9892     67.263     0.1438     -0.810  0.000e+00
    539.250 268.757341       2158     66.424    10.1369   3.668190    33.4055  1025.9873     66.973     0.1347     -1.057  0.000e+00
    539.500 268.757344       2159     66.102    10.1382   3.668157    33.4042  1025.9846     66.647     0.1323     -1.231  0.000e+00
    539.750 268.757347       2160     65.767    10.1400   3.668256    33.4037  1025.9824     66.310     0.1281     -1.325  0.000e+00
    540.000 268.757350       2161     65.450    10.1420   3.668453    33.4039  1025.9808     65.990     0.1455     -1.315  0.000e+00
    540.250 268.757352       2162     65.170    10.1444   3.668690    33.4042  1025.9793     65.708     0.1409     -1.205  0.000e+00
    540.500 268.757355       2163     64.938    10.1476   3.668855    33.4030  1025.9768     65.473     0.1426     -1.033  0.000e+00
    540.750 268.757358       2164     64.743    10.1512   3.669263    33.4040  1025.9760     65.277     0.1471     -0.861  0.000e+00
    541.000 268.757361       2165     64.573    10.1552   3.669158    33.3993  1025.9709     65.106     0.1347     -0.735  0.000e+00
