Raw_Data/Cage/SBE19/2020-09-19_SBE19_003_008_processed.cnv
* Sea-Bird SBE19plus Data File:
* FileName = C:\cruises\2020_barkerboys\leg2\data\cage\SBE19\2020-09-25_SBE19_004_008.hex
* Software Version 1.59
* Temperature SN =  4881
* Conductivity SN =  4881
* System UpLoad Time = Sep 25 2020 12:21:40
* ds
* SeacatPlus V 1.5  SERIAL NO. 4881    25 Sep 2020  12:15:39
# nquan = 12
# nvalues = 788                                   
# units = specified
# name 0 = timeS: Time, Elapsed [seconds]
# name 1 = timeJ: Julian Days
# name 2 = scan: Scan Count
# name 3 = depSM: Depth [salt water, m], lat = 44.00
# name 4 = tv290C: Temperature [ITS-90, deg C]
# name 5 = c0S/m: Conductivity [S/m]
# name 6 = sal00: Salinity, Practical [PSU]
# name 7 = density00: Density [density, kg/m^3]
# name 8 = prdM: Pressure, Strain Gauge [db]
# name 9 = wetStar: Fluorescence, WET Labs WETstar [mg/m^3]
# name 10 = dz/dtM: Descent Rate [m/s]
# name 11 = flag:  0.000e+00
# span 0 =      0.000,    196.750                 
# span 1 = 263.759005, 263.761282                 
# span 2 =          1,        788                 
# span 3 =      0.035,      5.417                 
# span 4 =    12.5272,    13.0592                 
# span 5 =   0.048146,   3.837720                 
# span 6 =     0.3058,    32.7329                 
# span 7 =   999.6198,  1024.7171                 
# span 8 =      0.035,      5.460                 
# span 9 =     0.1401,     1.9899                 
# span 10 =     -0.337,      0.756                
# span 11 = 0.0000e+00, 0.0000e+00                
# interval = seconds: 0.25
# start_time = Sep 19 2020 18:12:58 [Instrument's time stamp, header]
# bad_flag = -9.990e-29
*END*
[from data line 241]
     60.250 263.759702        242      0.038    12.6859   0.051538     0.3304   999.6761      0.038     0.1541      0.000  0.000e+00
     60.500 263.759705        243      0.037    12.6866   0.051523     0.3303   999.6760      0.037     0.1562     -0.000  0.000e+00
     60.750 263.759708        244      0.040    12.6886   0.051520     0.3302   999.6757      0.041     0.1570      0.004  0.000e+00
     61.000 263.759711        245      0.036    12.6899   0.051516     0.3302   999.6755      0.036     0.1496     -0.002  0.000e+00
     61.250 263.759714        246      0.040    12.6894   0.051513     0.3302   999.6756      0.041     0.1529     -0.000  0.000e+00
     61.500 263.759716        247      0.038    12.6881   0.051498     0.3301   999.6756      0.038     0.1525      0.004  0.000e+00
     61.750 263.759719        248      0.038    12.6864   0.051485     0.3300   999.6758      0.038     0.1533     -0.004  0.000e+00
     62.000 263.759722        249      0.039    12.6851   0.051476     0.3300   999.6759      0.040     0.1533      0.002  0.000e+00
     62.250 263.759725        250      0.038    12.6842   0.051466     0.3299   999.6760      0.038     0.1516      0.000  0.000e+00
     62.500 263.759728        251      0.041    12.6853   0.051457     0.3298   999.6758      0.042     0.1537      0.004  0.000e+00
     62.750 263.759731        252      0.039    12.6860   0.051457     0.3298   999.6757      0.040     0.1558      0.002  0.000e+00
     63.000 263.759734        253      0.039    12.6851   0.051457     0.3298   999.6758      0.040     0.1525     -0.004  0.000e+00
     63.250 263.759737        254      0.040    12.6860   0.051450     0.3298   999.6757      0.041     0.1504      0.002  0.000e+00
     63.500 263.759740        255      0.040    12.6876   0.051438     0.3297   999.6754      0.041     0.1479      0.002  0.000e+00
     63.750 263.759742        256      0.039    12.6857   0.051441     0.3297   999.6757      0.040     0.1520     -0.002  0.000e+00
     64.000 263.759745        257      0.040    12.6834   0.051428     0.3297   999.6759      0.041     0.1537      0.000  0.000e+00
     64.250 263.759748        258      0.038    12.6821   0.051435     0.3297   999.6761      0.038     0.1529     -0.002  0.000e+00
     64.500 263.759751        259      0.038    12.6842   0.051428     0.3297   999.6758      0.038     0.1537     -0.004  0.000e+00
     64.750 263.759754        260      0.039    12.6933   0.051416     0.3295   999.6746      0.040     0.1537      0.002  0.000e+00
     65.000 263.759757        261      0.040    12.7014   0.051410     0.3294   999.6735      0.041     0.1545      0.004  0.000e+00
     65.250 263.759760        262      0.039    12.7079   0.051410     0.3293   999.6726      0.040     0.1500 -9.474e-15  0.000e+00
     65.500 263.759763        263      0.036    12.7095   0.051419     0.3294   999.6724      0.036     0.1566     -0.009  0.000e+00
     65.750 263.759766        264      0.039    12.7091   0.051425     0.3294   999.6725      0.040     0.1566      0.000  0.000e+00
     66.000 263.759769        265      0.039    12.7087   0.051428     0.3294   999.6726      0.040     0.1541      0.006  0.000e+00
     66.250 263.759771        266      0.039    12.7084   0.051425     0.3294   999.6726      0.040     0.1549     -0.000  0.000e+00
     66.500 263.759774        267      0.038    12.7109   0.051410     0.3293   999.6722      0.038     0.1545     -0.002  0.000e+00
     66.750 263.759777        268      0.039    12.7151   0.051391     0.3291   999.6716      0.040     0.1508      0.000  0.000e+00
     67.000 263.759780        269      0.039    12.7187   0.051375     0.3290   999.6710      0.040     0.1541      0.002  0.000e+00
     67.250 263.759783        270      0.040    12.7232   0.051350     0.3288   999.6703      0.041     0.1558      0.002  0.000e+00
     67.500 263.759786        271      0.037    12.7271   0.051319     0.3286   999.6696      0.037     0.1512     -0.004  0.000e+00
     67.750 263.759789        272      0.040    12.7288   0.051309     0.3285   999.6694      0.041     0.1537      0.000  0.000e+00
     68.000 263.759792        273      0.039    12.7278   0.051262     0.3282   999.6693      0.040     0.1541      0.004  0.000e+00
     68.250 263.759795        274      0.039    12.7271   0.051262     0.3282   999.6694      0.040     0.1512     -0.002  0.000e+00
     68.500 263.759797        275      0.037    12.7282   0.051256     0.3281   999.6692      0.037     0.1516     -0.004  0.000e+00
     68.750 263.759800        276      0.039    12.7323   0.051262     0.3281   999.6687      0.040     0.1537     -0.000  0.000e+00
     69.000 263.759803        277      0.038    12.7393   0.051253     0.3280   999.6677      0.038     0.1570      0.002  0.000e+00
     69.250 263.759806        278      0.038    12.7459   0.051246     0.3279   999.6668      0.038     0.1512     -0.002  0.000e+00
     69.500 263.759809        279      0.038    12.7490   0.051237     0.3278   999.6664      0.038     0.1508     -0.000  0.000e+00
     69.750 263.759812        280      0.039    12.7582   0.051209     0.3276   999.6650      0.040     0.1520      0.002  0.000e+00
     70.000 263.759815        281      0.038    12.7664   0.051187     0.3274   999.6638      0.038     0.1537      0.000  0.000e+00
     70.250 263.759818        282      0.038    12.7677   0.051171     0.3273   999.6636      0.038     0.1599     -0.002  0.000e+00
     70.500 263.759821        283      0.038    12.7675   0.051146     0.3271   999.6635      0.038     0.1545      0.000  0.000e+00
     70.750 263.759823        284      0.040    12.7717   0.051127     0.3269   999.6628      0.041     0.1582      0.004  0.000e+00
     71.000 263.759826        285      0.038    12.7735   0.051099     0.3267   999.6624      0.038     0.1574     -0.000  0.000e+00
     71.250 263.759829        286      0.040    12.7732   0.051080     0.3266   999.6624      0.041     0.1545      0.000  0.000e+00
     71.500 263.759832        287      0.038    12.7741   0.051064     0.3265   999.6622      0.038     0.1529 -9.474e-15  0.000e+00
     71.750 263.759835        288      0.037    12.7805   0.051052     0.3264   999.6613      0.037     0.1545     -0.006  0.000e+00
     72.000 263.759838        289      0.039    12.7870   0.051042     0.3262   999.6604      0.040     0.1541      0.002  0.000e+00
     72.250 263.759841        290      0.038    12.7909   0.051023     0.3261   999.6598      0.038     0.1553      0.002  0.000e+00
     72.500 263.759844        291      0.039    12.7922   0.051017     0.3260   999.6596      0.040     0.1558 -1.895e-14  0.000e+00
     72.750 263.759847        292      0.040    12.7970   0.051008     0.3259   999.6589      0.041     0.1553      0.004  0.000e+00
     73.000 263.759850        293      0.037    12.8032   0.050983     0.3257   999.6579      0.037     0.1553     -0.004  0.000e+00
     73.250 263.759852        294      0.035    12.8051   0.050961     0.3256   999.6576      0.035     0.1496     -0.011  0.000e+00
     73.500 263.759855        295      0.037    12.8065   0.050926     0.3253   999.6572      0.037     0.1529 9.4739e-15  0.000e+00
     73.750 263.759858        296      0.037    12.8087   0.050904     0.3252   999.6568      0.037     0.1549      0.004  0.000e+00
     74.000 263.759861        297      0.038    12.8107   0.050895     0.3251   999.6565      0.038     0.1570      0.002  0.000e+00
     74.250 263.759864        298      0.037    12.8118   0.050869     0.3249   999.6562      0.037     0.1520 -9.474e-15  0.000e+00
     74.500 263.759867        299      0.039    12.8105   0.050860     0.3248   999.6563      0.040     0.1508      0.002  0.000e+00
     74.750 263.759870        300      0.040    12.8085   0.050838     0.3247   999.6565      0.041     0.1545      0.006  0.000e+00
     75.000 263.759873        301      0.038    12.8077   0.050832     0.3247   999.6566      0.039     0.1520     -0.002  0.000e+00
     75.250 263.759876        302      0.037    12.8067   0.050819     0.3246   999.6566      0.037     0.1529     -0.006  0.000e+00
     75.500 263.759878        303      0.039    12.8040   0.050813     0.3246   999.6570      0.040     0.1570      0.002  0.000e+00
     75.750 263.759881        304      0.038    12.8007   0.050797     0.3245   999.6573      0.038     0.1578      0.002  0.000e+00
     76.000 263.759884        305      0.040    12.8007   0.050775     0.3244   999.6572      0.041     0.1533      0.002  0.000e+00
     76.250 263.759887        306      0.038    12.8048   0.050747     0.3241   999.6565      0.038     0.1504      0.000  0.000e+00
     76.500 263.759890        307      0.039    12.8098   0.050722     0.3239   999.6557      0.040     0.1525     -0.002  0.000e+00
     76.750 263.759893        308      0.038    12.8150   0.050706     0.3238   999.6550      0.038     0.1537     -0.000  0.000e+00
     77.000 263.759896        309      0.039    12.8152   0.050694     0.3237   999.6549      0.040     0.1512      0.000  0.000e+00
     77.250 263.759899        310      0.040    12.8136   0.050665     0.3235   999.6549      0.041     0.1529      0.004  0.000e+00
     77.500 263.759902        311      0.040    12.8109   0.050656     0.3235   999.6553      0.041     0.1541      0.002  0.000e+00
     77.750 263.759905        312      0.040    12.8077   0.050640     0.3234   999.6556      0.041     0.1512      0.000  0.000e+00
     78.000 263.759907        313      0.040    12.8049   0.050631     0.3234   999.6559      0.041     0.1500      0.000  0.000e+00
     78.250 263.759910        314      0.039    12.8030   0.050615     0.3233   999.6561      0.040     0.1541     -0.002  0.000e+00
     78.500 263.759913        315      0.038    12.8025   0.050603     0.3232   999.6561      0.039     0.1516     -0.004  0.000e+00
     78.750 263.759916        316      0.039    12.8016   0.050574     0.3230   999.6560      0.040     0.1520 -9.474e-15  0.000e+00
     79.000 263.759919        317      0.040    12.8010   0.050546     0.3229   999.6560      0.041     0.1487      0.004  0.000e+00
     79.250 263.759922        318      0.038    12.8001   0.050537     0.3228   999.6561      0.039     0.1562     -0.002  0.000e+00
     79.500 263.759925        319      0.038    12.7986   0.050518     0.3227   999.6561      0.039     0.1525     -0.004  0.000e+00
     79.750 263.759928        320      0.041    12.7969   0.050502     0.3226   999.6563      0.042     0.1574      0.006  0.000e+00
     80.000 263.759931        321      0.038    12.7948   0.050493     0.3226   999.6565      0.039     0.1541      0.000  0.000e+00
     80.250 263.759933        322      0.039    12.7918   0.050493     0.3226   999.6569      0.040     0.1553     -0.004  0.000e+00
     80.500 263.759936        323      0.037    12.7884   0.050486     0.3226   999.6573      0.037     0.1566     -0.002  0.000e+00
     80.750 263.759939        324      0.039    12.7859   0.050464     0.3224   999.6575      0.040     0.1533      0.000  0.000e+00
     81.000 263.759942        325      0.038    12.7836   0.050452     0.3224   999.6578      0.039     0.1549      0.002  0.000e+00
     81.250 263.759945        326      0.041    12.7821   0.050436     0.3223   999.6579      0.042     0.1541      0.004  0.000e+00
     81.500 263.759948        327      0.038    12.7819   0.050411     0.3221   999.6578      0.039     0.1549     -0.000  0.000e+00
     81.750 263.759951        328      0.038    12.7806   0.050389     0.3220   999.6579      0.039     0.1520     -0.006  0.000e+00
     82.000 263.759954        329      0.038    12.7775   0.050370     0.3219   999.6582      0.039     0.1549      0.000  0.000e+00
     82.250 263.759957        330      0.038    12.7742   0.050364     0.3219   999.6586      0.039     0.1541      0.000  0.000e+00
     82.500 263.759959        331      0.038    12.7713   0.050339     0.3217   999.6588      0.039     0.1520      0.000  0.000e+00
     82.750 263.759962        332      0.039    12.7686   0.050336     0.3217   999.6591      0.040     0.1541      0.002  0.000e+00
     83.000 263.759965        333      0.040    12.7664   0.050314     0.3216   999.6593      0.041     0.1541      0.004  0.000e+00
     83.250 263.759968        334      0.040    12.7651   0.050298     0.3215   999.6594      0.041     0.1533      0.002  0.000e+00
     83.500 263.759971        335      0.039    12.7635   0.050298     0.3215   999.6596      0.040     0.1520     -0.002  0.000e+00
     83.750 263.759974        336      0.038    12.7611   0.050289     0.3215   999.6599      0.039     0.1545     -0.004  0.000e+00
     84.000 263.759977        337      0.039    12.7582   0.050289     0.3215   999.6603      0.040     0.1586      0.000  0.000e+00
     84.250 263.759980        338      0.038    12.7552   0.050273     0.3214   999.6606      0.039     0.1533      0.000  0.000e+00
     84.500 263.759983        339      0.038    12.7528   0.050264     0.3214   999.6608      0.039     0.1586     -0.002  0.000e+00
     84.750 263.759986        340      0.040    12.7505   0.050232     0.3212   999.6610      0.041     0.1545      0.004  0.000e+00
     85.000 263.759988        341      0.039    12.7487   0.050216     0.3211   999.6611      0.040     0.1574      0.002  0.000e+00
     85.250 263.759991        342      0.038    12.7484   0.050201     0.3210   999.6611      0.039     0.1574     -0.004  0.000e+00
     85.500 263.759994        343      0.038    12.7495   0.050179     0.3208   999.6608      0.039     0.1549     -0.002  0.000e+00
     85.750 263.759997        344      0.037    12.7505   0.050176     0.3208   999.6607      0.037     0.1545     -0.002  0.000e+00
     86.000 263.760000        345      0.039    12.7502   0.050169     0.3208   999.6607      0.040     0.1570      0.002  0.000e+00
     86.250 263.760003        346      0.041    12.7498   0.050160     0.3207   999.6607      0.042     0.1570      0.009  0.000e+00
     86.500 263.760006        347      0.039    12.7490   0.050141     0.3206   999.6607      0.040     0.1574      0.000  0.000e+00
     86.750 263.760009        348      0.038    12.7471   0.050125     0.3205   999.6609      0.039     0.1558     -0.006  0.000e+00
     87.000 263.760012        349      0.039    12.7453   0.050116     0.3205   999.6611      0.040     0.1545      0.000  0.000e+00
     87.250 263.760014        350      0.039    12.7435   0.050094     0.3203   999.6612      0.040     0.1545      0.002  0.000e+00
     87.500 263.760017        351      0.040    12.7424   0.050088     0.3203   999.6613      0.041     0.1545      0.002  0.000e+00
     87.750 263.760020        352      0.039    12.7416   0.050069     0.3202   999.6613      0.040     0.1529      0.000  0.000e+00
     88.000 263.760023        353      0.039    12.7410   0.050060     0.3201   999.6613      0.040     0.1562     -0.002  0.000e+00
     88.250 263.760026        354      0.041    12.7403   0.050044     0.3200   999.6614      0.042     0.1562      0.004  0.000e+00
     88.500 263.760029        355      0.039    12.7399   0.050031     0.3200   999.6613      0.040     0.1562      0.000  0.000e+00
     88.750 263.760032        356      0.037    12.7395   0.050006     0.3198   999.6612      0.037     0.1566     -0.009  0.000e+00
     89.000 263.760035        357      0.038    12.7385   0.050003     0.3198   999.6614      0.039     0.1586     -0.002  0.000e+00
     89.250 263.760038        358      0.039    12.7371   0.049987     0.3197   999.6615      0.040     0.1558      0.004  0.000e+00
     89.500 263.760041        359      0.040    12.7354   0.049978     0.3196   999.6617      0.041     0.1525      0.004  0.000e+00
     89.750 263.760043        360      0.041    12.7348   0.049969     0.3196   999.6617      0.042     0.1545      0.004  0.000e+00
