Raw_Data/Cage/SBE19/2020-09-25_SBE19_007_033_processed.cnv
* Sea-Bird SBE19plus Data File:
* FileName = C:\cruises\2020_barkerboys\leg2\data\cage\SBE19\2020-09-25_SBE19_004_033.hex
* Software Version 1.59
* Temperature SN =  4881
* Conductivity SN =  4881
* System UpLoad Time = Sep 25 2020 21:20:29
* ds
* SeacatPlus V 1.5  SERIAL NO. 4881    25 Sep 2020  21:17:28
# nquan = 12
# nvalues = 3238                                  
# units = specified
# name 0 = timeS: Time, Elapsed [seconds]
# name 1 = timeJ: Julian Days
# name 2 = scan: Scan Count
# name 3 = depSM: Depth [salt water, m], lat = 44.00
# name 4 = tv290C: Temperature [ITS-90, deg C]
# name 5 = c0S/m: Conductivity [S/m]
# name 6 = sal00: Salinity, Practical [PSU]
# name 7 = density00: Density [density, kg/m^3]
# name 8 = prdM: Pressure, Strain Gauge [db]
# name 9 = wetStar: Fluorescence, WET Labs WETstar [mg/m^3]
# name 10 = dz/dtM: Descent Rate [m/s]
# name 11 = flag:  0.000e+00
# span 0 =      0.000,    809.250                 
# span 1 = 269.727905, 269.737271                 
# span 2 =          1,       3238                 
# span 3 =     -0.012,    178.481                 
# span 4 =     9.6035,    13.6401                 
# span 5 =   0.048199,   3.902542                 
# span 6 =     0.3010,    33.6429                 
# span 7 =   999.5305,  1026.7733                 
# span 8 =     -0.012,    180.003                 
# span 9 =     0.1327,     4.3260                 
# span 10 =     -1.269,      0.963                
# span 11 = 0.0000e+00, 0.0000e+00                
# interval = seconds: 0.25
# start_time = Sep 25 2020 17:28:11 [Instrument's time stamp, header]
# bad_flag = -9.990e-29
*END*
[from data line 722]
    180.500 269.729994        723     34.070    12.1164   3.783909    32.7828  1025.0002     34.349     1.5306      0.258  0.000e+00
    180.750 269.729997        724     34.127    12.1157   3.783803    32.7824  1025.0003     34.406     1.5372      0.232  0.000e+00
    181.000 269.730000        725     34.181    12.1147   3.783776    32.7830  1025.0011     34.461     1.5359      0.223  0.000e+00
    181.250 269.730003        726     34.239    12.1138   3.783769    32.7837  1025.0021     34.518     1.5149      0.225  0.000e+00
    181.500 269.730006        727     34.304    12.1135   3.783803    32.7843  1025.0029     34.584     1.5306      0.247  0.000e+00
    181.750 269.730009        728     34.387    12.1137   3.783803    32.7840  1025.0031     34.668     1.5491      0.299  0.000e+00
    182.000 269.730012        729     34.493    12.1140   3.783736    32.7831  1025.0028     34.775     1.5281      0.382  0.000e+00
    182.250 269.730014        730     34.619    12.1136   3.783423    32.7803  1025.0013     34.902     1.5471      0.468  0.000e+00
    182.500 269.730017        731     34.764    12.1119   3.783143    32.7791  1025.0013     35.048     1.5232      0.546  0.000e+00
    182.750 269.730020        732     34.910    12.1089   3.782936    32.7797  1025.0030     35.195     1.5281      0.586  0.000e+00
    183.000 269.730023        733     35.050    12.1057   3.782903    32.7821  1025.0061     35.337     1.5710      0.578  0.000e+00
    183.250 269.730026        734     35.168    12.1031   3.782517    32.7806  1025.0060     35.456     1.5359      0.522  0.000e+00
    183.500 269.730029        735     35.266    12.0992   3.782517    32.7839  1025.0097     35.555     1.5483      0.436  0.000e+00
    183.750 269.730032        736     35.342    12.0972   3.782590    32.7864  1025.0124     35.631     1.6051      0.350  0.000e+00
    184.000 269.730035        737     35.404    12.0964   3.782690    32.7880  1025.0141     35.693     1.5351      0.277  0.000e+00
    184.250 269.730038        738     35.459    12.0963   3.782070    32.7821  1025.0098     35.749     1.5252      0.236  0.000e+00
    184.500 269.730041        739     35.517    12.0938   3.781997    32.7836  1025.0116     35.807     1.5071      0.228  0.000e+00
    184.750 269.730043        740     35.581    12.0903   3.781857    32.7853  1025.0139     35.872     1.5034      0.245  0.000e+00
    185.000 269.730046        741     35.653    12.0880   3.782344    32.7920  1025.0198     35.945     1.5203      0.275  0.000e+00
    185.250 269.730049        742     35.732    12.0890   3.782484    32.7924  1025.0203     36.024     1.4861      0.305  0.000e+00
    185.500 269.730052        743     35.812    12.0909   3.782450    32.7904  1025.0188     36.105     1.4997      0.320  0.000e+00
    185.750 269.730055        744     35.894    12.0917   3.781650    32.7819  1025.0124     36.187     1.4815      0.326  0.000e+00
    186.000 269.730058        745     35.969    12.0888   3.781511    32.7831  1025.0142     36.263     1.4898      0.318  0.000e+00
    186.250 269.730061        746     36.040    12.0849   3.781684    32.7882  1025.0192     36.334     1.4589      0.294  0.000e+00
    186.500 269.730064        747     36.112    12.0830   3.781544    32.7884  1025.0201     36.407     1.4593      0.288  0.000e+00
    186.750 269.730067        748     36.189    12.0817   3.781511    32.7892  1025.0213     36.485     1.4506      0.301  0.000e+00
    187.000 269.730069        749     36.265    12.0809   3.781371    32.7886  1025.0213     36.562     1.4560      0.309  0.000e+00
    187.250 269.730072        750     36.352    12.0797   3.781304    32.7890  1025.0222     36.649     1.4873      0.329  0.000e+00
    187.500 269.730075        751     36.437    12.0779   3.780958    32.7871  1025.0215     36.735     1.4601      0.346  0.000e+00
    187.750 269.730078        752     36.524    12.0753   3.780631    32.7862  1025.0217     36.823     1.5384      0.348  0.000e+00
    188.000 269.730081        753     36.617    12.0722   3.780365    32.7864  1025.0228     36.916     1.4906      0.363  0.000e+00
    188.250 269.730084        754     36.709    12.0686   3.780225    32.7881  1025.0253     37.010     1.4758      0.374  0.000e+00
    188.500 269.730087        755     36.810    12.0656   3.779878    32.7874  1025.0257     37.111     1.4898      0.389  0.000e+00
    188.750 269.730090        756     36.915    12.0614   3.778665    32.7793  1025.0207     37.217     1.4206      0.415  0.000e+00
    189.000 269.730093        757     37.025    12.0513   3.776480    32.7669  1025.0135     37.328     1.5153      0.434  0.000e+00
    189.250 269.730095        758     37.145    12.0318   3.774569    32.7656  1025.0167     37.449     1.4276      0.464  0.000e+00
    189.500 269.730098        759     37.271    12.0068   3.772524    32.7677  1025.0236     37.576     1.4251      0.496  0.000e+00
    189.750 269.730101        760     37.400    11.9790   3.770514    32.7726  1025.0332     37.706     1.4099      0.513  0.000e+00
    190.000 269.730104        761     37.530    11.9496   3.768544    32.7794  1025.0446     37.837     1.3991      0.522  0.000e+00
    190.250 269.730107        762     37.655    11.9193   3.766813    32.7893  1025.0585     37.963     1.4053      0.515  0.000e+00
    190.500 269.730110        763     37.769    11.8892   3.764165    32.7900  1025.0652     38.078     1.3872      0.483  0.000e+00
    190.750 269.730113        764     37.864    11.8556   3.762183    32.8003  1025.0798     38.174     1.3662      0.421  0.000e+00
    191.000 269.730116        765     37.934    11.8210   3.760594    32.8154  1025.0983     38.245     1.3476      0.333  0.000e+00
    191.250 269.730119        766     37.985    11.7903   3.759936    32.8361  1025.1203     38.296     1.3089      0.245  0.000e+00
    191.500 269.730122        767     38.019    11.7669   3.760010    32.8575  1025.1414     38.331     1.2768      0.172  0.000e+00
    191.750 269.730124        768     38.044    11.7539   3.759664    32.8656  1025.1502     38.355     1.2418      0.118  0.000e+00
    192.000 269.730127        769     38.072    11.7454   3.758181    32.8587  1025.1466     38.383     1.2212      0.105  0.000e+00
    192.250 269.730130        770     38.121    11.7362   3.761979    32.9037  1025.1835     38.433     1.1861      0.155  0.000e+00
    192.500 269.730133        771     38.191    11.7462   3.759491    32.8707  1025.1563     38.503     1.1569      0.240  0.000e+00
    192.750 269.730136        772     38.283    11.7468   3.760875    32.8836  1025.1666     38.596     1.1524      0.326  0.000e+00
    193.000 269.730139        773     38.404    11.7514   3.760216    32.8730  1025.1581     38.718     1.2109      0.430  0.000e+00
    193.250 269.730142        774     38.536    11.7503   3.755216    32.8253  1025.1219     38.851     1.0939      0.511  0.000e+00
    193.500 269.730145        775     38.661    11.7228   3.751010    32.8086  1025.1145     38.977     1.0910      0.518  0.000e+00
    193.750 269.730148        776     38.776    11.6707   3.748911    32.8342  1025.1445     39.093     1.0555      0.483  0.000e+00
    194.000 269.730150        777     38.863    11.6234   3.747331    32.8606  1025.1742     39.181     1.1132      0.408  0.000e+00
    194.250 269.730153        778     38.932    11.5850   3.746369    32.8852  1025.2007     39.251     1.0943      0.316  0.000e+00
    194.500 269.730156        779     38.982    11.5572   3.745751    32.9039  1025.2205     39.301     1.1602      0.240  0.000e+00
    194.750 269.730159        780     39.021    11.5372   3.745035    32.9146  1025.2327     39.340     1.1552      0.178  0.000e+00
    195.000 269.730162        781     39.064    11.5212   3.744205    32.9207  1025.2405     39.384     1.0485      0.165  0.000e+00
    195.250 269.730165        782     39.120    11.5058   3.743037    32.9229  1025.2453     39.440     1.0049      0.200  0.000e+00
    195.500 269.730168        783     39.205    11.4914   3.742831    32.9337  1025.2567     39.526     0.9624      0.283  0.000e+00
    195.750 269.730171        784     39.327    11.4805   3.742904    32.9441  1025.2674     39.649     0.9517      0.419  0.000e+00
    196.000 269.730174        785     39.464    11.4757   3.741358    32.9332  1025.2603     39.787     0.9126      0.522  0.000e+00
    196.250 269.730177        786     39.629    11.4640   3.737177    32.9025  1025.2395     39.953     0.8722      0.608  0.000e+00
    196.500 269.730179        787     39.799    11.4312   3.735805    32.9182  1025.2584     40.125     1.3295      0.677  0.000e+00
    196.750 269.730182        788     39.950    11.3982   3.734299    32.9328  1025.2764     40.277     0.9109      0.649  0.000e+00
    197.000 269.730185        789     40.072    11.3666   3.733511    32.9531  1025.2985     40.400     0.8603      0.550  0.000e+00
    197.250 269.730188        790     40.164    11.3396   3.732556    32.9678  1025.3152     40.493     0.8182      0.432  0.000e+00
    197.500 269.730191        791     40.230    11.3171   3.732145    32.9838  1025.3320     40.560     0.7910      0.320  0.000e+00
    197.750 269.730194        792     40.284    11.3005   3.731834    32.9956  1025.3445     40.614     0.8030      0.241  0.000e+00
    198.000 269.730197        793     40.340    11.2888   3.731496    33.0027  1025.3523     40.671     0.7758      0.221  0.000e+00
    198.250 269.730200        794     40.405    11.2799   3.731118    33.0069  1025.3575     40.736     0.7437      0.245  0.000e+00
    198.500 269.730203        795     40.484    11.2729   3.730979    33.0118  1025.3629     40.815     0.7016      0.290  0.000e+00
    198.750 269.730205        796     40.577    11.2685   3.730946    33.0153  1025.3669     40.909     0.6695      0.346  0.000e+00
    199.000 269.730208        797     40.676    11.2654   3.730263    33.0114  1025.3649     41.009     0.6514      0.387  0.000e+00
    199.250 269.730211        798     40.771    11.2582   3.729136    33.0067  1025.3629     41.105     0.6221      0.393  0.000e+00
    199.500 269.730214        799     40.859    11.2473   3.728858    33.0136  1025.3707     41.193     0.6250      0.369  0.000e+00
    199.750 269.730217        800     40.928    11.2384   3.728659    33.0197  1025.3773     41.263     0.6122      0.316  0.000e+00
    200.000 269.730220        801     40.983    11.2321   3.728487    33.0236  1025.3818     41.319     0.6056      0.251  0.000e+00
    200.250 269.730223        802     41.033    11.2274   3.728487    33.0277  1025.3861     41.370     0.6238      0.213  0.000e+00
    200.500 269.730226        803     41.079    11.2250   3.728520    33.0302  1025.3886     41.416     0.6151      0.193  0.000e+00
    200.750 269.730229        804     41.133    11.2241   3.728587    33.0316  1025.3901     41.469     0.5970      0.200  0.000e+00
    201.000 269.730231        805     41.201    11.2241   3.728487    33.0306  1025.3897     41.538     0.5974      0.245  0.000e+00
    201.250 269.730234        806     41.294    11.2237   3.728414    33.0303  1025.3899     41.633     0.6345      0.326  0.000e+00
    201.500 269.730237        807     41.406    11.2229   3.728110    33.0279  1025.3887     41.745     0.6159      0.415  0.000e+00
    201.750 269.730240        808     41.530    11.2211   3.727970    33.0281  1025.3897     41.870     0.6073      0.475  0.000e+00
    202.000 269.730243        809     41.664    11.2187   3.727904    33.0296  1025.3919     42.005     0.5974      0.520  0.000e+00
    202.250 269.730246        810     41.787    11.2167   3.727699    33.0293  1025.3926     42.130     0.5752      0.520  0.000e+00
    202.500 269.730249        811     41.898    11.2143   3.727288    33.0273  1025.3920     42.242     0.5723      0.473  0.000e+00
    202.750 269.730252        812     41.998    11.2102   3.726877    33.0269  1025.3929     42.343     0.5731      0.425  0.000e+00
    203.000 269.730255        813     42.088    11.2049   3.726712    33.0299  1025.3966     42.433     0.5698      0.382  0.000e+00
    203.250 269.730258        814     42.180    11.2006   3.726679    33.0334  1025.4005     42.526     0.5644      0.367  0.000e+00
    203.500 269.730260        815     42.274    11.1978   3.726573    33.0349  1025.4027     42.621     0.5702      0.376  0.000e+00
    203.750 269.730263        816     42.373    11.1956   3.726506    33.0361  1025.4044     42.721     0.5653      0.389  0.000e+00
    204.000 269.730266        817     42.478    11.1939   3.726473    33.0373  1025.4061     42.826     0.5785      0.410  0.000e+00
    204.250 269.730269        818     42.582    11.1927   3.726367    33.0373  1025.4068     42.931     0.5789      0.421  0.000e+00
    204.500 269.730272        819     42.679    11.1911   3.725890    33.0340  1025.4049     43.029     0.5834      0.406  0.000e+00
    204.750 269.730275        820     42.763    11.1869   3.725513    33.0340  1025.4061     43.114     0.5480      0.365  0.000e+00
    205.000 269.730278        821     42.823    11.1815   3.725513    33.0388  1025.4111     43.174     0.5818      0.290  0.000e+00
    205.250 269.730281        822     42.869    11.1779   3.725586    33.0428  1025.4150     43.220     0.5612      0.213  0.000e+00
    205.500 269.730284        823     42.910    11.1758   3.725586    33.0446  1025.4171     43.262     0.5813      0.176  0.000e+00
    205.750 269.730286        824     42.956    11.1745   3.725447    33.0444  1025.4173     43.308     0.5636      0.176  0.000e+00
    206.000 269.730289        825     43.018    11.1735   3.725619    33.0469  1025.4197     43.370     0.5603      0.217  0.000e+00
    206.250 269.730292        826     43.103    11.1738   3.726129    33.0517  1025.4237     43.456     0.5743      0.296  0.000e+00
    206.500 269.730295        827     43.227    11.1772   3.725824    33.0456  1025.4190     43.582     0.5471      0.423  0.000e+00
    206.750 269.730298        828     43.369    11.1783   3.724731    33.0338  1025.4102     43.725     0.5546      0.537  0.000e+00
    207.000 269.730301        829     43.516    11.1723   3.724049    33.0323  1025.4109     43.873     0.6102      0.582  0.000e+00
    207.250 269.730304        830     43.656    11.1627   3.723811    33.0385  1025.4180     44.013     0.5682      0.578  0.000e+00
    207.500 269.730307        831     43.776    11.1554   3.723778    33.0447  1025.4247     44.135     0.5418      0.524  0.000e+00
    207.750 269.730310        832     43.870    11.1506   3.723433    33.0455  1025.4266     44.229     0.5904      0.432  0.000e+00
    208.000 269.730313        833     43.943    11.1458   3.722923    33.0448  1025.4273     44.303     0.5570      0.337  0.000e+00
    208.250 269.730315        834     44.000    11.1388   3.722751    33.0494  1025.4324     44.360     0.5447      0.262  0.000e+00
    208.500 269.730318        835     44.055    11.1331   3.722817    33.0551  1025.4381     44.416     0.5377      0.226  0.000e+00
    208.750 269.730321        836     44.117    11.1305   3.722546    33.0548  1025.4386     44.478     0.5467      0.236  0.000e+00
    209.000 269.730324        837     44.192    11.1280   3.722413    33.0557  1025.4400     44.555     0.5364      0.277  0.000e+00
    209.250 269.730327        838     44.284    11.1258   3.723023    33.0636  1025.4470     44.647     0.5579      0.337  0.000e+00
    209.500 269.730330        839     44.386    11.1270   3.722513    33.0575  1025.4425     44.750     0.5282      0.391  0.000e+00
    209.750 269.730333        840     44.492    11.1268   3.722241    33.0549  1025.4410     44.856     0.5294      0.419  0.000e+00
    210.000 269.730336        841     44.599    11.1238   3.722003    33.0552  1025.4423     44.965     0.5175      0.430  0.000e+00
    210.250 269.730339        842     44.704    11.1203   3.721645    33.0548  1025.4431     45.070     0.5109      0.427  0.000e+00
