Raw_Data/Cage/SBE19/2020-09-25_SBE19_007_035_processed.cnv
* Sea-Bird SBE19plus Data File:
* FileName = C:\cruises\2020_barkerboys\leg2\data\cage\SBE19\2020-09-25_SBE19_004_035.hex
* Software Version 1.59
* Temperature SN =  4881
* Conductivity SN =  4881
* System UpLoad Time = Sep 25 2020 21:22:36
* ds
* SeacatPlus V 1.5  SERIAL NO. 4881    25 Sep 2020  21:17:28
# nquan = 12
# nvalues = 2874                                  
# units = specified
# name 0 = timeS: Time, Elapsed [seconds]
# name 1 = timeJ: Julian Days
# name 2 = scan: Scan Count
# name 3 = depSM: Depth [salt water, m], lat = 44.00
# name 4 = tv290C: Temperature [ITS-90, deg C]
# name 5 = c0S/m: Conductivity [S/m]
# name 6 = sal00: Salinity, Practical [PSU]
# name 7 = density00: Density [density, kg/m^3]
# name 8 = prdM: Pressure, Strain Gauge [db]
# name 9 = wetStar: Fluorescence, WET Labs WETstar [mg/m^3]
# name 10 = dz/dtM: Descent Rate [m/s]
# name 11 = flag:  0.000e+00
# span 0 =      0.000,    718.250                 
# span 1 = 269.787789, 269.796102                 
# span 2 =          1,       2874                 
# span 3 =     -0.002,    171.037                 
# span 4 =     9.7420,    13.6060                 
# span 5 =   0.046610,   3.878463                 
# span 6 =     0.2914,    33.5919                 
# span 7 =   999.5325,  1026.6752                 
# span 8 =     -0.002,    172.493                 
# span 9 =     0.1253,     5.2187                 
# span 10 =     -1.087,      0.949                
# span 11 = 0.0000e+00, 0.0000e+00                
# interval = seconds: 0.25
# start_time = Sep 25 2020 18:54:25 [Instrument's time stamp, header]
# bad_flag = -9.990e-29
*END*
[from data line 1805]
    451.250 269.793012       1806    168.704     9.7444   3.654748    33.5867  1026.6621    170.139     0.1895      0.449  0.000e+00
    451.500 269.793015       1807    168.806     9.7433   3.654866    33.5889  1026.6645    170.242     0.1776      0.423  0.000e+00
    451.750 269.793018       1808    168.902     9.7430   3.654814    33.5886  1026.6647    170.339     0.2035      0.400  0.000e+00
    452.000 269.793021       1809    168.991     9.7427   3.654847    33.5892  1026.6657    170.429     0.1809      0.374  0.000e+00
    452.250 269.793024       1810    169.082     9.7422   3.654814    33.5893  1026.6662    170.520     0.1986      0.363  0.000e+00
    452.500 269.793027       1811    169.182     9.7420   3.655011    33.5915  1026.6684    170.621     0.1883      0.385  0.000e+00
    452.750 269.793030       1812    169.292     9.7426   3.655005    33.5908  1026.6683    170.732     0.2196      0.423  0.000e+00
    453.000 269.793032       1813    169.426     9.7433   3.655182    33.5919  1026.6697    170.867     0.2176      0.492  0.000e+00
    453.250 269.793035       1814    169.561     9.7447   3.655215    33.5909  1026.6692    171.004     0.1883      0.544  0.000e+00
    453.500 269.793038       1815    169.704     9.7463   3.655116    33.5883  1026.6676    171.148     0.1990      0.561  0.000e+00
    453.750 269.793041       1816    169.838     9.7472   3.654978    33.5860  1026.6662    171.283     0.1949      0.559  0.000e+00
    454.000 269.793044       1817    169.966     9.7463   3.654781    33.5847  1026.6660    171.412     0.1854      0.529  0.000e+00
    454.250 269.793047       1818    170.086     9.7443   3.655005    33.5889  1026.6701    171.534     0.2134      0.501  0.000e+00
    454.500 269.793050       1819    170.197     9.7432   3.654979    33.5895  1026.6713    171.646     0.1965      0.466  0.000e+00
    454.750 269.793053       1820    170.304     9.7432   3.655011    33.5898  1026.6720    171.753     0.1867      0.438  0.000e+00
    455.000 269.793056       1821    170.412     9.7439   3.654913    33.5882  1026.6711    171.863     0.2011      0.434  0.000e+00
    455.250 269.793058       1822    170.517     9.7436   3.655012    33.5893  1026.6726    171.968     0.1821      0.430  0.000e+00
    455.500 269.793061       1823    170.623     9.7439   3.655110    33.5900  1026.6735    172.076     0.1759      0.426  0.000e+00
    455.750 269.793064       1824    170.725     9.7446   3.654150    33.5796  1026.6657    172.178     0.1908      0.419  0.000e+00
    456.000 269.793067       1825    170.823     9.7449   3.655117    33.5891  1026.6735    172.277     0.2159      0.402  0.000e+00
    456.250 269.793070       1826    170.922     9.7451   3.655084    33.5885  1026.6735    172.377     0.2081      0.398  0.000e+00
    456.500 269.793073       1827    170.989     9.7453   3.655012    33.5876  1026.6730    172.444     0.1891      0.335  0.000e+00
    456.750 269.793076       1828    171.024     9.7448   3.655117    33.5891  1026.6745    172.480     0.1801      0.206  0.000e+00
    457.000 269.793079       1829    171.022     9.7446   3.655110    33.5892  1026.6746    172.477     0.1998      0.067  0.000e+00
    457.250 269.793082       1830    171.037     9.7444   3.655084    33.5891  1026.6746    172.493     0.2143      0.026  0.000e+00
    457.500 269.793084       1831    171.023     9.7443   3.655051    33.5889  1026.6744    172.479     0.2052      0.002  0.000e+00
    457.750 269.793087       1832    170.964     9.7443   3.655183    33.5902  1026.6752    172.419     0.1924     -0.146  0.000e+00
    458.000 269.793090       1833    170.869     9.7446   3.655150    33.5897  1026.6742    172.324     0.2052     -0.310  0.000e+00
    458.250 269.793093       1834    170.765     9.7452   3.654407    33.5815  1026.6673    172.218     0.1899     -0.402  0.000e+00
    458.500 269.793096       1835    170.653     9.7449   3.654979    33.5877  1026.6717    172.105     0.2110     -0.436  0.000e+00
    458.750 269.793099       1836    170.523     9.7441   3.655012    33.5888  1026.6721    171.974     0.2064     -0.488  0.000e+00
    459.000 269.793102       1837    170.381     9.7440   3.655012    33.5891  1026.6717    171.831     0.1957     -0.548  0.000e+00
    459.250 269.793105       1838    170.230     9.7439   3.655051    33.5896  1026.6714    171.679     0.2406     -0.591  0.000e+00
    459.500 269.793108       1839    170.069     9.7439   3.655005    33.5892  1026.6704    171.516     0.1904     -0.630  0.000e+00
    459.750 269.793111       1840    169.912     9.7438   3.655011    33.5895  1026.6699    171.358     0.1961     -0.641  0.000e+00
    460.000 269.793113       1841    169.755     9.7438   3.654978    33.5892  1026.6689    171.199     0.1792     -0.634  0.000e+00
    460.250 269.793116       1842    169.607     9.7437   3.655011    33.5896  1026.6686    171.050     0.2073     -0.617  0.000e+00
    460.500 269.793119       1843    169.466     9.7438   3.654978    33.5893  1026.6677    170.908     0.1978     -0.583  0.000e+00
    460.750 269.793122       1844    169.334     9.7437   3.654912    33.5888  1026.6667    170.774     0.1928     -0.550  0.000e+00
    461.000 269.793125       1845    169.203     9.7434   3.654899    33.5890  1026.6663    170.642     0.1895     -0.531  0.000e+00
    461.250 269.793128       1846    169.065     9.7435   3.654978    33.5898  1026.6663    170.503     0.1994     -0.542  0.000e+00
    461.500 269.793131       1847    168.918     9.7436   3.654978    33.5898  1026.6656    170.355     0.1891     -0.574  0.000e+00
    461.750 269.793134       1848    168.766     9.7440   3.654978    33.5894  1026.6645    170.201     0.1982     -0.604  0.000e+00
    462.000 269.793137       1849    168.615     9.7443   3.654978    33.5892  1026.6637    170.050     0.1850     -0.611  0.000e+00
    462.250 269.793139       1850    168.474     9.7444   3.654971    33.5891  1026.6629    169.907     0.1867     -0.589  0.000e+00
    462.500 269.793142       1851    168.338     9.7447   3.654978    33.5890  1026.6622    169.770     0.1891     -0.559  0.000e+00
    462.750 269.793145       1852    168.213     9.7450   3.655011    33.5891  1026.6616    169.643     0.2052     -0.527  0.000e+00
    463.000 269.793148       1853    168.092     9.7453   3.654945    33.5882  1026.6603    169.522     0.2011     -0.497  0.000e+00
    463.250 269.793151       1854    167.966     9.7453   3.654978    33.5885  1026.6600    169.395     0.2237     -0.497  0.000e+00
    463.500 269.793154       1855    167.831     9.7454   3.654978    33.5885  1026.6594    169.258     0.2592     -0.527  0.000e+00
    463.750 269.793157       1856    167.680     9.7454   3.654932    33.5881  1026.6584    169.106     0.2085     -0.578  0.000e+00
    464.000 269.793160       1857    167.522     9.7452   3.654978    33.5888  1026.6582    168.947     0.1895     -0.624  0.000e+00
    464.250 269.793163       1858    167.350     9.7453   3.654945    33.5885  1026.6571    168.772     0.2027     -0.666  0.000e+00
    464.500 269.793166       1859    167.182     9.7452   3.654879    33.5880  1026.6561    168.604     0.2040     -0.686  0.000e+00
    464.750 269.793168       1860    167.012     9.7451   3.654846    33.5878  1026.6551    168.432     0.2781     -0.682  0.000e+00
    465.000 269.793171       1861    166.851     9.7447   3.654826    33.5881  1026.6547    168.269     0.2023     -0.669  0.000e+00
    465.250 269.793174       1862    166.711     9.7446   3.654846    33.5885  1026.6544    168.128     0.1867     -0.606  0.000e+00
    465.500 269.793177       1863    166.586     9.7445   3.654846    33.5886  1026.6539    168.003     0.2390     -0.533  0.000e+00
    465.750 269.793180       1864    166.481     9.7444   3.654780    33.5880  1026.6530    167.896     0.2155     -0.464  0.000e+00
    466.000 269.793183       1865    166.396     9.7441   3.654747    33.5880  1026.6526    167.810     0.2225     -0.385  0.000e+00
    466.250 269.793186       1866    166.316     9.7437   3.654813    33.5891  1026.6532    167.729     0.1978     -0.333  0.000e+00
    466.500 269.793189       1867    166.232     9.7436   3.654793    33.5891  1026.6528    167.645     0.1879     -0.331  0.000e+00
    466.750 269.793192       1868    166.134     9.7439   3.654813    33.5890  1026.6522    167.546     0.1887     -0.368  0.000e+00
    467.000 269.793194       1869    166.005     9.7441   3.654846    33.5892  1026.6517    167.416     0.1883     -0.458  0.000e+00
    467.250 269.793197       1870    165.841     9.7444   3.654813    33.5886  1026.6505    167.250     0.1867     -0.591  0.000e+00
    467.500 269.793200       1871    165.648     9.7446   3.654878    33.5892  1026.6501    167.055     0.1879     -0.720  0.000e+00
    467.750 269.793203       1872    165.431     9.7450   3.654931    33.5895  1026.6493    166.837     0.2002     -0.826  0.000e+00
    468.000 269.793206       1873    165.211     9.7458   3.654977    33.5893  1026.6479    166.615     0.1945     -0.882  0.000e+00
    468.250 269.793209       1874    164.993     9.7471   3.654977    33.5882  1026.6459    166.395     0.1932     -0.884  0.000e+00
    468.500 269.793212       1875    164.788     9.7480   3.654944    33.5872  1026.6440    166.188     0.1932     -0.853  0.000e+00
    468.750 269.793215       1876    164.603     9.7486   3.655049    33.5878  1026.6435    166.002     0.2011     -0.787  0.000e+00
    469.000 269.793218       1877    164.440     9.7492   3.655009    33.5869  1026.6420    165.837     0.1829     -0.701  0.000e+00
    469.250 269.793220       1878    164.288     9.7496   3.655075    33.5872  1026.6415    165.684     0.1970     -0.637  0.000e+00
    469.500 269.793223       1879    164.140     9.7500   3.655180    33.5880  1026.6413    165.534     0.2011     -0.606  0.000e+00
    469.750 269.793226       1880    163.993     9.7512   3.655410    33.5893  1026.6414    165.386     0.2011     -0.595  0.000e+00
    470.000 269.793229       1881    163.838     9.7543   3.655443    33.5868  1026.6383    165.230     0.1932     -0.608  0.000e+00
    470.250 269.793232       1882    163.671     9.7570   3.655443    33.5843  1026.6351    165.061     0.1953     -0.649  0.000e+00
    470.500 269.793235       1883    163.497     9.7586   3.655601    33.5846  1026.6343    164.886     0.2019     -0.688  0.000e+00
    470.750 269.793238       1884    163.323     9.7603   3.655778    33.5849  1026.6334    164.710     0.2633     -0.703  0.000e+00
    471.000 269.793241       1885    163.151     9.7633   3.655949    33.5839  1026.6314    164.537     0.1928     -0.699  0.000e+00
    471.250 269.793244       1886    162.987     9.7666   3.656179    33.5833  1026.6296    164.371     0.2044     -0.677  0.000e+00
    471.500 269.793247       1887    162.841     9.7703   3.656212    33.5802  1026.6259    164.224     0.1895     -0.626  0.000e+00
    471.750 269.793249       1888    162.711     9.7733   3.656245    33.5778  1026.6229    164.093     0.2052     -0.557  0.000e+00
    472.000 269.793252       1889    162.599     9.7751   3.656199    33.5757  1026.6205    163.980     0.1801     -0.488  0.000e+00
    472.250 269.793255       1890    162.500     9.7757   3.656245    33.5756  1026.6199    163.880     0.1875     -0.426  0.000e+00
    472.500 269.793258       1891    162.406     9.7764   3.656179    33.5743  1026.6183    163.785     0.1809     -0.389  0.000e+00
    472.750 269.793261       1892    162.306     9.7769   3.656317    33.5754  1026.6185    163.684     0.1842     -0.391  0.000e+00
    473.000 269.793264       1893    162.193     9.7779   3.656613    33.5775  1026.6196    163.570     0.1743     -0.430  0.000e+00
    473.250 269.793267       1894    162.061     9.7804   3.656481    33.5739  1026.6157    163.437     0.1714     -0.495  0.000e+00
    473.500 269.793270       1895    161.908     9.7822   3.656415    33.5716  1026.6129    163.283     0.1755     -0.574  0.000e+00
    473.750 269.793273       1896    161.737     9.7824   3.656514    33.5725  1026.6128    163.110     0.1796     -0.654  0.000e+00
    474.000 269.793275       1897    161.553     9.7829   3.656547    33.5725  1026.6119    162.924     0.1619     -0.718  0.000e+00
    474.250 269.793278       1898    161.364     9.7838   3.656580    33.5720  1026.6105    162.734     0.1850     -0.753  0.000e+00
    474.500 269.793281       1899    161.177     9.7847   3.656645    33.5720  1026.6095    162.545     0.1834     -0.757  0.000e+00
    474.750 269.793284       1900    160.998     9.7857   3.656652    33.5712  1026.6079    162.365     0.1739     -0.738  0.000e+00
    475.000 269.793287       1901    160.824     9.7862   3.656678    33.5711  1026.6069    162.189     0.1784     -0.714  0.000e+00
    475.250 269.793290       1902    160.666     9.7866   3.656645    33.5704  1026.6056    162.030     0.1764     -0.671  0.000e+00
    475.500 269.793293       1903    160.521     9.7872   3.656711    33.5706  1026.6050    161.883     0.1834     -0.611  0.000e+00
    475.750 269.793296       1904    160.375     9.7878   3.656678    33.5698  1026.6036    161.736     0.1681     -0.587  0.000e+00
    476.000 269.793299       1905    160.231     9.7880   3.656724    33.5701  1026.6031    161.591     0.1665     -0.585  0.000e+00
    476.250 269.793302       1906    160.083     9.7883   3.656678    33.5694  1026.6019    161.441     0.1578     -0.589  0.000e+00
    476.500 269.793304       1907    159.929     9.7884   3.656711    33.5697  1026.6014    161.286     0.1603     -0.611  0.000e+00
    476.750 269.793307       1908    159.773     9.7886   3.656711    33.5697  1026.6006    161.129     0.1599     -0.626  0.000e+00
    477.000 269.793310       1909    159.611     9.7889   3.656678    33.5691  1026.5994    160.965     0.1965     -0.641  0.000e+00
    477.250 269.793313       1910    159.448     9.7888   3.656710    33.5696  1026.5990    160.801     0.1702     -0.656  0.000e+00
    477.500 269.793316       1911    159.294     9.7890   3.656691    33.5692  1026.5980    160.645     0.1652     -0.641  0.000e+00
    477.750 269.793319       1912    159.140     9.7890   3.656645    33.5689  1026.5970    160.490     0.1669     -0.621  0.000e+00
    478.000 269.793322       1913    159.006     9.7890   3.656677    33.5692  1026.5967    160.355     0.1710     -0.581  0.000e+00
    478.250 269.793325       1914    158.882     9.7890   3.656677    33.5693  1026.5961    160.230     0.2048     -0.521  0.000e+00
    478.500 269.793328       1915    158.766     9.7892   3.656677    33.5692  1026.5956    160.113     0.1661     -0.484  0.000e+00
    478.750 269.793330       1916    158.640     9.7892   3.656618    33.5687  1026.5945    159.986     0.1603     -0.488  0.000e+00
    479.000 269.793333       1917    158.509     9.7893   3.656579    33.5682  1026.5936    159.854     0.2864     -0.518  0.000e+00
    479.250 269.793336       1918    158.364     9.7892   3.656677    33.5694  1026.5938    159.707     0.1788     -0.557  0.000e+00
    479.500 269.793339       1919    158.207     9.7892   3.656644    33.5691  1026.5929    159.548     0.1780     -0.611  0.000e+00
    479.750 269.793342       1920    158.040     9.7893   3.656611    33.5687  1026.5918    159.381     0.1562     -0.654  0.000e+00
    480.000 269.793345       1921    157.878     9.7892   3.656644    33.5692  1026.5915    159.217     0.1685     -0.662  0.000e+00
    480.250 269.793348       1922    157.718     9.7892   3.656618    33.5691  1026.5907    159.055     0.1632     -0.652  0.000e+00
    480.500 269.793351       1923    157.568     9.7892   3.656545    33.5684  1026.5895    158.904     0.1986     -0.626  0.000e+00
    480.750 269.793354       1924    157.427     9.7893   3.656611    33.5691  1026.5893    158.761     0.3428     -0.587  0.000e+00
