Raw_Data/Cage/SBE19/2020-09-21_SBE19_005_017_processed.cnv
* Sea-Bird SBE19plus Data File:
* FileName = C:\cruises\2020_barkerboys\leg2\data\cage\SBE19\2020-09-25_SBE19_004_017.hex
* Software Version 1.59
* Temperature SN =  4881
* Conductivity SN =  4881
* System UpLoad Time = Sep 25 2020 12:35:01
* ds
* SeacatPlus V 1.5  SERIAL NO. 4881    25 Sep 2020  12:15:39
# nquan = 12
# nvalues = 2955                                  
# units = specified
# name 0 = timeS: Time, Elapsed [seconds]
# name 1 = timeJ: Julian Days
# name 2 = scan: Scan Count
# name 3 = depSM: Depth [salt water, m], lat = 44.00
# name 4 = tv290C: Temperature [ITS-90, deg C]
# name 5 = c0S/m: Conductivity [S/m]
# name 6 = sal00: Salinity, Practical [PSU]
# name 7 = density00: Density [density, kg/m^3]
# name 8 = prdM: Pressure, Strain Gauge [db]
# name 9 = wetStar: Fluorescence, WET Labs WETstar [mg/m^3]
# name 10 = dz/dtM: Descent Rate [m/s]
# name 11 = flag:  0.000e+00
# span 0 =      0.000,    738.500                 
# span 1 = 265.577442, 265.585990                 
# span 2 =          1,       2955                 
# span 3 =      0.164,    179.851                 
# span 4 =     9.8175,    13.2823                 
# span 5 =   0.000950,   3.863692                 
# span 6 =     0.0105,    33.5472                 
# span 7 =   999.3756,  1026.6668                 
# span 8 =      0.166,    181.385                 
# span 9 =     0.1038,     3.7463                 
# span 10 =     -1.488,      1.280                
# span 11 = 0.0000e+00, 0.0000e+00                
# interval = seconds: 0.25
# start_time = Sep 21 2020 13:51:31 [Instrument's time stamp, header]
# bad_flag = -9.990e-29
*END*
[from data line 1564]
    391.000 265.581968       1565    160.030     9.8200   3.656881    33.5420  1026.5748    161.388     0.1240      0.647  0.000e+00
    391.250 265.581970       1566    160.232     9.8201   3.656848    33.5415  1026.5754    161.591     0.1356      0.757  0.000e+00
    391.500 265.581973       1567    160.441     9.8200   3.656881    33.5418  1026.5766    161.802     0.1211      0.828  0.000e+00
    391.750 265.581976       1568    160.661     9.8199   3.656849    33.5415  1026.5774    162.025     0.1450      0.866  0.000e+00
    392.000 265.581979       1569    160.885     9.8199   3.656849    33.5415  1026.5783    162.250     0.1290      0.896  0.000e+00
    392.250 265.581982       1570    161.092     9.8197   3.656901    33.5421  1026.5798    162.459     0.1228      0.869  0.000e+00
    392.500 265.581985       1571    161.281     9.8197   3.656849    33.5414  1026.5801    162.650     0.1261      0.800  0.000e+00
    392.750 265.581988       1572    161.444     9.8194   3.656882    33.5420  1026.5814    162.815     0.1376      0.712  0.000e+00
    393.000 265.581991       1573    161.587     9.8194   3.656882    33.5419  1026.5819    162.959     0.1343      0.617  0.000e+00
    393.250 265.581994       1574    161.712     9.8195   3.656915    33.5421  1026.5827    163.084     0.1199      0.539  0.000e+00
    393.500 265.581997       1575    161.859     9.8196   3.656935    33.5422  1026.5834    163.233     0.1244      0.548  0.000e+00
    393.750 265.581999       1576    162.016     9.8197   3.656882    33.5414  1026.5835    163.392     0.1409      0.615  0.000e+00
    394.000 265.582002       1577    162.187     9.8197   3.656948    33.5420  1026.5847    163.564     0.1339      0.662  0.000e+00
    394.250 265.582005       1578    162.386     9.8196   3.656915    33.5417  1026.5854    163.765     0.1302      0.746  0.000e+00
    394.500 265.582008       1579    162.594     9.8196   3.656915    33.5416  1026.5863    163.974     0.1290      0.821  0.000e+00
    394.750 265.582011       1580    162.800     9.8195   3.656915    33.5416  1026.5873    164.183     0.1290      0.836  0.000e+00
    395.000 265.582014       1581    163.009     9.8194   3.656902    33.5415  1026.5882    164.393     0.1339      0.838  0.000e+00
    395.250 265.582017       1582    163.208     9.8193   3.656981    33.5423  1026.5897    164.594     0.1417      0.823  0.000e+00
    395.500 265.582020       1583    163.397     9.8194   3.656981    33.5421  1026.5904    164.785     0.1652      0.783  0.000e+00
    395.750 265.582023       1584    163.575     9.8193   3.656981    33.5421  1026.5912    164.964     0.1430      0.740  0.000e+00
    396.000 265.582025       1585    163.742     9.8195   3.656948    33.5415  1026.5915    165.133     0.1450      0.696  0.000e+00
    396.250 265.582028       1586    163.908     9.8195   3.656981    33.5418  1026.5925    165.301     0.1471      0.673  0.000e+00
    396.500 265.582031       1587    164.063     9.8196   3.657008    33.5419  1026.5933    165.456     0.1417      0.647  0.000e+00
    396.750 265.582034       1588    164.226     9.8196   3.656981    33.5415  1026.5937    165.621     0.1512      0.640  0.000e+00
    397.000 265.582037       1589    164.388     9.8196   3.656949    33.5411  1026.5941    165.784     0.1471      0.656  0.000e+00
    397.250 265.582040       1590    164.572     9.8198   3.657047    33.5419  1026.5955    165.970     0.1335      0.699  0.000e+00
    397.500 265.582043       1591    164.760     9.8198   3.657047    33.5418  1026.5963    166.159     0.1438      0.750  0.000e+00
    397.750 265.582046       1592    164.957     9.8198   3.657113    33.5424  1026.5977    166.358     0.1384      0.776  0.000e+00
    398.000 265.582049       1593    165.156     9.8199   3.657047    33.5416  1026.5979    166.559     0.1467      0.800  0.000e+00
    398.250 265.582052       1594    165.349     9.8198   3.657080    33.5419  1026.5991    166.754     0.1529      0.791  0.000e+00
    398.500 265.582054       1595    165.530     9.8198   3.657048    33.5415  1026.5996    166.936     0.1599      0.754  0.000e+00
    398.750 265.582057       1596    165.697     9.8198   3.657081    33.5417  1026.6005    167.105     0.1430      0.703  0.000e+00
    399.000 265.582060       1597    165.854     9.8198   3.657081    33.5416  1026.6012    167.263     0.1455      0.654  0.000e+00
    399.250 265.582063       1598    166.013     9.8198   3.657081    33.5416  1026.6019    167.424     0.1228      0.638  0.000e+00
    399.500 265.582066       1599    166.190     9.8198   3.657186    33.5426  1026.6034    167.603     0.1273      0.679  0.000e+00
    399.750 265.582069       1600    166.390     9.8200   3.657147    33.5419  1026.6038    167.804     0.1232      0.759  0.000e+00
    400.000 265.582072       1601    166.611     9.8201   3.657186    33.5421  1026.6049    168.027     0.1249      0.849  0.000e+00
    400.250 265.582075       1602    166.841     9.8199   3.657252    33.5428  1026.6066    168.260     0.1273      0.911  0.000e+00
    400.500 265.582078       1603    167.062     9.8200   3.657114    33.5412  1026.6063    168.482     0.1405      0.909  0.000e+00
    400.750 265.582080       1604    167.254     9.8201   3.657219    33.5422  1026.6079    168.676     0.1500      0.832  0.000e+00
    401.000 265.582083       1605    167.413     9.8201   3.657186    33.5417  1026.6083    168.837     0.1430      0.710  0.000e+00
    401.250 265.582086       1606    167.529     9.8202   3.657147    33.5412  1026.6084    168.954     0.1409      0.557  0.000e+00
    401.500 265.582089       1607    167.614     9.8202   3.657219    33.5419  1026.6093    169.039     0.1314      0.404  0.000e+00
    401.750 265.582092       1608    167.687     9.8202   3.657219    33.5418  1026.6096    169.113     0.1265      0.318  0.000e+00
    402.000 265.582095       1609    167.771     9.8202   3.657219    33.5419  1026.6100    169.198     0.1409      0.318  0.000e+00
    402.250 265.582098       1610    167.895     9.8204   3.657252    33.5419  1026.6106    169.323     0.1319      0.419  0.000e+00
    402.500 265.582101       1611    168.091     9.8205   3.657252    33.5418  1026.6114    169.520     0.1368      0.645  0.000e+00
    402.750 265.582104       1612    168.359     9.8205   3.657253    33.5417  1026.6125    169.791     0.1504      0.937  0.000e+00
    403.000 265.582106       1613    168.651     9.8204   3.657286    33.5419  1026.6141    170.086     0.1335      1.131  0.000e+00
    403.250 265.582109       1614    168.941     9.8205   3.657318    33.5421  1026.6155    170.378     0.1442      1.174  0.000e+00
    403.500 265.582112       1615    169.207     9.8206   3.657358    33.5422  1026.6168    170.647     0.1290      1.122  0.000e+00
    403.750 265.582115       1616    169.430     9.8205   3.657352    33.5422  1026.6178    170.872     0.1253      0.987  0.000e+00
    404.000 265.582118       1617    169.587     9.8204   3.657319    33.5418  1026.6183    171.030     0.1442      0.765  0.000e+00
    404.250 265.582121       1618    169.669     9.8201   3.657286    33.5417  1026.6186    171.112     0.1253      0.482  0.000e+00
    404.500 265.582124       1619    169.688     9.8199   3.657286    33.5419  1026.6189    171.132     0.1294      0.204  0.000e+00
    404.750 265.582127       1620    169.673     9.8200   3.657325    33.5422  1026.6190    171.117     0.1277      0.008  0.000e+00
    405.000 265.582130       1621    169.674     9.8202   3.657417    33.5430  1026.6196    171.118     0.1512     -0.028  0.000e+00
    405.250 265.582133       1622    169.733     9.8205   3.657417    33.5427  1026.6196    171.177     0.1339      0.120  0.000e+00
    405.500 265.582135       1623    169.875     9.8207   3.657385    33.5421  1026.6197    171.321     0.1343      0.406  0.000e+00
    405.750 265.582138       1624    170.094     9.8206   3.657352    33.5418  1026.6205    171.541     0.1685      0.729  0.000e+00
    406.000 265.582141       1625    170.400     9.8205   3.657319    33.5414  1026.6216    171.850     0.1685      1.058  0.000e+00
    406.250 265.582144       1626    170.715     9.8205   3.657326    33.5413  1026.6230    172.168     0.1286      1.253  0.000e+00
    406.500 265.582147       1627    171.015     9.8202   3.657352    33.5418  1026.6248    172.471     0.1397      1.243  0.000e+00
    406.750 265.582150       1628    171.288     9.8200   3.657385    33.5421  1026.6263    172.746     0.1343      1.157  0.000e+00
    407.000 265.582153       1629    171.514     9.8201   3.657352    33.5416  1026.6269    172.974     0.1368      1.006  0.000e+00
    407.250 265.582156       1630    171.665     9.8201   3.657352    33.5415  1026.6276    173.127     0.1566      0.761  0.000e+00
    407.500 265.582159       1631    171.740     9.8201   3.657398    33.5420  1026.6282    173.202     0.1409      0.456  0.000e+00
    407.750 265.582161       1632    171.759     9.8199   3.657418    33.5423  1026.6286    173.221     0.1409      0.189  0.000e+00
    408.000 265.582164       1633    171.762     9.8202   3.657517    33.5431  1026.6292    173.225     0.1306      0.045  0.000e+00
    408.250 265.582167       1634    171.795     9.8202   3.657451    33.5424  1026.6288    173.258     0.1582      0.073  0.000e+00
    408.500 265.582170       1635    171.886     9.8202   3.657418    33.5420  1026.6289    173.349     0.1319      0.249  0.000e+00
    408.750 265.582173       1636    172.056     9.8204   3.657451    33.5421  1026.6297    173.521     0.1417      0.527  0.000e+00
    409.000 265.582176       1637    172.296     9.8203   3.657464    33.5422  1026.6309    173.763     0.1652      0.828  0.000e+00
    409.250 265.582179       1638    172.600     9.8202   3.657484    33.5423  1026.6324    174.069     0.1450      1.097  0.000e+00
    409.500 265.582182       1639    172.907     9.8200   3.657386    33.5414  1026.6331    174.380     0.1578      1.234  0.000e+00
    409.750 265.582185       1640    173.197     9.8197   3.657484    33.5425  1026.6354    174.672     0.1401      1.206  0.000e+00
    410.000 265.582187       1641    173.454     9.8197   3.657452    33.5421  1026.6363    174.932     0.1455      1.103  0.000e+00
    410.250 265.582190       1642    173.667     9.8197   3.657452    33.5420  1026.6371    175.146     0.1574      0.948  0.000e+00
    410.500 265.582193       1643    173.812     9.8196   3.657360    33.5411  1026.6371    175.293     0.1479      0.722  0.000e+00
    410.750 265.582196       1644    173.901     9.8191   3.657386    33.5418  1026.6382    175.383     0.1417      0.473  0.000e+00
    411.000 265.582199       1645    173.957     9.8187   3.657386    33.5422  1026.6388    175.439     0.1314      0.292  0.000e+00
    411.250 265.582202       1646    174.012     9.8183   3.657452    33.5432  1026.6398    175.495     0.1236      0.224  0.000e+00
    411.500 265.582205       1647    174.100     9.8183   3.657353    33.5421  1026.6394    175.583     0.1558      0.288  0.000e+00
    411.750 265.582208       1648    174.226     9.8181   3.657465    33.5434  1026.6411    175.711     0.1941      0.432  0.000e+00
    412.000 265.582211       1649    174.398     9.8182   3.657452    33.5431  1026.6416    175.884     0.1438      0.602  0.000e+00
    412.250 265.582214       1650    174.627     9.8185   3.657452    33.5427  1026.6423    176.115     0.1384      0.808  0.000e+00
    412.500 265.582216       1651    174.875     9.8187   3.657419    33.5421  1026.6429    176.365     0.1273      0.963  0.000e+00
    412.750 265.582219       1652    175.128     9.8188   3.657551    33.5432  1026.6449    176.620     0.1471      1.011  0.000e+00
    413.000 265.582222       1653    175.378     9.8188   3.657452    33.5421  1026.6451    176.873     0.1265      1.015  0.000e+00
    413.250 265.582225       1654    175.623     9.8188   3.657466    33.5421  1026.6463    177.120     0.1380      1.000  0.000e+00
    413.500 265.582228       1655    175.847     9.8185   3.657453    33.5422  1026.6474    177.346     0.1347      0.946  0.000e+00
    413.750 265.582231       1656    176.032     9.8181   3.657485    33.5428  1026.6488    177.533     0.1545      0.826  0.000e+00
    414.000 265.582234       1657    176.190     9.8179   3.657486    33.5429  1026.6496    177.692     0.1788      0.692  0.000e+00
    414.250 265.582237       1658    176.318     9.8179   3.657453    33.5425  1026.6499    177.821     0.1450      0.576  0.000e+00
    414.500 265.582240       1659    176.425     9.8178   3.657518    33.5433  1026.6510    177.929     0.1376      0.475  0.000e+00
    414.750 265.582242       1660    176.515     9.8178   3.657505    33.5431  1026.6513    178.020     0.1459      0.398  0.000e+00
    415.000 265.582245       1661    176.609     9.8178   3.657519    33.5432  1026.6518    178.114     0.1834      0.370  0.000e+00
    415.250 265.582248       1662    176.707     9.8179   3.657551    33.5433  1026.6523    178.213     0.1417      0.387  0.000e+00
    415.500 265.582251       1663    176.838     9.8181   3.657552    33.5431  1026.6527    178.345     0.1854      0.462  0.000e+00
    415.750 265.582254       1664    177.021     9.8181   3.657552    33.5430  1026.6535    178.530     0.1434      0.634  0.000e+00
    416.000 265.582257       1665    177.264     9.8182   3.657571    33.5430  1026.6545    178.775     0.1566      0.860  0.000e+00
    416.250 265.582260       1666    177.516     9.8184   3.657519    33.5422  1026.6551    179.030     0.1487      1.000  0.000e+00
    416.500 265.582263       1667    177.769     9.8182   3.657519    33.5423  1026.6563    179.285     0.1735      1.019  0.000e+00
    416.750 265.582266       1668    177.999     9.8181   3.657552    33.5426  1026.6576    179.517     0.1459      0.974  0.000e+00
    417.000 265.582269       1669    178.196     9.8181   3.657519    33.5422  1026.6582    179.716     0.1496      0.862  0.000e+00
    417.250 265.582271       1670    178.344     9.8181   3.657552    33.5425  1026.6591    179.865     0.1368      0.697  0.000e+00
    417.500 265.582274       1671    178.430     9.8178   3.657611    33.5433  1026.6602    179.952     0.1442      0.473  0.000e+00
    417.750 265.582277       1672    178.469     9.8179   3.657552    33.5425  1026.6597    179.991     0.1446      0.252  0.000e+00
    418.000 265.582280       1673    178.486     9.8179   3.657624    33.5433  1026.6604    180.008     0.1566      0.112  0.000e+00
    418.250 265.582283       1674    178.517     9.8179   3.657592    33.5429  1026.6602    180.040     0.1623      0.097  0.000e+00
    418.500 265.582286       1675    178.607     9.8181   3.657625    33.5430  1026.6607    180.131     0.1360      0.245  0.000e+00
    418.750 265.582289       1676    178.773     9.8181   3.657657    33.5433  1026.6617    180.299     0.1871      0.518  0.000e+00
    419.000 265.582292       1677    179.010     9.8181   3.657644    33.5431  1026.6626    180.537     0.1487      0.813  0.000e+00
    419.250 265.582295       1678    179.288     9.8181   3.657625    33.5427  1026.6636    180.818     0.1574      1.038  0.000e+00
    419.500 265.582297       1679    179.560     9.8179   3.657625    33.5428  1026.6649    181.092     0.1533      1.110  0.000e+00
    419.750 265.582300       1680    179.723     9.8179   3.657553    33.5420  1026.6651    181.256     0.1520      0.877  0.000e+00
    420.000 265.582303       1681    179.836     9.8178   3.657625    33.5428  1026.6662    181.370     0.1471      0.557  0.000e+00
    420.250 265.582306       1682    179.851     9.8177   3.657612    33.5427  1026.6662    181.385     0.1586      0.258  0.000e+00
    420.500 265.582309       1683    179.800     9.8175   3.657691    33.5437  1026.6668    181.335     0.1475     -0.071  0.000e+00
    420.750 265.582312       1684    179.702     9.8176   3.657691    33.5437  1026.6663    181.236     0.1450     -0.299  0.000e+00
