Raw_Data/Cage/SBE19/2020-09-26_SBE19_008_039_processed.cnv
* Sea-Bird SBE19plus Data File:
* FileName = C:\cruises\2020_barkerboys\leg2\data\cage\SBE19\2020-09-25_SBE19_008_037039.hex
* Software Version 1.59
* Temperature SN =  4881
* Conductivity SN =  4881
* System UpLoad Time = Sep 26 2020 18:14:16
* ds
* SeacatPlus V 1.5  SERIAL NO. 4881    26 Sep 2020  18:11:53
# nquan = 12
# nvalues = 2196                                  
# units = specified
# name 0 = timeS: Time, Elapsed [seconds]
# name 1 = timeJ: Julian Days
# name 2 = scan: Scan Count
# name 3 = depSM: Depth [salt water, m], lat = 44.00
# name 4 = tv290C: Temperature [ITS-90, deg C]
# name 5 = c0S/m: Conductivity [S/m]
# name 6 = sal00: Salinity, Practical [PSU]
# name 7 = density00: Density [density, kg/m^3]
# name 8 = prdM: Pressure, Strain Gauge [db]
# name 9 = wetStar: Fluorescence, WET Labs WETstar [mg/m^3]
# name 10 = dz/dtM: Descent Rate [m/s]
# name 11 = flag:  0.000e+00
# span 0 =      0.000,    548.750                 
# span 1 = 270.566562, 270.572914                 
# span 2 =          1,       2196                 
# span 3 =      0.001,    144.756                 
# span 4 =    10.1974,    12.4857                 
# span 5 =   0.050013,   3.790649                 
# span 6 =     0.3236,    33.4042                 
# span 7 =   999.7197,  1026.3319                 
# span 8 =      0.001,    145.979                 
# span 9 =     0.1615,    16.9494                 
# span 10 =     -1.125,      1.231                
# span 11 = 0.0000e+00, 0.0000e+00                
# interval = seconds: 0.25
# start_time = Sep 26 2020 13:35:51 [Instrument's time stamp, header]
# bad_flag = -9.990e-29
*END*
[from data line 1564]
    391.000 270.571088       1565     93.588    11.5348   3.738257    32.8273  1025.4132     94.367     0.4924     -0.707  0.000e+00
    391.250 270.571091       1566     93.415    11.5356   3.738224    32.8263  1025.4115     94.192     0.5673     -0.713  0.000e+00
    391.500 270.571094       1567     93.241    11.5357   3.737879    32.8229  1025.4080     94.017     0.6592     -0.701  0.000e+00
    391.750 270.571097       1568     93.069    11.5362   3.738257    32.8263  1025.4098     93.843     0.4404     -0.698  0.000e+00
    392.000 270.571100       1569     92.889    11.5367   3.738496    32.8282  1025.4103     93.661     0.4145     -0.711  0.000e+00
    392.250 270.571102       1570     92.697    11.5388   3.738841    32.8298  1025.4103     93.468     0.4071     -0.750  0.000e+00
    392.500 270.571105       1571     92.495    11.5428   3.738768    32.8257  1025.4054     93.265     0.6007     -0.793  0.000e+00
    392.750 270.571108       1572     92.282    11.5456   3.739113    32.8266  1025.4047     93.050     0.4730     -0.836  0.000e+00
    393.000 270.571111       1573     92.058    11.5490   3.739458    32.8270  1025.4034     92.823     0.4091     -0.883  0.000e+00
    393.250 270.571114       1574     91.833    11.5546   3.739697    32.8246  1025.3994     92.597     0.4244     -0.907  0.000e+00
    393.500 270.571117       1575     91.617    11.5602   3.739696    32.8197  1025.3936     92.378     0.4203     -0.890  0.000e+00
    393.750 270.571120       1576     91.423    11.5646   3.740174    32.8206  1025.3926     92.183     0.4100     -0.827  0.000e+00
    394.000 270.571123       1577     91.250    11.5706   3.740897    32.8224  1025.3921     92.009     0.4091     -0.739  0.000e+00
    394.250 270.571126       1578     91.103    11.5800   3.741236    32.8174  1025.3859     91.861     0.4693     -0.645  0.000e+00
    394.500 270.571128       1579     90.970    11.5900   3.741959    32.8156  1025.3820     91.726     0.4347     -0.565  0.000e+00
    394.750 270.571131       1580     90.812    11.6004   3.742165    32.8085  1025.3739     91.567     0.5443     -0.587  0.000e+00
    395.000 270.571134       1581     90.633    11.6087   3.742277    32.8023  1025.3667     91.387     0.6411     -0.679  0.000e+00
    395.250 270.571137       1582     90.430    11.6152   3.743299    32.8067  1025.3680     91.182     0.6044     -0.771  0.000e+00
    395.500 270.571140       1583     90.210    11.6261   3.743678    32.8009  1025.3605     90.960     0.6056     -0.853  0.000e+00
    395.750 270.571143       1584     89.986    11.6373   3.743744    32.7916  1025.3502     90.734     0.4718     -0.896  0.000e+00
    396.000 270.571146       1585     89.771    11.6452   3.744361    32.7908  1025.3471     90.518     0.4149     -0.885  0.000e+00
    396.250 270.571149       1586     89.578    11.6535   3.744600    32.7858  1025.3408     90.322     0.4540     -0.823  0.000e+00
    396.500 270.571152       1587     89.405    11.6610   3.744706    32.7804  1025.3344     90.148     0.4256     -0.739  0.000e+00
    396.750 270.571155       1588     89.239    11.6669   3.744945    32.7776  1025.3304     89.981     0.4590     -0.683  0.000e+00
    397.000 270.571157       1589     89.074    11.6719   3.745084    32.7746  1025.3264     89.814     0.5167     -0.668  0.000e+00
    397.250 270.571160       1590     88.899    11.6755   3.745150    32.7721  1025.3230     89.638     0.6003     -0.685  0.000e+00
    397.500 270.571163       1591     88.711    11.6783   3.745290    32.7711  1025.3209     89.448     0.4676     -0.733  0.000e+00
    397.750 270.571166       1592     88.511    11.6809   3.745628    32.7722  1025.3203     89.247     0.4104     -0.782  0.000e+00
    398.000 270.571169       1593     88.308    11.6851   3.745801    32.7702  1025.3171     89.042     0.5216     -0.812  0.000e+00
    398.250 270.571172       1594     88.113    11.6894   3.745595    32.7645  1025.3110     88.845     0.4520     -0.804  0.000e+00
    398.500 270.571175       1595     87.925    11.6915   3.745767    32.7644  1025.3096     88.656     0.5121     -0.771  0.000e+00
    398.750 270.571178       1596     87.753    11.6931   3.745874    32.7641  1025.3084     88.482     0.4858     -0.726  0.000e+00
    399.000 270.571181       1597     87.592    11.6950   3.746006    32.7638  1025.3071     88.320     0.4701     -0.673  0.000e+00
    399.250 270.571183       1598     87.424    11.6969   3.746285    32.7649  1025.3068     88.150     0.4244     -0.664  0.000e+00
    399.500 270.571186       1599     87.254    11.7000   3.746285    32.7622  1025.3033     87.979     0.4301     -0.681  0.000e+00
    399.750 270.571189       1600     87.073    11.7024   3.746458    32.7618  1025.3018     87.796     0.6213     -0.707  0.000e+00
    400.000 270.571192       1601     86.878    11.7046   3.746524    32.7607  1025.2996     87.600     0.5974     -0.758  0.000e+00
    400.250 270.571195       1602     86.667    11.7068   3.746524    32.7588  1025.2968     87.387     0.6089     -0.819  0.000e+00
    400.500 270.571198       1603     86.450    11.7087   3.746491    32.7569  1025.2940     87.168     0.4647     -0.864  0.000e+00
    400.750 270.571201       1604     86.226    11.7097   3.746663    32.7578  1025.2935     86.942     0.7754     -0.890  0.000e+00
    401.000 270.571204       1605     86.008    11.7109   3.746836    32.7585  1025.2928     86.722     0.5459     -0.892  0.000e+00
    401.250 270.571207       1606     85.809    11.7134   3.747041    32.7584  1025.2913     86.521     0.5130     -0.842  0.000e+00
    401.500 270.571209       1607     85.618    11.7161   3.747108    32.7567  1025.2886     86.329     0.5925     -0.786  0.000e+00
    401.750 270.571212       1608     85.436    11.7191   3.747214    32.7552  1025.2861     86.145     0.4948     -0.752  0.000e+00
    402.000 270.571215       1609     85.254    11.7215   3.747214    32.7531  1025.2832     85.961     0.6341     -0.735  0.000e+00
    402.250 270.571218       1610     85.060    11.7228   3.747380    32.7537  1025.2826     85.766     0.4932     -0.759  0.000e+00
    402.500 270.571221       1611     84.848    11.7246   3.747898    32.7573  1025.2840     85.552     0.4998     -0.819  0.000e+00
    402.750 270.571224       1612     84.621    11.7291   3.748070    32.7551  1025.2805     85.323     0.4981     -0.885  0.000e+00
    403.000 270.571227       1613     84.395    11.7340   3.747831    32.7485  1025.2734     85.096     0.6061     -0.913  0.000e+00
    403.250 270.571230       1614     84.187    11.7361   3.747897    32.7474  1025.2712     84.886     0.5195     -0.875  0.000e+00
    403.500 270.571233       1615     84.005    11.7367   3.747931    32.7473  1025.2702     84.702     0.5187     -0.786  0.000e+00
    403.750 270.571236       1616     83.843    11.7374   3.747897    32.7464  1025.2686     84.539     0.4928     -0.694  0.000e+00
    404.000 270.571238       1617     83.700    11.7386   3.748209    32.7484  1025.2693     84.394     0.4973     -0.617  0.000e+00
    404.250 270.571241       1618     83.557    11.7409   3.748329    32.7476  1025.2677     84.250     0.5105     -0.578  0.000e+00
    404.500 270.571244       1619     83.400    11.7432   3.748342    32.7458  1025.2651     84.092     0.5434     -0.604  0.000e+00
    404.750 270.571247       1620     83.215    11.7448   3.748448    32.7455  1025.2637     83.905     0.5142     -0.690  0.000e+00
    405.000 270.571250       1621     83.003    11.7462   3.748448    32.7444  1025.2616     83.691     0.5031     -0.801  0.000e+00
    405.250 270.571253       1622     82.776    11.7475   3.748827    32.7470  1025.2624     83.463     0.4858     -0.885  0.000e+00
    405.500 270.571256       1623     82.544    11.7506   3.748827    32.7443  1025.2587     83.228     1.0601     -0.926  0.000e+00
    405.750 270.571259       1624     82.328    11.7533   3.748860    32.7423  1025.2557     83.010     0.5789     -0.904  0.000e+00
    406.000 270.571262       1625     82.138    11.7554   3.749132    32.7432  1025.2551     82.819     0.5121     -0.819  0.000e+00
    406.250 270.571264       1626     81.965    11.7582   3.749205    32.7416  1025.2526     82.645     0.5673     -0.731  0.000e+00
    406.500 270.571267       1627     81.795    11.7608   3.749344    32.7407  1025.2506     82.473     0.4874     -0.692  0.000e+00
    406.750 270.571270       1628     81.618    11.7632   3.749650    32.7416  1025.2500     82.295     0.5925     -0.700  0.000e+00
    407.000 270.571273       1629     81.421    11.7662   3.749723    32.7398  1025.2472     82.096     0.4746     -0.754  0.000e+00
    407.250 270.571276       1630     81.214    11.7692   3.750061    32.7405  1025.2462     81.888     0.4726     -0.814  0.000e+00
    407.500 270.571279       1631     80.992    11.7733   3.750234    32.7386  1025.2430     81.663     0.4738     -0.866  0.000e+00
    407.750 270.571282       1632     80.779    11.7773   3.750134    32.7342  1025.2379     81.448     0.5747     -0.879  0.000e+00
    408.000 270.571285       1633     80.578    11.7794   3.750234    32.7335  1025.2360     81.246     0.5595     -0.834  0.000e+00
    408.250 270.571288       1634     80.389    11.7814   3.750373    32.7331  1025.2345     81.055     0.5892     -0.786  0.000e+00
    408.500 270.571291       1635     80.215    11.7833   3.750579    32.7335  1025.2337     80.880     0.5657     -0.733  0.000e+00
    408.750 270.571293       1636     80.048    11.7853   3.750546    32.7315  1025.2310     80.711     0.4771     -0.688  0.000e+00
    409.000 270.571296       1637     79.872    11.7872   3.750718    32.7316  1025.2299     80.534     0.8141     -0.692  0.000e+00
    409.250 270.571299       1638     79.694    11.7886   3.750924    32.7324  1025.2295     80.355     0.5612     -0.713  0.000e+00
    409.500 270.571302       1639     79.508    11.7906   3.750851    32.7300  1025.2264     80.167     0.5237     -0.735  0.000e+00
    409.750 270.571305       1640     79.307    11.7921   3.750785    32.7281  1025.2237     79.964     0.6473     -0.782  0.000e+00
    410.000 270.571308       1641     79.102    11.7932   3.750785    32.7273  1025.2220     79.757     0.5958     -0.819  0.000e+00
    410.250 270.571311       1642     78.894    11.7937   3.750891    32.7279  1025.2214     79.548     0.5574     -0.831  0.000e+00
    410.500 270.571314       1643     78.689    11.7944   3.751063    32.7291  1025.2213     79.341     0.5274     -0.834  0.000e+00
    410.750 270.571317       1644     78.480    11.7961   3.751229    32.7293  1025.2202     79.130     0.5282     -0.836  0.000e+00
    411.000 270.571319       1645     78.278    11.7988   3.751542    32.7301  1025.2194     78.926     0.4870     -0.829  0.000e+00
    411.250 270.571322       1646     78.077    11.8023   3.751767    32.7292  1025.2171     78.724     0.5064     -0.812  0.000e+00
    411.500 270.571325       1647     77.879    11.8061   3.751681    32.7252  1025.2124     78.524     0.5970     -0.803  0.000e+00
    411.750 270.571328       1648     77.682    11.8083   3.751854    32.7250  1025.2109     78.326     0.6728     -0.797  0.000e+00
    412.000 270.571331       1649     77.489    11.8105   3.752232    32.7268  1025.2110     78.131     0.5966     -0.786  0.000e+00
    412.250 270.571334       1650     77.300    11.8143   3.752365    32.7248  1025.2079     77.940     0.5175     -0.771  0.000e+00
    412.500 270.571337       1651     77.107    11.8180   3.752332    32.7214  1025.2037     77.745     0.7618     -0.771  0.000e+00
    412.750 270.571340       1652     76.915    11.8211   3.752332    32.7187  1025.2002     77.552     0.5999     -0.776  0.000e+00
    413.000 270.571343       1653     76.721    11.8234   3.752504    32.7185  1025.1987     77.357     0.5933     -0.778  0.000e+00
    413.250 270.571345       1654     76.524    11.8256   3.752677    32.7183  1025.1972     77.158     0.6563     -0.789  0.000e+00
    413.500 270.571348       1655     76.331    11.8285   3.752883    32.7178  1025.1954     76.963     0.4973     -0.787  0.000e+00
    413.750 270.571351       1656     76.140    11.8318   3.753162    32.7176  1025.1938     76.770     0.5377     -0.776  0.000e+00
    414.000 270.571354       1657     75.951    11.8353   3.753467    32.7176  1025.1923     76.580     0.5113     -0.767  0.000e+00
    414.250 270.571357       1658     75.763    11.8400   3.753713    32.7159  1025.1892     76.390     0.4985     -0.761  0.000e+00
    414.500 270.571360       1659     75.573    11.8445   3.753573    32.7107  1025.1835     76.199     0.4911     -0.763  0.000e+00
    414.750 270.571363       1660     75.378    11.8469   3.753573    32.7087  1025.1806     76.002     0.6736     -0.776  0.000e+00
    415.000 270.571366       1661     75.185    11.8482   3.753640    32.7083  1025.1792     75.808     0.5150     -0.782  0.000e+00
    415.250 270.571369       1662     74.991    11.8495   3.753846    32.7092  1025.1788     75.612     0.7639     -0.780  0.000e+00
    415.500 270.571372       1663     74.794    11.8519   3.754191    32.7105  1025.1784     75.413     0.7840     -0.788  0.000e+00
    415.750 270.571374       1664     74.601    11.8555   3.754470    32.7102  1025.1766     75.218     0.6122     -0.788  0.000e+00
    416.000 270.571377       1665     74.410    11.8595   3.754570    32.7077  1025.1731     75.026     0.5496     -0.776  0.000e+00
    416.250 270.571380       1666     74.221    11.8633   3.754536    32.7041  1025.1688     74.835     0.5410     -0.765  0.000e+00
    416.500 270.571383       1667     74.036    11.8663   3.755055    32.7066  1025.1693     74.649     0.5463     -0.754  0.000e+00
    416.750 270.571386       1668     73.857    11.8698   3.755121    32.7043  1025.1660     74.468     0.5953     -0.735  0.000e+00
    417.000 270.571389       1669     73.674    11.8737   3.755207    32.7017  1025.1624     74.283     0.4911     -0.730  0.000e+00
    417.250 270.571392       1670     73.486    11.8765   3.755187    32.6992  1025.1591     74.094     0.4804     -0.748  0.000e+00
    417.500 270.571395       1671     73.298    11.8781   3.755260    32.6986  1025.1575     73.904     0.5760     -0.758  0.000e+00
    417.750 270.571398       1672     73.108    11.8793   3.755500    32.6999  1025.1574     73.713     0.5150     -0.763  0.000e+00
    418.000 270.571400       1673     72.914    11.8814   3.755573    32.6988  1025.1553     73.517     0.6411     -0.774  0.000e+00
    418.250 270.571403       1674     72.716    11.8840   3.755706    32.6979  1025.1532     73.318     0.5780     -0.791  0.000e+00
    418.500 270.571406       1675     72.499    11.8864   3.755672    32.6956  1025.1500     73.098     0.6642     -0.838  0.000e+00
    418.750 270.571409       1676     72.275    11.8882   3.755985    32.6971  1025.1498     72.873     0.6102     -0.889  0.000e+00
    419.000 270.571412       1677     72.047    11.8905   3.755984    32.6952  1025.1469     72.643     0.5789     -0.911  0.000e+00
    419.250 270.571415       1678     71.819    11.8925   3.756084    32.6945  1025.1450     72.413     0.5294     -0.919  0.000e+00
    419.500 270.571418       1679     71.600    11.8943   3.756330    32.6954  1025.1443     72.192     0.5294     -0.902  0.000e+00
    419.750 270.571421       1680     71.404    11.8964   3.756330    32.6936  1025.1416     71.994     0.5117     -0.838  0.000e+00
    420.000 270.571424       1681     71.221    11.8985   3.756223    32.6908  1025.1382     71.810     0.5818     -0.765  0.000e+00
    420.250 270.571427       1682     71.050    11.8998   3.756330    32.6908  1025.1372     71.638     0.5661     -0.713  0.000e+00
    420.500 270.571429       1683     70.881    11.9006   3.756396    32.6908  1025.1363     71.467     0.5327     -0.685  0.000e+00
    420.750 270.571432       1684     70.705    11.9019   3.756808    32.6937  1025.1375     71.290     0.5616     -0.696  0.000e+00
