Raw_Data/Cage/SBE19/2020-09-24_SBE19_006_025_processed.cnv
* Sea-Bird SBE19plus Data File:
* FileName = C:\cruises\2020_barkerboys\leg2\data\cage\SBE19\2020-09-25_SBE19_004_025.hex
* Software Version 1.59
* Temperature SN =  4881
* Conductivity SN =  4881
* System UpLoad Time = Sep 25 2020 12:45:07
* ds
* SeacatPlus V 1.5  SERIAL NO. 4881    25 Sep 2020  12:15:39
# nquan = 12
# nvalues = 2662                                  
# units = specified
# name 0 = timeS: Time, Elapsed [seconds]
# name 1 = timeJ: Julian Days
# name 2 = scan: Scan Count
# name 3 = depSM: Depth [salt water, m], lat = 44.00
# name 4 = tv290C: Temperature [ITS-90, deg C]
# name 5 = c0S/m: Conductivity [S/m]
# name 6 = sal00: Salinity, Practical [PSU]
# name 7 = density00: Density [density, kg/m^3]
# name 8 = prdM: Pressure, Strain Gauge [db]
# name 9 = wetStar: Fluorescence, WET Labs WETstar [mg/m^3]
# name 10 = dz/dtM: Descent Rate [m/s]
# name 11 = flag:  0.000e+00
# span 0 =      0.000,    665.250                 
# span 1 = 268.691632, 268.699332                 
# span 2 =          1,       2662                 
# span 3 =     -0.101,    178.125                 
# span 4 =     9.7700,    14.9593                 
# span 5 =   0.052634,   3.907418                 
# span 6 =     0.3190,    33.5844                 
# span 7 =   999.3541,  1026.6985                 
# span 8 =     -0.102,    179.644                 
# span 9 =     0.1129,     4.0783                 
# span 10 =     -1.275,      1.263                
# span 11 = 0.0000e+00, 0.0000e+00                
# interval = seconds: 0.25
# start_time = Sep 24 2020 16:35:57 [Instrument's time stamp, header]
# bad_flag = -9.990e-29
*END*
[from data line 843]
    210.750 268.694071        844     59.277    10.8158   3.696401    33.0724  1025.5773     59.765     0.1871      1.121  0.000e+00
    211.000 268.694074        845     59.532    10.7834   3.695754    33.0951  1025.6019     60.023     0.1932      1.066  0.000e+00
    211.250 268.694077        846     59.775    10.7537   3.695147    33.1158  1025.6243     60.267     0.1603      1.005  0.000e+00
    211.500 268.694080        847     60.002    10.7312   3.694982    33.1344  1025.6438     60.496     0.1920      0.947  0.000e+00
    211.750 268.694083        848     60.213    10.7165   3.694844    33.1463  1025.6567     60.709     0.1829      0.883  0.000e+00
    212.000 268.694086        849     60.422    10.7069   3.694679    33.1532  1025.6647     60.919     0.1895      0.846  0.000e+00
    212.250 268.694089        850     60.623    10.7004   3.694573    33.1580  1025.6704     61.122     0.1611      0.827  0.000e+00
    212.500 268.694091        851     60.821    10.6960   3.694507    33.1613  1025.6747     61.322     0.1854      0.805  0.000e+00
    212.750 268.694094        852     61.014    10.6933   3.694441    33.1630  1025.6773     61.517     0.1529      0.788  0.000e+00
    213.000 268.694097        853     61.207    10.6912   3.694210    33.1625  1025.6782     61.711     0.1393      0.778  0.000e+00
    213.250 268.694100        854     61.411    10.6878   3.694138    33.1648  1025.6815     61.917     0.1656      0.801  0.000e+00
    213.500 268.694103        855     61.611    10.6848   3.694065    33.1667  1025.6845     62.119     0.1492      0.816  0.000e+00
    213.750 268.694106        856     61.818    10.6822   3.693999    33.1683  1025.6871     62.328     0.1628      0.821  0.000e+00
    214.000 268.694109        857     62.025    10.6799   3.693933    33.1696  1025.6895     62.536     0.2048      0.834  0.000e+00
    214.250 268.694112        858     62.230    10.6784   3.693729    33.1689  1025.6901     62.743     0.1990      0.831  0.000e+00
    214.500 268.694115        859     62.440    10.6755   3.693458    33.1687  1025.6914     62.955     0.1652      0.838  0.000e+00
    214.750 268.694117        860     62.654    10.6711   3.693293    33.1709  1025.6949     63.171     0.1619      0.855  0.000e+00
    215.000 268.694120        861     62.878    10.6676   3.693188    33.1730  1025.6981     63.396     0.1607      0.883  0.000e+00
    215.250 268.694123        862     63.113    10.6642   3.693089    33.1749  1025.7013     63.634     0.1714      0.926  0.000e+00
    215.500 268.694126        863     63.365    10.6607   3.692825    33.1754  1025.7034     63.887     0.1492      0.982  0.000e+00
    215.750 268.694129        864     63.627    10.6566   3.692211    33.1729  1025.7034     64.151     0.1648      1.035  0.000e+00
    216.000 268.694132        865     63.887    10.6494   3.690924    33.1664  1025.7008     64.414     0.1578      1.053  0.000e+00
    216.250 268.694135        866     64.147    10.6360   3.689947    33.1687  1025.7061     64.676     0.1574      1.048  0.000e+00
    216.500 268.694138        867     64.400    10.6193   3.689406    33.1784  1025.7177     64.931     0.1982      1.036  0.000e+00
    216.750 268.694141        868     64.647    10.6032   3.687486    33.1737  1025.7180     65.180     0.1549      1.010  0.000e+00
    217.000 268.694144        869     64.889    10.5809   3.685494    33.1739  1025.7232     65.424     0.1611      0.986  0.000e+00
    217.250 268.694146        870     65.130    10.5506   3.684280    33.1892  1025.7414     65.667     0.1846      0.973  0.000e+00
    217.500 268.694149        871     65.367    10.5209   3.683746    33.2108  1025.7645     65.907     0.1595      0.965  0.000e+00
    217.750 268.694152        872     65.598    10.4983   3.683206    33.2258  1025.7813     66.140     0.1817      0.945  0.000e+00
    218.000 268.694155        873     65.823    10.4815   3.682705    33.2361  1025.7932     66.366     0.1586      0.920  0.000e+00
    218.250 268.694158        874     66.047    10.4679   3.682263    33.2440  1025.8027     66.592     0.1529      0.904  0.000e+00
    218.500 268.694161        875     66.267    10.4568   3.682026    33.2516  1025.8116     66.814     0.1487      0.896  0.000e+00
    218.750 268.694164        876     66.487    10.4485   3.681591    33.2547  1025.8164     67.036     0.1450      0.887  0.000e+00
    219.000 268.694167        877     66.716    10.4411   3.680852    33.2540  1025.8182     67.266     0.1331      0.904  0.000e+00
    219.250 268.694170        878     66.950    10.4308   3.680615    33.2609  1025.8264     67.503     0.1422      0.935  0.000e+00
    219.500 268.694172        879     67.191    10.4210   3.680174    33.2652  1025.8326     67.746     0.1710      0.958  0.000e+00
    219.750 268.694175        880     67.440    10.4116   3.679673    33.2687  1025.8381     67.997     0.1508      0.988  0.000e+00
    220.000 268.694178        881     67.694    10.4019   3.679020    33.2709  1025.8427     68.253     0.1368      1.014  0.000e+00
    220.250 268.694181        882     67.949    10.3892   3.678631    33.2785  1025.8520     68.510     0.1277      1.027  0.000e+00
    220.500 268.694184        883     68.202    10.3770   3.678295    33.2862  1025.8612     68.765     0.1298      1.025  0.000e+00
    220.750 268.694187        884     68.452    10.3667   3.677992    33.2924  1025.8689     69.017     0.1232      1.014  0.000e+00
    221.000 268.694190        885     68.694    10.3581   3.677788    33.2981  1025.8760     69.261     0.1319      0.993  0.000e+00
    221.250 268.694193        886     68.930    10.3516   3.677551    33.3017  1025.8810     69.500     0.1319      0.965  0.000e+00
    221.500 268.694196        887     69.159    10.3461   3.677215    33.3032  1025.8841     69.731     0.1290      0.939  0.000e+00
    221.750 268.694198        888     69.390    10.3394   3.676681    33.3038  1025.8868     69.964     0.1290      0.928  0.000e+00
    222.000 268.694201        889     69.618    10.3299   3.676227    33.3079  1025.8927     70.194     0.1339      0.926  0.000e+00
    222.250 268.694204        890     69.861    10.3192   3.675976    33.3151  1025.9012     70.438     0.1286      0.949  0.000e+00
    222.500 268.694207        891     70.119    10.3086   3.675805    33.3230  1025.9104     70.698     0.1216      1.010  0.000e+00
    222.750 268.694210        892     70.381    10.2999   3.675911    33.3319  1025.9200     70.963     0.1129      1.048  0.000e+00
    223.000 268.694213        893     70.644    10.2939   3.675806    33.3362  1025.9256     71.228     0.1141      1.059  0.000e+00
    223.250 268.694216        894     70.893    10.2903   3.675839    33.3397  1025.9301     71.479     0.1562      1.033  0.000e+00
    223.500 268.694219        895     71.128    10.2882   3.675839    33.3415  1025.9329     71.716     0.1578      0.975  0.000e+00
    223.750 268.694222        896     71.341    10.2867   3.675944    33.3439  1025.9361     71.931     0.1347      0.902  0.000e+00
    224.000 268.694225        897     71.540    10.2856   3.675806    33.3434  1025.9367     72.131     0.1644      0.831  0.000e+00
    224.250 268.694227        898     71.725    10.2849   3.675806    33.3440  1025.9382     72.318     0.1294      0.776  0.000e+00
    224.500 268.694230        899     71.907    10.2846   3.675839    33.3445  1025.9395     72.502     0.1471      0.741  0.000e+00
    224.750 268.694233        900     72.098    10.2844   3.675872    33.3449  1025.9407     72.694     0.1352      0.752  0.000e+00
    225.000 268.694236        901     72.311    10.2844   3.675839    33.3445  1025.9413     72.909     0.1347      0.814  0.000e+00
    225.250 268.694239        902     72.537    10.2839   3.675912    33.3456  1025.9433     73.137     0.1393      0.885  0.000e+00
    225.500 268.694242        903     72.784    10.2839   3.675800    33.3443  1025.9435     73.386     0.1533      0.954  0.000e+00
    225.750 268.694245        904     73.046    10.2836   3.675873    33.3452  1025.9454     73.650     0.1492      1.027  0.000e+00
    226.000 268.694248        905     73.308    10.2833   3.675912    33.3458  1025.9471     73.915     0.1405      1.057  0.000e+00
    226.250 268.694251        906     73.569    10.2825   3.675807    33.3454  1025.9481     74.178     0.1384      1.055  0.000e+00
    226.500 268.694253        907     73.827    10.2792   3.675642    33.3466  1025.9508     74.438     0.1253      1.046  0.000e+00
    226.750 268.694256        908     74.075    10.2735   3.675471    33.3501  1025.9556     74.688     0.1413      1.021  0.000e+00
    227.000 268.694259        909     74.319    10.2680   3.675168    33.3519  1025.9591     74.934     0.1384      0.992  0.000e+00
    227.250 268.694262        910     74.566    10.2626   3.675036    33.3555  1025.9639     75.183     0.1409      0.990  0.000e+00
    227.500 268.694265        911     74.822    10.2581   3.675096    33.3601  1025.9695     75.441     0.1487      1.014  0.000e+00
    227.750 268.694268        912     75.083    10.2549   3.675037    33.3623  1025.9730     75.704     0.1549      1.042  0.000e+00
    228.000 268.694271        913     75.348    10.2521   3.674701    33.3613  1025.9739     75.972     0.1710      1.061  0.000e+00
    228.250 268.694274        914     75.611    10.2489   3.674365    33.3608  1025.9752     76.237     0.1471      1.066  0.000e+00
    228.500 268.694277        915     75.868    10.2447   3.673930    33.3602  1025.9766     76.496     0.1397      1.048  0.000e+00
    228.750 268.694280        916     76.114    10.2391   3.673291    33.3587  1025.9775     76.744     0.1471      1.014  0.000e+00
    229.000 268.694282        917     76.342    10.2323   3.673159    33.3635  1025.9835     76.974     0.1533      0.956  0.000e+00
    229.250 268.694285        918     76.561    10.2258   3.673047    33.3683  1025.9893     77.195     0.1718      0.902  0.000e+00
    229.500 268.694288        919     76.766    10.2207   3.672988    33.3723  1025.9943     77.402     0.1508      0.855  0.000e+00
    229.750 268.694291        920     76.961    10.2173   3.673759    33.3832  1026.0042     77.598     0.1665      0.806  0.000e+00
    230.000 268.694294        921     77.160    10.2153   3.674801    33.3954  1026.0151     77.799     0.1632      0.795  0.000e+00
    230.250 268.694297        922     77.368    10.2156   3.674768    33.3947  1026.0154     78.008     0.1417      0.821  0.000e+00
    230.500 268.694300        923     77.596    10.2148   3.674366    33.3912  1026.0138     78.238     0.1949      0.879  0.000e+00
    230.750 268.694303        924     77.842    10.2119   3.674030    33.3905  1026.0149     78.486     0.1586      0.956  0.000e+00
    231.000 268.694306        925     78.116    10.2080   3.673964    33.3932  1026.0189     78.763     0.1442      1.048  0.000e+00
    231.250 268.694308        926     78.400    10.2037   3.673661    33.3940  1026.0215     79.049     0.1438      1.126  0.000e+00
    231.500 268.694311        927     78.690    10.1998   3.673562    33.3965  1026.0255     79.342     0.2344      1.158  0.000e+00
    231.750 268.694314        928     78.980    10.1961   3.673358    33.3977  1026.0284     79.635     0.1710      1.171  0.000e+00
    232.000 268.694317        929     79.261    10.1924   3.673391    33.4013  1026.0331     79.917     0.1858      1.152  0.000e+00
    232.250 268.694320        930     79.528    10.1896   3.673490    33.4048  1026.0375     80.187     0.1710      1.104  0.000e+00
    232.500 268.694323        931     79.787    10.1877   3.673392    33.4054  1026.0395     80.448     0.1681      1.061  0.000e+00
    232.750 268.694326        932     80.020    10.1862   3.673260    33.4054  1026.0408     80.683     0.1574      0.993  0.000e+00
    233.000 268.694329        933     80.235    10.1849   3.673056    33.4044  1026.0413     80.900     0.1961      0.904  0.000e+00
    233.250 268.694332        934     80.438    10.1833   3.672720    33.4024  1026.0409     81.104     0.2126      0.842  0.000e+00
    233.500 268.694334        935     80.633    10.1803   3.672219    33.4000  1026.0404     81.301     0.1751      0.801  0.000e+00
    233.750 268.694337        936     80.828    10.1752   3.672252    33.4050  1026.0461     81.498     0.1677      0.786  0.000e+00
    234.000 268.694340        937     81.034    10.1715   3.672253    33.4083  1026.0502     81.706     0.1607      0.810  0.000e+00
    234.250 268.694343        938     81.261    10.1693   3.671983    33.4074  1026.0510     81.935     0.1768      0.874  0.000e+00
    234.500 268.694346        939     81.499    10.1669   3.671811    33.4079  1026.0528     82.174     0.1941      0.937  0.000e+00
    234.750 268.694349        940     81.749    10.1650   3.671818    33.4095  1026.0555     82.427     0.1677      0.984  0.000e+00
    235.000 268.694352        941     82.009    10.1636   3.671950    33.4121  1026.0590     82.689     0.2559      1.029  0.000e+00
    235.250 268.694355        942     82.267    10.1628   3.671884    33.4120  1026.0602     82.949     0.1673      1.044  0.000e+00
    235.500 268.694358        943     82.533    10.1626   3.671344    33.4066  1026.0573     83.218     0.1574      1.057  0.000e+00
    235.750 268.694361        944     82.803    10.1595   3.670712    33.4030  1026.0562     83.489     0.1685      1.081  0.000e+00
    236.000 268.694363        945     83.067    10.1516   3.670508    33.4080  1026.0627     83.756     0.1846      1.076  0.000e+00
    236.250 268.694366        946     83.323    10.1423   3.670152    33.4129  1026.0693     84.015     0.1582      1.051  0.000e+00
    236.500 268.694369        947     83.564    10.1323   3.669500    33.4154  1026.0741     84.257     0.1545      1.003  0.000e+00
    236.750 268.694372        948     83.786    10.1238   3.669975    33.4279  1026.0862     84.481     0.1492      0.933  0.000e+00
    237.000 268.694375        949     83.987    10.1186   3.669771    33.4306  1026.0901     84.684     0.1496      0.853  0.000e+00
    237.250 268.694378        950     84.169    10.1148   3.669468    33.4310  1026.0919     84.868     0.1537      0.773  0.000e+00
    237.500 268.694381        951     84.347    10.1108   3.669435    33.4343  1026.0960     85.047     0.1487      0.726  0.000e+00
    237.750 268.694384        952     84.530    10.1080   3.669402    33.4364  1026.0990     85.232     0.1615      0.728  0.000e+00
    238.000 268.694387        953     84.715    10.1063   3.669132    33.4352  1026.0991     85.418     0.1801      0.741  0.000e+00
    238.250 268.694389        954     84.911    10.1031   3.669001    33.4366  1026.1017     85.615     0.1549      0.767  0.000e+00
    238.500 268.694392        955     85.113    10.1001   3.669034    33.4397  1026.1056     85.819     0.2031      0.803  0.000e+00
    238.750 268.694395        956     85.311    10.0983   3.669034    33.4413  1026.1080     86.019     0.1615      0.808  0.000e+00
    239.000 268.694398        957     85.502    10.0975   3.669001    33.4416  1026.1093     86.212     0.1508      0.784  0.000e+00
    239.250 268.694401        958     85.688    10.0968   3.669034    33.4425  1026.1109     86.400     0.1516      0.761  0.000e+00
    239.500 268.694404        959     85.860    10.0966   3.668955    33.4418  1026.1112     86.573     0.1718      0.722  0.000e+00
    239.750 268.694407        960     86.023    10.0965   3.669001    33.4423  1026.1123     86.737     0.1578      0.675  0.000e+00
    240.000 268.694410        961     86.182    10.0966   3.669001    33.4422  1026.1130     86.898     0.1607      0.651  0.000e+00
    240.250 268.694413        962     86.346    10.0965   3.668968    33.4418  1026.1135     87.063     0.1611      0.653  0.000e+00
