Raw_Data/Cage/SBE19/2020-09-19_SBE19_003_008_processed.cnv
* Sea-Bird SBE19plus Data File:
* FileName = C:\cruises\2020_barkerboys\leg2\data\cage\SBE19\2020-09-25_SBE19_004_008.hex
* Software Version 1.59
* Temperature SN =  4881
* Conductivity SN =  4881
* System UpLoad Time = Sep 25 2020 12:21:40
* ds
* SeacatPlus V 1.5  SERIAL NO. 4881    25 Sep 2020  12:15:39
# nquan = 12
# nvalues = 788                                   
# units = specified
# name 0 = timeS: Time, Elapsed [seconds]
# name 1 = timeJ: Julian Days
# name 2 = scan: Scan Count
# name 3 = depSM: Depth [salt water, m], lat = 44.00
# name 4 = tv290C: Temperature [ITS-90, deg C]
# name 5 = c0S/m: Conductivity [S/m]
# name 6 = sal00: Salinity, Practical [PSU]
# name 7 = density00: Density [density, kg/m^3]
# name 8 = prdM: Pressure, Strain Gauge [db]
# name 9 = wetStar: Fluorescence, WET Labs WETstar [mg/m^3]
# name 10 = dz/dtM: Descent Rate [m/s]
# name 11 = flag:  0.000e+00
# span 0 =      0.000,    196.750                 
# span 1 = 263.759005, 263.761282                 
# span 2 =          1,        788                 
# span 3 =      0.035,      5.417                 
# span 4 =    12.5272,    13.0592                 
# span 5 =   0.048146,   3.837720                 
# span 6 =     0.3058,    32.7329                 
# span 7 =   999.6198,  1024.7171                 
# span 8 =      0.035,      5.460                 
# span 9 =     0.1401,     1.9899                 
# span 10 =     -0.337,      0.756                
# span 11 = 0.0000e+00, 0.0000e+00                
# interval = seconds: 0.25
# start_time = Sep 19 2020 18:12:58 [Instrument's time stamp, header]
# bad_flag = -9.990e-29
*END*
[from data line 121]
     30.250 263.759355        122      0.040    12.6879   0.052478     0.3366   999.6808      0.040     0.1520      0.002  0.000e+00
     30.500 263.759358        123      0.040    12.6891   0.052471     0.3365   999.6806      0.040     0.1520      0.000  0.000e+00
     30.750 263.759361        124      0.039    12.6888   0.052459     0.3364   999.6805      0.039     0.1562     -0.002  0.000e+00
     31.000 263.759363        125      0.040    12.6884   0.052446     0.3364   999.6805      0.040     0.1533      0.000  0.000e+00
     31.250 263.759366        126      0.039    12.6884   0.052459     0.3364   999.6806      0.039     0.1566 4.7370e-15  0.000e+00
     31.500 263.759369        127      0.040    12.6890   0.052456     0.3364   999.6805      0.041     0.1529      0.000  0.000e+00
     31.750 263.759372        128      0.040    12.6884   0.052459     0.3364   999.6806      0.040     0.1537      0.002  0.000e+00
     32.000 263.759375        129      0.038    12.6871   0.052481     0.3366   999.6809      0.038     0.1553     -0.004  0.000e+00
     32.250 263.759378        130      0.038    12.6874   0.052478     0.3366   999.6808      0.038     0.1562     -0.004  0.000e+00
     32.500 263.759381        131      0.039    12.6880   0.052465     0.3365   999.6807      0.039     0.1525      0.002  0.000e+00
     32.750 263.759384        132      0.039    12.6898   0.052440     0.3363   999.6803      0.039     0.1595      0.002  0.000e+00
     33.000 263.759387        133      0.038    12.6929   0.052415     0.3361   999.6798      0.038     0.1549     -0.002  0.000e+00
     33.250 263.759389        134      0.040    12.6941   0.052415     0.3361   999.6796      0.040     0.1582      0.002  0.000e+00
     33.500 263.759392        135      0.040    12.6941   0.052405     0.3360   999.6796      0.040     0.1541      0.004  0.000e+00
     33.750 263.759395        136      0.039    12.6946   0.052405     0.3360   999.6795      0.039     0.1529     -0.002  0.000e+00
     34.000 263.759398        137      0.039    12.6957   0.052424     0.3362   999.6795      0.039     0.1545     -0.002  0.000e+00
     34.250 263.759401        138      0.039    12.6958   0.052434     0.3362   999.6795      0.039     0.1541      0.000  0.000e+00
     34.500 263.759404        139      0.039    12.6955   0.052431     0.3362   999.6795      0.039     0.1558     -0.000  0.000e+00
     34.750 263.759407        140      0.039    12.6958   0.052415     0.3361   999.6794      0.039     0.1516 4.7370e-15  0.000e+00
     35.000 263.759410        141      0.040    12.6963   0.052390     0.3359   999.6792      0.040     0.1529      0.002  0.000e+00
     35.250 263.759413        142      0.040    12.6952   0.052358     0.3357   999.6792      0.041     0.1582      0.002  0.000e+00
     35.500 263.759416        143      0.038    12.6943   0.052339     0.3356   999.6792      0.038     0.1545     -0.004  0.000e+00
     35.750 263.759418        144      0.037    12.6946   0.052324     0.3355   999.6791      0.037     0.1455     -0.006  0.000e+00
     36.000 263.759421        145      0.038    12.6969   0.052330     0.3355   999.6788      0.038     0.1516      0.000  0.000e+00
     36.250 263.759424        146      0.039    12.6990   0.052343     0.3356   999.6786      0.039     0.1537      0.004  0.000e+00
     36.500 263.759427        147      0.040    12.7009   0.052339     0.3355   999.6783      0.040     0.1570      0.004  0.000e+00
     36.750 263.759430        148      0.037    12.7020   0.052349     0.3356   999.6782      0.037     0.1586     -0.004  0.000e+00
     37.000 263.759433        149      0.038    12.7016   0.052358     0.3357   999.6783      0.038     0.1566     -0.004  0.000e+00
     37.250 263.759436        150      0.040    12.6997   0.052349     0.3356   999.6785      0.041     0.1496      0.006  0.000e+00
     37.500 263.759439        151      0.040    12.6984   0.052339     0.3356   999.6787      0.041     0.1525      0.004  0.000e+00
     37.750 263.759442        152      0.039    12.6984   0.052308     0.3354   999.6785      0.039     0.1512     -0.002  0.000e+00
     38.000 263.759444        153      0.039    12.6982   0.052295     0.3353   999.6785      0.039     0.1529     -0.002  0.000e+00
     38.250 263.759447        154      0.038    12.6976   0.052267     0.3351   999.6784      0.038     0.1512     -0.002  0.000e+00
     38.500 263.759450        155      0.038    12.6964   0.052248     0.3350   999.6784      0.038     0.1545     -0.002  0.000e+00
     38.750 263.759453        156      0.040    12.6948   0.052242     0.3350   999.6786      0.041     0.1537      0.004  0.000e+00
     39.000 263.759456        157      0.038    12.6928   0.052220     0.3348   999.6788      0.038     0.1545     -0.000  0.000e+00
     39.250 263.759459        158      0.038    12.6918   0.052195     0.3347   999.6788      0.038     0.1475     -0.004  0.000e+00
     39.500 263.759462        159      0.039    12.6920   0.052182     0.3346   999.6787      0.039     0.1558      0.002  0.000e+00
     39.750 263.759465        160      0.039    12.6935   0.052170     0.3345   999.6784      0.039     0.1504      0.002  0.000e+00
     40.000 263.759468        161      0.038    12.6926   0.052173     0.3345   999.6786      0.038     0.1537     -0.002  0.000e+00
     40.250 263.759470        162      0.038    12.6914   0.052185     0.3346   999.6788      0.038     0.1562     -0.002  0.000e+00
     40.500 263.759473        163      0.040    12.6958   0.052192     0.3346   999.6782      0.041     0.1558      0.004  0.000e+00
     40.750 263.759476        164      0.039    12.7027   0.052176     0.3344   999.6773      0.039     0.1520      0.002  0.000e+00
     41.000 263.759479        165      0.037    12.7067   0.052192     0.3345   999.6768      0.037     0.1541     -0.006  0.000e+00
     41.250 263.759482        166      0.037    12.7086   0.052185     0.3345   999.6765      0.037     0.1566     -0.004  0.000e+00
     41.500 263.759485        167      0.040    12.7090   0.052192     0.3345   999.6765      0.041     0.1529      0.006  0.000e+00
     41.750 263.759488        168      0.038    12.7088   0.052185     0.3345   999.6765      0.038     0.1525      0.002  0.000e+00
     42.000 263.759491        169      0.040    12.7078   0.052167     0.3343   999.6765      0.041     0.1558 -4.737e-15  0.000e+00
     42.250 263.759494        170      0.040    12.7063   0.052145     0.3342   999.6766      0.041     0.1516      0.004  0.000e+00
     42.500 263.759497        171      0.040    12.7052   0.052129     0.3341   999.6767      0.041     0.1512      0.000  0.000e+00
     42.750 263.759499        172      0.036    12.7048   0.052110     0.3340   999.6766      0.036     0.1492     -0.009  0.000e+00
     43.000 263.759502        173      0.038    12.7033   0.052094     0.3339   999.6768      0.038     0.1549     -0.004  0.000e+00
     43.250 263.759505        174      0.038    12.7015   0.052072     0.3338   999.6769      0.038     0.1537      0.004  0.000e+00
     43.500 263.759508        175      0.038    12.7000   0.052072     0.3338   999.6771      0.038     0.1545      0.000  0.000e+00
     43.750 263.759511        176      0.038    12.6991   0.052072     0.3338   999.6772      0.038     0.1566     -0.000  0.000e+00
     44.000 263.759514        177      0.038    12.7003   0.052063     0.3337   999.6770      0.038     0.1558      0.000  0.000e+00
     44.250 263.759517        178      0.038    12.7015   0.052054     0.3336   999.6768      0.038     0.1525      0.000  0.000e+00
     44.500 263.759520        179      0.039    12.7023   0.052054     0.3336   999.6767      0.039     0.1504      0.002  0.000e+00
     44.750 263.759523        180      0.039    12.7021   0.052054     0.3336   999.6767      0.039     0.1504      0.002  0.000e+00
     45.000 263.759525        181      0.040    12.7015   0.052054     0.3336   999.6768      0.041     0.1537      0.002  0.000e+00
     45.250 263.759528        182      0.038    12.7024   0.052054     0.3336   999.6767      0.038     0.1529     -0.002  0.000e+00
     45.500 263.759531        183      0.039    12.7029   0.052054     0.3336   999.6766      0.039     0.1516     -0.002  0.000e+00
     45.750 263.759534        184      0.039    12.7035   0.052044     0.3336   999.6765      0.039     0.1504      0.002  0.000e+00
     46.000 263.759537        185      0.040    12.7035   0.052006     0.3333   999.6763      0.041     0.1516      0.002  0.000e+00
     46.250 263.759540        186      0.039    12.7031   0.051991     0.3332   999.6763      0.039     0.1566      0.000  0.000e+00
     46.500 263.759543        187      0.038    12.7018   0.051981     0.3332   999.6764      0.038     0.1549     -0.004  0.000e+00
     46.750 263.759546        188      0.038    12.7006   0.051962     0.3331   999.6764      0.038     0.1512     -0.002  0.000e+00
     47.000 263.759549        189      0.040    12.6990   0.051940     0.3329   999.6765      0.041     0.1516      0.004  0.000e+00
     47.250 263.759552        190      0.038    12.6986   0.051925     0.3328   999.6765      0.038     0.1549     -0.000  0.000e+00
     47.500 263.759554        191      0.040    12.6990   0.051925     0.3328   999.6765      0.041     0.1492     -0.000  0.000e+00
     47.750 263.759557        192      0.041    12.6978   0.051925     0.3328   999.6766      0.042     0.1570      0.006  0.000e+00
     48.000 263.759560        193      0.037    12.6976   0.051940     0.3329   999.6767      0.037     0.1525     -0.006  0.000e+00
     48.250 263.759563        194      0.039    12.6980   0.051934     0.3329   999.6766      0.039     0.1541     -0.004  0.000e+00
     48.500 263.759566        195      0.039    12.6980   0.051950     0.3330   999.6767      0.039     0.1541      0.004  0.000e+00
     48.750 263.759569        196      0.039    12.6977   0.051953     0.3330   999.6768      0.039     0.1508      0.000  0.000e+00
     49.000 263.759572        197      0.040    12.7004   0.051966     0.3331   999.6765      0.041     0.1512      0.002  0.000e+00
     49.250 263.759575        198      0.037    12.7046   0.051953     0.3330   999.6758      0.037     0.1520     -0.004  0.000e+00
     49.500 263.759578        199      0.038    12.7085   0.051940     0.3328   999.6753      0.038     0.1541     -0.004  0.000e+00
     49.750 263.759580        200      0.038    12.7122   0.051915     0.3326   999.6747      0.038     0.1541      0.002  0.000e+00
     50.000 263.759583        201      0.038    12.7129   0.051881     0.3324   999.6744      0.038     0.1512     -0.000  0.000e+00
     50.250 263.759586        202      0.039    12.7133   0.051865     0.3323   999.6743      0.039     0.1566      0.002  0.000e+00
     50.500 263.759589        203      0.039    12.7138   0.051852     0.3322   999.6741      0.039     0.1496      0.002  0.000e+00
     50.750 263.759592        204      0.038    12.7148   0.051834     0.3321   999.6739      0.038     0.1496     -0.002  0.000e+00
     51.000 263.759595        205      0.038    12.7141   0.051834     0.3321   999.6740      0.038     0.1525     -0.002  0.000e+00
     51.250 263.759598        206      0.037    12.7109   0.051834     0.3321   999.6744      0.037     0.1545     -0.002  0.000e+00
     51.500 263.759601        207      0.040    12.7088   0.051815     0.3320   999.6746      0.041     0.1562      0.004  0.000e+00
     51.750 263.759604        208      0.040    12.7025   0.051793     0.3319   999.6753      0.041     0.1545      0.006  0.000e+00
     52.000 263.759606        209      0.039    12.6943   0.051796     0.3320   999.6764      0.039     0.1549     -0.002  0.000e+00
     52.250 263.759609        210      0.041    12.6916   0.051783     0.3319   999.6767      0.042     0.1549      0.002  0.000e+00
     52.500 263.759612        211      0.039    12.6901   0.051777     0.3319   999.6768      0.039     0.1545 9.4739e-15  0.000e+00
     52.750 263.759615        212      0.040    12.6879   0.051777     0.3319   999.6771      0.041     0.1549     -0.002  0.000e+00
     53.000 263.759618        213      0.040    12.6857   0.051771     0.3319   999.6774      0.041     0.1545      0.002  0.000e+00
     53.250 263.759621        214      0.038    12.6855   0.051761     0.3318   999.6774      0.038     0.1558     -0.004  0.000e+00
     53.500 263.759624        215      0.039    12.6869   0.051771     0.3319   999.6772      0.040     0.1566     -0.002  0.000e+00
     53.750 263.759627        216      0.039    12.6873   0.051768     0.3319   999.6772      0.039     0.1574      0.002  0.000e+00
     54.000 263.759630        217      0.039    12.6875   0.051777     0.3319   999.6772      0.040     0.1553      0.000  0.000e+00
     54.250 263.759633        218      0.039    12.6866   0.051761     0.3318   999.6772      0.039     0.1541     -0.000  0.000e+00
     54.500 263.759635        219      0.040    12.6865   0.051752     0.3318   999.6772      0.041     0.1549      0.002  0.000e+00
     54.750 263.759638        220      0.038    12.6875   0.051727     0.3316   999.6769      0.038     0.1541     -0.002  0.000e+00
     55.000 263.759641        221      0.037    12.6876   0.051714     0.3315   999.6768      0.037     0.1537     -0.006  0.000e+00
     55.250 263.759644        222      0.039    12.6877   0.051695     0.3314   999.6767      0.039     0.1504      0.002  0.000e+00
     55.500 263.759647        223      0.038    12.6877   0.051686     0.3313   999.6767      0.038     0.1558      0.002  0.000e+00
     55.750 263.759650        224      0.039    12.6875   0.051680     0.3313   999.6767      0.040     0.1549      0.000  0.000e+00
     56.000 263.759653        225      0.039    12.6868   0.051686     0.3313   999.6768      0.040     0.1566      0.002  0.000e+00
     56.250 263.759656        226      0.036    12.6861   0.051677     0.3313   999.6768      0.036     0.1541     -0.006  0.000e+00
     56.500 263.759659        227      0.039    12.6849   0.051680     0.3313   999.6770      0.040     0.1545     -0.000  0.000e+00
     56.750 263.759661        228      0.039    12.6849   0.051648     0.3311   999.6768      0.040     0.1562      0.006  0.000e+00
     57.000 263.759664        229      0.040    12.6865   0.051639     0.3310   999.6766      0.041     0.1566      0.002  0.000e+00
     57.250 263.759667        230      0.038    12.6879   0.051633     0.3310   999.6764      0.038     0.1455     -0.002  0.000e+00
     57.500 263.759670        231      0.038    12.6886   0.051629     0.3309   999.6763      0.038     0.1525     -0.004  0.000e+00
     57.750 263.759673        232      0.039    12.6878   0.051623     0.3309   999.6763      0.040     0.1578      0.002  0.000e+00
     58.000 263.759676        233      0.039    12.6865   0.051614     0.3309   999.6765      0.040     0.1566      0.002  0.000e+00
     58.250 263.759679        234      0.038    12.6859   0.051595     0.3307   999.6764      0.038     0.1516     -0.002  0.000e+00
     58.500 263.759682        235      0.039    12.6874   0.051573     0.3306   999.6761      0.040     0.1537      0.000  0.000e+00
     58.750 263.759685        236      0.038    12.6887   0.051567     0.3305   999.6759      0.038     0.1529      0.000  0.000e+00
     59.000 263.759687        237      0.038    12.6892   0.051557     0.3305   999.6758      0.038     0.1558     -0.002  0.000e+00
     59.250 263.759690        238      0.039    12.6871   0.051548     0.3304   999.6760      0.040     0.1541      0.002  0.000e+00
     59.500 263.759693        239      0.039    12.6870   0.051538     0.3304   999.6760      0.040     0.1533      0.002  0.000e+00
     59.750 263.759696        240      0.038    12.6865   0.051548     0.3304   999.6761      0.038     0.1545     -0.002  0.000e+00
