Raw_Data/Cage/SBE19/2020-09-20_SBE19_004_012_processed.cnv
* Sea-Bird SBE19plus Data File:
* FileName = C:\cruises\2020_barkerboys\leg2\data\cage\SBE19\2020-09-25_SBE19_004_012.hex
* Software Version 1.59
* Temperature SN =  4881
* Conductivity SN =  4881
* System UpLoad Time = Sep 25 2020 12:24:10
* ds
* SeacatPlus V 1.5  SERIAL NO. 4881    25 Sep 2020  12:15:39
# nquan = 12
# nvalues = 3077                                  
# units = specified
# name 0 = timeS: Time, Elapsed [seconds]
# name 1 = timeJ: Julian Days
# name 2 = scan: Scan Count
# name 3 = depSM: Depth [salt water, m], lat = 44.00
# name 4 = tv290C: Temperature [ITS-90, deg C]
# name 5 = c0S/m: Conductivity [S/m]
# name 6 = sal00: Salinity, Practical [PSU]
# name 7 = density00: Density [density, kg/m^3]
# name 8 = prdM: Pressure, Strain Gauge [db]
# name 9 = wetStar: Fluorescence, WET Labs WETstar [mg/m^3]
# name 10 = dz/dtM: Descent Rate [m/s]
# name 11 = flag:  0.000e+00
# span 0 =      0.000,    769.000                 
# span 1 = 264.544583, 264.553484                 
# span 2 =          1,       3077                 
# span 3 =      0.121,    109.271                 
# span 4 =     8.6303,    13.0623                 
# span 5 =   0.044646,   3.819556                 
# span 6 =     0.3137,    34.8576                 
# span 7 =  1000.0314,  1026.8517                 
# span 8 =      0.122,    110.184                 
# span 9 =     0.1471,     5.9253                 
# span 10 =     -1.534,      1.304                
# span 11 = 0.0000e+00, 0.0000e+00                
# interval = seconds: 0.25
# start_time = Sep 20 2020 13:04:12 [Instrument's time stamp, header]
# bad_flag = -9.990e-29
*END*
[from data line 2286]
    571.500 264.551198       2287     98.809    11.5902   3.735996    32.7540  1025.3697     99.633     0.7968     -0.844  0.000e+00
    571.750 264.551201       2288     98.596    11.5912   3.736136    32.7545  1025.3690     99.418     0.6456     -0.868  0.000e+00
    572.000 264.551204       2289     98.413    11.5917   3.736136    32.7542  1025.3678     99.233     0.5076     -0.799  0.000e+00
    572.250 264.551207       2290     98.270    11.5924   3.736135    32.7536  1025.3666     99.089     0.6098     -0.658  0.000e+00
    572.500 264.551209       2291     98.169    11.5934   3.736301    32.7544  1025.3666     98.987     0.4886     -0.492  0.000e+00
    572.750 264.551212       2292     98.090    11.5944   3.736301    32.7536  1025.3654     98.908     0.5088     -0.363  0.000e+00
    573.000 264.551215       2293     98.007    11.5957   3.736374    32.7531  1025.3644     98.824     0.4924     -0.327  0.000e+00
    573.250 264.551218       2294     97.894    11.5969   3.736334    32.7517  1025.3626     98.710     0.5941     -0.395  0.000e+00
    573.500 264.551221       2295     97.734    11.5974   3.736301    32.7511  1025.3613     98.549     0.5603     -0.550  0.000e+00
    573.750 264.551224       2296     97.512    11.5972   3.736268    32.7510  1025.3602     98.324     0.5303     -0.771  0.000e+00
    574.000 264.551227       2297     97.244    11.5974   3.736301    32.7512  1025.3592     98.054     0.5142     -0.989  0.000e+00
    574.250 264.551230       2298     96.932    11.5974   3.736374    32.7521  1025.3584     97.740     0.5319     -1.169  0.000e+00
    574.500 264.551233       2299     96.622    11.5977   3.736374    32.7519  1025.3568     97.427     0.7919     -1.255  0.000e+00
    574.750 264.551236       2300     96.354    11.5982   3.736407    32.7520  1025.3555     97.156     0.5595     -1.167  0.000e+00
    575.000 264.551238       2301     96.158    11.5989   3.736579    32.7531  1025.3554     96.959     0.5064     -0.937  0.000e+00
    575.250 264.551241       2302     96.050    11.6003   3.736612    32.7523  1025.3540     96.850     0.5216     -0.612  0.000e+00
    575.500 264.551244       2303     96.015    11.6020   3.736785    32.7525  1025.3537     96.815     0.5677     -0.288  0.000e+00
    575.750 264.551247       2304     95.998    11.6034   3.736645    32.7499  1025.3513     96.797     0.5871     -0.105  0.000e+00
    576.000 264.551250       2305     95.960    11.6041   3.736791    32.7506  1025.3516     96.759     0.5253     -0.112  0.000e+00
    576.250 264.551253       2306     95.848    11.6049   3.736712    32.7492  1025.3499     96.646     0.5418     -0.303  0.000e+00
    576.500 264.551256       2307     95.644    11.6055   3.736745    32.7491  1025.3487     96.441     0.5113     -0.636  0.000e+00
    576.750 264.551259       2308     95.362    11.6058   3.736851    32.7500  1025.3481     96.156     0.5002     -0.980  0.000e+00
    577.000 264.551262       2309     95.031    11.6063   3.736851    32.7497  1025.3463     95.822     0.4940     -1.238  0.000e+00
    577.250 264.551264       2310     94.695    11.6070   3.736950    32.7502  1025.3450     95.483     0.5323     -1.345  0.000e+00
    577.500 264.551267       2311     94.402    11.6080   3.736950    32.7494  1025.3429     95.188     0.5340     -1.268  0.000e+00
    577.750 264.551270       2312     94.176    11.6089   3.736990    32.7491  1025.3414     94.960     0.4738     -1.046  0.000e+00
    578.000 264.551273       2313     94.014    11.6097   3.736950    32.7481  1025.3398     94.797     0.5146     -0.782  0.000e+00
    578.250 264.551276       2314     93.902    11.6100   3.736989    32.7483  1025.3393     94.683     0.5014     -0.554  0.000e+00
    578.500 264.551279       2315     93.829    11.6105   3.736950    32.7475  1025.3383     94.610     0.5072     -0.374  0.000e+00
    578.750 264.551282       2316     93.762    11.6107   3.737056    32.7483  1025.3387     94.542     0.5356     -0.281  0.000e+00
    579.000 264.551285       2317     93.678    11.6108   3.736950    32.7472  1025.3374     94.457     0.5200     -0.305  0.000e+00
    579.250 264.551288       2318     93.565    11.6111   3.737089    32.7484  1025.3377     94.343     0.5377     -0.398  0.000e+00
    579.500 264.551291       2319     93.407    11.6113   3.736949    32.7470  1025.3359     94.184     0.5068     -0.546  0.000e+00
    579.750 264.551293       2320     93.210    11.6115   3.737022    32.7476  1025.3354     93.986     0.5562     -0.715  0.000e+00
    580.000 264.551296       2321     92.984    11.6116   3.737055    32.7478  1025.3345     93.758     0.5319     -0.853  0.000e+00
    580.250 264.551299       2322     92.750    11.6123   3.737055    32.7474  1025.3330     93.522     0.5249     -0.928  0.000e+00
    580.500 264.551302       2323     92.525    11.6127   3.737055    32.7471  1025.3317     93.295     0.5027     -0.926  0.000e+00
    580.750 264.551305       2324     92.319    11.6131   3.737088    32.7472  1025.3307     93.086     0.5018     -0.870  0.000e+00
    581.000 264.551308       2325     92.140    11.6137   3.737261    32.7484  1025.3307     92.906     0.5055     -0.778  0.000e+00
    581.250 264.551311       2326     91.973    11.6149   3.737261    32.7474  1025.3290     92.738     0.5092     -0.696  0.000e+00
    581.500 264.551314       2327     91.828    11.6160   3.737327    32.7471  1025.3279     92.592     0.5682     -0.627  0.000e+00
    581.750 264.551317       2328     91.676    11.6168   3.737327    32.7465  1025.3266     92.439     0.5558     -0.599  0.000e+00
    582.000 264.551319       2329     91.524    11.6172   3.737261    32.7455  1025.3251     92.285     0.5356     -0.614  0.000e+00
    582.250 264.551322       2330     91.361    11.6175   3.737227    32.7451  1025.3239     92.121     0.5294     -0.636  0.000e+00
    582.500 264.551325       2331     91.175    11.6174   3.737327    32.7462  1025.3240     91.934     0.6320     -0.703  0.000e+00
    582.750 264.551328       2332     90.974    11.6175   3.737227    32.7452  1025.3223     91.731     0.5953     -0.780  0.000e+00
    583.000 264.551331       2333     90.758    11.6177   3.737293    32.7457  1025.3217     91.513     0.5175     -0.842  0.000e+00
    583.250 264.551334       2334     90.543    11.6181   3.737360    32.7461  1025.3210     91.296     0.5286     -0.870  0.000e+00
    583.500 264.551337       2335     90.347    11.6189   3.737260    32.7445  1025.3187     91.098     0.5150     -0.829  0.000e+00
    583.750 264.551340       2336     90.173    11.6196   3.737499    32.7463  1025.3191     90.923     0.4911     -0.746  0.000e+00
    584.000 264.551343       2337     90.036    11.6205   3.737532    32.7459  1025.3180     90.784     0.5010     -0.627  0.000e+00
    584.250 264.551345       2338     89.923    11.6215   3.737638    32.7461  1025.3175     90.670     0.5233     -0.505  0.000e+00
    584.500 264.551348       2339     89.819    11.6225   3.737671    32.7456  1025.3164     90.566     0.5179     -0.436  0.000e+00
    584.750 264.551351       2340     89.704    11.6238   3.737704    32.7448  1025.3151     90.450     0.5484     -0.441  0.000e+00
    585.000 264.551354       2341     89.551    11.6246   3.737810    32.7452  1025.3145     90.295     0.5414     -0.541  0.000e+00
    585.250 264.551357       2342     89.356    11.6254   3.737810    32.7446  1025.3130     90.099     0.5257     -0.703  0.000e+00
    585.500 264.551360       2343     89.119    11.6263   3.737910    32.7448  1025.3120     89.859     0.5138     -0.872  0.000e+00
    585.750 264.551363       2344     88.847    11.6273   3.737876    32.7437  1025.3097     89.585     0.5381     -1.027  0.000e+00
    586.000 264.551366       2345     88.557    11.6286   3.738016    32.7441  1025.3084     89.293     0.5550     -1.132  0.000e+00
    586.250 264.551369       2346     88.286    11.6295   3.738148    32.7447  1025.3075     89.019     0.5064     -1.132  0.000e+00
    586.500 264.551372       2347     88.056    11.6304   3.738015    32.7427  1025.3047     88.788     0.5348     -1.010  0.000e+00
    586.750 264.551374       2348     87.881    11.6311   3.738015    32.7422  1025.3034     88.611     0.5537     -0.817  0.000e+00
    587.000 264.551377       2349     87.752    11.6318   3.738148    32.7429  1025.3033     88.481     0.6951     -0.615  0.000e+00
    587.250 264.551380       2350     87.643    11.6321   3.738048    32.7417  1025.3017     88.371     0.5747     -0.479  0.000e+00
    587.500 264.551383       2351     87.548    11.6324   3.738082    32.7418  1025.3014     88.276     0.5059     -0.410  0.000e+00
    587.750 264.551386       2352     87.430    11.6326   3.738048    32.7413  1025.3004     88.156     0.5241     -0.430  0.000e+00
    588.000 264.551389       2353     87.272    11.6327   3.738015    32.7410  1025.2994     87.997     0.4804     -0.556  0.000e+00
    588.250 264.551392       2354     87.081    11.6326   3.737975    32.7408  1025.2984     87.804     0.5393     -0.705  0.000e+00
    588.500 264.551395       2355     86.852    11.6328   3.738115    32.7421  1025.2984     87.573     0.5995     -0.849  0.000e+00
    588.750 264.551398       2356     86.602    11.6325   3.738015    32.7415  1025.2968     87.322     0.5517     -0.965  0.000e+00
    589.000 264.551400       2357     86.344    11.6326   3.737975    32.7411  1025.2953     87.061     0.5665     -1.025  0.000e+00
    589.250 264.551403       2358     86.100    11.6323   3.737975    32.7414  1025.2945     86.815     0.5212     -1.014  0.000e+00
    589.500 264.551406       2359     85.879    11.6322   3.737975    32.7417  1025.2937     86.592     0.5649     -0.937  0.000e+00
    589.750 264.551409       2360     85.694    11.6322   3.737975    32.7417  1025.2929     86.405     0.5640     -0.819  0.000e+00
    590.000 264.551412       2361     85.538    11.6324   3.738048    32.7423  1025.2926     86.248     0.5546     -0.688  0.000e+00
    590.250 264.551415       2362     85.404    11.6325   3.738014    32.7420  1025.2918     86.113     0.5154     -0.584  0.000e+00
    590.500 264.551418       2363     85.266    11.6326   3.737975    32.7416  1025.2908     85.973     0.5327     -0.550  0.000e+00
    590.750 264.551421       2364     85.095    11.6331   3.738114    32.7426  1025.2907     85.801     0.6168     -0.623  0.000e+00
    591.000 264.551424       2365     84.898    11.6332   3.738047    32.7419  1025.2892     85.603     0.5925     -0.741  0.000e+00
    591.250 264.551427       2366     84.675    11.6339   3.738147    32.7423  1025.2884     85.378     0.5286     -0.846  0.000e+00
    591.500 264.551429       2367     84.429    11.6351   3.738352    32.7434  1025.2879     85.130     0.5340     -0.945  0.000e+00
    591.750 264.551432       2368     84.181    11.6365   3.738386    32.7426  1025.2859     84.880     0.6024     -0.997  0.000e+00
    592.000 264.551435       2369     83.955    11.6379   3.738352    32.7411  1025.2835     84.652     0.5546     -0.956  0.000e+00
    592.250 264.551438       2370     83.768    11.6393   3.738525    32.7416  1025.2828     84.463     0.5076     -0.834  0.000e+00
    592.500 264.551441       2371     83.619    11.6406   3.738591    32.7412  1025.2816     84.313     0.4808     -0.679  0.000e+00
    592.750 264.551444       2372     83.505    11.6416   3.738525    32.7397  1025.2797     84.198     0.6699     -0.531  0.000e+00
    593.000 264.551447       2373     83.418    11.6427   3.738591    32.7394  1025.2789     84.111     0.5537     -0.404  0.000e+00
    593.250 264.551450       2374     83.331    11.6435   3.738664    32.7395  1025.2784     84.022     0.5747     -0.350  0.000e+00
    593.500 264.551453       2375     83.222    11.6442   3.738796    32.7402  1025.2783     83.913     0.5607     -0.395  0.000e+00
    593.750 264.551455       2376     83.077    11.6451   3.738664    32.7382  1025.2759     83.766     0.5344     -0.514  0.000e+00
    594.000 264.551458       2377     82.884    11.6459   3.738697    32.7378  1025.2746     83.571     0.5958     -0.683  0.000e+00
    594.250 264.551461       2378     82.640    11.6465   3.738796    32.7384  1025.2738     83.325     0.5719     -0.881  0.000e+00
    594.500 264.551464       2379     82.352    11.6471   3.738796    32.7380  1025.2721     83.035     0.8170     -1.072  0.000e+00
    594.750 264.551467       2380     82.035    11.6475   3.738796    32.7378  1025.2705     82.715     0.5735     -1.220  0.000e+00
    595.000 264.551470       2381     81.710    11.6482   3.738902    32.7384  1025.2693     82.387     0.5039     -1.296  0.000e+00
    595.250 264.551473       2382     81.412    11.6490   3.739074    32.7395  1025.2686     82.087     0.9550     -1.257  0.000e+00
    595.500 264.551476       2383     81.163    11.6509   3.739380    32.7409  1025.2682     81.836     0.6473     -1.102  0.000e+00
    595.750 264.551479       2384     80.989    11.6542   3.739963    32.7437  1025.2690     81.660     0.5677     -0.853  0.000e+00
    596.000 264.551481       2385     80.896    11.6593   3.740308    32.7426  1025.2668     81.567     0.5768     -0.539  0.000e+00
    596.250 264.551484       2386     80.860    11.6654   3.740481    32.7389  1025.2627     81.530     0.5125     -0.260  0.000e+00
    596.500 264.551487       2387     80.885    11.6707   3.740892    32.7382  1025.2613     81.556     0.6312     -0.021  0.000e+00
    596.750 264.551490       2388     80.881    11.6757   3.740448    32.7295  1025.2535     81.552     0.5200      0.043  0.000e+00
    597.000 264.551493       2389     80.853    11.6775   3.740547    32.7289  1025.2526     81.524     0.5418     -0.064  0.000e+00
    597.250 264.551496       2390     80.763    11.6784   3.741164    32.7342  1025.2561     81.432     0.5298     -0.239  0.000e+00
    597.500 264.551499       2391     80.583    11.6821   3.741164    32.7310  1025.2521     81.251     0.7985     -0.546  0.000e+00
    597.750 264.551502       2392     80.323    11.6856   3.741921    32.7354  1025.2537     80.989     0.5385     -0.887  0.000e+00
    598.000 264.551505       2393     79.988    11.6920   3.742744    32.7379  1025.2530     80.651     0.5504     -1.199  0.000e+00
    598.250 264.551508       2394     79.612    11.7014   3.743427    32.7364  1025.2483     80.272     0.5937     -1.433  0.000e+00
    598.500 264.551510       2395     79.228    11.7123   3.744562    32.7380  1025.2458     79.884     0.6460     -1.534  0.000e+00
    598.750 264.551513       2396     78.870    11.7264   3.745664    32.7364  1025.2404     79.523     0.5587     -1.497  0.000e+00
    599.000 264.551516       2397     78.569    11.7427   3.746381    32.7292  1025.2304     79.219     0.6234     -1.330  0.000e+00
    599.250 264.551519       2398     78.333    11.7582   3.747211    32.7237  1025.2222     78.982     0.5055     -1.083  0.000e+00
    599.500 264.551522       2399     78.192    11.7724   3.747795    32.7169  1025.2136     78.839     0.5476     -0.760  0.000e+00
    599.750 264.551525       2400     78.137    11.7853   3.748964    32.7170  1025.2110     78.784     0.6633     -0.395  0.000e+00
    600.000 264.551528       2401     78.134    11.8000   3.749376    32.7081  1025.2014     78.781     0.7597     -0.116  0.000e+00
    600.250 264.551531       2402     78.150    11.8125   3.748977    32.6932  1025.1876     78.797     0.5434      0.026  0.000e+00
    600.500 264.551534       2403     78.140    11.8177   3.748791    32.6868  1025.1816     78.788     0.6081      0.013  0.000e+00
    600.750 264.551536       2404     78.063    11.8185   3.749169    32.6898  1025.1835     78.709     0.5579     -0.176  0.000e+00
    601.000 264.551539       2405     77.911    11.8206   3.749548    32.6917  1025.1838     78.557     1.3806     -0.462  0.000e+00
    601.250 264.551542       2406     77.663    11.8248   3.749302    32.6857  1025.1772     78.306     0.7601     -0.806  0.000e+00
