Raw_Data/Cage/SBE19/2020-09-21_SBE19_005_022_processed.cnv
* Sea-Bird SBE19plus Data File:
* FileName = C:\cruises\2020_barkerboys\leg2\data\cage\SBE19\2020-09-25_SBE19_004_022.hex
* Software Version 1.59
* Temperature SN =  4881
* Conductivity SN =  4881
* System UpLoad Time = Sep 25 2020 12:42:10
* ds
* SeacatPlus V 1.5  SERIAL NO. 4881    25 Sep 2020  12:15:39
# nquan = 12
# nvalues = 2593                                  
# units = specified
# name 0 = timeS: Time, Elapsed [seconds]
# name 1 = timeJ: Julian Days
# name 2 = scan: Scan Count
# name 3 = depSM: Depth [salt water, m], lat = 44.00
# name 4 = tv290C: Temperature [ITS-90, deg C]
# name 5 = c0S/m: Conductivity [S/m]
# name 6 = sal00: Salinity, Practical [PSU]
# name 7 = density00: Density [density, kg/m^3]
# name 8 = prdM: Pressure, Strain Gauge [db]
# name 9 = wetStar: Fluorescence, WET Labs WETstar [mg/m^3]
# name 10 = dz/dtM: Descent Rate [m/s]
# name 11 = flag:  0.000e+00
# span 0 =      0.000,    648.000                 
# span 1 = 265.746528, 265.754028                 
# span 2 =          1,       2593                 
# span 3 =      0.131,    166.716                 
# span 4 =     9.9653,    13.2707                 
# span 5 =   0.044702,   3.864669                 
# span 6 =     0.2815,    33.4986                 
# span 7 =   999.5719,  1026.5463                 
# span 8 =      0.132,    168.133                 
# span 9 =     0.1051,     4.2592                 
# span 10 =     -1.543,      1.382                
# span 11 = 0.0000e+00, 0.0000e+00                
# interval = seconds: 0.25
# start_time = Sep 21 2020 17:55:00 [Instrument's time stamp, header]
# bad_flag = -9.990e-29
*END*
[from data line 1083]
    270.750 265.749661       1084     85.464    10.2117   3.671048    33.3571  1026.0237     86.173     0.1306      1.197  0.000e+00
    271.000 265.749664       1085     85.743    10.2113   3.671009    33.3569  1026.0248     86.455     0.1306      1.171  0.000e+00
    271.250 265.749667       1086     85.989    10.2107   3.670976    33.3570  1026.0262     86.703     0.1253      1.059  0.000e+00
    271.500 265.749670       1087     86.210    10.2100   3.670930    33.3571  1026.0274     86.925     0.1240      0.941  0.000e+00
    271.750 265.749673       1088     86.405    10.2083   3.670844    33.3577  1026.0290     87.122     0.1471      0.838  0.000e+00
    272.000 265.749676       1089     86.585    10.2060   3.670746    33.3587  1026.0310     87.304     0.1352      0.756  0.000e+00
    272.250 265.749679       1090     86.757    10.2033   3.670443    33.3581  1026.0318     87.478     0.1294      0.711  0.000e+00
    272.500 265.749682       1091     86.925    10.1977   3.669837    33.3571  1026.0327     87.647     0.1240      0.688  0.000e+00
    272.750 265.749685       1092     87.099    10.1887   3.669600    33.3629  1026.0396     87.822     0.1393      0.690  0.000e+00
    273.000 265.749687       1093     87.283    10.1784   3.669600    33.3723  1026.0495     88.008     0.1409      0.722  0.000e+00
    273.250 265.749690       1094     87.486    10.1715   3.670048    33.3830  1026.0600     88.212     0.1265      0.780  0.000e+00
    273.500 265.749693       1095     87.699    10.1731   3.670305    33.3841  1026.0615     88.427     0.1265      0.838  0.000e+00
    273.750 265.749696       1096     87.918    10.1770   3.670377    33.3812  1026.0596     88.649     0.1228      0.872  0.000e+00
    274.000 265.749699       1097     88.142    10.1805   3.669673    33.3707  1026.0518     88.874     0.1277      0.894  0.000e+00
    274.250 265.749702       1098     88.356    10.1767   3.669304    33.3704  1026.0532     89.090     0.1380      0.883  0.000e+00
    274.500 265.749705       1099     88.564    10.1690   3.668830    33.3726  1026.0572     89.300     0.1417      0.851  0.000e+00
    274.750 265.749708       1100     88.776    10.1586   3.668672    33.3804  1026.0660     89.513     0.1356      0.846  0.000e+00
    275.000 265.749711       1101     88.990    10.1485   3.668396    33.3869  1026.0738     89.729     0.1347      0.859  0.000e+00
    275.250 265.749714       1102     89.196    10.1397   3.667928    33.3902  1026.0788     89.938     0.1319      0.849  0.000e+00
    275.500 265.749716       1103     89.403    10.1298   3.667797    33.3978  1026.0874     90.146     0.1384      0.834  0.000e+00
    275.750 265.749719       1104     89.597    10.1219   3.667830    33.4054  1026.0955     90.342     0.1422      0.808  0.000e+00
    276.000 265.749722       1105     89.779    10.1174   3.667863    33.4098  1026.1006     90.525     0.1413      0.758  0.000e+00
    276.250 265.749725       1106     89.959    10.1148   3.667692    33.4103  1026.1023     90.707     0.1685      0.730  0.000e+00
    276.500 265.749728       1107     90.134    10.1127   3.667718    33.4125  1026.1051     90.883     0.1459      0.715  0.000e+00
    276.750 265.749731       1108     90.313    10.1108   3.667692    33.4139  1026.1073     91.064     0.1417      0.713  0.000e+00
    277.000 265.749734       1109     90.496    10.1089   3.667593    33.4146  1026.1090     91.248     0.1331      0.731  0.000e+00
    277.250 265.749737       1110     90.686    10.1072   3.667528    33.4154  1026.1108     91.440     0.1290      0.752  0.000e+00
    277.500 265.749740       1111     90.876    10.1057   3.667528    33.4167  1026.1130     91.632     0.1376      0.767  0.000e+00
    277.750 265.749742       1112     91.068    10.1051   3.667659    33.4185  1026.1153     91.825     0.1323      0.771  0.000e+00
    278.000 265.749745       1113     91.257    10.1050   3.667613    33.4181  1026.1159     92.015     0.1409      0.767  0.000e+00
    278.250 265.749748       1114     91.439    10.1040   3.667594    33.4187  1026.1174     92.199     0.1265      0.748  0.000e+00
    278.500 265.749751       1115     91.621    10.1025   3.667561    33.4197  1026.1192     92.383     0.1327      0.735  0.000e+00
    278.750 265.749754       1116     91.805    10.1015   3.667462    33.4195  1026.1201     92.569     0.1364      0.739  0.000e+00
    279.000 265.749757       1117     91.979    10.1013   3.667495    33.4199  1026.1212     92.744     0.1401      0.722  0.000e+00
    279.250 265.749760       1118     92.148    10.1012   3.667561    33.4206  1026.1226     92.915     0.1422      0.692  0.000e+00
    279.500 265.749763       1119     92.310    10.1010   3.667495    33.4200  1026.1229     93.078     0.1413      0.668  0.000e+00
    279.750 265.749766       1120     92.460    10.1007   3.667548    33.4208  1026.1243     93.229     0.1541      0.630  0.000e+00
    280.000 265.749769       1121     92.607    10.1008   3.667528    33.4204  1026.1246     93.378     0.1389      0.599  0.000e+00
    280.250 265.749771       1122     92.752    10.1010   3.667496    33.4198  1026.1248     93.524     0.1401      0.589  0.000e+00
    280.500 265.749774       1123     92.893    10.1011   3.667594    33.4207  1026.1260     93.666     0.1265      0.576  0.000e+00
    280.750 265.749777       1124     93.043    10.1008   3.667561    33.4205  1026.1267     93.817     0.1372      0.586  0.000e+00
    281.000 265.749780       1125     93.191    10.1001   3.667562    33.4212  1026.1280     93.966     0.1426      0.601  0.000e+00
    281.250 265.749783       1126     93.350    10.0996   3.667581    33.4217  1026.1292     94.126     0.1924      0.619  0.000e+00
    281.500 265.749786       1127     93.529    10.0996   3.667529    33.4211  1026.1295     94.307     0.1496      0.681  0.000e+00
    281.750 265.749789       1128     93.717    10.0995   3.667628    33.4222  1026.1313     94.497     0.1327      0.741  0.000e+00
    282.000 265.749792       1129     93.920    10.0995   3.667628    33.4221  1026.1321     94.701     0.1541      0.789  0.000e+00
    282.250 265.749795       1130     94.129    10.0999   3.667595    33.4213  1026.1324     94.913     0.1364      0.832  0.000e+00
    282.500 265.749797       1131     94.335    10.1006   3.667694    33.4215  1026.1334     95.120     0.1335      0.838  0.000e+00
    282.750 265.749800       1132     94.523    10.1014   3.667661    33.4204  1026.1332     95.310     0.1360      0.795  0.000e+00
    283.000 265.749803       1133     94.702    10.1016   3.667720    33.4207  1026.1343     95.491     0.1467      0.741  0.000e+00
    283.250 265.749806       1134     94.873    10.1018   3.667760    33.4208  1026.1351     95.663     0.1314      0.705  0.000e+00
    283.500 265.749809       1135     95.040    10.1021   3.667694    33.4199  1026.1351     95.831     0.1422      0.681  0.000e+00
    283.750 265.749812       1136     95.214    10.1023   3.667694    33.4196  1026.1356     96.006     0.1323      0.688  0.000e+00
    284.000 265.749815       1137     95.410    10.1021   3.667760    33.4204  1026.1371     96.204     0.1331      0.746  0.000e+00
    284.250 265.749818       1138     95.616    10.1018   3.667727    33.4202  1026.1380     96.413     0.1352      0.812  0.000e+00
    284.500 265.749821       1139     95.834    10.1015   3.667760    33.4207  1026.1395     96.632     0.1273      0.855  0.000e+00
    284.750 265.749823       1140     96.062    10.1021   3.667800    33.4205  1026.1402     96.862     0.1343      0.898  0.000e+00
    285.000 265.749826       1141     96.278    10.1029   3.667760    33.4192  1026.1400     97.080     0.1257      0.896  0.000e+00
    285.250 265.749829       1142     96.509    10.1033   3.667833    33.4195  1026.1413     97.313     0.1195      0.903  0.000e+00
    285.500 265.749832       1143     96.734    10.1035   3.667997    33.4208  1026.1433     97.540     0.1290      0.920  0.000e+00
    285.750 265.749835       1144     96.981    10.1051   3.668030    33.4196  1026.1432     97.789     0.1294      0.952  0.000e+00
    286.000 265.749838       1145     97.229    10.1071   3.668096    33.4183  1026.1430     98.039     0.1253      0.999  0.000e+00
    286.250 265.749841       1146     97.486    10.1084   3.668110    33.4172  1026.1430     98.298     0.1718      1.019  0.000e+00
    286.500 265.749844       1147     97.735    10.1089   3.668096    33.4164  1026.1435     98.549     0.1319      1.021  0.000e+00
    286.750 265.749847       1148     97.946    10.1093   3.668129    33.4163  1026.1443     98.762     0.1380      0.928  0.000e+00
    287.000 265.749850       1149     98.144    10.1092   3.668129    33.4163  1026.1452     98.962     0.1368      0.825  0.000e+00
    287.250 265.749852       1150     98.321    10.1090   3.668064    33.4158  1026.1457     99.140     0.1290      0.756  0.000e+00
    287.500 265.749855       1151     98.483    10.1084   3.668097    33.4166  1026.1471     99.304     0.1549      0.683  0.000e+00
    287.750 265.749858       1152     98.644    10.1080   3.668110    33.4170  1026.1483     99.466     0.1364      0.651  0.000e+00
    288.000 265.749861       1153     98.830    10.1079   3.668169    33.4176  1026.1496     99.654     0.1356      0.700  0.000e+00
    288.250 265.749864       1154     99.038    10.1080   3.668202    33.4178  1026.1506     99.863     0.1417      0.795  0.000e+00
    288.500 265.749867       1155     99.262    10.1080   3.668235    33.4179  1026.1518    100.089     0.1450      0.870  0.000e+00
    288.750 265.749870       1156     99.512    10.1080   3.668031    33.4158  1026.1512    100.341     0.1537      0.956  0.000e+00
    289.000 265.749873       1157     99.763    10.1061   3.668130    33.4184  1026.1548    100.595     0.1492      1.012  0.000e+00
    289.250 265.749876       1158     99.986    10.1051   3.667933    33.4172  1026.1550    100.820     0.1380      0.956  0.000e+00
    289.500 265.749878       1159    100.167    10.1028   3.667762    33.4176  1026.1566    101.002     0.1426      0.814  0.000e+00
    289.750 265.749881       1160    100.352    10.0984   3.667867    33.4227  1026.1621    101.189     0.1479      0.739  0.000e+00
    290.000 265.749884       1161    100.523    10.0959   3.667966    33.4259  1026.1658    101.361     0.1368      0.718  0.000e+00
    290.250 265.749887       1162    100.686    10.0959   3.667966    33.4257  1026.1664    101.525     0.1389      0.673  0.000e+00
    290.500 265.749890       1163    100.859    10.0965   3.667867    33.4242  1026.1659    101.700     0.1492      0.679  0.000e+00
    290.750 265.749893       1164    101.060    10.0959   3.667801    33.4239  1026.1667    101.902     0.1549      0.754  0.000e+00
    291.000 265.749896       1165    101.288    10.0940   3.667657    33.4242  1026.1683    102.132     0.1442      0.864  0.000e+00
    291.250 265.749899       1166    101.531    10.0903   3.667933    33.4302  1026.1748    102.377     0.1867      0.950  0.000e+00
    291.500 265.749902       1167    101.768    10.0908   3.668236    33.4328  1026.1777    102.617     0.1504      0.969  0.000e+00
    291.750 265.749905       1168    101.986    10.0965   3.668098    33.4260  1026.1725    102.837     0.1323      0.920  0.000e+00
    292.000 265.749907       1169    102.171    10.0996   3.667999    33.4220  1026.1697    103.023     0.1306      0.812  0.000e+00
    292.250 265.749910       1170    102.328    10.0991   3.668065    33.4231  1026.1714    103.182     0.1553      0.690  0.000e+00
    292.500 265.749913       1171    102.450    10.0982   3.668065    33.4238  1026.1726    103.305     0.1323      0.563  0.000e+00
    292.750 265.749916       1172    102.556    10.0978   3.667934    33.4229  1026.1725    103.412     0.1265      0.460  0.000e+00
    293.000 265.749919       1173    102.668    10.0960   3.667934    33.4245  1026.1745    103.525     0.1314      0.440  0.000e+00
    293.250 265.749922       1174    102.804    10.0943   3.668131    33.4280  1026.1782    103.662     0.1323      0.501  0.000e+00
    293.500 265.749925       1175    102.983    10.0964   3.668000    33.4247  1026.1760    103.843     0.1471      0.636  0.000e+00
    293.750 265.749928       1176    103.192    10.0970   3.667901    33.4230  1026.1755    104.053     0.1327      0.782  0.000e+00
    294.000 265.749931       1177    103.410    10.0952   3.667802    33.4236  1026.1773    104.273     0.1257      0.860  0.000e+00
    294.250 265.749933       1178    103.635    10.0912   3.666703    33.4160  1026.1731    104.500     0.1331      0.894  0.000e+00
    294.500 265.749936       1179    103.848    10.0783   3.666328    33.4240  1026.1825    104.715     0.1434      0.885  0.000e+00
    294.750 265.749939       1180    104.044    10.0631   3.666361    33.4383  1026.1972    104.913     0.1455      0.825  0.000e+00
    295.000 265.749942       1181    104.212    10.0531   3.666394    33.4478  1026.2071    105.082     0.1405      0.733  0.000e+00
    295.250 265.749945       1182    104.369    10.0479   3.666394    33.4526  1026.2124    105.241     0.1380      0.655  0.000e+00
    295.500 265.749948       1183    104.512    10.0454   3.666328    33.4541  1026.2146    105.384     0.1327      0.606  0.000e+00
    295.750 265.749951       1184    104.646    10.0437   3.666295    33.4553  1026.2165    105.520     0.1380      0.559  0.000e+00
    296.000 265.749954       1185    104.775    10.0428   3.666315    33.4563  1026.2180    105.650     0.1413      0.531  0.000e+00
    296.250 265.749957       1186    104.906    10.0422   3.666296    33.4566  1026.2189    105.782     0.1619      0.524  0.000e+00
    296.500 265.749959       1187    105.049    10.0420   3.666361    33.4574  1026.2202    105.926     0.1434      0.552  0.000e+00
    296.750 265.749962       1188    105.214    10.0420   3.666394    33.4577  1026.2212    106.092     0.1343      0.621  0.000e+00
    297.000 265.749965       1189    105.406    10.0421   3.666296    33.4565  1026.2211    106.286     0.1384      0.720  0.000e+00
    297.250 265.749968       1190    105.621    10.0423   3.666395    33.4572  1026.2226    106.503     0.1335      0.821  0.000e+00
    297.500 265.749971       1191    105.885    10.0426   3.666388    33.4567  1026.2234    106.769     0.1323      0.967  0.000e+00
    297.750 265.749974       1192    106.155    10.0428   3.666329    33.4558  1026.2239    107.041     0.1347      1.077  0.000e+00
    298.000 265.749977       1193    106.422    10.0422   3.666059    33.4535  1026.2234    107.311     0.1426      1.083  0.000e+00
    298.250 265.749980       1194    106.672    10.0399   3.666125    33.4562  1026.2270    107.563     0.1335      1.044  0.000e+00
    298.500 265.749983       1195    106.896    10.0382   3.666026    33.4567  1026.2288    107.789     0.1352      0.956  0.000e+00
    298.750 265.749986       1196    107.108    10.0367   3.666059    33.4583  1026.2312    108.003     0.1574      0.879  0.000e+00
    299.000 265.749988       1197    107.300    10.0359   3.666106    33.4594  1026.2331    108.196     0.1352      0.814  0.000e+00
    299.250 265.749991       1198    107.484    10.0359   3.666158    33.4599  1026.2343    108.382     0.1376      0.758  0.000e+00
    299.500 265.749994       1199    107.672    10.0361   3.666125    33.4593  1026.2347    108.571     0.1360      0.750  0.000e+00
    299.750 265.749997       1200    107.867    10.0362   3.666093    33.4588  1026.2352    108.769     0.1380      0.774  0.000e+00
    300.000 265.750000       1201    108.072    10.0361   3.666093    33.4587  1026.2361    108.975     0.1347      0.808  0.000e+00
    300.250 265.750003       1202    108.297    10.0359   3.666093    33.4588  1026.2372    109.202     0.1372      0.866  0.000e+00
    300.500 265.750006       1203    108.533    10.0356   3.666060    33.4587  1026.2382    109.440     0.1426      0.930  0.000e+00
