Raw_Data/Cage/SBE19/2020-09-26_SBE19_008_038_processed.cnv
* Sea-Bird SBE19plus Data File:
* FileName = C:\cruises\2020_barkerboys\leg2\data\cage\SBE19\2020-09-25_SBE19_008_037038.hex
* Software Version 1.59
* Temperature SN =  4881
* Conductivity SN =  4881
* System UpLoad Time = Sep 26 2020 18:13:27
* ds
* SeacatPlus V 1.5  SERIAL NO. 4881    26 Sep 2020  18:11:53
# nquan = 12
# nvalues = 2227                                  
# units = specified
# name 0 = timeS: Time, Elapsed [seconds]
# name 1 = timeJ: Julian Days
# name 2 = scan: Scan Count
# name 3 = depSM: Depth [salt water, m], lat = 44.00
# name 4 = tv290C: Temperature [ITS-90, deg C]
# name 5 = c0S/m: Conductivity [S/m]
# name 6 = sal00: Salinity, Practical [PSU]
# name 7 = density00: Density [density, kg/m^3]
# name 8 = prdM: Pressure, Strain Gauge [db]
# name 9 = wetStar: Fluorescence, WET Labs WETstar [mg/m^3]
# name 10 = dz/dtM: Descent Rate [m/s]
# name 11 = flag:  0.000e+00
# span 0 =      0.000,    556.500                 
# span 1 = 270.543148, 270.549589                 
# span 2 =          1,       2227                 
# span 3 =     -0.003,    147.956                 
# span 4 =    10.1657,    13.4063                 
# span 5 =   0.050088,   3.824412                 
# span 6 =     0.3150,    33.4123                 
# span 7 =   999.5723,  1026.3582                 
# span 8 =     -0.003,    149.207                 
# span 9 =     0.1698,    13.9839                 
# span 10 =     -1.052,      1.022                
# span 11 = 0.0000e+00, 0.0000e+00                
# interval = seconds: 0.25
# start_time = Sep 26 2020 13:02:08 [Instrument's time stamp, header]
# bad_flag = -9.990e-29
*END*
[from data line 1204]
    301.000 270.546632       1205    128.086    10.7901   3.704891    33.1502  1025.9557    129.163     0.3222      0.570  0.000e+00
    301.250 270.546635       1206    128.246    10.7890   3.704957    33.1518  1025.9578    129.324     0.3395      0.615  0.000e+00
    301.500 270.546638       1207    128.415    10.7890   3.704620    33.1484  1025.9560    129.495     0.3655      0.664  0.000e+00
    301.750 270.546641       1208    128.591    10.7869   3.704144    33.1455  1025.9549    129.672     0.3391      0.696  0.000e+00
    302.000 270.546644       1209    128.762    10.7804   3.703840    33.1482  1025.9589    129.844     0.3234      0.699  0.000e+00
    302.250 270.546646       1210    128.923    10.7735   3.703635    33.1524  1025.9641    130.007     0.4050      0.670  0.000e+00
    302.500 270.546649       1211    129.081    10.7688   3.703907    33.1592  1025.9710    130.167     0.3201      0.645  0.000e+00
    302.750 270.546652       1212    129.240    10.7666   3.703946    33.1616  1025.9739    130.327     0.3210      0.639  0.000e+00
    303.000 270.546655       1213    129.398    10.7657   3.704112    33.1640  1025.9767    130.486     0.3243      0.638  0.000e+00
    303.250 270.546658       1214    129.562    10.7662   3.703999    33.1623  1025.9761    130.651     0.3197      0.649  0.000e+00
    303.500 270.546661       1215    129.729    10.7659   3.703365    33.1562  1025.9721    130.820     0.3617      0.669  0.000e+00
    303.750 270.546664       1216    129.899    10.7614   3.703332    33.1599  1025.9765    130.992     0.3630      0.681  0.000e+00
    304.000 270.546667       1217    130.077    10.7561   3.703233    33.1636  1025.9812    131.171     0.3510      0.703  0.000e+00
    304.250 270.546670       1218    130.252    10.7528   3.703127    33.1655  1025.9840    131.348     0.4120      0.712  0.000e+00
    304.500 270.546672       1219    130.425    10.7499   3.703061    33.1674  1025.9868    131.522     0.3997      0.701  0.000e+00
    304.750 270.546675       1220    130.592    10.7474   3.703061    33.1696  1025.9897    131.690     0.3609      0.685  0.000e+00
    305.000 270.546678       1221    130.758    10.7462   3.702962    33.1696  1025.9907    131.858     0.3671      0.673  0.000e+00
    305.250 270.546681       1222    130.923    10.7449   3.702962    33.1707  1025.9925    132.025     0.3074      0.669  0.000e+00
    305.500 270.546684       1223    131.085    10.7436   3.702757    33.1697  1025.9928    132.188     0.3609      0.660  0.000e+00
    305.750 270.546687       1224    131.252    10.7415   3.702658    33.1706  1025.9945    132.357     0.3613      0.664  0.000e+00
    306.000 270.546690       1225    131.419    10.7387   3.702824    33.1747  1025.9990    132.524     0.3457      0.673  0.000e+00
    306.250 270.546693       1226    131.588    10.7383   3.702117    33.1679  1025.9946    132.695     0.3506      0.677  0.000e+00
    306.500 270.546696       1227    131.755    10.7330   3.700352    33.1551  1025.9863    132.864     0.3543      0.679  0.000e+00
    306.750 270.546698       1228    131.915    10.7144   3.700148    33.1699  1026.0018    133.025     0.4417      0.660  0.000e+00
    307.000 270.546701       1229    132.066    10.6971   3.699811    33.1822  1026.0151    133.178     0.3144      0.628  0.000e+00
    307.250 270.546704       1230    132.210    10.6850   3.699950    33.1944  1026.0275    133.323     0.2971      0.595  0.000e+00
    307.500 270.546707       1231    132.349    10.6787   3.700082    33.2014  1026.0346    133.463     0.3037      0.570  0.000e+00
    307.750 270.546710       1232    132.490    10.6768   3.699950    33.2018  1026.0359    133.606     0.3630      0.566  0.000e+00
    308.000 270.546713       1233    132.643    10.6753   3.699679    33.2004  1026.0358    133.759     0.3902      0.593  0.000e+00
    308.250 270.546716       1234    132.808    10.6724   3.699507    33.2011  1026.0376    133.926     0.3947      0.640  0.000e+00
    308.500 270.546719       1235    132.976    10.6684   3.697882    33.1885  1026.0293    134.095     0.3506      0.673  0.000e+00
    308.750 270.546722       1236    133.138    10.6559   3.696627    33.1872  1026.0313    134.259     0.3251      0.666  0.000e+00
    309.000 270.546725       1237    133.295    10.6355   3.696020    33.1996  1026.0452    134.417     0.3910      0.643  0.000e+00
    309.250 270.546727       1238    133.441    10.6163   3.695380    33.2106  1026.0578    134.564     0.3296      0.610  0.000e+00
    309.500 270.546730       1239    133.581    10.5996   3.693346    33.2054  1026.0574    134.706     0.2888      0.578  0.000e+00
    309.750 270.546733       1240    133.727    10.5750   3.693287    33.2272  1026.0793    134.853     0.3070      0.578  0.000e+00
    310.000 270.546736       1241    133.881    10.5558   3.691663    33.2283  1026.0842    135.008     0.3218      0.604  0.000e+00
    310.250 270.546739       1242    134.051    10.5339   3.688283    33.2143  1026.0779    135.180     0.4029      0.654  0.000e+00
    310.500 270.546742       1243    134.237    10.4957   3.687413    33.2403  1026.1057    135.368     0.3086      0.720  0.000e+00
    310.750 270.546745       1244    134.430    10.4591   3.685183    33.2512  1026.1215    135.562     0.3144      0.765  0.000e+00
    311.000 270.546748       1245    134.624    10.4234   3.684240    33.2743  1026.1466    135.758     0.3803      0.780  0.000e+00
    311.250 270.546751       1246    134.813    10.3915   3.681952    33.2803  1026.1577    135.948     0.3436      0.772  0.000e+00
    311.500 270.546753       1247    134.995    10.3565   3.680673    33.2994  1026.1795    136.132     0.3276      0.748  0.000e+00
    311.750 270.546756       1248    135.170    10.3248   3.680674    33.3284  1026.2084    136.308     0.3300      0.720  0.000e+00
    312.000 270.546759       1249    135.343    10.3049   3.679896    33.3387  1026.2206    136.484     0.2954      0.703  0.000e+00
    312.250 270.546762       1250    135.512    10.2883   3.679599    33.3509  1026.2338    136.653     0.3173      0.690  0.000e+00
    312.500 270.546765       1251    135.681    10.2765   3.679224    33.3578  1026.2420    136.824     0.2641      0.681  0.000e+00
    312.750 270.546768       1252    135.836    10.2669   3.678420    33.3585  1026.2449    136.980     0.2806      0.654  0.000e+00
    313.000 270.546771       1253    135.988    10.2557   3.678215    33.3667  1026.2539    137.134     0.3094      0.619  0.000e+00
    313.250 270.546774       1254    136.133    10.2473   3.678552    33.3776  1026.2646    137.280     0.2571      0.600  0.000e+00
    313.500 270.546777       1255    136.288    10.2447   3.678183    33.3763  1026.2647    137.437     0.2332      0.606  0.000e+00
    313.750 270.546780       1256    136.461    10.2421   3.677880    33.3755  1026.2653    137.611     0.2217      0.662  0.000e+00
    314.000 270.546782       1257    136.647    10.2372   3.677379    33.3749  1026.2665    137.799     0.2105      0.724  0.000e+00
    314.250 270.546785       1258    136.844    10.2311   3.677240    33.3790  1026.2717    137.998     0.3086      0.774  0.000e+00
    314.500 270.546788       1259    137.029    10.2248   3.676740    33.3797  1026.2741    138.184     0.2270      0.769  0.000e+00
    314.750 270.546791       1260    137.200    10.2184   3.676502    33.3831  1026.2787    138.357     0.2773      0.718  0.000e+00
    315.000 270.546794       1261    137.349    10.2122   3.676437    33.3880  1026.2843    138.507     0.2382      0.647  0.000e+00
    315.250 270.546797       1262    137.487    10.2076   3.676272    33.3906  1026.2877    138.646     0.2229      0.578  0.000e+00
    315.500 270.546800       1263    137.615    10.2039   3.676200    33.3932  1026.2910    138.775     0.2233      0.535  0.000e+00
    315.750 270.546803       1264    137.750    10.2014   3.676147    33.3948  1026.2933    138.911     0.2052      0.531  0.000e+00
    316.000 270.546806       1265    137.903    10.2000   3.676068    33.3953  1026.2946    139.066     0.3972      0.583  0.000e+00
    316.250 270.546808       1266    138.066    10.1988   3.676101    33.3967  1026.2966    139.230     0.2237      0.638  0.000e+00
    316.500 270.546811       1267    138.239    10.1980   3.676200    33.3983  1026.2988    139.405     0.4025      0.677  0.000e+00
    316.750 270.546814       1268    138.410    10.1980   3.676305    33.3993  1026.3004    139.578     0.2588      0.694  0.000e+00
    317.000 270.546817       1269    138.581    10.1995   3.676134    33.3961  1026.2984    139.749     0.2604      0.690  0.000e+00
    317.250 270.546820       1270    138.747    10.1996   3.676167    33.3963  1026.2993    139.917     0.1978      0.679  0.000e+00
    317.500 270.546823       1271    138.925    10.1991   3.675936    33.3944  1026.2987    140.097     0.1899      0.694  0.000e+00
    317.750 270.546826       1272    139.109    10.1975   3.676035    33.3967  1026.3016    140.282     0.1858      0.731  0.000e+00
    318.000 270.546829       1273    139.301    10.1968   3.676003    33.3969  1026.3028    140.476     0.2468      0.759  0.000e+00
    318.250 270.546832       1274    139.489    10.1967   3.676233    33.3993  1026.3055    140.665     0.2126      0.765  0.000e+00
    318.500 270.546834       1275    139.665    10.1976   3.676405    33.4001  1026.3068    140.844     0.2130      0.735  0.000e+00
    318.750 270.546837       1276    139.833    10.2000   3.676233    33.3961  1026.3040    141.012     0.2002      0.694  0.000e+00
    319.000 270.546840       1277    139.978    10.2004   3.676405    33.3974  1026.3056    141.158     0.2377      0.630  0.000e+00
    319.250 270.546843       1278    140.114    10.2006   3.676438    33.3975  1026.3062    141.296     0.2929      0.567  0.000e+00
    319.500 270.546846       1279    140.252    10.2020   3.676642    33.3982  1026.3072    141.436     0.2386      0.554  0.000e+00
    319.750 270.546849       1280    140.401    10.2042   3.676234    33.3920  1026.3027    141.585     0.2105      0.578  0.000e+00
    320.000 270.546852       1281    140.565    10.2040   3.676003    33.3898  1026.3017    141.751     0.1994      0.630  0.000e+00
    320.250 270.546855       1282    140.744    10.2003   3.675192    33.3849  1026.2994    141.931     0.2101      0.692  0.000e+00
    320.500 270.546858       1283    140.923    10.1935   3.675331    33.3925  1026.3073    142.112     0.1924      0.722  0.000e+00
    320.750 270.546861       1284    141.099    10.1877   3.675265    33.3971  1026.3127    142.290     0.2250      0.718  0.000e+00
    321.000 270.546863       1285    141.272    10.1843   3.675094    33.3984  1026.3151    142.464     0.2011      0.705  0.000e+00
    321.250 270.546866       1286    141.440    10.1812   3.675087    33.4011  1026.3185    142.634     0.2501      0.688  0.000e+00
    321.500 270.546869       1287    141.611    10.1796   3.675160    33.4033  1026.3212    142.806     0.3045      0.684  0.000e+00
    321.750 270.546872       1288    141.779    10.1789   3.675028    33.4025  1026.3215    142.976     0.2653      0.684  0.000e+00
    322.000 270.546875       1289    141.950    10.1780   3.675094    33.4039  1026.3235    143.148     0.2184      0.684  0.000e+00
    322.250 270.546878       1290    142.116    10.1774   3.674791    33.4013  1026.3224    143.315     0.2213      0.679  0.000e+00
    322.500 270.546881       1291    142.272    10.1757   3.674824    33.4031  1026.3248    143.473     0.1986      0.651  0.000e+00
    322.750 270.546884       1292    142.422    10.1740   3.674791    33.4043  1026.3267    143.624     0.2134      0.617  0.000e+00
    323.000 270.546887       1293    142.570    10.1729   3.674910    33.4065  1026.3293    143.773     0.2229      0.600  0.000e+00
    323.250 270.546889       1294    142.720    10.1723   3.674890    33.4067  1026.3302    143.925     0.1998      0.602  0.000e+00
    323.500 270.546892       1295    142.883    10.1726   3.674890    33.4064  1026.3306    144.089     0.2200      0.632  0.000e+00
    323.750 270.546895       1296    143.061    10.1733   3.674963    33.4064  1026.3314    144.269     0.2044      0.688  0.000e+00
    324.000 270.546898       1297    143.252    10.1736   3.674930    33.4057  1026.3316    144.461     0.1957      0.744  0.000e+00
    324.250 270.546901       1298    143.448    10.1738   3.674996    33.4061  1026.3328    144.659     0.2233      0.780  0.000e+00
    324.500 270.546904       1299    143.641    10.1735   3.674930    33.4056  1026.3333    144.854     0.1895      0.787  0.000e+00
    324.750 270.546907       1300    143.827    10.1739   3.674996    33.4059  1026.3343    145.041     0.1850      0.765  0.000e+00
    325.000 270.546910       1301    143.997    10.1738   3.674877    33.4046  1026.3342    145.213     0.2398      0.718  0.000e+00
    325.250 270.546913       1302    144.159    10.1733   3.674891    33.4052  1026.3354    145.377     0.1924      0.671  0.000e+00
    325.500 270.546916       1303    144.315    10.1729   3.674930    33.4059  1026.3367    145.534     0.2073      0.641  0.000e+00
    325.750 270.546918       1304    144.470    10.1727   3.674825    33.4050  1026.3368    145.691     0.2163      0.628  0.000e+00
    326.000 270.546921       1305    144.628    10.1722   3.674792    33.4050  1026.3376    145.850     0.2534      0.632  0.000e+00
    326.250 270.546924       1306    144.786    10.1715   3.674891    33.4066  1026.3396    146.009     0.2151      0.636  0.000e+00
    326.500 270.546927       1307    144.943    10.1716   3.674891    33.4064  1026.3403    146.168     0.1986      0.636  0.000e+00
    326.750 270.546930       1308    145.096    10.1716   3.674838    33.4058  1026.3405    146.321     0.1920      0.626  0.000e+00
    327.000 270.546933       1309    145.251    10.1716   3.674931    33.4067  1026.3419    146.478     0.2085      0.621  0.000e+00
    327.250 270.546936       1310    145.409    10.1716   3.674997    33.4073  1026.3430    146.637     0.1891      0.632  0.000e+00
    327.500 270.546939       1311    145.580    10.1718   3.674997    33.4070  1026.3436    146.810     0.1961      0.664  0.000e+00
    327.750 270.546942       1312    145.763    10.1719   3.674760    33.4044  1026.3423    146.994     0.2270      0.714  0.000e+00
    328.000 270.546944       1313    145.947    10.1707   3.674694    33.4048  1026.3437    147.180     0.1887      0.739  0.000e+00
    328.250 270.546947       1314    146.125    10.1695   3.674727    33.4062  1026.3458    147.360     0.1957      0.731  0.000e+00
    328.500 270.546950       1315    146.295    10.1686   3.674766    33.4074  1026.3477    147.532     0.2048      0.703  0.000e+00
    328.750 270.546953       1316    146.452    10.1681   3.674661    33.4067  1026.3479    147.690     0.2546      0.660  0.000e+00
    329.000 270.546956       1317    146.601    10.1677   3.674694    33.4073  1026.3491    147.840     0.2361      0.617  0.000e+00
    329.250 270.546959       1318    146.745    10.1677   3.674661    33.4069  1026.3495    147.985     0.1932      0.591  0.000e+00
    329.500 270.546962       1319    146.883    10.1674   3.674727    33.4078  1026.3509    148.125     0.1788      0.570  0.000e+00
    329.750 270.546965       1320    147.024    10.1672   3.674694    33.4075  1026.3513    148.267     0.1953      0.563  0.000e+00
    330.000 270.546968       1321    147.168    10.1669   3.674595    33.4067  1026.3514    148.412     0.2274      0.574  0.000e+00
    330.250 270.546970       1322    147.321    10.1664   3.674701    33.4082  1026.3534    148.567     0.1945      0.600  0.000e+00
    330.500 270.546973       1323    147.481    10.1659   3.674661    33.4082  1026.3542    148.728     0.1891      0.632  0.000e+00
