Raw_Data/Cage/SBE19/2020-09-21_SBE19_005_017_processed.cnv
* Sea-Bird SBE19plus Data File:
* FileName = C:\cruises\2020_barkerboys\leg2\data\cage\SBE19\2020-09-25_SBE19_004_017.hex
* Software Version 1.59
* Temperature SN =  4881
* Conductivity SN =  4881
* System UpLoad Time = Sep 25 2020 12:35:01
* ds
* SeacatPlus V 1.5  SERIAL NO. 4881    25 Sep 2020  12:15:39
# nquan = 12
# nvalues = 2955                                  
# units = specified
# name 0 = timeS: Time, Elapsed [seconds]
# name 1 = timeJ: Julian Days
# name 2 = scan: Scan Count
# name 3 = depSM: Depth [salt water, m], lat = 44.00
# name 4 = tv290C: Temperature [ITS-90, deg C]
# name 5 = c0S/m: Conductivity [S/m]
# name 6 = sal00: Salinity, Practical [PSU]
# name 7 = density00: Density [density, kg/m^3]
# name 8 = prdM: Pressure, Strain Gauge [db]
# name 9 = wetStar: Fluorescence, WET Labs WETstar [mg/m^3]
# name 10 = dz/dtM: Descent Rate [m/s]
# name 11 = flag:  0.000e+00
# span 0 =      0.000,    738.500                 
# span 1 = 265.577442, 265.585990                 
# span 2 =          1,       2955                 
# span 3 =      0.164,    179.851                 
# span 4 =     9.8175,    13.2823                 
# span 5 =   0.000950,   3.863692                 
# span 6 =     0.0105,    33.5472                 
# span 7 =   999.3756,  1026.6668                 
# span 8 =      0.166,    181.385                 
# span 9 =     0.1038,     3.7463                 
# span 10 =     -1.488,      1.280                
# span 11 = 0.0000e+00, 0.0000e+00                
# interval = seconds: 0.25
# start_time = Sep 21 2020 13:51:31 [Instrument's time stamp, header]
# bad_flag = -9.990e-29
*END*
[from data line 1805]
    451.250 265.582665       1806    161.862     9.8203   3.656862    33.5408  1026.5822    163.236     0.1368     -0.680  0.000e+00
    451.500 265.582668       1807    161.756     9.8202   3.656981    33.5421  1026.5827    163.129     0.1249     -0.507  0.000e+00
    451.750 265.582671       1808    161.686     9.8202   3.656915    33.5414  1026.5819    163.058     0.1356     -0.355  0.000e+00
    452.000 265.582674       1809    161.639     9.8202   3.656915    33.5415  1026.5818    163.011     0.1162     -0.237  0.000e+00
    452.250 265.582677       1810    161.585     9.8201   3.656980    33.5423  1026.5821    162.956     0.1199     -0.204  0.000e+00
    452.500 265.582679       1811    161.500     9.8201   3.656967    33.5422  1026.5817    162.871     0.1277     -0.280  0.000e+00
    452.750 265.582682       1812    161.374     9.8202   3.656882    33.5413  1026.5804    162.743     0.1306     -0.426  0.000e+00
    453.000 265.582685       1813    161.208     9.8203   3.656947    33.5419  1026.5801    162.577     0.1319     -0.589  0.000e+00
    453.250 265.582688       1814    161.020     9.8203   3.656914    33.5417  1026.5791    162.387     0.1389     -0.714  0.000e+00
    453.500 265.582691       1815    160.833     9.8202   3.656914    33.5418  1026.5783    162.198     0.1463     -0.757  0.000e+00
    453.750 265.582694       1816    160.664     9.8200   3.656947    33.5424  1026.5780    162.027     0.1286     -0.718  0.000e+00
    454.000 265.582697       1817    160.520     9.8200   3.656829    33.5413  1026.5765    161.882     0.1504     -0.632  0.000e+00
    454.250 265.582700       1818    160.401     9.8199   3.656881    33.5419  1026.5765    161.762     0.1352     -0.531  0.000e+00
    454.500 265.582703       1819    160.301     9.8199   3.656816    33.5414  1026.5756    161.661     0.1306     -0.443  0.000e+00
    454.750 265.582705       1820    160.201     9.8198   3.656816    33.5415  1026.5753    161.561     0.1347     -0.402  0.000e+00
    455.000 265.582708       1821    160.097     9.8197   3.656816    33.5416  1026.5749    161.455     0.1290     -0.411  0.000e+00
    455.250 265.582711       1822    159.984     9.8197   3.656829    33.5418  1026.5746    161.342     0.1249     -0.439  0.000e+00
    455.500 265.582714       1823    159.859     9.8196   3.656783    33.5415  1026.5737    161.216     0.1327     -0.480  0.000e+00
    455.750 265.582717       1824    159.723     9.8196   3.656782    33.5415  1026.5731    161.078     0.1347     -0.527  0.000e+00
    456.000 265.582720       1825    159.573     9.8197   3.656782    33.5415  1026.5724    160.927     0.1331     -0.578  0.000e+00
    456.250 265.582723       1826    159.406     9.8196   3.656782    33.5417  1026.5718    160.758     0.1327     -0.641  0.000e+00
    456.500 265.582726       1827    159.221     9.8196   3.656815    33.5421  1026.5713    160.572     0.1590     -0.710  0.000e+00
    456.750 265.582729       1828    159.020     9.8196   3.656828    33.5423  1026.5705    160.369     0.1376     -0.778  0.000e+00
    457.000 265.582731       1829    158.807     9.8196   3.656749    33.5416  1026.5690    160.154     0.1397     -0.836  0.000e+00
    457.250 265.582734       1830    158.596     9.8195   3.656749    33.5418  1026.5682    159.941     0.1290     -0.856  0.000e+00
    457.500 265.582737       1831    158.389     9.8194   3.656815    33.5427  1026.5680    159.732     0.1306     -0.843  0.000e+00
    457.750 265.582740       1832    158.196     9.8195   3.656677    33.5412  1026.5660    159.538     0.1286     -0.806  0.000e+00
    458.000 265.582743       1833    158.016     9.8194   3.656723    33.5419  1026.5657    159.356     0.1298     -0.753  0.000e+00
    458.250 265.582746       1834    157.850     9.8194   3.656709    33.5418  1026.5649    159.188     0.1306     -0.699  0.000e+00
    458.500 265.582749       1835    157.697     9.8196   3.656709    33.5417  1026.5641    159.034     0.1244     -0.643  0.000e+00
    458.750 265.582752       1836    157.562     9.8197   3.656782    33.5424  1026.5639    158.898     0.1290     -0.581  0.000e+00
    459.000 265.582755       1837    157.440     9.8198   3.656749    33.5420  1026.5631    158.774     0.1339     -0.520  0.000e+00
    459.250 265.582758       1838    157.323     9.8198   3.656749    33.5421  1026.5626    158.657     0.1459     -0.482  0.000e+00
    459.500 265.582760       1839    157.209     9.8198   3.656722    33.5419  1026.5619    158.542     0.1327     -0.464  0.000e+00
    459.750 265.582763       1840    157.086     9.8200   3.656709    33.5416  1026.5611    158.417     0.1224     -0.480  0.000e+00
    460.000 265.582766       1841    156.947     9.8200   3.656782    33.5424  1026.5611    158.278     0.1286     -0.529  0.000e+00
    460.250 265.582769       1842    156.783     9.8201   3.656781    33.5424  1026.5603    158.112     0.1269     -0.610  0.000e+00
    460.500 265.582772       1843    156.597     9.8202   3.656781    33.5424  1026.5595    157.924     0.1220     -0.707  0.000e+00
    460.750 265.582775       1844    156.392     9.8205   3.656748    33.5419  1026.5581    157.718     0.1549     -0.789  0.000e+00
    461.000 265.582778       1845    156.174     9.8205   3.656755    33.5420  1026.5572    157.497     0.1195     -0.853  0.000e+00
    461.250 265.582781       1846    155.943     9.8205   3.656748    33.5420  1026.5561    157.265     0.1405     -0.905  0.000e+00
    461.500 265.582784       1847    155.717     9.8206   3.656748    33.5421  1026.5551    157.037     0.1207     -0.920  0.000e+00
    461.750 265.582786       1848    155.500     9.8208   3.656709    33.5416  1026.5537    156.818     0.1879     -0.895  0.000e+00
    462.000 265.582789       1849    155.305     9.8208   3.656709    33.5417  1026.5529    156.621     0.1372     -0.832  0.000e+00
    462.250 265.582792       1850    155.134     9.8208   3.656722    33.5419  1026.5523    156.448     0.1331     -0.740  0.000e+00
    462.500 265.582795       1851    154.984     9.8209   3.656708    33.5417  1026.5515    156.298     0.1220     -0.647  0.000e+00
    462.750 265.582798       1852    154.860     9.8208   3.656676    33.5415  1026.5507    156.172     0.1249     -0.553  0.000e+00
    463.000 265.582801       1853    154.749     9.8206   3.656610    33.5411  1026.5500    156.060     0.1479     -0.475  0.000e+00
    463.250 265.582804       1854    154.639     9.8206   3.656610    33.5412  1026.5495    155.949     0.1467     -0.445  0.000e+00
    463.500 265.582807       1855    154.519     9.8205   3.656643    33.5417  1026.5494    155.828     0.1203     -0.464  0.000e+00
    463.750 265.582810       1856    154.358     9.8204   3.656649    33.5418  1026.5488    155.665     0.1290     -0.568  0.000e+00
    464.000 265.582812       1857    154.155     9.8203   3.656675    33.5423  1026.5482    155.461     0.1298     -0.733  0.000e+00
    464.250 265.582815       1858    153.914     9.8202   3.656675    33.5425  1026.5473    155.217     0.1335     -0.897  0.000e+00
    464.500 265.582818       1859    153.642     9.8202   3.656708    33.5429  1026.5464    154.943     0.1314     -1.036  0.000e+00
    464.750 265.582821       1860    153.369     9.8206   3.656747    33.5431  1026.5452    154.668     0.1327     -1.099  0.000e+00
    465.000 265.582824       1861    153.140     9.8207   3.656721    33.5429  1026.5440    154.437     0.1438     -1.013  0.000e+00
    465.250 265.582827       1862    152.981     9.8206   3.656747    33.5432  1026.5435    154.277     0.1562     -0.783  0.000e+00
    465.500 265.582830       1863    152.912     9.8209   3.656708    33.5426  1026.5427    154.207     0.1492     -0.460  0.000e+00
    465.750 265.582833       1864    152.900     9.8208   3.656642    33.5420  1026.5422    154.195     0.1611     -0.164  0.000e+00
    466.000 265.582836       1865    152.908     9.8208   3.656609    33.5417  1026.5420    154.202     0.1319     -0.009  0.000e+00
    466.250 265.582839       1866    152.893     9.8208   3.656642    33.5421  1026.5422    154.187     0.1314     -0.015  0.000e+00
    466.500 265.582841       1867    152.834     9.8206   3.656649    33.5423  1026.5421    154.128     0.1306     -0.148  0.000e+00
    466.750 265.582844       1868    152.703     9.8206   3.656642    33.5423  1026.5415    153.996     0.1281     -0.383  0.000e+00
    467.000 265.582847       1869    152.510     9.8206   3.656675    33.5428  1026.5410    153.801     0.1290     -0.654  0.000e+00
    467.250 265.582850       1870    152.276     9.8209   3.656707    33.5429  1026.5400    153.565     0.1442     -0.862  0.000e+00
    467.500 265.582853       1871    152.033     9.8210   3.656609    33.5419  1026.5381    153.320     0.1595     -0.963  0.000e+00
    467.750 265.582856       1872    151.815     9.8209   3.656543    33.5414  1026.5367    153.101     0.1809     -0.929  0.000e+00
    468.000 265.582859       1873    151.645     9.8208   3.656582    33.5420  1026.5364    152.929     0.1310     -0.783  0.000e+00
    468.250 265.582862       1874    151.528     9.8208   3.656609    33.5424  1026.5362    152.810     0.1512     -0.581  0.000e+00
    468.500 265.582865       1875    151.458     9.8207   3.656576    33.5421  1026.5357    152.740     0.1224     -0.376  0.000e+00
    468.750 265.582867       1876    151.422     9.8206   3.656576    33.5422  1026.5356    152.704     0.1162     -0.213  0.000e+00
    469.000 265.582870       1877    151.397     9.8206   3.656543    33.5419  1026.5352    152.678     0.1269     -0.125  0.000e+00
    469.250 265.582873       1878    151.368     9.8204   3.656543    33.5421  1026.5353    152.649     0.1323     -0.110  0.000e+00
    469.500 265.582876       1879    151.314     9.8205   3.656510    33.5417  1026.5348    152.594     0.1253     -0.168  0.000e+00
    469.750 265.582879       1880    151.226     9.8202   3.656576    33.5427  1026.5352    152.506     0.1302     -0.286  0.000e+00
    470.000 265.582882       1881    151.085     9.8205   3.656641    33.5431  1026.5348    152.364     0.1319     -0.460  0.000e+00
    470.250 265.582885       1882    150.884     9.8205   3.656575    33.5426  1026.5335    152.161     0.1281     -0.690  0.000e+00
    470.500 265.582888       1883    150.636     9.8206   3.656542    33.5422  1026.5320    151.910     0.1306     -0.907  0.000e+00
    470.750 265.582891       1884    150.357     9.8206   3.656510    33.5421  1026.5307    151.629     0.2377     -1.064  0.000e+00
    471.000 265.582894       1885    150.072     9.8206   3.656509    33.5421  1026.5294    151.342     0.1615     -1.137  0.000e+00
    471.250 265.582896       1886    149.815     9.8208   3.656575    33.5428  1026.5287    151.083     0.1455     -1.092  0.000e+00
    471.500 265.582899       1887    149.614     9.8208   3.656575    33.5429  1026.5279    150.880     0.1335     -0.924  0.000e+00
    471.750 265.582902       1888    149.467     9.8209   3.656476    33.5418  1026.5263    150.731     0.1257     -0.703  0.000e+00
    472.000 265.582905       1889    149.365     9.8211   3.656542    33.5424  1026.5263    150.628     0.1261     -0.503  0.000e+00
    472.250 265.582908       1890    149.285     9.8214   3.656509    33.5418  1026.5254    150.547     0.1240     -0.368  0.000e+00
    472.500 265.582911       1891    149.202     9.8215   3.656641    33.5431  1026.5260    150.464     0.1430     -0.329  0.000e+00
    472.750 265.582914       1892    149.086     9.8220   3.656641    33.5426  1026.5251    150.347     0.1516     -0.402  0.000e+00
    473.000 265.582917       1893    148.915     9.8224   3.656641    33.5423  1026.5240    150.174     0.1240     -0.578  0.000e+00
    473.250 265.582920       1894    148.688     9.8228   3.656673    33.5424  1026.5229    149.946     0.1199     -0.802  0.000e+00
    473.500 265.582922       1895    148.412     9.8232   3.656647    33.5419  1026.5212    149.667     0.1520     -1.015  0.000e+00
    473.750 265.582925       1896    148.105     9.8234   3.656673    33.5421  1026.5199    149.358     0.1174     -1.176  0.000e+00
    474.000 265.582928       1897    147.791     9.8236   3.656640    33.5417  1026.5181    149.041     0.1838     -1.253  0.000e+00
    474.250 265.582931       1898    147.503     9.8238   3.656640    33.5417  1026.5168    148.750     0.1343     -1.215  0.000e+00
    474.500 265.582934       1899    147.264     9.8239   3.656574    33.5410  1026.5152    148.508     0.1183     -1.064  0.000e+00
    474.750 265.582937       1900    147.094     9.8236   3.656581    33.5414  1026.5147    148.337     0.1352     -0.826  0.000e+00
    475.000 265.582940       1901    146.997     9.8236   3.656508    33.5408  1026.5138    148.240     0.1389     -0.537  0.000e+00
    475.250 265.582943       1902    146.935     9.8233   3.656607    33.5420  1026.5145    148.177     0.1220     -0.320  0.000e+00
    475.500 265.582946       1903    146.901     9.8238   3.656844    33.5440  1026.5159    148.143     0.1220     -0.194  0.000e+00
    475.750 265.582948       1904    146.854     9.8251   3.656844    33.5428  1026.5145    148.096     0.1092     -0.163  0.000e+00
    476.000 265.582951       1905    146.775     9.8260   3.656942    33.5430  1026.5141    148.016     0.1352     -0.254  0.000e+00
    476.250 265.582954       1906    146.647     9.8269   3.657107    33.5439  1026.5141    147.886     0.1187     -0.419  0.000e+00
    476.500 265.582957       1907    146.470     9.8284   3.657041    33.5420  1026.5115    147.708     0.1211     -0.617  0.000e+00
    476.750 265.582960       1908    146.259     9.8289   3.657139    33.5426  1026.5109    147.495     0.1368     -0.783  0.000e+00
    477.000 265.582963       1909    146.027     9.8296   3.657106    33.5417  1026.5091    147.261     0.1203     -0.892  0.000e+00
    477.250 265.582966       1910    145.792     9.8305   3.657073    33.5407  1026.5070    147.024     0.1368     -0.942  0.000e+00
    477.500 265.582969       1911    145.570     9.8306   3.657034    33.5403  1026.5057    146.800     0.1224     -0.922  0.000e+00
    477.750 265.582972       1912    145.381     9.8304   3.656975    33.5399  1026.5046    146.609     0.1306     -0.830  0.000e+00
    478.000 265.582975       1913    145.233     9.8303   3.656975    33.5401  1026.5041    146.460     0.1236     -0.681  0.000e+00
    478.250 265.582977       1914    145.126     9.8300   3.657007    33.5407  1026.5041    146.352     0.1335     -0.514  0.000e+00
    478.500 265.582980       1915    145.057     9.8300   3.657040    33.5412  1026.5042    146.282     0.1422     -0.355  0.000e+00
    478.750 265.582983       1916    145.013     9.8301   3.657007    33.5407  1026.5036    146.238     0.1327     -0.228  0.000e+00
    479.000 265.582986       1917    144.971     9.8305   3.657034    33.5406  1026.5033    146.195     0.1170     -0.174  0.000e+00
    479.250 265.582989       1918    144.910     9.8307   3.657178    33.5420  1026.5040    146.134     0.1224     -0.209  0.000e+00
    479.500 265.582992       1919    144.806     9.8315   3.657343    33.5430  1026.5042    146.030     0.1335     -0.331  0.000e+00
    479.750 265.582995       1920    144.651     9.8325   3.657310    33.5417  1026.5024    145.873     0.1281     -0.522  0.000e+00
    480.000 265.582998       1921    144.437     9.8335   3.657343    33.5412  1026.5008    145.657     0.1220     -0.746  0.000e+00
    480.250 265.583001       1922    144.179     9.8344   3.657645    33.5436  1026.5013    145.397     0.1393     -0.953  0.000e+00
    480.500 265.583003       1923    143.894     9.8361   3.657915    33.5448  1026.5007    145.110     0.1376     -1.094  0.000e+00
    480.750 265.583006       1924    143.608     9.8387   3.658013    33.5436  1026.4980    144.820     0.1273     -1.152  0.000e+00
