Raw_Data/Cage/SBE19/2020-09-25_SBE19_007_031_processed.cnv
* Sea-Bird SBE19plus Data File:
* FileName = C:\cruises\2020_barkerboys\leg2\data\cage\SBE19\2020-09-25_SBE19_004_031.hex
* Software Version 1.59
* Temperature SN =  4881
* Conductivity SN =  4881
* System UpLoad Time = Sep 25 2020 21:18:24
* ds
* SeacatPlus V 1.5  SERIAL NO. 4881    25 Sep 2020  21:17:28
# nquan = 12
# nvalues = 3124                                  
# units = specified
# name 0 = timeS: Time, Elapsed [seconds]
# name 1 = timeJ: Julian Days
# name 2 = scan: Scan Count
# name 3 = depSM: Depth [salt water, m], lat = 44.00
# name 4 = tv290C: Temperature [ITS-90, deg C]
# name 5 = c0S/m: Conductivity [S/m]
# name 6 = sal00: Salinity, Practical [PSU]
# name 7 = density00: Density [density, kg/m^3]
# name 8 = prdM: Pressure, Strain Gauge [db]
# name 9 = wetStar: Fluorescence, WET Labs WETstar [mg/m^3]
# name 10 = dz/dtM: Descent Rate [m/s]
# name 11 = flag:  0.000e+00
# span 0 =      0.000,    780.750                 
# span 1 = 269.667419, 269.676455                 
# span 2 =          1,       3124                 
# span 3 =      0.009,    184.603                 
# span 4 =     9.5707,    17.2051                 
# span 5 =  -0.063136,   3.908549                 
# span 6 =     0.0000,    33.6501                 
# span 7 =   998.7430,  1026.8128                 
# span 8 =      0.009,    186.181                 
# span 9 =     0.1417,     4.3927                 
# span 10 =     -1.254,      1.252                
# span 11 = 0.0000e+00, 0.0000e+00                
# interval = seconds: 0.25
# start_time = Sep 25 2020 16:01:05 [Instrument's time stamp, header]
# bad_flag = -9.990e-29
*END*
      0.000 269.667419          1      0.013    17.1373   0.027958     0.1589   998.8748      0.013     0.1430      0.000  0.000e+00
      0.250 269.667422          2      0.014    17.1371   0.027952     0.1589   998.8749      0.014     0.1529      0.002  0.000e+00
      0.500 269.667425          3      0.014    17.1373   0.027952     0.1589   998.8748      0.014     0.1578      0.002  0.000e+00
      0.750 269.667428          4      0.015    17.1374   0.027961     0.1589   998.8748      0.015     0.1537      0.002  0.000e+00
      1.000 269.667431          5      0.014    17.1373   0.027961     0.1589   998.8749      0.014     0.1558     -0.000  0.000e+00
      1.250 269.667433          6      0.017    17.1374   0.027961     0.1589   998.8749      0.017     0.1549      0.004  0.000e+00
      1.500 269.667436          7      0.015    17.1376   0.027952     0.1589   998.8748      0.015     0.1574      0.002  0.000e+00
      1.750 269.667439          8      0.013    17.1373   0.027961     0.1589   998.8749      0.013     0.1599     -0.009  0.000e+00
      2.000 269.667442          9      0.015    17.1374   0.027961     0.1589   998.8748      0.015     0.1607     -0.000  0.000e+00
      2.250 269.667445         10      0.015    17.1380   0.027952     0.1589   998.8747      0.015     0.1648      0.004  0.000e+00
      2.500 269.667448         11      0.014    17.1388   0.027961     0.1589   998.8746      0.014     0.1607     -0.002  0.000e+00
      2.750 269.667451         12      0.014    17.1394   0.027967     0.1589   998.8745      0.014     0.1628     -0.002  0.000e+00
      3.000 269.667454         13      0.014    17.1398   0.027961     0.1589   998.8744      0.014     0.1632      0.000  0.000e+00
      3.250 269.667457         14      0.014    17.1408   0.027961     0.1589   998.8742      0.014     0.1648      0.000  0.000e+00
      3.500 269.667459         15      0.015    17.1418   0.027961     0.1589   998.8741      0.015     0.1644      0.002  0.000e+00
      3.750 269.667462         16      0.016    17.1428   0.027961     0.1589   998.8739      0.016     0.1656      0.004  0.000e+00
      4.000 269.667465         17      0.015    17.1434   0.027961     0.1589   998.8738      0.015     0.1698      0.000  0.000e+00
      4.250 269.667468         18      0.015    17.1436   0.027961     0.1589   998.8738      0.015     0.1648     -0.002  0.000e+00
      4.500 269.667471         19      0.014    17.1442   0.027961     0.1589   998.8736      0.014     0.1636     -0.002  0.000e+00
      4.750 269.667474         20      0.012    17.1449   0.027961     0.1589   998.8735      0.012     0.1681     -0.006  0.000e+00
      5.000 269.667477         21      0.015    17.1454   0.027961     0.1589   998.8734      0.015     0.1693      0.002  0.000e+00
      5.250 269.667480         22      0.017    17.1462   0.027970     0.1589   998.8733      0.017     0.1698      0.011  0.000e+00
      5.500 269.667483         23      0.013    17.1471   0.027967     0.1589   998.8731      0.013     0.1665     -0.004  0.000e+00
      5.750 269.667486         24      0.015    17.1478   0.027961     0.1589   998.8730      0.015     0.1689     -0.004  0.000e+00
      6.000 269.667488         25      0.015    17.1483   0.027961     0.1589   998.8729      0.015     0.1673      0.004  0.000e+00
      6.250 269.667491         26      0.015    17.1485   0.027967     0.1589   998.8729      0.015     0.1673      0.000  0.000e+00
      6.500 269.667494         27      0.014    17.1489   0.027961     0.1589   998.8728      0.014     0.1710     -0.002  0.000e+00
      6.750 269.667497         28      0.013    17.1491   0.027977     0.1590   998.8728      0.013     0.1718     -0.004  0.000e+00
      7.000 269.667500         29      0.013    17.1492   0.027970     0.1589   998.8728      0.013     0.1677     -0.002  0.000e+00
      7.250 269.667503         30      0.013    17.1495   0.027961     0.1589   998.8727      0.013     0.1722 -2.961e-16  0.000e+00
      7.500 269.667506         31      0.012    17.1497   0.027977     0.1590   998.8727      0.012     0.1677     -0.002  0.000e+00
      7.750 269.667509         32      0.013    17.1496   0.027970     0.1589   998.8727      0.013     0.1714      0.000  0.000e+00
      8.000 269.667512         33      0.016    17.1495   0.027980     0.1590   998.8728      0.016     0.1681      0.009  0.000e+00
      8.250 269.667514         34      0.014    17.1500   0.027967     0.1589   998.8726      0.014     0.1677      0.002  0.000e+00
      8.500 269.667517         35      0.016    17.1503   0.027961     0.1589   998.8726      0.016     0.1685      0.000  0.000e+00
      8.750 269.667520         36      0.014    17.1510   0.027970     0.1589   998.8725      0.014     0.1702      0.000  0.000e+00
      9.000 269.667523         37      0.014    17.1513   0.027961     0.1589   998.8724      0.014     0.1706     -0.004  0.000e+00
      9.250 269.667526         38      0.013    17.1519   0.027970     0.1589   998.8723      0.013     0.1739     -0.002  0.000e+00
      9.500 269.667529         39      0.013    17.1525   0.027977     0.1589   998.8722      0.013     0.1693     -0.002  0.000e+00
      9.750 269.667532         40      0.014    17.1530   0.027970     0.1589   998.8721      0.014     0.1710      0.002  0.000e+00
     10.000 269.667535         41      0.013    17.1534   0.027980     0.1590   998.8721      0.013     0.1714      0.000  0.000e+00
     10.250 269.667538         42      0.012    17.1540   0.027977     0.1589   998.8719      0.012     0.1718     -0.004  0.000e+00
     10.500 269.667541         43      0.011    17.1549   0.027980     0.1590   998.8718      0.011     0.1710     -0.004  0.000e+00
     10.750 269.667543         44      0.014    17.1558   0.027980     0.1590   998.8716      0.014     0.1731      0.004  0.000e+00
     11.000 269.667546         45      0.014    17.1567   0.027977     0.1589   998.8715      0.014     0.1743      0.006  0.000e+00
     11.250 269.667549         46      0.015    17.1573   0.027980     0.1589   998.8714      0.015     0.1698      0.002  0.000e+00
     11.500 269.667552         47      0.014    17.1576   0.027980     0.1589   998.8713      0.014     0.1698      0.000  0.000e+00
     11.750 269.667555         48      0.014    17.1581   0.027977     0.1589   998.8712      0.014     0.1739     -0.002  0.000e+00
     12.000 269.667558         49      0.015    17.1585   0.027980     0.1589   998.8712      0.015     0.1722      0.002  0.000e+00
     12.250 269.667561         50      0.014    17.1587   0.027967     0.1589   998.8711      0.014     0.1747      0.000  0.000e+00
     12.500 269.667564         51      0.014    17.1588   0.027980     0.1589   998.8711      0.014     0.1751     -0.002  0.000e+00
     12.750 269.667567         52      0.013    17.1591   0.027980     0.1589   998.8711      0.013     0.1706     -0.002  0.000e+00
     13.000 269.667569         53      0.013    17.1592   0.027977     0.1589   998.8710      0.013     0.1714     -0.002  0.000e+00
     13.250 269.667572         54      0.012    17.1596   0.027980     0.1589   998.8710      0.012     0.1706     -0.002  0.000e+00
     13.500 269.667575         55      0.016    17.1600   0.027980     0.1589   998.8709      0.016     0.1698      0.006  0.000e+00
     13.750 269.667578         56      0.014    17.1605   0.027983     0.1590   998.8708      0.014     0.1698      0.004  0.000e+00
     14.000 269.667581         57      0.012    17.1612   0.027989     0.1590   998.8707      0.012     0.1698     -0.009  0.000e+00
     14.250 269.667584         58      0.013    17.1618   0.027977     0.1589   998.8705      0.013     0.1689     -0.002  0.000e+00
     14.500 269.667587         59      0.013    17.1622   0.027980     0.1589   998.8705      0.013     0.1714      0.002  0.000e+00
     14.750 269.667590         60      0.014    17.1624   0.027980     0.1589   998.8705      0.014     0.1768      0.002  0.000e+00
     15.000 269.667593         61      0.014    17.1626   0.027977     0.1589   998.8704      0.014     0.1739      0.002  0.000e+00
     15.250 269.667595         62      0.014    17.1630   0.027989     0.1590   998.8704      0.014     0.1693      0.000  0.000e+00
     15.500 269.667598         63      0.012    17.1631   0.027980     0.1589   998.8703      0.012     0.1718     -0.004  0.000e+00
     15.750 269.667601         64      0.015    17.1636   0.027983     0.1589   998.8703      0.015     0.1739      0.002  0.000e+00
     16.000 269.667604         65      0.013    17.1640   0.027980     0.1589   998.8702      0.013     0.1731      0.002  0.000e+00
     16.250 269.667607         66      0.014    17.1648   0.027980     0.1589   998.8700      0.014     0.1739     -0.002  0.000e+00
     16.500 269.667610         67      0.014    17.1657   0.027977     0.1589   998.8699      0.014     0.1718      0.002  0.000e+00
     16.750 269.667613         68      0.014    17.1664   0.027989     0.1590   998.8698      0.014     0.1710     -0.000  0.000e+00
     17.000 269.667616         69      0.013    17.1667   0.027983     0.1589   998.8697      0.013     0.1681     -0.002  0.000e+00
     17.250 269.667619         70      0.015    17.1673   0.027980     0.1589   998.8696      0.015     0.1759      0.002  0.000e+00
     17.500 269.667622         71      0.012    17.1678   0.027989     0.1590   998.8695      0.012     0.1784     -0.002  0.000e+00
     17.750 269.667624         72      0.013    17.1680   0.027992     0.1590   998.8695      0.013     0.1764     -0.004  0.000e+00
     18.000 269.667627         73      0.014    17.1683   0.027980     0.1589   998.8694      0.014     0.1706      0.004  0.000e+00
     18.250 269.667630         74      0.015    17.1687   0.027989     0.1590   998.8694      0.015     0.1685      0.004  0.000e+00
     18.500 269.667633         75      0.012    17.1691   0.027983     0.1589   998.8693      0.012     0.1706     -0.004  0.000e+00
     18.750 269.667636         76      0.013    17.1699   0.027989     0.1590   998.8692      0.013     0.1714     -0.004  0.000e+00
     19.000 269.667639         77      0.013    17.1704   0.027989     0.1590   998.8691      0.013     0.1726      0.002  0.000e+00
     19.250 269.667642         78      0.013    17.1711   0.027983     0.1589   998.8689      0.013     0.1755      0.000  0.000e+00
     19.500 269.667645         79      0.013    17.1713   0.027998     0.1590   998.8690      0.013     0.1747      0.000  0.000e+00
     19.750 269.667648         80      0.014    17.1714   0.027983     0.1589   998.8689      0.014     0.1731      0.002  0.000e+00
     20.000 269.667650         81      0.013    17.1719   0.027998     0.1590   998.8688      0.013     0.1735     -0.000  0.000e+00
     20.250 269.667653         82      0.014    17.1723   0.027998     0.1590   998.8688      0.014     0.1722     -0.000  0.000e+00
     20.500 269.667656         83      0.013    17.1723   0.027992     0.1590   998.8687      0.013     0.1784      0.000  0.000e+00
     20.750 269.667659         84      0.012    17.1724   0.027989     0.1589   998.8687      0.012     0.1710     -0.004  0.000e+00
     21.000 269.667662         85      0.012    17.1732   0.027989     0.1589   998.8686      0.012     0.1714     -0.002  0.000e+00
     21.250 269.667665         86      0.012    17.1735   0.027983     0.1589   998.8685      0.012     0.1710      0.000  0.000e+00
     21.500 269.667668         87      0.011    17.1741   0.027989     0.1589   998.8684      0.011     0.1718     -0.002  0.000e+00
     21.750 269.667671         88      0.013    17.1745   0.027998     0.1590   998.8684      0.013     0.1731      0.002  0.000e+00
     22.000 269.667674         89      0.014    17.1754   0.027983     0.1589   998.8682      0.014     0.1735      0.006  0.000e+00
     22.250 269.667677         90      0.014    17.1764   0.027989     0.1589   998.8680      0.014     0.1693      0.002  0.000e+00
     22.500 269.667679         91      0.013    17.1772   0.027992     0.1589   998.8679      0.013     0.1743     -0.002  0.000e+00
     22.750 269.667682         92      0.014    17.1784   0.027989     0.1589   998.8676      0.014     0.1718     -0.000  0.000e+00
     23.000 269.667685         93      0.014    17.1797   0.027989     0.1589   998.8674      0.014     0.1759      0.002  0.000e+00
     23.250 269.667688         94      0.013    17.1810   0.027992     0.1589   998.8672      0.013     0.1710     -0.002  0.000e+00
     23.500 269.667691         95      0.013    17.1821   0.027989     0.1589   998.8670      0.013     0.1735     -0.002  0.000e+00
     23.750 269.667694         96      0.016    17.1831   0.027998     0.1590   998.8669      0.016     0.1776      0.006  0.000e+00
     24.000 269.667697         97      0.012    17.1840   0.027998     0.1590   998.8667      0.012     0.1714     -0.002  0.000e+00
     24.250 269.667700         98      0.013    17.1852   0.027989     0.1589   998.8664      0.013     0.1718     -0.006  0.000e+00
     24.500 269.667703         99      0.014    17.1862   0.027998     0.1590   998.8663      0.014     0.1718      0.004  0.000e+00
     24.750 269.667705        100      0.013    17.1869   0.027998     0.1590   998.8662      0.013     0.1731 1.1842e-15  0.000e+00
     25.000 269.667708        101      0.014    17.1883   0.027998     0.1589   998.8659      0.014     0.1739     -0.000  0.000e+00
     25.250 269.667711        102      0.013    17.1897   0.027992     0.1589   998.8656      0.013     0.1731     -0.000  0.000e+00
     25.500 269.667714        103      0.013    17.1906   0.027998     0.1589   998.8655      0.013     0.1710     -0.002  0.000e+00
     25.750 269.667717        104      0.012    17.1915   0.027989     0.1589   998.8653      0.012     0.1743     -0.002  0.000e+00
     26.000 269.667720        105      0.012    17.1919   0.027992     0.1589   998.8652      0.012     0.1751     -0.002  0.000e+00
     26.250 269.667723        106      0.012    17.1921   0.028008     0.1590   998.8653      0.012     0.1735      0.000  0.000e+00
     26.500 269.667726        107      0.011    17.1924   0.027989     0.1589   998.8651      0.011     0.1735     -0.002  0.000e+00
     26.750 269.667729        108      0.014    17.1925   0.027998     0.1589   998.8652      0.014     0.1722      0.004  0.000e+00
     27.000 269.667731        109      0.013    17.1930   0.027998     0.1589   998.8651      0.013     0.1731      0.004  0.000e+00
     27.250 269.667734        110      0.012    17.1936   0.027998     0.1589   998.8650      0.012     0.1776     -0.004  0.000e+00
     27.500 269.667737        111      0.014    17.1947   0.027992     0.1589   998.8647      0.014     0.1764      0.002  0.000e+00
     27.750 269.667740        112      0.012    17.1957   0.027998     0.1589   998.8646      0.012     0.1718      0.000  0.000e+00
     28.000 269.667743        113      0.015    17.1966   0.027998     0.1589   998.8644      0.015     0.1764      0.002  0.000e+00
     28.250 269.667746        114      0.013    17.1975   0.027989     0.1589   998.8642      0.013     0.1685      0.002  0.000e+00
     28.500 269.667749        115      0.012    17.1984   0.028008     0.1590   998.8641      0.012     0.1764     -0.006  0.000e+00
     28.750 269.667752        116      0.012    17.1993   0.027998     0.1589   998.8639      0.012     0.1735     -0.002  0.000e+00
     29.000 269.667755        117      0.012    17.2002   0.027998     0.1589   998.8638      0.012     0.1731     -0.000  0.000e+00
     29.250 269.667758        118      0.013    17.2010   0.027998     0.1589   998.8636      0.013     0.1739      0.002  0.000e+00
     29.500 269.667760        119      0.013    17.2016   0.027998     0.1589   998.8635      0.013     0.1726      0.002  0.000e+00
     29.750 269.667763        120      0.014    17.2019   0.028008     0.1590   998.8635      0.014     0.1722      0.002  0.000e+00
