Raw_Data/Cage/SBE19/2020-09-25_SBE19_007_035_processed.cnv
* Sea-Bird SBE19plus Data File:
* FileName = C:\cruises\2020_barkerboys\leg2\data\cage\SBE19\2020-09-25_SBE19_004_035.hex
* Software Version 1.59
* Temperature SN =  4881
* Conductivity SN =  4881
* System UpLoad Time = Sep 25 2020 21:22:36
* ds
* SeacatPlus V 1.5  SERIAL NO. 4881    25 Sep 2020  21:17:28
# nquan = 12
# nvalues = 2874                                  
# units = specified
# name 0 = timeS: Time, Elapsed [seconds]
# name 1 = timeJ: Julian Days
# name 2 = scan: Scan Count
# name 3 = depSM: Depth [salt water, m], lat = 44.00
# name 4 = tv290C: Temperature [ITS-90, deg C]
# name 5 = c0S/m: Conductivity [S/m]
# name 6 = sal00: Salinity, Practical [PSU]
# name 7 = density00: Density [density, kg/m^3]
# name 8 = prdM: Pressure, Strain Gauge [db]
# name 9 = wetStar: Fluorescence, WET Labs WETstar [mg/m^3]
# name 10 = dz/dtM: Descent Rate [m/s]
# name 11 = flag:  0.000e+00
# span 0 =      0.000,    718.250                 
# span 1 = 269.787789, 269.796102                 
# span 2 =          1,       2874                 
# span 3 =     -0.002,    171.037                 
# span 4 =     9.7420,    13.6060                 
# span 5 =   0.046610,   3.878463                 
# span 6 =     0.2914,    33.5919                 
# span 7 =   999.5325,  1026.6752                 
# span 8 =     -0.002,    172.493                 
# span 9 =     0.1253,     5.2187                 
# span 10 =     -1.087,      0.949                
# span 11 = 0.0000e+00, 0.0000e+00                
# interval = seconds: 0.25
# start_time = Sep 25 2020 18:54:25 [Instrument's time stamp, header]
# bad_flag = -9.990e-29
*END*
[from data line 2527]
    631.750 269.795101       2528     52.289    11.8367   3.765748    32.8456  1025.1840     52.719     1.0827     -0.921  0.000e+00
    632.000 269.795104       2529     52.091    11.8405   3.765921    32.8440  1025.1811     52.520     1.0757     -0.848  0.000e+00
    632.250 269.795107       2530     51.910    11.8431   3.766334    32.8458  1025.1812     52.337     1.0761     -0.765  0.000e+00
    632.500 269.795110       2531     51.748    11.8462   3.766440    32.8441  1025.1786     52.174     1.0827     -0.692  0.000e+00
    632.750 269.795113       2532     51.594    11.8494   3.766706    32.8439  1025.1772     52.018     1.0860     -0.638  0.000e+00
    633.000 269.795116       2533     51.434    11.8525   3.766473    32.8390  1025.1721     51.857     1.1215     -0.634  0.000e+00
    633.250 269.795119       2534     51.265    11.8540   3.766333    32.8364  1025.1690     51.686     1.1194     -0.664  0.000e+00
    633.500 269.795122       2535     51.086    11.8539   3.766234    32.8356  1025.1676     51.506     1.1120     -0.702  0.000e+00
    633.750 269.795124       2536     50.896    11.8531   3.766333    32.8374  1025.1682     51.315     1.1169     -0.743  0.000e+00
    634.000 269.795127       2537     50.699    11.8529   3.766473    32.8390  1025.1686     51.116     1.1297     -0.780  0.000e+00
    634.250 269.795130       2538     50.495    11.8539   3.766406    32.8375  1025.1664     50.910     1.1528     -0.810  0.000e+00
    634.500 269.795133       2539     50.280    11.8545   3.766366    32.8367  1025.1646     50.693     1.1841     -0.846  0.000e+00
    634.750 269.795136       2540     50.064    11.8546   3.766646    32.8394  1025.1658     50.475     1.1408     -0.870  0.000e+00
    635.000 269.795139       2541     49.841    11.8558   3.766473    32.8368  1025.1625     50.250     1.1264     -0.885  0.000e+00
    635.250 269.795142       2542     49.622    11.8565   3.766439    32.8359  1025.1607     50.029     1.1429     -0.891  0.000e+00
    635.500 269.795145       2543     49.408    11.8567   3.766472    32.8362  1025.1599     49.813     1.1528     -0.874  0.000e+00
    635.750 269.795148       2544     49.211    11.8572   3.766712    32.8381  1025.1604     49.615     1.1375     -0.829  0.000e+00
    636.000 269.795150       2545     49.036    11.8586   3.766645    32.8363  1025.1580     49.439     1.1655     -0.750  0.000e+00
    636.250 269.795153       2546     48.876    11.8599   3.766639    32.8352  1025.1561     49.277     1.1676     -0.674  0.000e+00
    636.500 269.795156       2547     48.729    11.8610   3.766579    32.8337  1025.1541     49.129     1.1907     -0.619  0.000e+00
    636.750 269.795159       2548     48.588    11.8615   3.766579    32.8333  1025.1530     48.986     1.1458     -0.582  0.000e+00
    637.000 269.795162       2549     48.438    11.8616   3.766712    32.8345  1025.1533     48.836     1.2166     -0.586  0.000e+00
    637.250 269.795165       2550     48.282    11.8623   3.766752    32.8344  1025.1523     48.678     1.1445     -0.616  0.000e+00
    637.500 269.795168       2551     48.109    11.8632   3.766785    32.8340  1025.1511     48.504     1.1384     -0.664  0.000e+00
    637.750 269.795171       2552     47.923    11.8640   3.766884    32.8343  1025.1504     48.316     1.1239     -0.724  0.000e+00
    638.000 269.795174       2553     47.732    11.8646   3.766751    32.8326  1025.1480     48.124     1.1363     -0.760  0.000e+00
    638.250 269.795177       2554     47.532    11.8652   3.766505    32.8298  1025.1448     47.922     1.1149     -0.788  0.000e+00
    638.500 269.795179       2555     47.333    11.8646   3.766611    32.8314  1025.1453     47.721     1.1091     -0.805  0.000e+00
    638.750 269.795182       2556     47.132    11.8640   3.766611    32.8320  1025.1449     47.519     1.1272     -0.808  0.000e+00
    639.000 269.795185       2557     46.936    11.8642   3.766611    32.8319  1025.1440     47.321     1.1070     -0.801  0.000e+00
    639.250 269.795188       2558     46.741    11.8640   3.766851    32.8345  1025.1451     47.124     1.1837     -0.788  0.000e+00
    639.500 269.795191       2559     46.553    11.8649   3.766837    32.8337  1025.1435     46.935     1.1462     -0.771  0.000e+00
    639.750 269.795194       2560     46.365    11.8662   3.766990    32.8341  1025.1427     46.745     1.1301     -0.758  0.000e+00
    640.000 269.795197       2561     46.170    11.8674   3.766924    32.8325  1025.1403     46.549     1.1075     -0.773  0.000e+00
    640.250 269.795200       2562     45.973    11.8682   3.766784    32.8305  1025.1377     46.350     1.1417     -0.790  0.000e+00
    640.500 269.795203       2563     45.761    11.8683   3.766784    32.8305  1025.1367     46.136     1.1709     -0.825  0.000e+00
    640.750 269.795205       2564     45.535    11.8684   3.766923    32.8318  1025.1367     45.909     1.1375     -0.883  0.000e+00
    641.000 269.795208       2565     45.305    11.8692   3.767096    32.8329  1025.1364     45.677     1.1120     -0.919  0.000e+00
    641.250 269.795211       2566     45.069    11.8706   3.767196    32.8327  1025.1349     45.438     1.1668     -0.941  0.000e+00
    641.500 269.795214       2567     44.835    11.8725   3.767303    32.8322  1025.1331     45.202     1.1235     -0.949  0.000e+00
    641.750 269.795217       2568     44.613    11.8742   3.767822    32.8358  1025.1345     44.979     1.0902     -0.919  0.000e+00
    642.000 269.795220       2569     44.417    11.8780   3.768028    32.8345  1025.1320     44.781     1.1281     -0.842  0.000e+00
    642.250 269.795223       2570     44.244    11.8818   3.768301    32.8339  1025.1300     44.607     1.1120     -0.743  0.000e+00
    642.500 269.795226       2571     44.093    11.8859   3.768474    32.8320  1025.1271     44.455     1.1140     -0.653  0.000e+00
    642.750 269.795229       2572     43.952    11.8890   3.768620    32.8308  1025.1249     44.312     1.1227     -0.591  0.000e+00
    643.000 269.795231       2573     43.806    11.8919   3.768300    32.8252  1025.1194     44.165     1.1013     -0.580  0.000e+00
    643.250 269.795234       2574     43.650    11.8932   3.769132    32.8322  1025.1238     44.008     1.1099     -0.608  0.000e+00
    643.500 269.795237       2575     43.486    11.8969   3.769725    32.8348  1025.1244     43.843     1.1120     -0.644  0.000e+00
    643.750 269.795240       2576     43.307    11.9031   3.770104    32.8331  1025.1211     43.662     1.1178     -0.692  0.000e+00
    644.000 269.795243       2577     43.121    11.9092   3.770170    32.8284  1025.1155     43.474     1.0996     -0.737  0.000e+00
    644.250 269.795246       2578     42.937    11.9138   3.770829    32.8307  1025.1156     43.289     1.1161     -0.747  0.000e+00
    644.500 269.795249       2579     42.757    11.9191   3.770903    32.8269  1025.1108     43.107     1.1219     -0.734  0.000e+00
    644.750 269.795252       2580     42.595    11.9238   3.771175    32.8255  1025.1081     42.944     1.1231     -0.689  0.000e+00
    645.000 269.795255       2581     42.447    11.9280   3.771661    32.8265  1025.1075     42.795     1.1330     -0.625  0.000e+00
    645.250 269.795258       2582     42.298    11.9323   3.771521    32.8215  1025.1021     42.644     1.1445     -0.599  0.000e+00
    645.500 269.795260       2583     42.136    11.9353   3.771661    32.8202  1025.0998     42.481     1.1651     -0.627  0.000e+00
    645.750 269.795263       2584     41.952    11.9372   3.771714    32.8192  1025.0978     42.295     1.2315     -0.698  0.000e+00
    646.000 269.795266       2585     41.733    11.9390   3.772074    32.8211  1025.0980     42.075     1.2426     -0.812  0.000e+00
    646.250 269.795269       2586     41.489    11.9419   3.772114    32.8191  1025.0947     41.829     1.2595     -0.932  0.000e+00
    646.500 269.795272       2587     41.220    11.9438   3.772247    32.8188  1025.0929     41.558     1.2393     -1.035  0.000e+00
    646.750 269.795275       2588     40.951    11.9457   3.772420    32.8189  1025.0915     41.286     1.2199     -1.087  0.000e+00
    647.000 269.795278       2589     40.690    11.9475   3.772560    32.8188  1025.0899     41.023     1.2269     -1.069  0.000e+00
    647.250 269.795281       2590     40.463    11.9493   3.772733    32.8190  1025.0887     40.794     1.2463     -0.984  0.000e+00
    647.500 269.795284       2591     40.280    11.9514   3.772806    32.8179  1025.0866     40.610     1.2879     -0.827  0.000e+00
    647.750 269.795286       2592     40.132    11.9531   3.772872    32.8171  1025.0850     40.460     1.2587     -0.668  0.000e+00
    648.000 269.795289       2593     40.008    11.9545   3.772939    32.8166  1025.0838     40.336     1.2611     -0.548  0.000e+00
    648.250 269.795292       2594     39.893    11.9556   3.772979    32.8161  1025.0826     40.220     1.3996     -0.481  0.000e+00
    648.500 269.795295       2595     39.767    11.9565   3.773045    32.8159  1025.0818     40.093     1.5598     -0.485  0.000e+00
    648.750 269.795298       2596     39.613    11.9573   3.772939    32.8143  1025.0796     39.937     1.4202     -0.565  0.000e+00
    649.000 269.795301       2597     39.433    11.9578   3.772872    32.8133  1025.0779     39.756     1.3345     -0.674  0.000e+00
    649.250 269.795304       2598     39.229    11.9579   3.772978    32.8143  1025.0778     39.550     1.2665     -0.775  0.000e+00
    649.500 269.795307       2599     39.012    11.9576   3.773012    32.8150  1025.0774     39.332     1.3077     -0.848  0.000e+00
    649.750 269.795310       2600     38.794    11.9579   3.772872    32.8135  1025.0752     39.112     1.2780     -0.876  0.000e+00
    650.000 269.795313       2601     38.580    11.9576   3.772805    32.8131  1025.0740     38.896     1.2879     -0.872  0.000e+00
    650.250 269.795315       2602     38.377    11.9571   3.772805    32.8137  1025.0737     38.691     1.2776     -0.842  0.000e+00
    650.500 269.795318       2603     38.189    11.9564   3.772698    32.8134  1025.0727     38.502     1.2957     -0.788  0.000e+00
    650.750 269.795321       2604     38.009    11.9560   3.772871    32.8154  1025.0735     38.320     1.3369     -0.741  0.000e+00
    651.000 269.795324       2605     37.836    11.9562   3.772871    32.8153  1025.0726     38.145     1.3102     -0.713  0.000e+00
    651.250 269.795327       2606     37.657    11.9564   3.772765    32.8142  1025.0709     37.965     1.3077     -0.711  0.000e+00
    651.500 269.795330       2607     37.474    11.9561   3.772705    32.8140  1025.0699     37.780     1.3093     -0.730  0.000e+00
    651.750 269.795333       2608     37.287    11.9555   3.772591    32.8135  1025.0689     37.592     1.3151     -0.745  0.000e+00
    652.000 269.795336       2609     37.098    11.9546   3.772591    32.8143  1025.0688     37.401     1.3361     -0.758  0.000e+00
    652.250 269.795339       2610     36.908    11.9542   3.772491    32.8138  1025.0676     37.210     1.3065     -0.765  0.000e+00
    652.500 269.795341       2611     36.725    11.9538   3.772698    32.8163  1025.0687     37.025     1.3011     -0.752  0.000e+00
    652.750 269.795344       2612     36.542    11.9536   3.772491    32.8145  1025.0666     36.841     1.3279     -0.739  0.000e+00
    653.000 269.795347       2613     36.362    11.9534   3.772491    32.8147  1025.0660     36.659     1.3291     -0.732  0.000e+00
    653.250 269.795350       2614     36.183    11.9528   3.772458    32.8150  1025.0655     36.479     1.3172     -0.724  0.000e+00
    653.500 269.795353       2615     36.001    11.9525   3.772491    32.8157  1025.0652     36.295     1.3880     -0.728  0.000e+00
    653.750 269.795356       2616     35.813    11.9523   3.772524    32.8162  1025.0649     36.106     1.3122     -0.745  0.000e+00
    654.000 269.795359       2617     35.626    11.9526   3.772558    32.8164  1025.0641     35.917     1.3027     -0.756  0.000e+00
    654.250 269.795362       2618     35.441    11.9531   3.772591    32.8164  1025.0631     35.730     1.3110     -0.752  0.000e+00
    654.500 269.795365       2619     35.262    11.9537   3.772438    32.8145  1025.0607     35.550     1.2813     -0.734  0.000e+00
    654.750 269.795367       2620     35.095    11.9535   3.772524    32.8155  1025.0608     35.382     1.3126     -0.696  0.000e+00
    655.000 269.795370       2621     34.935    11.9534   3.772557    32.8160  1025.0605     35.220     1.3168     -0.659  0.000e+00
    655.250 269.795373       2622     34.775    11.9537   3.772591    32.8161  1025.0598     35.059     1.3959     -0.646  0.000e+00
    655.500 269.795376       2623     34.605    11.9542   3.772664    32.8165  1025.0592     34.887     1.3139     -0.666  0.000e+00
    655.750 269.795379       2624     34.413    11.9545   3.772730    32.8169  1025.0586     34.694     1.3691     -0.730  0.000e+00
    656.000 269.795382       2625     34.196    11.9551   3.772730    32.8164  1025.0572     34.475     1.3192     -0.825  0.000e+00
    656.250 269.795385       2626     33.954    11.9556   3.772763    32.8164  1025.0559     34.231     1.2986     -0.926  0.000e+00
    656.500 269.795388       2627     33.704    11.9565   3.772976    32.8179  1025.0558     33.979     1.3081     -0.992  0.000e+00
    656.750 269.795391       2628     33.451    11.9576   3.773043    32.8177  1025.0543     33.725     1.4066     -1.014  0.000e+00
    657.000 269.795394       2629     33.205    11.9587   3.773289    32.8191  1025.0541     33.477     1.3159     -1.005  0.000e+00
    657.250 269.795396       2630     32.989    11.9601   3.773296    32.8180  1025.0520     33.259     1.3415     -0.932  0.000e+00
    657.500 269.795399       2631     32.802    11.9615   3.773249    32.8164  1025.0496     33.070     1.3200     -0.814  0.000e+00
    657.750 269.795402       2632     32.648    11.9625   3.773422    32.8173  1025.0494     32.915     1.3130     -0.687  0.000e+00
    658.000 269.795405       2633     32.508    11.9634   3.773595    32.8182  1025.0493     32.773     1.3827     -0.593  0.000e+00
    658.250 269.795408       2634     32.377    11.9650   3.774015    32.8210  1025.0506     32.641     1.3575     -0.548  0.000e+00
    658.500 269.795411       2635     32.243    11.9676   3.773735    32.8160  1025.0456     32.506     1.3901     -0.535  0.000e+00
    658.750 269.795414       2636     32.087    11.9685   3.774221    32.8200  1025.0479     32.349     1.3868     -0.584  0.000e+00
    659.000 269.795417       2637     31.906    11.9704   3.774048    32.8167  1025.0441     32.167     1.3472     -0.679  0.000e+00
    659.250 269.795420       2638     31.700    11.9719   3.774154    32.8165  1025.0427     31.959     1.3621     -0.780  0.000e+00
    659.500 269.795422       2639     31.468    11.9732   3.774600    32.8198  1025.0440     31.725     1.3481     -0.883  0.000e+00
    659.750 269.795425       2640     31.224    11.9753   3.774674    32.8188  1025.0417     31.480     1.3814     -0.960  0.000e+00
    660.000 269.795428       2641     30.983    11.9780   3.775180    32.8214  1025.0421     31.236     1.3740     -0.979  0.000e+00
    660.250 269.795431       2642     30.751    11.9820   3.775819    32.8242  1025.0425     31.002     1.4626     -0.956  0.000e+00
    660.500 269.795434       2643     30.540    11.9875   3.775952    32.8207  1025.0378     30.789     1.4148     -0.893  0.000e+00
    660.750 269.795437       2644     30.357    11.9923   3.776199    32.8189  1025.0347     30.604     1.4222     -0.795  0.000e+00
    661.000 269.795440       2645     30.187    11.9961   3.776405    32.8176  1025.0322     30.434     1.5306     -0.711  0.000e+00
    661.250 269.795443       2646     30.037    11.9996   3.776785    32.8183  1025.0314     30.282     1.4383     -0.644  0.000e+00
