Raw_Data/Cage/SBE19/2020-09-19_SBE19_003_007_processed.cnv
* Sea-Bird SBE19plus Data File:
* FileName = C:\cruises\2020_barkerboys\leg2\data\cage\SBE19\2020-09-25_SBE19_004_007.hex
* Software Version 1.59
* Temperature SN =  4881
* Conductivity SN =  4881
* System UpLoad Time = Sep 25 2020 12:21:10
* ds
* SeacatPlus V 1.5  SERIAL NO. 4881    25 Sep 2020  12:15:39
# nquan = 12
# nvalues = 1014                                  
# units = specified
# name 0 = timeS: Time, Elapsed [seconds]
# name 1 = timeJ: Julian Days
# name 2 = scan: Scan Count
# name 3 = depSM: Depth [salt water, m], lat = 44.00
# name 4 = tv290C: Temperature [ITS-90, deg C]
# name 5 = c0S/m: Conductivity [S/m]
# name 6 = sal00: Salinity, Practical [PSU]
# name 7 = density00: Density [density, kg/m^3]
# name 8 = prdM: Pressure, Strain Gauge [db]
# name 9 = wetStar: Fluorescence, WET Labs WETstar [mg/m^3]
# name 10 = dz/dtM: Descent Rate [m/s]
# name 11 = flag:  0.000e+00
# span 0 =      0.000,    253.250                 
# span 1 = 263.720775, 263.723707                 
# span 2 =          1,       1014                 
# span 3 =      0.042,      5.530                 
# span 4 =    12.7367,    16.0739                 
# span 5 =   0.005631,   3.851219                 
# span 6 =     0.0354,    32.6734                 
# span 7 =   998.9600,  1024.6342                 
# span 8 =      0.042,      5.575                 
# span 9 =     0.1314,     2.6899                 
# span 10 =     -0.348,      0.857                
# span 11 = 0.0000e+00, 0.0000e+00                
# interval = seconds: 0.25
# start_time = Sep 19 2020 17:17:55 [Instrument's time stamp, header]
# bad_flag = -9.990e-29
*END*
[from data line 843]
    210.750 263.723215        844      5.246    12.9476   3.820189    32.4204  1024.4292      5.288     1.6076      0.277  0.000e+00
    211.000 263.723218        845      5.333    12.9287   3.820858    32.4429  1024.4507      5.376     1.5755      0.341  0.000e+00
    211.250 263.723220        846      5.407    12.9131   3.826094    32.5058  1024.5028      5.451     1.3089      0.324  0.000e+00
    211.500 263.723223        847      5.454    12.9123   3.834717    32.5880  1024.5667      5.498     1.2051      0.243  0.000e+00
    211.750 263.723226        848      5.472    12.9120   3.837647    32.6161  1024.5886      5.516     0.9830      0.131  0.000e+00
    212.000 263.723229        849      5.462    12.9112   3.840376    32.6426  1024.6093      5.506     1.0799      0.017  0.000e+00
    212.250 263.723232        850      5.435    12.9390   3.841771    32.6318  1024.5954      5.480     1.3106     -0.073  0.000e+00
    212.500 263.723235        851      5.403    12.9824   3.842884    32.6050  1024.5659      5.447     1.1499     -0.118  0.000e+00
    212.750 263.723238        852      5.381    13.0204   3.842991    32.5732  1024.5338      5.425     1.4733     -0.110  0.000e+00
    213.000 263.723241        853      5.364    13.0422   3.842320    32.5482  1024.5100      5.408     0.9200     -0.079  0.000e+00
    213.250 263.723244        854      5.346    13.0521   3.842179    32.5384  1024.5004      5.389     0.8718     -0.071  0.000e+00
    213.500 263.723247        855      5.330    13.0600   3.842427    32.5339  1024.4953      5.373     0.9039     -0.069  0.000e+00
    213.750 263.723249        856      5.303    13.0637   3.844091    32.5465  1024.5042      5.346     0.9002     -0.086  0.000e+00
    214.000 263.723252        857      5.275    13.0627   3.846681    32.5717  1024.5238      5.317     0.8973     -0.112  0.000e+00
    214.250 263.723255        858      5.244    13.0661   3.848728    32.5882  1024.5357      5.286     0.9373     -0.120  0.000e+00
    214.500 263.723258        859      5.212    13.0726   3.850366    32.5981  1024.5420      5.254     0.8615     -0.127  0.000e+00
    214.750 263.723261        860      5.184    13.0791   3.851219    32.6005  1024.5424      5.226     0.8669     -0.120  0.000e+00
    215.000 263.723264        861      5.179    13.0835   3.846996    32.5569  1024.5078      5.221     0.8973     -0.067  0.000e+00
    215.250 263.723267        862      5.209    13.0808   3.838704    32.4811  1024.4498      5.251     0.9851      0.049  0.000e+00
    215.500 263.723270        863      5.272    13.0585   3.831076    32.4282  1024.4136      5.315     1.1000      0.189  0.000e+00
    215.750 263.723273        864      5.359    13.0139   3.823602    32.3959  1024.3977      5.402     1.0980      0.303  0.000e+00
    216.000 263.723275        865      5.443    12.9737   3.820717    32.4030  1024.4114      5.487     1.2764      0.344  0.000e+00
    216.250 263.723278        866      5.504    12.9469   3.821420    32.4326  1024.4399      5.548     1.4066      0.292  0.000e+00
    216.500 263.723281        867      5.530    12.9308   3.832143    32.5477  1024.5323      5.575     1.0893      0.176  0.000e+00
    216.750 263.723284        868      5.520    12.9211   3.838961    32.6206  1024.5906      5.564     1.1243      0.032  0.000e+00
    217.000 263.723287        869      5.473    12.9058   3.843133    32.6734  1024.6342      5.517     1.1425     -0.116  0.000e+00
    217.250 263.723290        870      5.410    12.9232   3.844307    32.6695  1024.6275      5.454     1.0424     -0.221  0.000e+00
    217.500 263.723293        871      5.349    12.9809   3.845145    32.6276  1024.5835      5.392     0.9068     -0.249  0.000e+00
    217.750 263.723296        872      5.309    13.0369   3.844655    32.5748  1024.5315      5.352     0.9855     -0.204  0.000e+00
    218.000 263.723299        873      5.297    13.0808   3.841045    32.5031  1024.4673      5.340     1.0378     -0.105  0.000e+00
    218.250 263.723302        874      5.311    13.1013   3.837933    32.4562  1024.4270      5.354     1.3221      0.004  0.000e+00
    218.500 263.723304        875      5.327    13.1099   3.836820    32.4383  1024.4115      5.370     0.8965      0.060  0.000e+00
    218.750 263.723307        876      5.333    13.1173   3.838637    32.4491  1024.4184      5.376     0.8479      0.045  0.000e+00
    219.000 263.723310        877      5.325    13.1192   3.843312    32.4916  1024.4509      5.368     1.2772     -0.004  0.000e+00
    219.250 263.723313        878      5.302    13.1197   3.846143    32.5178  1024.4709      5.345     1.1297     -0.062  0.000e+00
    219.500 263.723316        879      5.277    13.1204   3.846701    32.5224  1024.4743      5.319     1.4461     -0.097  0.000e+00
    219.750 263.723319        880      5.260    13.1212   3.847425    32.5286  1024.4788      5.302     1.0073     -0.086  0.000e+00
    220.000 263.723322        881      5.253    13.1241   3.848023    32.5317  1024.4806      5.296     1.0951     -0.047  0.000e+00
    220.250 263.723325        882      5.267    13.1351   3.846714    32.5099  1024.4617      5.310     1.2896      0.015  0.000e+00
    220.500 263.723328        883      5.304    13.1415   3.842312    32.4630  1024.4243      5.347     0.9748      0.103  0.000e+00
    220.750 263.723330        884      5.352    13.1362   3.839844    32.4443  1024.4111      5.396     0.8957      0.172  0.000e+00
    221.000 263.723333        885      5.409    13.1108   3.837504    32.4440  1024.4161      5.453     1.4420      0.210  0.000e+00
    221.250 263.723336        886      5.459    13.0707   3.836022    32.4643  1024.4399      5.503     1.8853      0.215  0.000e+00
    221.500 263.723339        887      5.498    13.0289   3.836244    32.5022  1024.4777      5.543     2.0134      0.180  0.000e+00
    221.750 263.723342        888      5.518    13.0025   3.840939    32.5693  1024.5349      5.563     1.3044      0.120  0.000e+00
    222.000 263.723345        889      5.520    13.0009   3.845581    32.6144  1024.5701      5.565     1.0626      0.045  0.000e+00
    222.250 263.723348        890      5.501    12.9963   3.846185    32.6242  1024.5785      5.546     0.9867     -0.034  0.000e+00
    222.500 263.723351        891      5.469    12.9932   3.846226    32.6272  1024.5813      5.514     1.0333     -0.103  0.000e+00
    222.750 263.723354        892      5.428    13.0356   3.846359    32.5919  1024.5455      5.472     1.1017     -0.148  0.000e+00
    223.000 263.723356        893      5.376    13.0964   3.846996    32.5457  1024.4975      5.419     1.0090     -0.189  0.000e+00
    223.250 263.723359        894      5.327    13.1466   3.847425    32.5068  1024.4573      5.370     0.9740     -0.204  0.000e+00
    223.500 263.723362        895      5.276    13.1898   3.847471    32.4703  1024.4202      5.318     1.1441     -0.202  0.000e+00
    223.750 263.723365        896      5.236    13.2259   3.847209    32.4370  1024.3871      5.278     1.3785     -0.183  0.000e+00
    224.000 263.723368        897      5.206    13.2555   3.847175    32.4114  1024.3614      5.248     1.5780     -0.140  0.000e+00
    224.250 263.723371        898      5.202    13.2804   3.847987    32.3978  1024.3459      5.244     1.1087     -0.069  0.000e+00
    224.500 263.723374        899      5.224    13.2994   3.846598    32.3687  1024.3197      5.267     1.0704      0.036  0.000e+00
    224.750 263.723377        900      5.270    13.3066   3.844510    32.3430  1024.2986      5.313     1.0638      0.137  0.000e+00
    225.000 263.723380        901      5.334    13.2994   3.843518    32.3398  1024.2978      5.377     1.1285      0.221  0.000e+00
    225.250 263.723383        902      5.401    13.2403   3.839802    32.3551  1024.3217      5.445     0.9752      0.264  0.000e+00
    225.500 263.723385        903      5.461    13.1676   3.835538    32.3770  1024.3533      5.505     1.0230      0.256  0.000e+00
    225.750 263.723388        904      5.496    13.1087   3.834922    32.4214  1024.3994      5.540     1.0374      0.191  0.000e+00
    226.000 263.723391        905      5.507    13.0714   3.840690    32.5077  1024.4736      5.551     0.9315      0.092  0.000e+00
    226.250 263.723394        906      5.485    13.0513   3.843454    32.5510  1024.5110      5.530     1.0329     -0.022  0.000e+00
    226.500 263.723397        907      5.442    13.0283   3.844742    32.5830  1024.5400      5.486     1.1276     -0.131  0.000e+00
    226.750 263.723400        908      5.388    13.0371   3.844943    32.5774  1024.5337      5.432     1.0654     -0.195  0.000e+00
    227.000 263.723403        909      5.347    13.0809   3.845298    32.5431  1024.4984      5.390     0.9699     -0.191  0.000e+00
    227.250 263.723406        910      5.333    13.1263   3.844305    32.4948  1024.4520      5.376     1.0292     -0.112  0.000e+00
    227.500 263.723409        911      5.346    13.1599   3.840755    32.4327  1024.3974      5.389     0.9715     -0.002  0.000e+00
    227.750 263.723411        912      5.377    13.1733   3.838991    32.4046  1024.3731      5.420     1.0094      0.088  0.000e+00
    228.000 263.723414        913      5.407    13.1713   3.839273    32.4089  1024.3770      5.451     1.0531      0.125  0.000e+00
    228.250 263.723417        914      5.417    13.1531   3.842567    32.4555  1024.4167      5.461     0.9414      0.082  0.000e+00
    228.500 263.723420        915      5.401    13.1433   3.844097    32.4782  1024.4361      5.445     0.9414     -0.013  0.000e+00
    228.750 263.723423        916      5.358    13.1421   3.845298    32.4906  1024.4458      5.402     1.2203     -0.118  0.000e+00
    229.000 263.723426        917      5.301    13.1563   3.845861    32.4838  1024.4374      5.344     0.9707     -0.202  0.000e+00
    229.250 263.723429        918      5.248    13.1906   3.846216    32.4578  1024.4103      5.290     0.7577     -0.223  0.000e+00
    229.500 263.723432        919      5.226    13.2232   3.845444    32.4228  1024.3766      5.269     0.9769     -0.150  0.000e+00
    229.750 263.723435        920      5.257    13.2455   3.842706    32.3780  1024.3377      5.300     1.0790      0.019  0.000e+00
    230.000 263.723437        921      5.319    13.2521   3.841398    32.3601  1024.3228      5.362     1.0683      0.187  0.000e+00
    230.250 263.723440        922      5.397    13.2218   3.838354    32.3573  1024.3270      5.441     1.2389      0.281  0.000e+00
    230.500 263.723443        923      5.467    13.1648   3.834426    32.3689  1024.3476      5.511     1.3485      0.298  0.000e+00
    230.750 263.723446        924      5.514    13.1120   3.837014    32.4383  1024.4119      5.559     1.0831      0.236  0.000e+00
    231.000 263.723449        925      5.519    13.0830   3.842393    32.5138  1024.4761      5.564     1.1651      0.105  0.000e+00
    231.250 263.723452        926      5.481    13.0572   3.844728    32.5580  1024.5152      5.525     0.9517     -0.067  0.000e+00
    231.500 263.723455        927      5.418    13.0509   3.845212    32.5680  1024.5239      5.462     1.1890     -0.204  0.000e+00
    231.750 263.723458        928      5.350    13.0890   3.845547    32.5384  1024.4932      5.393     1.2949     -0.264  0.000e+00
    232.000 263.723461        929      5.301    13.1363   3.845506    32.4975  1024.4520      5.344     1.6430     -0.236  0.000e+00
    232.250 263.723464        930      5.286    13.1754   3.843559    32.4458  1024.4041      5.329     1.1655     -0.129  0.000e+00
    232.500 263.723466        931      5.298    13.1949   3.840963    32.4047  1024.3686      5.341     1.0580     -0.006  0.000e+00
    232.750 263.723469        932      5.322    13.2035   3.839306    32.3818  1024.3493      5.365     1.0654      0.073  0.000e+00
    233.000 263.723472        933      5.345    13.2004   3.839380    32.3852  1024.3526      5.388     0.8697      0.094  0.000e+00
    233.250 263.723475        934      5.359    13.1823   3.841010    32.4160  1024.3801      5.403     1.0020      0.075  0.000e+00
    233.500 263.723478        935      5.365    13.1727   3.842546    32.4386  1024.3995      5.408     0.9863      0.041  0.000e+00
    233.750 263.723481        936      5.356    13.1678   3.811656    32.1525  1024.1791      5.400     1.1000     -0.006  0.000e+00
    234.000 263.723484        937      5.334    13.0841   3.805454    32.1651  1024.2052      5.377     1.0848     -0.062  0.000e+00
    234.250 263.723487        938      5.304    12.9702   3.806471    32.2715  1024.3098      5.347     1.1544     -0.105  0.000e+00
    234.500 263.723490        939      5.284    12.8955   3.806926    32.3396  1024.3770      5.327     1.1268     -0.101  0.000e+00
    234.750 263.723492        940      5.278    12.8536   3.807167    32.3777  1024.4146      5.321     1.2092     -0.052  0.000e+00
    235.000 263.723495        941      5.295    12.8313   3.807529    32.4003  1024.4365      5.338     1.2393      0.024  0.000e+00
    235.250 263.723498        942      5.321    12.8205   3.807241    32.4068  1024.4437      5.364     1.3930      0.086  0.000e+00
    235.500 263.723501        943      5.349    12.8138   3.806399    32.4046  1024.4435      5.392     1.3802      0.107  0.000e+00
    235.750 263.723504        944      5.374    12.8068   3.805738    32.4043  1024.4447      5.418     1.6492      0.107  0.000e+00
    236.000 263.723507        945      5.392    12.7995   3.805558    32.4089  1024.4497      5.436     1.6917      0.088  0.000e+00
    236.250 263.723510        946      5.393    12.7922   3.805912    32.4185  1024.4586      5.437     1.4725      0.039  0.000e+00
    236.500 263.723513        947      5.387    12.7887   3.805992    32.4222  1024.4621      5.431     1.6167     -0.011  0.000e+00
    236.750 263.723516        948      5.380    12.7886   3.806152    32.4238  1024.4634      5.423     1.4787     -0.028  0.000e+00
    237.000 263.723519        949      5.381    12.7890   3.806821    32.4298  1024.4680      5.424     1.6707     -0.013  0.000e+00
    237.250 263.723521        950      5.390    12.7925   3.807696    32.4351  1024.4714      5.434     1.7720      0.021  0.000e+00
    237.500 263.723524        951      5.417    12.7982   3.806540    32.4193  1024.4582      5.461     1.6896      0.073  0.000e+00
    237.750 263.723527        952      5.442    12.7990   3.805598    32.4097  1024.4507      5.487     1.6270      0.105  0.000e+00
    238.000 263.723530        953      5.458    12.7930   3.806092    32.4195  1024.4595      5.503     1.6138      0.084  0.000e+00
    238.250 263.723533        954      5.456    12.7917   3.807489    32.4338  1024.4709      5.500     2.1885      0.028  0.000e+00
    238.500 263.723536        955      5.427    12.7985   3.808679    32.4393  1024.4737      5.471     1.6348     -0.062  0.000e+00
    238.750 263.723539        956      5.372    12.8078   3.807803    32.4230  1024.4590      5.416     1.5751     -0.170  0.000e+00
    239.000 263.723542        957      5.299    12.8119   3.807977    32.4212  1024.4564      5.342     1.4556     -0.260  0.000e+00
    239.250 263.723545        958      5.221    12.8137   3.808324    32.4230  1024.4571      5.263     1.4049     -0.305  0.000e+00
    239.500 263.723547        959      5.148    12.8167   3.808525    32.4224  1024.4558      5.190     1.6393     -0.303  0.000e+00
    239.750 263.723550        960      5.119    12.8208   3.808645    32.4199  1024.4529      5.160     1.4894     -0.206  0.000e+00
    240.000 263.723553        961      5.129    12.8251   3.808505    32.4149  1024.4483      5.171     1.4041     -0.039  0.000e+00
    240.250 263.723556        962      5.185    12.8285   3.808117    32.4083  1024.4427      5.227     1.5252      0.133  0.000e+00
