Raw_Data/Cage/SBE19/2020-09-26_SBE19_008_041_processed.cnv
* Sea-Bird SBE19plus Data File:
* FileName = C:\cruises\2020_barkerboys\leg2\data\cage\SBE19\2020-09-25_SBE19_008_037041.hex
* Software Version 1.59
* Temperature SN =  4881
* Conductivity SN =  4881
* System UpLoad Time = Sep 26 2020 18:15:57
* ds
* SeacatPlus V 1.5  SERIAL NO. 4881    26 Sep 2020  18:11:53
# nquan = 12
# nvalues = 2091                                  
# units = specified
# name 0 = timeS: Time, Elapsed [seconds]
# name 1 = timeJ: Julian Days
# name 2 = scan: Scan Count
# name 3 = depSM: Depth [salt water, m], lat = 44.00
# name 4 = tv290C: Temperature [ITS-90, deg C]
# name 5 = c0S/m: Conductivity [S/m]
# name 6 = sal00: Salinity, Practical [PSU]
# name 7 = density00: Density [density, kg/m^3]
# name 8 = prdM: Pressure, Strain Gauge [db]
# name 9 = wetStar: Fluorescence, WET Labs WETstar [mg/m^3]
# name 10 = dz/dtM: Descent Rate [m/s]
# name 11 = flag:  0.000e+00
# span 0 =      0.000,    522.500                 
# span 1 = 270.605880, 270.611927                 
# span 2 =          1,       2091                 
# span 3 =      0.004,    131.324                 
# span 4 =    10.6455,    12.5126                 
# span 5 =   0.059399,   3.796015                 
# span 6 =     0.3868,    33.2081                 
# span 7 =   999.7709,  1026.0384                 
# span 8 =      0.004,    132.429                 
# span 9 =     0.1623,     2.3257                 
# span 10 =     -1.108,      1.206                
# span 11 = 0.0000e+00, 0.0000e+00                
# interval = seconds: 0.25
# start_time = Sep 26 2020 14:32:28 [Instrument's time stamp, header]
# bad_flag = -9.990e-29
*END*
[from data line 1925]
    481.250 270.611450       1926      8.291    12.4527   3.791767    32.5755  1024.6588      8.358     1.1664     -0.889  0.000e+00
    481.500 270.611453       1927      8.089    12.4557   3.792320    32.5783  1024.6595      8.154     1.3283     -0.848  0.000e+00
    481.750 270.611455       1928      7.892    12.4594   3.792534    32.5773  1024.6570      7.956     1.1824     -0.805  0.000e+00
    482.000 270.611458       1929      7.708    12.4630   3.792534    32.5742  1024.6532      7.770     1.5541     -0.769  0.000e+00
    482.250 270.611461       1930      7.523    12.4651   3.792494    32.5721  1024.6503      7.584     1.3926     -0.743  0.000e+00
    482.500 270.611464       1931      7.349    12.4664   3.792487    32.5710  1024.6484      7.408     1.4453     -0.724  0.000e+00
    482.750 270.611467       1932      7.188    12.4671   3.792674    32.5722  1024.6484      7.246     1.2430     -0.676  0.000e+00
    483.000 270.611470       1933      7.032    12.4684   3.792774    32.5721  1024.6474      7.089     1.2344     -0.638  0.000e+00
    483.250 270.611473       1934      6.886    12.4693   3.792774    32.5714  1024.6460      6.942     1.6402     -0.608  0.000e+00
    483.500 270.611476       1935      6.740    12.4705   3.792847    32.5711  1024.6449      6.794     1.3163     -0.590  0.000e+00
    483.750 270.611479       1936      6.603    12.4712   3.792807    32.5702  1024.6434      6.657     1.2603     -0.571  0.000e+00
    484.000 270.611481       1937      6.482    12.4715   3.792807    32.5700  1024.6427      6.534     1.4263     -0.520  0.000e+00
    484.250 270.611484       1938      6.384    12.4717   3.792880    32.5705  1024.6426      6.436     1.2657     -0.442  0.000e+00
    484.500 270.611487       1939      6.309    12.4721   3.792880    32.5702  1024.6419      6.360     1.5092     -0.348  0.000e+00
    484.750 270.611490       1940      6.248    12.4727   3.792947    32.5704  1024.6417      6.298     1.2867     -0.275  0.000e+00
    485.000 270.611493       1941      6.188    12.4730   3.793087    32.5714  1024.6422      6.238     1.2681     -0.245  0.000e+00
    485.250 270.611496       1942      6.119    12.4737   3.793087    32.5709  1024.6413      6.168     1.4436     -0.260  0.000e+00
    485.500 270.611499       1943      6.036    12.4745   3.793194    32.5713  1024.6411      6.085     1.2463     -0.307  0.000e+00
    485.750 270.611502       1944      5.934    12.4753   3.793474    32.5733  1024.6420      5.983     1.2941     -0.371  0.000e+00
    486.000 270.611505       1945      5.827    12.4770   3.793300    32.5702  1024.6388      5.874     1.2339     -0.421  0.000e+00
    486.250 270.611508       1946      5.716    12.4780   3.793447    32.5707  1024.6385      5.763     1.6101     -0.440  0.000e+00
    486.500 270.611510       1947      5.615    12.4785   3.793440    32.5703  1024.6377      5.661     1.6295     -0.427  0.000e+00
    486.750 270.611513       1948      5.526    12.4792   3.793474    32.5701  1024.6369      5.570     1.6336     -0.384  0.000e+00
    487.000 270.611516       1949      5.439    12.4800   3.793754    32.5721  1024.6380      5.483     1.4873     -0.354  0.000e+00
    487.250 270.611519       1950      5.358    12.4817   3.794241    32.5753  1024.6397      5.402     1.3592     -0.337  0.000e+00
    487.500 270.611522       1951      5.271    12.4847   3.794028    32.5707  1024.6353      5.314     1.4379     -0.339  0.000e+00
    487.750 270.611525       1952      5.181    12.4866   3.793994    32.5688  1024.6330      5.223     1.4902     -0.359  0.000e+00
    488.000 270.611528       1953      5.090    12.4872   3.793780    32.5663  1024.6305      5.131     1.3963     -0.365  0.000e+00
    488.250 270.611531       1954      5.003    12.4865   3.793647    32.5656  1024.6297      5.043     1.2867     -0.359  0.000e+00
    488.500 270.611534       1955      4.924    12.4854   3.793714    32.5673  1024.6309      4.964     1.2352     -0.335  0.000e+00
    488.750 270.611536       1956      4.858    12.4848   3.793754    32.5681  1024.6313      4.897     1.2010     -0.292  0.000e+00
    489.000 270.611539       1957      4.800    12.4845   3.793887    32.5698  1024.6324      4.839     1.3332     -0.249  0.000e+00
    489.250 270.611542       1958      4.741    12.4847   3.793820    32.5690  1024.6315      4.779     1.3913     -0.236  0.000e+00
    489.500 270.611545       1959      4.664    12.4852   3.793680    32.5672  1024.6297      4.702     1.3930     -0.275  0.000e+00
    489.750 270.611548       1960      4.564    12.4850   3.793747    32.5680  1024.6299      4.601     1.3143     -0.356  0.000e+00
    490.000 270.611551       1961      4.451    12.4844   3.793714    32.5683  1024.6297      4.487     1.2100     -0.429  0.000e+00
    490.250 270.611554       1962      4.325    12.4843   3.793754    32.5688  1024.6295      4.361     1.1668     -0.481  0.000e+00
    490.500 270.611557       1963      4.207    12.4843   3.793820    32.5695  1024.6295      4.241     1.1919     -0.492  0.000e+00
    490.750 270.611560       1964      4.108    12.4850   3.793960    32.5702  1024.6295      4.142     1.4564     -0.438  0.000e+00
    491.000 270.611562       1965      4.029    12.4863   3.794027    32.5698  1024.6286      4.062     1.3687     -0.359  0.000e+00
    491.250 270.611565       1966      3.970    12.4877   3.794241    32.5707  1024.6287      4.002     1.2620     -0.279  0.000e+00
    491.500 270.611568       1967      3.921    12.4891   3.794134    32.5685  1024.6266      3.953     1.3373     -0.219  0.000e+00
    491.750 270.611571       1968      3.871    12.4900   3.794207    32.5684  1024.6260      3.902     1.2669     -0.200  0.000e+00
    492.000 270.611574       1969      3.819    12.4906   3.794274    32.5686  1024.6259      3.850     1.2327     -0.206  0.000e+00
    492.250 270.611577       1970      3.752    12.4913   3.794240    32.5676  1024.6247      3.782     1.2236     -0.240  0.000e+00
    492.500 270.611580       1971      3.656    12.4917   3.794274    32.5676  1024.6242      3.685     1.4795     -0.328  0.000e+00
    492.750 270.611583       1972      3.528    12.4920   3.794274    32.5674  1024.6234      3.556     1.2743     -0.451  0.000e+00
    493.000 270.611586       1973      3.382    12.4921   3.794167    32.5664  1024.6220      3.409     1.1923     -0.552  0.000e+00
    493.250 270.611589       1974      3.233    12.4915   3.794200    32.5673  1024.6220      3.259     1.2352     -0.595  0.000e+00
    493.500 270.611591       1975      3.095    12.4912   3.794113    32.5668  1024.6211      3.120     1.2657     -0.580  0.000e+00
    493.750 270.611594       1976      2.995    12.4908   3.794027    32.5663  1024.6203      3.020     1.2051     -0.479  0.000e+00
    494.000 270.611597       1977      2.947    12.4904   3.793886    32.5654  1024.6195      2.970     1.2492     -0.298  0.000e+00
    494.250 270.611600       1978      2.927    12.4895   3.793926    32.5666  1024.6205      2.951     1.5289     -0.137  0.000e+00
    494.500 270.611603       1979      2.916    12.4887   3.793926    32.5672  1024.6211      2.939     1.7835     -0.062  0.000e+00
    494.750 270.611606       1980      2.888    12.4882   3.794027    32.5686  1024.6221      2.911     1.3744     -0.079  0.000e+00
    495.000 270.611609       1981      2.833    12.4886   3.794100    32.5690  1024.6221      2.855     1.4235     -0.167  0.000e+00
    495.250 270.611612       1982      2.735    12.4891   3.793880    32.5665  1024.6196      2.757     1.6406     -0.309  0.000e+00
    495.500 270.611615       1983      2.602    12.4889   3.793820    32.5662  1024.6188      2.623     1.3295     -0.466  0.000e+00
    495.750 270.611617       1984      2.446    12.4882   3.793926    32.5678  1024.6195      2.466     1.2574     -0.582  0.000e+00
    496.000 270.611620       1985      2.292    12.4880   3.793853    32.5674  1024.6186      2.310     1.2760     -0.625  0.000e+00
    496.250 270.611623       1986      2.161    12.4878   3.793993    32.5690  1024.6192      2.178     1.4680     -0.575  0.000e+00
    496.500 270.611626       1987      2.059    12.4881   3.794026    32.5691  1024.6188      2.076     1.3621     -0.468  0.000e+00
    496.750 270.611629       1988      1.998    12.4887   3.794066    32.5689  1024.6182      2.014     1.2241     -0.329  0.000e+00
    497.000 270.611632       1989      1.957    12.4897   3.794100    32.5685  1024.6175      1.973     1.2010     -0.206  0.000e+00
    497.250 270.611635       1990      1.922    12.4900   3.793980    32.5670  1024.6162      1.938     1.2121     -0.152  0.000e+00
    497.500 270.611638       1991      1.874    12.4899   3.794066    32.5679  1024.6167      1.889     1.6381     -0.167  0.000e+00
    497.750 270.611641       1992      1.799    12.4898   3.793959    32.5671  1024.6157      1.813     1.3007     -0.249  0.000e+00
    498.000 270.611644       1993      1.698    12.4898   3.793926    32.5667  1024.6150      1.712     1.3872     -0.354  0.000e+00
    498.250 270.611646       1994      1.571    12.4893   3.793886    32.5669  1024.6146      1.583     1.2504     -0.459  0.000e+00
    498.500 270.611649       1995      1.435    12.4888   3.793853    32.5670  1024.6142      1.447     1.4375     -0.530  0.000e+00
    498.750 270.611652       1996      1.310    12.4884   3.793819    32.5671  1024.6138      1.320     1.2010     -0.526  0.000e+00
    499.000 270.611655       1997      1.203    12.4882   3.793712    32.5663  1024.6127      1.213     1.7572     -0.468  0.000e+00
    499.250 270.611658       1998      1.118    12.4876   3.793819    32.5679  1024.6137      1.127     1.2249     -0.386  0.000e+00
    499.500 270.611661       1999      1.064    12.4872   3.793712    32.5673  1024.6130      1.072     1.2731     -0.281  0.000e+00
    499.750 270.611664       2000      1.024    12.4866   3.793679    32.5675  1024.6131      1.033     1.4527     -0.189  0.000e+00
    500.000 270.611667       2001      0.982    12.4861   3.793612    32.5672  1024.6128      0.990     1.2002     -0.165  0.000e+00
    500.250 270.611670       2002      0.916    12.4856   3.793752    32.5691  1024.6140      0.923     1.0864     -0.219  0.000e+00
    500.500 270.611672       2003      0.820    12.4855   3.793539    32.5672  1024.6122      0.827     1.1482     -0.326  0.000e+00
    500.750 270.611675       2004      0.703    12.4855   3.793512    32.5670  1024.6115      0.709     1.2253     -0.429  0.000e+00
    501.000 270.611678       2005      0.570    12.4852   3.793572    32.5679  1024.6116      0.574     1.2756     -0.505  0.000e+00
    501.250 270.611681       2006      0.457    12.4850   3.793539    32.5678  1024.6111      0.461     1.3584     -0.496  0.000e+00
    501.500 270.611684       2007      0.363    12.4848   3.793572    32.5683  1024.6111      0.366     1.1911     -0.417  0.000e+00
    501.750 270.611687       2008      0.297    12.4849   3.794026    32.5725  1024.6141      0.300     1.8902     -0.322  0.000e+00
    502.000 270.611690       2009      0.255    12.4869   3.794273    32.5732  1024.6140      0.257     1.2434     -0.219  0.000e+00
    502.250 270.611693       2010      0.208    12.4898   3.794166    32.5697  1024.6105      0.209     1.1042     -0.180  0.000e+00
    502.500 270.611696       2011      0.142    12.4913   3.793992    32.5667  1024.6076      0.143     1.8284     -0.228  0.000e+00
    502.750 270.611698       2012      0.056    12.4913   3.794146    32.5682  1024.6084      0.057     1.1672     -0.305  0.000e+00
    503.000 270.611701       2013      0.008    12.4917   3.794066    32.5672  1024.6073      0.008     1.0708     -0.271  0.000e+00
    503.250 270.611704       2014      0.013    12.4919   3.793852    32.5649  1024.6055      0.013     1.4012     -0.088  0.000e+00
    503.500 270.611707       2015      0.012    12.4919   3.793925    32.5657  1024.6061      0.012     0.7836      0.009  0.000e+00
    503.750 270.611710       2016      0.012    12.4911   3.794132    32.5683  1024.6083      0.012     0.3836     -0.002  0.000e+00
    504.000 270.611713       2017      0.013    12.4907   3.793925    32.5667  1024.6071      0.013     0.2732      0.002  0.000e+00
    504.250 270.611716       2018      0.013    12.4909   3.793712    32.5644  1024.6053      0.013     0.2517      0.002  0.000e+00
    504.500 270.611719       2019      0.013    12.4900   3.793612    32.5643  1024.6054      0.013     0.2283 -1.895e-14  0.000e+00
    504.750 270.611722       2020      0.013    12.4882   3.793612    32.5659  1024.6070      0.013     0.2114      0.000  0.000e+00
    505.000 270.611725       2021      0.011    12.4868   3.793538    32.5664  1024.6076      0.011     0.2303     -0.004  0.000e+00
    505.250 270.611727       2022      0.012    12.4861   3.793612    32.5677  1024.6088      0.012     0.2064     -0.002  0.000e+00
    505.500 270.611730       2023      0.012    12.4858   3.793505    32.5669  1024.6083      0.012     0.2023      0.002  0.000e+00
    505.750 270.611733       2024      0.010    12.4854   3.793258    32.5649  1024.6067      0.010     0.2073     -0.004  0.000e+00
    506.000 270.611736       2025      0.014    12.4852   3.778227    32.4215  1024.4957      0.014     0.1932      0.004  0.000e+00
    506.250 270.611739       2026      0.011    12.4847   0.893670     6.7291  1004.6570      0.011     0.1957      0.002  0.000e+00
    506.500 270.611742       2027      0.012    12.4845   0.559785     4.0754  1002.6064      0.012     0.1945     -0.004  0.000e+00
    506.750 270.611745       2028      0.010    12.4841   0.618761     4.5361  1002.9628      0.010     0.1883     -0.002  0.000e+00
    507.000 270.611748       2029      0.009    12.4843   0.651840     4.7961  1003.1638      0.009     0.1932     -0.006  0.000e+00
    507.250 270.611751       2030      0.010    12.4839   0.646953     4.7577  1003.1341      0.010     0.1895     -0.000  0.000e+00
    507.500 270.611753       2031      0.013    12.4833   0.653765     4.8114  1003.1758      0.013     0.1912      0.009  0.000e+00
    507.750 270.611756       2032      0.011    12.4826   0.663556     4.8887  1003.2356      0.011     0.1932      0.002  0.000e+00
    508.000 270.611759       2033      0.011    12.4821   0.647653     4.7634  1003.1388      0.011     0.1883     -0.004  0.000e+00
    508.250 270.611762       2034      0.012    12.4817   0.655315     4.8238  1003.1855      0.012     0.1796      0.002  0.000e+00
    508.500 270.611765       2035      0.010    12.4813   0.628337     4.6116  1003.0215      0.010     0.2019     -0.002  0.000e+00
    508.750 270.611768       2036      0.010    12.4808   0.635895     4.6711  1003.0676      0.010     0.1928     -0.004  0.000e+00
    509.000 270.611771       2037      0.010    12.4805   0.626010     4.5934  1003.0076      0.010     0.1801      0.000  0.000e+00
    509.250 270.611774       2038      0.010    12.4802   0.582245     4.2509  1002.7427      0.010     0.1784      0.000  0.000e+00
    509.500 270.611777       2039      0.009    12.4797   0.574611     4.1914  1002.6967      0.009     0.1809     -0.002  0.000e+00
    509.750 270.611780       2040      0.013    12.4792   0.537249     3.9009  1002.4721      0.013     0.1813      0.006  0.000e+00
    510.000 270.611782       2041      0.010    12.4788   0.545283     3.9633  1002.5204      0.010     0.1821      0.002  0.000e+00
    510.250 270.611785       2042      0.009    12.4782   0.527685     3.8269  1002.4150      0.009     0.1776     -0.009  0.000e+00
    510.500 270.611788       2043      0.011    12.4780   0.489556     3.5326  1002.1873      0.011     0.1788      0.002  0.000e+00
    510.750 270.611791       2044      0.011    12.4773   0.506997     3.6671  1002.2914      0.011     0.1788      0.004  0.000e+00
    511.000 270.611794       2045      0.010    12.4767   0.466628     3.3567  1002.0512      0.010     0.1891     -0.002  0.000e+00
