Raw_Data/Cage/SBE19/2020-09-26_SBE19_008_037_processed.cnv
* Sea-Bird SBE19plus Data File:
* FileName = C:\cruises\2020_barkerboys\leg2\data\cage\SBE19\2020-09-25_SBE19_008_037037.hex
* Software Version 1.59
* Temperature SN =  4881
* Conductivity SN =  4881
* System UpLoad Time = Sep 26 2020 18:12:39
* ds
* SeacatPlus V 1.5  SERIAL NO. 4881    26 Sep 2020  18:11:53
# nquan = 12
# nvalues = 2205                                  
# units = specified
# name 0 = timeS: Time, Elapsed [seconds]
# name 1 = timeJ: Julian Days
# name 2 = scan: Scan Count
# name 3 = depSM: Depth [salt water, m], lat = 44.00
# name 4 = tv290C: Temperature [ITS-90, deg C]
# name 5 = c0S/m: Conductivity [S/m]
# name 6 = sal00: Salinity, Practical [PSU]
# name 7 = density00: Density [density, kg/m^3]
# name 8 = prdM: Pressure, Strain Gauge [db]
# name 9 = wetStar: Fluorescence, WET Labs WETstar [mg/m^3]
# name 10 = dz/dtM: Descent Rate [m/s]
# name 11 = flag:  0.000e+00
# span 0 =      0.000,    551.000                 
# span 1 = 270.516134, 270.522512                 
# span 2 =          1,       2205                 
# span 3 =     -0.001,    137.281                 
# span 4 =    10.6693,    13.3505                 
# span 5 =   0.000695,   3.802133                 
# span 6 =     0.0094,    33.2123                 
# span 7 =   999.3410,  1026.0661                 
# span 8 =     -0.001,    138.438                 
# span 9 =     0.1801,     6.9986                 
# span 10 =     -1.112,      1.025                
# span 11 = 0.0000e+00, 0.0000e+00                
# interval = seconds: 0.25
# start_time = Sep 26 2020 12:23:14 [Instrument's time stamp, header]
# bad_flag = -9.990e-29
*END*
[from data line 1444]
    361.000 270.520312       1445    136.597    10.6766   3.701035    33.2110  1026.0618    137.748     0.9344     -0.690  0.000e+00
    361.250 270.520315       1446    136.412    10.6799   3.701134    33.2091  1026.0589    137.561     1.1070     -0.733  0.000e+00
    361.500 270.520318       1447    136.219    10.6828   3.701326    33.2084  1026.0570    137.367     0.5484     -0.763  0.000e+00
    361.750 270.520321       1448    136.026    10.6861   3.701438    33.2066  1026.0541    137.172     0.5134     -0.778  0.000e+00
    362.000 270.520324       1449    135.835    10.6898   3.701676    33.2057  1026.0519    136.980     0.5204     -0.774  0.000e+00
    362.250 270.520327       1450    135.644    10.6934   3.701643    33.2022  1026.0476    136.787     0.3593     -0.770  0.000e+00
    362.500 270.520330       1451    135.468    10.6963   3.701847    33.2017  1026.0460    136.609     0.3399     -0.742  0.000e+00
    362.750 270.520333       1452    135.284    10.6991   3.702218    33.2029  1026.0456    136.424     0.3638     -0.727  0.000e+00
    363.000 270.520336       1453    135.098    10.7041   3.702488    33.2011  1026.0424    136.236     0.4466     -0.746  0.000e+00
    363.250 270.520339       1454    134.910    10.7104   3.702660    33.1972  1026.0374    136.047     0.3444     -0.754  0.000e+00
    363.500 270.520341       1455    134.713    10.7158   3.702587    33.1917  1026.0313    135.848     0.3321     -0.776  0.000e+00
    363.750 270.520344       1456    134.508    10.7189   3.702587    33.1890  1026.0277    135.640     0.3601     -0.813  0.000e+00
    364.000 270.520347       1457    134.302    10.7201   3.702759    33.1897  1026.0271    135.433     0.4219     -0.830  0.000e+00
    364.250 270.520350       1458    134.106    10.7220   3.702964    33.1901  1026.0262    135.235     0.4334     -0.810  0.000e+00
    364.500 270.520353       1459    133.923    10.7253   3.703030    33.1878  1026.0230    135.050     0.3560     -0.765  0.000e+00
    364.750 270.520356       1460    133.748    10.7286   3.703036    33.1850  1026.0194    134.874     0.3832     -0.722  0.000e+00
    365.000 270.520359       1461    133.575    10.7306   3.702897    33.1818  1026.0158    134.700     0.3255     -0.701  0.000e+00
    365.250 270.520362       1462    133.401    10.7315   3.702825    33.1804  1026.0137    134.524     0.4231     -0.701  0.000e+00
    365.500 270.520365       1463    133.219    10.7306   3.702791    33.1810  1026.0135    134.341     0.3568     -0.718  0.000e+00
    365.750 270.520367       1464    133.029    10.7299   3.702897    33.1827  1026.0141    134.149     0.3482     -0.750  0.000e+00
    366.000 270.520370       1465    132.830    10.7298   3.702725    33.1812  1026.0120    133.949     0.3284     -0.785  0.000e+00
    366.250 270.520373       1466    132.634    10.7291   3.702586    33.1805  1026.0107    133.751     0.3440     -0.795  0.000e+00
    366.500 270.520376       1467    132.441    10.7271   3.702586    33.1824  1026.0117    133.555     0.3519     -0.787  0.000e+00
    366.750 270.520379       1468    132.256    10.7258   3.702626    33.1841  1026.0124    133.369     0.3070     -0.763  0.000e+00
    367.000 270.520382       1469    132.068    10.7258   3.703234    33.1903  1026.0164    133.179     0.3411     -0.752  0.000e+00
    367.250 270.520385       1470    131.876    10.7307   3.703776    33.1913  1026.0154    132.986     0.5179     -0.767  0.000e+00
    367.500 270.520388       1471    131.679    10.7398   3.703908    33.1844  1026.0076    132.787     0.3486     -0.785  0.000e+00
    367.750 270.520391       1472    131.480    10.7478   3.703908    33.1772  1025.9996    132.587     0.3346     -0.798  0.000e+00
    368.000 270.520394       1473    131.289    10.7521   3.703842    33.1728  1025.9946    132.393     0.3131     -0.787  0.000e+00
    368.250 270.520396       1474    131.101    10.7535   3.703603    33.1692  1025.9907    132.204     0.3716     -0.765  0.000e+00
    368.500 270.520399       1475    130.925    10.7528   3.703471    33.1686  1025.9895    132.027     0.3675     -0.733  0.000e+00
    368.750 270.520402       1476    130.753    10.7507   3.703471    33.1706  1025.9907    131.853     0.3861     -0.703  0.000e+00
    369.000 270.520405       1477    130.578    10.7489   3.703603    33.1737  1025.9926    131.676     0.4376     -0.701  0.000e+00
    369.250 270.520408       1478    130.393    10.7495   3.704079    33.1779  1025.9949    131.490     0.4289     -0.727  0.000e+00
    369.500 270.520411       1479    130.203    10.7541   3.704456    33.1776  1025.9930    131.298     0.3753     -0.757  0.000e+00
    369.750 270.520414       1480    130.006    10.7608   3.704793    33.1749  1025.9888    131.099     0.3304     -0.780  0.000e+00
    370.000 270.520417       1481    129.818    10.7678   3.705097    33.1717  1025.9842    130.910     0.3222     -0.776  0.000e+00
    370.250 270.520420       1482    129.628    10.7751   3.705401    33.1682  1025.9793    130.718     0.3065     -0.763  0.000e+00
    370.500 270.520422       1483    129.440    10.7826   3.705778    33.1652  1025.9748    130.529     0.4557     -0.763  0.000e+00
    370.750 270.520425       1484    129.249    10.7909   3.705777    33.1578  1025.9667    130.336     0.3189     -0.763  0.000e+00
    371.000 270.520428       1485    129.058    10.7966   3.705744    33.1524  1025.9606    130.143     0.3494     -0.772  0.000e+00
    371.250 270.520431       1486    128.862    10.7995   3.705843    33.1508  1025.9580    129.945     0.3387     -0.782  0.000e+00
    371.500 270.520434       1487    128.659    10.8015   3.705777    33.1485  1025.9549    129.741     0.4520     -0.804  0.000e+00
    371.750 270.520437       1488    128.460    10.8025   3.705671    33.1466  1025.9524    129.540     0.3828     -0.810  0.000e+00
    372.000 270.520440       1489    128.265    10.8019   3.705678    33.1473  1025.9521    129.343     0.4709     -0.795  0.000e+00
    372.250 270.520443       1490    128.072    10.8016   3.705810    33.1490  1025.9526    129.149     0.3696     -0.782  0.000e+00
    372.500 270.520446       1491    127.887    10.8021   3.705942    33.1499  1025.9524    128.962     0.4590     -0.763  0.000e+00
    372.750 270.520448       1492    127.695    10.8042   3.706114    33.1498  1025.9510    128.768     0.4326     -0.761  0.000e+00
    373.000 270.520451       1493    127.505    10.8067   3.706286    33.1494  1025.9494    128.577     0.4569     -0.770  0.000e+00
    373.250 270.520454       1494    127.313    10.8103   3.706352    33.1469  1025.9459    128.383     0.3350     -0.770  0.000e+00
    373.500 270.520457       1495    127.116    10.8129   3.706319    33.1443  1025.9426    128.185     0.3782     -0.785  0.000e+00
    373.750 270.520460       1496    126.912    10.8148   3.706385    33.1432  1025.9405    127.978     0.4009     -0.810  0.000e+00
    374.000 270.520463       1497    126.705    10.8163   3.706352    33.1416  1025.9380    127.770     0.3428     -0.830  0.000e+00
    374.250 270.520466       1498    126.494    10.8172   3.706418    33.1416  1025.9369    127.557     0.3465     -0.843  0.000e+00
    374.500 270.520469       1499    126.292    10.8177   3.706384    33.1409  1025.9354    127.353     0.3490     -0.834  0.000e+00
    374.750 270.520472       1500    126.094    10.8180   3.706417    33.1410  1025.9345    127.154     0.3881     -0.806  0.000e+00
    375.000 270.520475       1501    125.910    10.8187   3.706523    33.1416  1025.9340    126.968     0.3477     -0.770  0.000e+00
    375.250 270.520477       1502    125.736    10.8197   3.706523    33.1407  1025.9323    126.793     0.3815     -0.722  0.000e+00
    375.500 270.520480       1503    125.563    10.8209   3.706589    33.1404  1025.9310    126.618     0.3210     -0.701  0.000e+00
    375.750 270.520483       1504    125.383    10.8222   3.706635    33.1397  1025.9295    126.436     0.3947     -0.714  0.000e+00
    376.000 270.520486       1505    125.195    10.8240   3.706893    33.1407  1025.9291    126.247     0.3325     -0.742  0.000e+00
    376.250 270.520489       1506    124.994    10.8271   3.706893    33.1380  1025.9255    126.044     0.5220     -0.784  0.000e+00
    376.500 270.520492       1507    124.786    10.8296   3.707032    33.1372  1025.9235    125.834     0.3642     -0.825  0.000e+00
    376.750 270.520495       1508    124.580    10.8321   3.707336    33.1381  1025.9228    125.627     0.3135     -0.834  0.000e+00
    377.000 270.520498       1509    124.383    10.8355   3.707640    33.1381  1025.9213    125.428     0.4417     -0.812  0.000e+00
    377.250 270.520501       1510    124.198    10.8405   3.707812    33.1354  1025.9175    125.241     0.4322     -0.772  0.000e+00
    377.500 270.520503       1511    124.019    10.8462   3.707977    33.1319  1025.9129    125.060     0.4862     -0.735  0.000e+00
    377.750 270.520506       1512    123.841    10.8517   3.708215    33.1295  1025.9092    124.881     0.4553     -0.720  0.000e+00
    378.000 270.520509       1513    123.666    10.8569   3.708519    33.1279  1025.9063    124.704     0.4038     -0.712  0.000e+00
    378.250 270.520512       1514    123.488    10.8627   3.708658    33.1240  1025.9014    124.525     0.4363     -0.712  0.000e+00
    378.500 270.520515       1515    123.300    10.8674   3.708995    33.1232  1025.8991    124.335     0.4005     -0.739  0.000e+00
    378.750 270.520518       1516    123.118    10.8733   3.709438    33.1224  1025.8966    124.151     0.3696     -0.748  0.000e+00
    379.000 270.520521       1517    122.934    10.8807   3.709537    33.1168  1025.8901    123.966     0.3704     -0.737  0.000e+00
    379.250 270.520524       1518    122.753    10.8870   3.709709    33.1129  1025.8851    123.784     0.3276     -0.735  0.000e+00
    379.500 270.520527       1519    122.581    10.8924   3.710251    33.1135  1025.8838    123.609     0.3502     -0.714  0.000e+00
    379.750 270.520530       1520    122.401    10.8992   3.710628    33.1111  1025.8799    123.428     0.3494     -0.711  0.000e+00
    380.000 270.520532       1521    122.218    10.9079   3.711104    33.1081  1025.8752    123.244     0.3997     -0.731  0.000e+00
    380.250 270.520535       1522    122.014    10.9171   3.711375    33.1026  1025.8683    123.038     0.3218     -0.780  0.000e+00
    380.500 270.520538       1523    121.800    10.9259   3.711342    33.0944  1025.8594    122.822     0.3403     -0.845  0.000e+00
    380.750 270.520541       1524    121.569    10.9315   3.711613    33.0922  1025.8556    122.589     0.3741     -0.896  0.000e+00
    381.000 270.520544       1525    121.339    10.9363   3.711818    33.0899  1025.8520    122.357     0.6707     -0.928  0.000e+00
    381.250 270.520547       1526    121.112    10.9410   3.712394    33.0915  1025.8513    122.128     0.4252     -0.922  0.000e+00
    381.500 270.520550       1527    120.894    10.9474   3.712533    33.0872  1025.8459    121.908     0.4680     -0.898  0.000e+00
    381.750 270.520553       1528    120.685    10.9541   3.712532    33.0813  1025.8391    121.697     0.3803     -0.862  0.000e+00
    382.000 270.520556       1529    120.473    10.9583   3.712804    33.0803  1025.8366    121.484     0.4553     -0.849  0.000e+00
    382.250 270.520558       1530    120.259    10.9628   3.713141    33.0796  1025.8343    121.267     0.5616     -0.860  0.000e+00
    382.500 270.520561       1531    120.043    10.9681   3.713346    33.0770  1025.8303    121.049     0.3622     -0.869  0.000e+00
    382.750 270.520564       1532    119.826    10.9734   3.713207    33.0710  1025.8237    120.831     0.3391     -0.872  0.000e+00
    383.000 270.520567       1533    119.619    10.9765   3.713379    33.0699  1025.8214    120.622     0.4334     -0.855  0.000e+00
    383.250 270.520570       1534    119.417    10.9788   3.713478    33.0689  1025.8193    120.419     0.3972     -0.825  0.000e+00
    383.500 270.520573       1535    119.217    10.9812   3.713551    33.0676  1025.8169    120.217     0.3444     -0.810  0.000e+00
    383.750 270.520576       1536    119.023    10.9834   3.713921    33.0693  1025.8170    120.021     0.4470     -0.795  0.000e+00
    384.000 270.520579       1537    118.823    10.9872   3.714159    33.0684  1025.8147    119.819     0.4561     -0.795  0.000e+00
    384.250 270.520582       1538    118.622    10.9920   3.714298    33.0655  1025.8107    119.617     0.3758     -0.808  0.000e+00
    384.500 270.520584       1539    118.419    10.9965   3.714331    33.0619  1025.8061    119.412     0.3601     -0.815  0.000e+00
    384.750 270.520587       1540    118.221    11.0003   3.714503    33.0603  1025.8033    119.212     0.3823     -0.810  0.000e+00
    385.000 270.520590       1541    118.029    11.0030   3.714536    33.0583  1025.8003    119.018     0.4273     -0.787  0.000e+00
    385.250 270.520593       1542    117.843    11.0054   3.714470    33.0556  1025.7970    118.830     0.3939     -0.763  0.000e+00
    385.500 270.520596       1543    117.657    11.0066   3.714602    33.0558  1025.7961    118.643     0.4882     -0.750  0.000e+00
    385.750 270.520599       1544    117.469    11.0080   3.714741    33.0560  1025.7951    118.453     0.6271     -0.754  0.000e+00
    386.000 270.520602       1545    117.279    11.0103   3.715012    33.0568  1025.7945    118.262     0.4227     -0.763  0.000e+00
    386.250 270.520605       1546    117.083    11.0135   3.715012    33.0539  1025.7908    118.064     0.4083     -0.778  0.000e+00
    386.500 270.520608       1547    116.880    11.0164   3.715111    33.0524  1025.7882    117.860     0.4462     -0.804  0.000e+00
    386.750 270.520611       1548    116.675    11.0186   3.715250    33.0519  1025.7864    117.652     0.3490     -0.823  0.000e+00
    387.000 270.520613       1549    116.461    11.0211   3.715283    33.0501  1025.7836    117.436     0.3296     -0.847  0.000e+00
    387.250 270.520616       1550    116.249    11.0232   3.715382    33.0492  1025.7816    117.222     0.3350     -0.860  0.000e+00
    387.500 270.520619       1551    116.035    11.0251   3.715488    33.0486  1025.7798    117.006     0.3358     -0.860  0.000e+00
    387.750 270.520622       1552    115.824    11.0270   3.715587    33.0480  1025.7781    116.794     0.4466     -0.857  0.000e+00
    388.000 270.520625       1553    115.613    11.0290   3.715620    33.0466  1025.7756    116.581     0.3918     -0.851  0.000e+00
    388.250 270.520628       1554    115.404    11.0306   3.715759    33.0466  1025.7744    116.370     0.4095     -0.847  0.000e+00
    388.500 270.520631       1555    115.202    11.0324   3.715792    33.0455  1025.7723    116.167     0.6180     -0.827  0.000e+00
    388.750 270.520634       1556    115.005    11.0343   3.715964    33.0456  1025.7711    115.968     0.3733     -0.804  0.000e+00
    389.000 270.520637       1557    114.811    11.0366   3.715964    33.0435  1025.7682    115.773     0.3840     -0.789  0.000e+00
    389.250 270.520639       1558    114.620    11.0385   3.716063    33.0429  1025.7666    115.579     0.4042     -0.778  0.000e+00
    389.500 270.520642       1559    114.424    11.0402   3.716268    33.0435  1025.7658    115.382     0.3762     -0.782  0.000e+00
    389.750 270.520645       1560    114.222    11.0435   3.716712    33.0450  1025.7654    115.179     0.4767     -0.802  0.000e+00
    390.000 270.520648       1561    114.011    11.0485   3.716950    33.0430  1025.7620    114.966     0.3708     -0.832  0.000e+00
    390.250 270.520651       1562    113.797    11.0545   3.717526    33.0434  1025.7603    114.750     0.4384     -0.858  0.000e+00
    390.500 270.520654       1563    113.582    11.0624   3.718108    33.0422  1025.7569    114.533     0.4005     -0.866  0.000e+00
