Raw_Data/Cage/SBE19/2020-09-20_SBE19_004_014_processed.cnv
* Sea-Bird SBE19plus Data File:
* FileName = C:\cruises\2020_barkerboys\leg2\data\cage\SBE19\2020-09-25_SBE19_004_014.hex
* Software Version 1.59
* Temperature SN =  4881
* Conductivity SN =  4881
* System UpLoad Time = Sep 25 2020 12:26:31
* ds
* SeacatPlus V 1.5  SERIAL NO. 4881    25 Sep 2020  12:15:39
# nquan = 12
# nvalues = 15683                                 
# units = specified
# name 0 = timeS: Time, Elapsed [seconds]
# name 1 = timeJ: Julian Days
# name 2 = scan: Scan Count
# name 3 = depSM: Depth [salt water, m], lat = 44.00
# name 4 = tv290C: Temperature [ITS-90, deg C]
# name 5 = c0S/m: Conductivity [S/m]
# name 6 = sal00: Salinity, Practical [PSU]
# name 7 = density00: Density [density, kg/m^3]
# name 8 = prdM: Pressure, Strain Gauge [db]
# name 9 = wetStar: Fluorescence, WET Labs WETstar [mg/m^3]
# name 10 = dz/dtM: Descent Rate [m/s]
# name 11 = flag:  0.000e+00
# span 0 =      0.000,   3920.500                 
# span 1 = 264.604988, 264.650365                 
# span 2 =          1,      15683                 
# span 3 =      0.122,    148.275                 
# span 4 =     9.5545,    12.8645                 
# span 5 =   0.046124,   3.807868                 
# span 6 =     0.3126,    33.8642                 
# span 7 =   999.7771,  1025.9570                 
# span 8 =      0.122,    149.529                 
# span 9 =     0.1475,     5.9422                 
# span 10 =     -1.544,      1.117                
# span 11 = 0.0000e+00, 0.0000e+00                
# interval = seconds: 0.25
# start_time = Sep 20 2020 14:31:11 [Instrument's time stamp, header]
# bad_flag = -9.990e-29
*END*
[from data line 5655]
   1413.750 264.621351       5656      0.134     9.9820   0.063046     0.4369  1000.0482      0.135     0.1685     -0.000  0.000e+00
   1414.000 264.621354       5657      0.134     9.9820   0.062955     0.4363  1000.0477      0.135     0.1677     -0.002  0.000e+00
   1414.250 264.621357       5658      0.135     9.9818   0.062860     0.4356  1000.0472      0.136     0.1677      0.002  0.000e+00
   1414.500 264.621360       5659      0.134     9.9819   0.062787     0.4351  1000.0467      0.135     0.1698     -0.000  0.000e+00
   1414.750 264.621363       5660      0.132     9.9817   0.062784     0.4351  1000.0467      0.134     0.1698     -0.004  0.000e+00
   1415.000 264.621366       5661      0.134     9.9816   0.062803     0.4352  1000.0469      0.135     0.1648      0.000  0.000e+00
   1415.250 264.621369       5662      0.134     9.9813   0.062872     0.4357  1000.0473      0.135     0.1661      0.002  0.000e+00
   1415.500 264.621372       5663      0.134     9.9811   0.062945     0.4362  1000.0477      0.135     0.1710     -0.000  0.000e+00
   1415.750 264.621374       5664      0.132     9.9810   0.062961     0.4363  1000.0478      0.134     0.1681     -0.002  0.000e+00
   1416.000 264.621377       5665      0.134     9.9808   0.062898     0.4359  1000.0475      0.135     0.1718     -0.000  0.000e+00
   1416.250 264.621380       5666      0.135     9.9807   0.062797     0.4352  1000.0469      0.136     0.1681      0.004  0.000e+00
   1416.500 264.621383       5667      0.135     9.9805   0.062711     0.4345  1000.0464      0.136     0.1673      0.002  0.000e+00
   1416.750 264.621386       5668      0.131     9.9802   0.062623     0.4339  1000.0460      0.132     0.1689     -0.006  0.000e+00
   1417.000 264.621389       5669      0.135     9.9799   0.062569     0.4335  1000.0457      0.136     0.1722      0.000  0.000e+00
   1417.250 264.621392       5670      0.134     9.9798   0.062531     0.4333  1000.0455      0.135     0.1669      0.004  0.000e+00
   1417.500 264.621395       5671      0.136     9.9798   0.062468     0.4328  1000.0451      0.137     0.1677      0.002  0.000e+00
   1417.750 264.621398       5672      0.134     9.9795   0.062440     0.4326  1000.0450      0.135     0.1726      0.000  0.000e+00
   1418.000 264.621400       5673      0.135     9.9793   0.062449     0.4327  1000.0451      0.136     0.1689     -0.002  0.000e+00
   1418.250 264.621403       5674      0.132     9.9791   0.062471     0.4328  1000.0452      0.134     0.1710     -0.002  0.000e+00
   1418.500 264.621406       5675      0.132     9.9791   0.062531     0.4333  1000.0455      0.134     0.1656     -0.004  0.000e+00
   1418.750 264.621409       5676      0.134     9.9787   0.062557     0.4335  1000.0457      0.135     0.1665      0.002  0.000e+00
   1419.000 264.621412       5677      0.135     9.9784   0.062513     0.4331  1000.0455      0.136     0.1693      0.004  0.000e+00
   1419.250 264.621415       5678      0.135     9.9782   0.062449     0.4327  1000.0452      0.136     0.1718      0.002  0.000e+00
   1419.500 264.621418       5679      0.136     9.9781   0.062355     0.4320  1000.0447      0.137     0.1706      0.002  0.000e+00
   1419.750 264.621421       5680      0.132     9.9778   0.062254     0.4313  1000.0441      0.134     0.1673     -0.004  0.000e+00
   1420.000 264.621424       5681      0.135     9.9775   0.062191     0.4308  1000.0438      0.136     0.1722     -0.002  0.000e+00
   1420.250 264.621427       5682      0.132     9.9772   0.062121     0.4303  1000.0434      0.134     0.1689      0.000  0.000e+00
   1420.500 264.621429       5683      0.135     9.9770   0.062099     0.4302  1000.0433      0.136     0.1677      0.000  0.000e+00
   1420.750 264.621432       5684      0.135     9.9768   0.062121     0.4303  1000.0435      0.136     0.1731      0.004  0.000e+00
   1421.000 264.621435       5685      0.134     9.9766   0.062191     0.4308  1000.0439      0.135     0.1656     -0.002  0.000e+00
   1421.250 264.621438       5686      0.135     9.9762   0.062254     0.4313  1000.0443      0.136     0.1693      0.000  0.000e+00
   1421.500 264.621441       5687      0.134     9.9761   0.062247     0.4313  1000.0442      0.135     0.1706      0.000  0.000e+00
   1421.750 264.621444       5688      0.136     9.9759   0.062140     0.4305  1000.0437      0.137     0.1722      0.002  0.000e+00
   1422.000 264.621447       5689      0.132     9.9755   0.062042     0.4298  1000.0431      0.134     0.1661     -0.002  0.000e+00
   1422.250 264.621450       5690      0.132     9.9751   0.061954     0.4292  1000.0427      0.134     0.1681     -0.006  0.000e+00
   1422.500 264.621453       5691      0.135     9.9748   0.061916     0.4289  1000.0425      0.136     0.1702      0.004  0.000e+00
   1422.750 264.621455       5692      0.135     9.9745   0.061925     0.4290  1000.0426      0.136     0.1698      0.004  0.000e+00
   1423.000 264.621458       5693      0.134     9.9743   0.061992     0.4294  1000.0430      0.135     0.1702     -0.002  0.000e+00
   1423.250 264.621461       5694      0.134     9.9741   0.062074     0.4300  1000.0435      0.135     0.1677     -0.002  0.000e+00
   1423.500 264.621464       5695      0.134     9.9737   0.062121     0.4304  1000.0438      0.135     0.1706     -0.000  0.000e+00
   1423.750 264.621467       5696      0.135     9.9735   0.062090     0.4301  1000.0436      0.136     0.1698      0.002  0.000e+00
   1424.000 264.621470       5697      0.134     9.9732   0.062020     0.4297  1000.0432      0.135     0.1714      0.000  0.000e+00
   1424.250 264.621473       5698      0.135     9.9729   0.061900     0.4288  1000.0426      0.136     0.1661      0.000  0.000e+00
   1424.500 264.621476       5699      0.135     9.9726   0.061806     0.4281  1000.0421      0.136     0.1681      0.002  0.000e+00
   1424.750 264.621479       5700      0.133     9.9723   0.061733     0.4276  1000.0417      0.135     0.1669     -0.002  0.000e+00
   1425.000 264.621481       5701      0.134     9.9720   0.061720     0.4275  1000.0417      0.135     0.1632     -0.002  0.000e+00
   1425.250 264.621484       5702      0.131     9.9718   0.061752     0.4277  1000.0419      0.132     0.1677     -0.004  0.000e+00
   1425.500 264.621487       5703      0.132     9.9715   0.061796     0.4281  1000.0421      0.134     0.1644     -0.002  0.000e+00
   1425.750 264.621490       5704      0.135     9.9711   0.061850     0.4285  1000.0425      0.136     0.1677      0.006  0.000e+00
   1426.000 264.621493       5705      0.133     9.9706   0.061869     0.4286  1000.0426      0.135     0.1673      0.002  0.000e+00
   1426.250 264.621496       5706      0.132     9.9703   0.061865     0.4286  1000.0426      0.133     0.1652     -0.004  0.000e+00
   1426.500 264.621499       5707      0.133     9.9702   0.061806     0.4281  1000.0423      0.135     0.1710     -0.000  0.000e+00
   1426.750 264.621502       5708      0.135     9.9698   0.061727     0.4276  1000.0419      0.136     0.1665      0.004  0.000e+00
   1427.000 264.621505       5709      0.134     9.9696   0.061667     0.4272  1000.0416      0.135     0.1685      0.000  0.000e+00
   1427.250 264.621508       5710      0.135     9.9691   0.061645     0.4270  1000.0415      0.136     0.1702      0.000  0.000e+00
   1427.500 264.621510       5711      0.131     9.9688   0.061635     0.4269  1000.0415      0.132     0.1718     -0.004  0.000e+00
   1427.750 264.621513       5712      0.132     9.9686   0.061645     0.4270  1000.0416      0.133     0.1673     -0.004  0.000e+00
   1428.000 264.621516       5713      0.133     9.9681   0.061641     0.4270  1000.0416      0.135     0.1685      0.004  0.000e+00
   1428.250 264.621519       5714      0.135     9.9679   0.061645     0.4270  1000.0416      0.136     0.1706      0.004  0.000e+00
   1428.500 264.621522       5715      0.134     9.9676   0.061635     0.4269  1000.0416      0.135     0.1685      0.000  0.000e+00
   1428.750 264.621525       5716      0.135     9.9672   0.061610     0.4268  1000.0415      0.136     0.1689      0.000  0.000e+00
   1429.000 264.621528       5717      0.133     9.9669   0.061594     0.4267  1000.0415      0.135     0.1681     -0.000  0.000e+00
   1429.250 264.621531       5718      0.132     9.9666   0.061572     0.4265  1000.0413      0.134     0.1644     -0.004  0.000e+00
   1429.500 264.621534       5719      0.135     9.9661   0.061553     0.4264  1000.0413      0.136     0.1661      0.002  0.000e+00
   1429.750 264.621536       5720      0.133     9.9658   0.061544     0.4263  1000.0413      0.135     0.1718      0.002  0.000e+00
   1430.000 264.621539       5721      0.132     9.9656   0.061553     0.4264  1000.0413      0.134     0.1685     -0.004  0.000e+00
   1430.250 264.621542       5722      0.133     9.9652   0.061581     0.4266  1000.0415      0.135     0.1685 6.0633e-13  0.000e+00
   1430.500 264.621545       5723      0.133     9.9650   0.061534     0.4263  1000.0413      0.135     0.1698      0.002  0.000e+00
   1430.750 264.621548       5724      0.135     9.9646   0.061468     0.4258  1000.0410      0.136     0.1706      0.002  0.000e+00
   1431.000 264.621551       5725      0.132     9.9642   0.061417     0.4254  1000.0407      0.134     0.1681     -0.002  0.000e+00
   1431.250 264.621554       5726      0.133     9.9638   0.061395     0.4253  1000.0406      0.135     0.1685     -0.002  0.000e+00
   1431.500 264.621557       5727      0.132     9.9635   0.061376     0.4251  1000.0405      0.133     0.1673     -0.000  0.000e+00
   1431.750 264.621560       5728      0.132     9.9632   0.061395     0.4253  1000.0407      0.134     0.1714     -0.002  0.000e+00
   1432.000 264.621562       5729      0.137     9.9628   0.061421     0.4255  1000.0409      0.138     0.1718      0.009  0.000e+00
   1432.250 264.621565       5730      0.135     9.9624   0.061417     0.4254  1000.0409      0.136     0.1677      0.004  0.000e+00
   1432.500 264.621568       5731      0.132     9.9620   0.061421     0.4255  1000.0409      0.133     0.1656     -0.009  0.000e+00
   1432.750 264.621571       5732      0.135     9.9617   0.061417     0.4254  1000.0410      0.136     0.1714     -0.000  0.000e+00
   1433.000 264.621574       5733      0.135     9.9614   0.061430     0.4255  1000.0411      0.136     0.1648      0.004  0.000e+00
   1433.250 264.621577       5734      0.135     9.9611   0.061411     0.4254  1000.0410      0.136     0.1698 -6.063e-13  0.000e+00
   1433.500 264.621580       5735      0.132     9.9606   0.061376     0.4252  1000.0408      0.134     0.1669     -0.004  0.000e+00
   1433.750 264.621583       5736      0.135     9.9602   0.061320     0.4248  1000.0406      0.136     0.1689      0.000  0.000e+00
   1434.000 264.621586       5737      0.135     9.9600   0.061301     0.4246  1000.0405      0.136     0.1731      0.004  0.000e+00
   1434.250 264.621589       5738      0.135     9.9596   0.061269     0.4244  1000.0403      0.136     0.1718      0.000  0.000e+00
   1434.500 264.621591       5739      0.133     9.9592   0.061263     0.4244  1000.0403      0.135     0.1685     -0.002  0.000e+00
   1434.750 264.621594       5740      0.132     9.9590   0.061244     0.4242  1000.0402      0.134     0.1681     -0.004  0.000e+00
   1435.000 264.621597       5741      0.133     9.9587   0.061253     0.4243  1000.0403      0.135     0.1731      0.000  0.000e+00
   1435.250 264.621600       5742      0.132     9.9581   0.061279     0.4245  1000.0405      0.133     0.1722     -0.000  0.000e+00
   1435.500 264.621603       5743      0.133     9.9576   0.061282     0.4245  1000.0406      0.135     0.1693      0.000  0.000e+00
   1435.750 264.621606       5744      0.134     9.9575   0.061279     0.4245  1000.0406      0.135     0.1722      0.002  0.000e+00
   1436.000 264.621609       5745      0.135     9.9570   0.061219     0.4241  1000.0403      0.136     0.1693      0.002  0.000e+00
   1436.250 264.621612       5746      0.132     9.9568   0.061133     0.4235  1000.0398      0.134     0.1652     -0.002  0.000e+00
   1436.500 264.621615       5747      0.131     9.9562   0.061064     0.4230  1000.0395      0.132     0.1698     -0.006  0.000e+00
   1436.750 264.621617       5748      0.133     9.9559   0.061020     0.4227  1000.0393      0.135     0.1698      0.002  0.000e+00
   1437.000 264.621620       5749      0.135     9.9556   0.061020     0.4227  1000.0393      0.136     0.1673      0.006  0.000e+00
   1437.250 264.621623       5750      0.132     9.9552   0.061067     0.4230  1000.0396      0.133     0.1644     -0.002  0.000e+00
   1437.500 264.621626       5751      0.131     9.9549   0.061130     0.4235  1000.0400      0.132     0.1693     -0.006  0.000e+00
   1437.750 264.621629       5752      0.133     9.9546   0.061181     0.4238  1000.0403      0.135     0.1718      0.002  0.000e+00
   1438.000 264.621632       5753      0.131     9.9542   0.061253     0.4244  1000.0408      0.132     0.1726      0.000  0.000e+00
   1438.250 264.621635       5754      0.132     9.9537   0.061244     0.4243  1000.0408      0.133     0.1702     -0.002  0.000e+00
   1438.500 264.621638       5755      0.133     9.9534   0.061137     0.4235  1000.0402      0.135     0.1689      0.004  0.000e+00
   1438.750 264.621641       5756      0.135     9.9531   0.061020     0.4227  1000.0396      0.136     0.1698      0.004  0.000e+00
   1439.000 264.621644       5757      0.130     9.9527   0.060947     0.4222  1000.0392      0.131     0.1677     -0.006  0.000e+00
   1439.250 264.621646       5758      0.135     9.9523   0.060919     0.4220  1000.0391      0.136     0.1669      0.000  0.000e+00
   1439.500 264.621649       5759      0.132     9.9518   0.060954     0.4222  1000.0393      0.133     0.1702      0.004  0.000e+00
   1439.750 264.621652       5760      0.133     9.9516   0.061029     0.4228  1000.0398      0.135     0.1722     -0.002  0.000e+00
   1440.000 264.621655       5761      0.135     9.9511   0.061064     0.4230  1000.0400      0.136     0.1677      0.004  0.000e+00
   1440.250 264.621658       5762      0.135     9.9507   0.061039     0.4229  1000.0399      0.136     0.1689      0.002  0.000e+00
   1440.500 264.621661       5763      0.133     9.9503   0.060988     0.4225  1000.0396      0.135     0.1706     -0.002  0.000e+00
   1440.750 264.621664       5764      0.133     9.9499   0.060932     0.4221  1000.0394      0.135     0.1681     -0.002  0.000e+00
   1441.000 264.621667       5765      0.133     9.9496   0.060891     0.4218  1000.0392      0.135     0.1698      0.000  0.000e+00
   1441.250 264.621670       5766      0.133     9.9491   0.060862     0.4216  1000.0390      0.135     0.1681      0.000  0.000e+00
   1441.500 264.621672       5767      0.131     9.9488   0.060853     0.4215  1000.0390      0.132     0.1644     -0.004  0.000e+00
   1441.750 264.621675       5768      0.133     9.9485   0.060872     0.4217  1000.0392      0.135     0.1702 -6.063e-13  0.000e+00
   1442.000 264.621678       5769      0.135     9.9479   0.060909     0.4220  1000.0394      0.136     0.1681      0.006  0.000e+00
   1442.250 264.621681       5770      0.132     9.9475   0.060973     0.4224  1000.0398      0.133     0.1693     -0.002  0.000e+00
   1442.500 264.621684       5771      0.135     9.9472   0.061010     0.4227  1000.0401      0.136     0.1689      0.000  0.000e+00
   1442.750 264.621687       5772      0.132     9.9467   0.061064     0.4231  1000.0404      0.133     0.1689      0.000  0.000e+00
   1443.000 264.621690       5773      0.133     9.9462   0.061077     0.4232  1000.0405      0.135     0.1677     -0.002  0.000e+00
   1443.250 264.621693       5774      0.135     9.9459   0.060988     0.4225  1000.0401      0.136     0.1722      0.004  0.000e+00
