Raw_Data/Cage/SBE19/2020-09-20_SBE19_004_016_processed.cnv
* Sea-Bird SBE19plus Data File:
* FileName = C:\cruises\2020_barkerboys\leg2\data\cage\SBE19\2020-09-25_SBE19_004_016.hex
* Software Version 1.59
* Temperature SN =  4881
* Conductivity SN =  4881
* System UpLoad Time = Sep 25 2020 12:32:34
* ds
* SeacatPlus V 1.5  SERIAL NO. 4881    25 Sep 2020  12:15:39
# nquan = 12
# nvalues = 3210                                  
# units = specified
# name 0 = timeS: Time, Elapsed [seconds]
# name 1 = timeJ: Julian Days
# name 2 = scan: Scan Count
# name 3 = depSM: Depth [salt water, m], lat = 44.00
# name 4 = tv290C: Temperature [ITS-90, deg C]
# name 5 = c0S/m: Conductivity [S/m]
# name 6 = sal00: Salinity, Practical [PSU]
# name 7 = density00: Density [density, kg/m^3]
# name 8 = prdM: Pressure, Strain Gauge [db]
# name 9 = wetStar: Fluorescence, WET Labs WETstar [mg/m^3]
# name 10 = dz/dtM: Descent Rate [m/s]
# name 11 = flag:  0.000e+00
# span 0 =      0.000,    802.250                 
# span 1 = 264.718588, 264.727873                 
# span 2 =          1,       3210                 
# span 3 =      0.115,    130.380                 
# span 4 =    10.9344,    13.0787                 
# span 5 =   0.044611,   3.827900                 
# span 6 =     0.2834,    32.9824                 
# span 7 =   999.5993,  1025.8088                 
# span 8 =      0.116,    131.477                 
# span 9 =     0.1512,     3.6515                 
# span 10 =     -1.585,      1.158                
# span 11 = 0.0000e+00, 0.0000e+00                
# interval = seconds: 0.25
# start_time = Sep 20 2020 17:14:46 [Instrument's time stamp, header]
# bad_flag = -9.990e-29
*END*
[from data line 2767]
    691.750 264.726594       2768     54.107    12.2023   3.772009    32.5847  1024.9212     54.552     1.2010     -0.810  0.000e+00
    692.000 264.726597       2769     53.944    12.2092   3.773707    32.5952  1024.9273     54.388     1.5623     -0.705  0.000e+00
    692.250 264.726600       2770     53.796    12.2226   3.774119    32.5875  1024.9181     54.239     1.2970     -0.627  0.000e+00
    692.500 264.726603       2771     53.646    12.2354   3.774819    32.5832  1024.9116     54.087     1.1520     -0.601  0.000e+00
    692.750 264.726606       2772     53.478    12.2474   3.774778    32.5724  1024.9002     53.917     1.1557     -0.642  0.000e+00
    693.000 264.726609       2773     53.279    12.2553   3.774572    32.5636  1024.8910     53.717     1.1738     -0.741  0.000e+00
    693.250 264.726612       2774     53.057    12.2581   3.774885    32.5643  1024.8900     53.493     1.3213     -0.848  0.000e+00
    693.500 264.726615       2775     52.821    12.2607   3.775278    32.5659  1024.8897     53.255     1.1565     -0.924  0.000e+00
    693.750 264.726617       2776     52.580    12.2650   3.775371    32.5631  1024.8856     53.012     1.2834     -0.962  0.000e+00
    694.000 264.726620       2777     52.337    12.2684   3.775297    32.5596  1024.8811     52.767     1.3196     -0.975  0.000e+00
    694.250 264.726623       2778     52.111    12.2704   3.775437    32.5593  1024.8795     52.539     1.2615     -0.945  0.000e+00
    694.500 264.726626       2779     51.903    12.2717   3.775544    32.5593  1024.8783     52.330     1.3823     -0.874  0.000e+00
    694.750 264.726629       2780     51.718    12.2735   3.775923    32.5615  1024.8788     52.143     1.1145     -0.793  0.000e+00
    695.000 264.726632       2781     51.549    12.2767   3.776170    32.5611  1024.8772     51.972     1.2694     -0.715  0.000e+00
    695.250 264.726635       2782     51.397    12.2805   3.776203    32.5582  1024.8735     51.819     1.1552     -0.649  0.000e+00
    695.500 264.726638       2783     51.256    12.2836   3.776549    32.5588  1024.8727     51.677     1.2962     -0.591  0.000e+00
    695.750 264.726641       2784     51.117    12.2874   3.776755    32.5576  1024.8705     51.537     1.4997     -0.563  0.000e+00
    696.000 264.726644       2785     50.978    12.2907   3.776835    32.5556  1024.8676     51.397     1.1870     -0.561  0.000e+00
    696.250 264.726646       2786     50.826    12.2936   3.777135    32.5559  1024.8666     51.243     1.3283     -0.589  0.000e+00
    696.500 264.726649       2787     50.646    12.2968   3.777242    32.5543  1024.8640     51.062     1.5697     -0.670  0.000e+00
    696.750 264.726652       2788     50.440    12.2998   3.777315    32.5525  1024.8611     50.854     1.3493     -0.778  0.000e+00
    697.000 264.726655       2789     50.209    12.3022   3.777488    32.5521  1024.8593     50.621     1.2669     -0.881  0.000e+00
    697.250 264.726658       2790     49.965    12.3049   3.777488    32.5499  1024.8560     50.375     1.5536     -0.958  0.000e+00
    697.500 264.726661       2791     49.731    12.3067   3.777621    32.5497  1024.8544     50.139     1.2484     -0.964  0.000e+00
    697.750 264.726664       2792     49.525    12.3085   3.777974    32.5516  1024.8546     49.932     1.4177     -0.887  0.000e+00
    698.000 264.726667       2793     49.340    12.3113   3.778147    32.5509  1024.8526     49.745     1.3419     -0.788  0.000e+00
    698.250 264.726670       2794     49.182    12.3144   3.778214    32.5490  1024.8499     49.586     1.2986     -0.692  0.000e+00
    698.500 264.726672       2795     49.032    12.3168   3.779046    32.5549  1024.8534     49.435     1.2026     -0.621  0.000e+00
    698.750 264.726675       2796     48.880    12.3227   3.779186    32.5512  1024.8486     49.281     1.3777     -0.610  0.000e+00
    699.000 264.726678       2797     48.708    12.3290   3.778906    32.5431  1024.8404     49.108     1.2698     -0.653  0.000e+00
    699.250 264.726681       2798     48.523    12.3312   3.779113    32.5432  1024.8392     48.921     1.3481     -0.720  0.000e+00
    699.500 264.726684       2799     48.324    12.3333   3.779812    32.5482  1024.8417     48.720     1.1083     -0.775  0.000e+00
    699.750 264.726687       2800     48.112    12.3388   3.779846    32.5438  1024.8363     48.507     1.2632     -0.829  0.000e+00
    700.000 264.726690       2801     47.900    12.3436   3.780085    32.5420  1024.8331     48.293     1.1404     -0.855  0.000e+00
    700.250 264.726693       2802     47.697    12.3477   3.780085    32.5386  1024.8287     48.089     1.6529     -0.835  0.000e+00
    700.500 264.726696       2803     47.514    12.3504   3.780192    32.5373  1024.8264     47.904     1.2706     -0.778  0.000e+00
    700.750 264.726698       2804     47.365    12.3521   3.780085    32.5349  1024.8236     47.754     1.4399     -0.670  0.000e+00
    701.000 264.726701       2805     47.232    12.3525   3.780105    32.5348  1024.8227     47.620     1.4045     -0.569  0.000e+00
    701.250 264.726704       2806     47.111    12.3525   3.780085    32.5347  1024.8221     47.497     1.6373     -0.513  0.000e+00
    701.500 264.726707       2807     46.969    12.3525   3.780052    32.5344  1024.8213     47.354     1.3505     -0.531  0.000e+00
    701.750 264.726710       2808     46.793    12.3521   3.780085    32.5351  1024.8211     47.177     1.3303     -0.640  0.000e+00
    702.000 264.726713       2809     46.576    12.3523   3.780158    32.5358  1024.8206     46.958     1.3880     -0.793  0.000e+00
    702.250 264.726716       2810     46.326    12.3531   3.780538    32.5388  1024.8216     46.706     1.4680     -0.943  0.000e+00
    702.500 264.726719       2811     46.048    12.3558   3.780571    32.5369  1024.8184     46.425     1.3188     -1.065  0.000e+00
    702.750 264.726722       2812     45.775    12.3587   3.780744    32.5362  1024.8161     46.151     1.8540     -1.110  0.000e+00
    703.000 264.726725       2813     45.530    12.3612   3.780851    32.5351  1024.8136     45.903     1.7382     -1.044  0.000e+00
    703.250 264.726727       2814     45.323    12.3636   3.780931    32.5339  1024.8113     45.695     1.6373     -0.911  0.000e+00
    703.500 264.726730       2815     45.159    12.3654   3.781057    32.5336  1024.8100     45.530     1.5203     -0.747  0.000e+00
    703.750 264.726733       2816     45.030    12.3670   3.781130    32.5329  1024.8086     45.400     1.4049     -0.591  0.000e+00
    704.000 264.726736       2817     44.917    12.3686   3.781197    32.5322  1024.8072     45.285     1.6826     -0.490  0.000e+00
    704.250 264.726739       2818     44.793    12.3703   3.781230    32.5312  1024.8055     45.160     1.3060     -0.479  0.000e+00
    704.500 264.726742       2819     44.635    12.3719   3.781304    32.5305  1024.8040     45.001     1.2479     -0.567  0.000e+00
    704.750 264.726745       2820     44.434    12.3732   3.781230    32.5288  1024.8015     44.798     1.2484     -0.724  0.000e+00
    705.000 264.726748       2821     44.203    12.3737   3.781510    32.5311  1024.8021     44.565     1.2821     -0.872  0.000e+00
    705.250 264.726751       2822     43.960    12.3754   3.781583    32.5304  1024.8002     44.321     1.3209     -0.956  0.000e+00
    705.500 264.726753       2823     43.709    12.3773   3.781543    32.5285  1024.7972     44.067     1.5289     -0.997  0.000e+00
    705.750 264.726756       2824     43.469    12.3787   3.781623    32.5282  1024.7956     43.825     1.3275     -0.990  0.000e+00
    706.000 264.726759       2825     43.252    12.3798   3.781650    32.5275  1024.7939     43.606     1.5619     -0.921  0.000e+00
    706.250 264.726762       2826     43.069    12.3805   3.781683    32.5273  1024.7928     43.422     1.9203     -0.808  0.000e+00
    706.500 264.726765       2827     42.912    12.3814   3.781756    32.5273  1024.7919     43.264     1.9059     -0.685  0.000e+00
    706.750 264.726768       2828     42.772    12.3821   3.781716    32.5264  1024.7904     43.122     1.7609     -0.599  0.000e+00
    707.000 264.726771       2829     42.636    12.3824   3.781716    32.5262  1024.7896     42.986     1.3608     -0.556  0.000e+00
    707.250 264.726774       2830     42.490    12.3826   3.781616    32.5251  1024.7881     42.839     1.6352     -0.567  0.000e+00
    707.500 264.726777       2831     42.323    12.3823   3.781583    32.5251  1024.7873     42.670     1.2063     -0.632  0.000e+00
    707.750 264.726780       2832     42.124    12.3821   3.781649    32.5260  1024.7872     42.469     1.5207     -0.739  0.000e+00
    708.000 264.726782       2833     41.894    12.3818   3.781556    32.5255  1024.7858     42.237     1.4441     -0.866  0.000e+00
    708.250 264.726785       2834     41.647    12.3818   3.781616    32.5262  1024.7852     41.988     1.2974     -0.962  0.000e+00
    708.500 264.726788       2835     41.394    12.3822   3.781582    32.5256  1024.7835     41.734     1.3509     -1.007  0.000e+00
    708.750 264.726791       2836     41.146    12.3820   3.781615    32.5262  1024.7829     41.483     1.5697     -1.009  0.000e+00
    709.000 264.726794       2837     40.919    12.3821   3.781682    32.5268  1024.7824     41.255     1.4688     -0.958  0.000e+00
    709.250 264.726797       2838     40.718    12.3823   3.781649    32.5264  1024.7811     41.052     1.3497     -0.863  0.000e+00
    709.500 264.726800       2839     40.536    12.3824   3.781615    32.5261  1024.7800     40.868     1.2624     -0.773  0.000e+00
    709.750 264.726803       2840     40.372    12.3827   3.781682    32.5266  1024.7796     40.703     1.7283     -0.698  0.000e+00
    710.000 264.726806       2841     40.220    12.3831   3.781615    32.5257  1024.7781     40.549     1.2809     -0.638  0.000e+00
    710.250 264.726808       2842     40.083    12.3831   3.781688    32.5264  1024.7780     40.412     1.2962     -0.582  0.000e+00
    710.500 264.726811       2843     39.948    12.3831   3.781648    32.5260  1024.7771     40.275     1.8820     -0.548  0.000e+00
    710.750 264.726814       2844     39.806    12.3834   3.781615    32.5255  1024.7761     40.132     1.4317     -0.558  0.000e+00
    711.000 264.726817       2845     39.648    12.3834   3.781648    32.5259  1024.7757     39.972     1.3320     -0.606  0.000e+00
    711.250 264.726820       2846     39.470    12.3835   3.781615    32.5256  1024.7745     39.793     1.5100     -0.679  0.000e+00
    711.500 264.726823       2847     39.269    12.3833   3.781581    32.5255  1024.7736     39.590     1.4189     -0.765  0.000e+00
    711.750 264.726826       2848     39.049    12.3833   3.781648    32.5262  1024.7732     39.369     1.4300     -0.848  0.000e+00
    712.000 264.726829       2849     38.817    12.3833   3.781615    32.5261  1024.7720     39.135     1.2966     -0.911  0.000e+00
    712.250 264.726832       2850     38.577    12.3834   3.781541    32.5253  1024.7703     38.893     1.4107     -0.951  0.000e+00
    712.500 264.726834       2851     38.332    12.3836   3.781621    32.5260  1024.7697     38.646     1.4263     -0.977  0.000e+00
    712.750 264.726837       2852     38.093    12.3838   3.781714    32.5269  1024.7693     38.405     1.7926     -0.977  0.000e+00
    713.000 264.726840       2853     37.868    12.3846   3.781754    32.5266  1024.7679     38.178     1.3777     -0.936  0.000e+00
    713.250 264.726843       2854     37.663    12.3856   3.781821    32.5265  1024.7667     37.971     1.3736     -0.868  0.000e+00
    713.500 264.726846       2855     37.483    12.3869   3.781927    32.5265  1024.7656     37.789     1.2096     -0.778  0.000e+00
    713.750 264.726849       2856     37.325    12.3880   3.781887    32.5251  1024.7636     37.630     1.3085     -0.681  0.000e+00
    714.000 264.726852       2857     37.176    12.3891   3.781887    32.5242  1024.7620     37.480     1.5302     -0.618  0.000e+00
    714.250 264.726855       2858     37.011    12.3895   3.781927    32.5244  1024.7613     37.314     1.4317     -0.634  0.000e+00
    714.500 264.726858       2859     36.816    12.3896   3.781927    32.5244  1024.7604     37.117     1.3365     -0.726  0.000e+00
    714.750 264.726861       2860     36.591    12.3895   3.781787    32.5232  1024.7586     36.890     1.3608     -0.846  0.000e+00
    715.000 264.726863       2861     36.354    12.3897   3.781927    32.5245  1024.7584     36.651     1.3720     -0.932  0.000e+00
    715.250 264.726866       2862     36.117    12.3899   3.781887    32.5241  1024.7570     36.413     1.7662     -0.956  0.000e+00
    715.500 264.726869       2863     35.899    12.3900   3.781887    32.5240  1024.7559     36.192     1.4976     -0.917  0.000e+00
    715.750 264.726872       2864     35.709    12.3902   3.781927    32.5243  1024.7552     36.001     1.4989     -0.823  0.000e+00
    716.000 264.726875       2865     35.548    12.3900   3.781853    32.5239  1024.7542     35.839     1.5788     -0.707  0.000e+00
    716.250 264.726878       2866     35.404    12.3899   3.781887    32.5243  1024.7539     35.693     1.4523     -0.616  0.000e+00
    716.500 264.726881       2867     35.278    12.3899   3.781887    32.5244  1024.7534     35.566     1.3130     -0.545  0.000e+00
    716.750 264.726884       2868     35.153    12.3899   3.781853    32.5241  1024.7527     35.441     1.2731     -0.505  0.000e+00
    717.000 264.726887       2869     35.014    12.3902   3.781926    32.5246  1024.7523     35.300     1.4268     -0.533  0.000e+00
    717.250 264.726889       2870     34.842    12.3909   3.781953    32.5243  1024.7512     35.127     1.2665     -0.627  0.000e+00
    717.500 264.726892       2871     34.635    12.3914   3.781960    32.5240  1024.7499     34.918     1.2896     -0.765  0.000e+00
    717.750 264.726895       2872     34.388    12.3918   3.781959    32.5238  1024.7486     34.669     1.1771     -0.917  0.000e+00
    718.000 264.726898       2873     34.105    12.3925   3.781926    32.5230  1024.7465     34.384     1.2125     -1.067  0.000e+00
    718.250 264.726901       2874     33.802    12.3932   3.782066    32.5239  1024.7457     34.078     1.4865     -1.181  0.000e+00
    718.500 264.726904       2875     33.503    12.3941   3.782026    32.5228  1024.7433     33.776     1.4803     -1.216  0.000e+00
    718.750 264.726907       2876     33.236    12.3950   3.782132    32.5231  1024.7422     33.508     1.3790     -1.140  0.000e+00
    719.000 264.726910       2877     33.030    12.3959   3.782239    32.5235  1024.7414     33.300     1.4655     -0.954  0.000e+00
    719.250 264.726913       2878     32.905    12.3970   3.782199    32.5222  1024.7396     33.174     1.5763     -0.668  0.000e+00
    719.500 264.726916       2879     32.842    12.3979   3.782252    32.5219  1024.7390     33.111     1.4951     -0.378  0.000e+00
    719.750 264.726918       2880     32.809    12.3981   3.782305    32.5223  1024.7391     33.077     1.4552     -0.193  0.000e+00
    720.000 264.726921       2881     32.769    12.3987   3.782339    32.5221  1024.7386     33.037     1.7222     -0.148  0.000e+00
    720.250 264.726924       2882     32.695    12.3996   3.782412    32.5221  1024.7381     32.962     1.7432     -0.230  0.000e+00
    720.500 264.726927       2883     32.541    12.4005   3.782339    32.5207  1024.7361     32.807     2.0592     -0.460  0.000e+00
    720.750 264.726930       2884     32.285    12.4009   3.782372    32.5207  1024.7349     32.549     1.2484     -0.827  0.000e+00
    721.000 264.726933       2885     31.951    12.4009   3.782305    32.5202  1024.7330     32.212     1.3703     -1.190  0.000e+00
    721.250 264.726936       2886     31.556    12.4011   3.782338    32.5206  1024.7315     31.814     1.2158     -1.471  0.000e+00
    721.500 264.726939       2887     31.165    12.4014   3.782411    32.5211  1024.7300     31.419     1.3023     -1.585  0.000e+00
