Raw_Data/Cage/SBE19/2020-09-25_SBE19_007_035_processed.cnv
* Sea-Bird SBE19plus Data File:
* FileName = C:\cruises\2020_barkerboys\leg2\data\cage\SBE19\2020-09-25_SBE19_004_035.hex
* Software Version 1.59
* Temperature SN =  4881
* Conductivity SN =  4881
* System UpLoad Time = Sep 25 2020 21:22:36
* ds
* SeacatPlus V 1.5  SERIAL NO. 4881    25 Sep 2020  21:17:28
# nquan = 12
# nvalues = 2874                                  
# units = specified
# name 0 = timeS: Time, Elapsed [seconds]
# name 1 = timeJ: Julian Days
# name 2 = scan: Scan Count
# name 3 = depSM: Depth [salt water, m], lat = 44.00
# name 4 = tv290C: Temperature [ITS-90, deg C]
# name 5 = c0S/m: Conductivity [S/m]
# name 6 = sal00: Salinity, Practical [PSU]
# name 7 = density00: Density [density, kg/m^3]
# name 8 = prdM: Pressure, Strain Gauge [db]
# name 9 = wetStar: Fluorescence, WET Labs WETstar [mg/m^3]
# name 10 = dz/dtM: Descent Rate [m/s]
# name 11 = flag:  0.000e+00
# span 0 =      0.000,    718.250                 
# span 1 = 269.787789, 269.796102                 
# span 2 =          1,       2874                 
# span 3 =     -0.002,    171.037                 
# span 4 =     9.7420,    13.6060                 
# span 5 =   0.046610,   3.878463                 
# span 6 =     0.2914,    33.5919                 
# span 7 =   999.5325,  1026.6752                 
# span 8 =     -0.002,    172.493                 
# span 9 =     0.1253,     5.2187                 
# span 10 =     -1.087,      0.949                
# span 11 = 0.0000e+00, 0.0000e+00                
# interval = seconds: 0.25
# start_time = Sep 25 2020 18:54:25 [Instrument's time stamp, header]
# bad_flag = -9.990e-29
*END*
[from data line 602]
    150.500 269.789531        603     33.759    11.9684   3.773562    32.8130  1025.0501     34.035     1.3748      0.563  0.000e+00
    150.750 269.789534        604     33.887    11.9671   3.773529    32.8137  1025.0514     34.164     1.3934      0.526  0.000e+00
    151.000 269.789537        605     34.021    11.9656   3.773389    32.8137  1025.0523     34.300     1.3851      0.528  0.000e+00
    151.250 269.789540        606     34.161    11.9645   3.773909    32.8196  1025.0577     34.440     1.3773      0.552  0.000e+00
    151.500 269.789543        607     34.306    11.9656   3.774155    32.8210  1025.0593     34.586     1.4358      0.573  0.000e+00
    151.750 269.789546        608     34.455    11.9680   3.773076    32.8084  1025.0497     34.737     1.3509      0.593  0.000e+00
    152.000 269.789549        609     34.601    11.9656   3.772764    32.8074  1025.0500     34.884     1.6072      0.595  0.000e+00
    152.250 269.789552        610     34.744    11.9610   3.772697    32.8108  1025.0542     35.028     1.3769      0.582  0.000e+00
    152.500 269.789554        611     34.883    11.9579   3.772664    32.8131  1025.0572     35.168     1.3283      0.569  0.000e+00
    152.750 269.789557        612     35.021    11.9559   3.772318    32.8114  1025.0569     35.308     1.3608      0.560  0.000e+00
    153.000 269.789560        613     35.168    11.9533   3.772304    32.8135  1025.0597     35.456     1.3691      0.576  0.000e+00
    153.250 269.789563        614     35.318    11.9510   3.772458    32.8169  1025.0634     35.606     1.3930      0.597  0.000e+00
    153.500 269.789566        615     35.487    11.9505   3.772418    32.8170  1025.0643     35.777     1.3518      0.642  0.000e+00
    153.750 269.789569        616     35.672    11.9505   3.772524    32.8179  1025.0659     35.964     1.2879      0.715  0.000e+00
    154.000 269.789572        617     35.871    11.9507   3.772385    32.8163  1025.0655     36.165     1.4230      0.775  0.000e+00
    154.250 269.789575        618     36.072    11.9507   3.772385    32.8162  1025.0663     36.367     1.3213      0.805  0.000e+00
    154.500 269.789578        619     36.261    11.9504   3.772525    32.8178  1025.0684     36.558     1.3036      0.786  0.000e+00
    154.750 269.789580        620     36.436    11.9510   3.772664    32.8185  1025.0697     36.734     1.4898      0.735  0.000e+00
    155.000 269.789583        621     36.580    11.9520   3.772631    32.8172  1025.0692     36.879     1.2962      0.642  0.000e+00
    155.250 269.789586        622     36.693    11.9528   3.772591    32.8161  1025.0687     36.993     1.2945      0.518  0.000e+00
    155.500 269.789589        623     36.780    11.9529   3.772631    32.8164  1025.0692     37.081     1.3790      0.404  0.000e+00
    155.750 269.789592        624     36.842    11.9528   3.772631    32.8165  1025.0696     37.143     1.2587      0.301  0.000e+00
    156.000 269.789595        625     36.884    11.9530   3.772571    32.8157  1025.0692     37.186     1.3184      0.210  0.000e+00
    156.250 269.789598        626     36.927    11.9530   3.772665    32.8165  1025.0700     37.229     1.2508      0.172  0.000e+00
    156.500 269.789601        627     36.974    11.9533   3.772805    32.8176  1025.0710     37.276     1.2504      0.180  0.000e+00
    156.750 269.789604        628     37.039    11.9542   3.772765    32.8164  1025.0702     37.342     1.2611      0.225  0.000e+00
    157.000 269.789606        629     37.133    11.9548   3.772765    32.8158  1025.0701     37.437     1.2718      0.322  0.000e+00
    157.250 269.789609        630     37.259    11.9549   3.772805    32.8161  1025.0708     37.564     1.4280      0.445  0.000e+00
    157.500 269.789612        631     37.416    11.9550   3.772978    32.8176  1025.0727     37.722     1.2710      0.569  0.000e+00
    157.750 269.789615        632     37.596    11.9561   3.773424    32.8209  1025.0759     37.903     1.3291      0.679  0.000e+00
    158.000 269.789618        633     37.781    11.9590   3.773118    32.8153  1025.0718     38.090     1.2970      0.737  0.000e+00
    158.250 269.789621        634     37.973    11.9601   3.773464    32.8176  1025.0742     38.284     1.2723      0.760  0.000e+00
    158.500 269.789624        635     38.150    11.9614   3.773391    32.8157  1025.0733     38.462     1.2620      0.743  0.000e+00
    158.750 269.789627        636     38.306    11.9624   3.773464    32.8155  1025.0737     38.620     1.2900      0.672  0.000e+00
    159.000 269.789630        637     38.440    11.9630   3.773531    32.8155  1025.0742     38.755     1.3744      0.586  0.000e+00
    159.250 269.789633        638     38.550    11.9636   3.773498    32.8146  1025.0739     38.866     1.4317      0.492  0.000e+00
    159.500 269.789635        639     38.648    11.9638   3.773251    32.8120  1025.0723     38.964     1.3110      0.419  0.000e+00
    159.750 269.789638        640     38.740    11.9631   3.773358    32.8136  1025.0741     39.057     1.3926      0.382  0.000e+00
    160.000 269.789641        641     38.829    11.9624   3.773291    32.8135  1025.0745     39.147     1.3073      0.365  0.000e+00
    160.250 269.789644        642     38.920    11.9622   3.773391    32.8147  1025.0759     39.238     1.3126      0.363  0.000e+00
    160.500 269.789647        643     39.018    11.9624   3.773424    32.8148  1025.0764     39.337     1.3386      0.380  0.000e+00
    160.750 269.789650        644     39.114    11.9627   3.773425    32.8144  1025.0765     39.435     1.2896      0.393  0.000e+00
    161.000 269.789653        645     39.219    11.9624   3.773465    32.8150  1025.0775     39.540     1.2698      0.406  0.000e+00
    161.250 269.789656        646     39.332    11.9624   3.773291    32.8134  1025.0767     39.654     1.2879      0.438  0.000e+00
    161.500 269.789659        647     39.454    11.9618   3.773132    32.8122  1025.0765     39.777     1.3349      0.475  0.000e+00
    161.750 269.789661        648     39.585    11.9604   3.772939    32.8115  1025.0768     39.909     1.3052      0.511  0.000e+00
    162.000 269.789664        649     39.728    11.9585   3.773045    32.8142  1025.0799     40.053     1.3353      0.552  0.000e+00
    162.250 269.789667        650     39.890    11.9572   3.772839    32.8133  1025.0801     40.217     1.2760      0.614  0.000e+00
    162.500 269.789670        651     40.047    11.9562   3.773012    32.8158  1025.0830     40.375     1.2747      0.644  0.000e+00
    162.750 269.789673        652     40.200    11.9556   3.772979    32.8159  1025.0839     40.529     1.2648      0.625  0.000e+00
    163.000 269.789676        653     40.346    11.9554   3.772979    32.8160  1025.0847     40.676     1.3011      0.601  0.000e+00
    163.250 269.789679        654     40.482    11.9553   3.772872    32.8151  1025.0846     40.814     1.2924      0.569  0.000e+00
    163.500 269.789682        655     40.606    11.9547   3.773046    32.8172  1025.0869     40.938     1.2797      0.524  0.000e+00
    163.750 269.789685        656     40.713    11.9546   3.772666    32.8135  1025.0846     41.047     1.3196      0.466  0.000e+00
    164.000 269.789688        657     40.816    11.9533   3.772526    32.8133  1025.0851     41.151     1.2904      0.425  0.000e+00
    164.250 269.789690        658     40.910    11.9512   3.772420    32.8141  1025.0865     41.245     1.3740      0.397  0.000e+00
    164.500 269.789693        659     41.000    11.9495   3.772506    32.8164  1025.0891     41.336     1.2883      0.369  0.000e+00
    164.750 269.789696        660     41.088    11.9484   3.772493    32.8172  1025.0902     41.425     1.2838      0.359  0.000e+00
    165.000 269.789699        661     41.177    11.9485   3.772979    32.8218  1025.0942     41.515     1.2747      0.359  0.000e+00
    165.250 269.789702        662     41.278    11.9510   3.773013    32.8198  1025.0927     41.616     1.2488      0.382  0.000e+00
    165.500 269.789705        663     41.388    11.9529   3.772733    32.8154  1025.0894     41.727     1.2620      0.425  0.000e+00
    165.750 269.789708        664     41.516    11.9533   3.772040    32.8083  1025.0844     41.856     1.2826      0.481  0.000e+00
    166.000 269.789711        665     41.661    11.9493   3.771727    32.8088  1025.0862     42.002     1.2702      0.550  0.000e+00
    166.250 269.789714        666     41.826    11.9441   3.771768    32.8136  1025.0917     42.169     1.2455      0.625  0.000e+00
    166.500 269.789716        667     41.994    11.9404   3.771694    32.8161  1025.0950     42.338     1.2426      0.672  0.000e+00
    166.750 269.789719        668     42.162    11.9384   3.771768    32.8185  1025.0980     42.507     1.2764      0.677  0.000e+00
    167.000 269.789722        669     42.316    11.9374   3.771728    32.8189  1025.0992     42.663     1.2607      0.649  0.000e+00
    167.250 269.789725        670     42.460    11.9369   3.771748    32.8195  1025.1004     42.808     1.2521      0.601  0.000e+00
    167.500 269.789728        671     42.582    11.9364   3.771661    32.8191  1025.1008     42.931     1.2690      0.537  0.000e+00
    167.750 269.789731        672     42.687    11.9357   3.771695    32.8199  1025.1020     43.037     1.2587      0.457  0.000e+00
    168.000 269.789734        673     42.774    11.9356   3.771628    32.8194  1025.1020     43.125     1.2253      0.387  0.000e+00
    168.250 269.789737        674     42.856    11.9355   3.771661    32.8197  1025.1027     43.207     1.2105      0.342  0.000e+00
    168.500 269.789740        675     42.934    11.9353   3.771488    32.8182  1025.1019     43.286     1.2447      0.322  0.000e+00
    168.750 269.789742        676     43.015    11.9342   3.771382    32.8181  1025.1024     43.367     1.2714      0.320  0.000e+00
    169.000 269.789745        677     43.103    11.9325   3.771522    32.8209  1025.1053     43.456     1.2051      0.341  0.000e+00
    169.250 269.789748        678     43.211    11.9323   3.771382    32.8197  1025.1049     43.565     1.2348      0.395  0.000e+00
    169.500 269.789751        679     43.330    11.9319   3.771249    32.8187  1025.1047     43.685     1.2220      0.457  0.000e+00
    169.750 269.789754        680     43.461    11.9304   3.771455    32.8220  1025.1082     43.817     1.1981      0.505  0.000e+00
    170.000 269.789757        681     43.603    11.9300   3.771595    32.8236  1025.1101     43.960     1.2323      0.550  0.000e+00
    170.250 269.789760        682     43.749    11.9304   3.771256    32.8200  1025.1079     44.107     1.2904      0.580  0.000e+00
    170.500 269.789763        683     43.886    11.9305   3.771768    32.8248  1025.1122     44.246     1.2582      0.571  0.000e+00
    170.750 269.789766        684     44.015    11.9313   3.771349    32.8200  1025.1089     44.376     1.2067      0.537  0.000e+00
    171.000 269.789769        685     44.128    11.9305   3.771662    32.8236  1025.1124     44.490     1.2096      0.488  0.000e+00
    171.250 269.789771        686     44.225    11.9311   3.771209    32.8187  1025.1089     44.587     1.1903      0.423  0.000e+00
    171.500 269.789774        687     44.310    11.9303   3.770863    32.8160  1025.1073     44.673     1.2006      0.367  0.000e+00
    171.750 269.789777        688     44.398    11.9270   3.770690    32.8171  1025.1092     44.762     1.2335      0.350  0.000e+00
    172.000 269.789780        689     44.493    11.9236   3.770763    32.8208  1025.1132     44.858     1.2405      0.369  0.000e+00
    172.250 269.789783        690     44.598    11.9214   3.770517    32.8203  1025.1137     44.964     1.4288      0.404  0.000e+00
    172.500 269.789786        691     44.719    11.9193   3.770451    32.8215  1025.1155     45.086     1.4795      0.455  0.000e+00
    172.750 269.789789        692     44.846    11.9177   3.770550    32.8239  1025.1182     45.213     1.2521      0.498  0.000e+00
    173.000 269.789792        693     44.988    11.9166   3.770551    32.8248  1025.1198     45.357     1.2352      0.543  0.000e+00
    173.250 269.789795        694     45.134    11.9161   3.770464    32.8243  1025.1201     45.504     1.1791      0.582  0.000e+00
    173.500 269.789797        695     45.281    11.9157   3.770451    32.8245  1025.1210     45.653     1.2096      0.591  0.000e+00
    173.750 269.789800        696     45.429    11.9156   3.770418    32.8241  1025.1215     45.802     1.1944      0.595  0.000e+00
    174.000 269.789803        697     45.570    11.9149   3.770105    32.8217  1025.1203     45.944     1.2026      0.582  0.000e+00
    174.250 269.789806        698     45.710    11.9133   3.770138    32.8234  1025.1226     46.085     1.1874      0.567  0.000e+00
    174.500 269.789809        699     45.846    11.9113   3.770138    32.8250  1025.1249     46.222     1.1668      0.556  0.000e+00
    174.750 269.789812        700     45.980    11.9104   3.770138    32.8258  1025.1262     46.357     1.2232      0.543  0.000e+00
    175.000 269.789815        701     46.111    11.9095   3.769998    32.8252  1025.1265     46.489     1.1993      0.535  0.000e+00
    175.250 269.789818        702     46.231    11.9085   3.769932    32.8254  1025.1274     46.611     1.1647      0.507  0.000e+00
    175.500 269.789821        703     46.346    11.9074   3.769619    32.8233  1025.1265     46.727     1.2224      0.475  0.000e+00
    175.750 269.789823        704     46.443    11.9050   3.769586    32.8250  1025.1288     46.824     1.1726      0.427  0.000e+00
    176.000 269.789826        705     46.532    11.9025   3.769446    32.8258  1025.1303     46.913     1.1746      0.374  0.000e+00
    176.250 269.789829        706     46.616    11.9000   3.769340    32.8270  1025.1320     46.998     1.1705      0.348  0.000e+00
    176.500 269.789832        707     46.701    11.8980   3.769340    32.8287  1025.1341     47.084     1.1631      0.341  0.000e+00
    176.750 269.789835        708     46.788    11.8968   3.769167    32.8280  1025.1342     47.172     1.2751      0.348  0.000e+00
    177.000 269.789838        709     46.889    11.8953   3.769240    32.8300  1025.1364     47.274     1.2203      0.380  0.000e+00
    177.250 269.789841        710     46.998    11.8938   3.768927    32.8282  1025.1359     47.384     1.1532      0.423  0.000e+00
    177.500 269.789844        711     47.113    11.8916   3.768787    32.8288  1025.1372     47.500     1.1482      0.451  0.000e+00
    177.750 269.789847        712     47.227    11.8894   3.768821    32.8310  1025.1399     47.615     1.1577      0.462  0.000e+00
    178.000 269.789850        713     47.345    11.8881   3.768821    32.8321  1025.1415     47.734     1.1520      0.468  0.000e+00
    178.250 269.789852        714     47.468    11.8874   3.768754    32.8320  1025.1421     47.857     1.1379      0.485  0.000e+00
    178.500 269.789855        715     47.591    11.8867   3.768754    32.8326  1025.1433     47.982     1.1470      0.496  0.000e+00
    178.750 269.789858        716     47.718    11.8857   3.768721    32.8331  1025.1444     48.110     1.1861      0.505  0.000e+00
    179.000 269.789861        717     47.848    11.8850   3.768821    32.8346  1025.1463     48.241     1.1602      0.518  0.000e+00
    179.250 269.789864        718     47.977    11.8848   3.768848    32.8350  1025.1472     48.371     1.1314      0.522  0.000e+00
    179.500 269.789867        719     48.105    11.8849   3.768788    32.8343  1025.1472     48.500     1.1326      0.518  0.000e+00
    179.750 269.789870        720     48.226    11.8848   3.768788    32.8343  1025.1478     48.622     1.2154      0.503  0.000e+00
    180.000 269.789873        721     48.340    11.8849   3.768821    32.8345  1025.1484     48.737     1.1573      0.475  0.000e+00
