Raw_Data/Cage/SBE19/2020-09-24_SBE19_006_026_processed.cnv
* Sea-Bird SBE19plus Data File:
* FileName = C:\cruises\2020_barkerboys\leg2\data\cage\SBE19\2020-09-25_SBE19_004_026.hex
* Software Version 1.59
* Temperature SN =  4881
* Conductivity SN =  4881
* System UpLoad Time = Sep 25 2020 12:46:04
* ds
* SeacatPlus V 1.5  SERIAL NO. 4881    25 Sep 2020  12:15:39
# nquan = 12
# nvalues = 2972                                  
# units = specified
# name 0 = timeS: Time, Elapsed [seconds]
# name 1 = timeJ: Julian Days
# name 2 = scan: Scan Count
# name 3 = depSM: Depth [salt water, m], lat = 44.00
# name 4 = tv290C: Temperature [ITS-90, deg C]
# name 5 = c0S/m: Conductivity [S/m]
# name 6 = sal00: Salinity, Practical [PSU]
# name 7 = density00: Density [density, kg/m^3]
# name 8 = prdM: Pressure, Strain Gauge [db]
# name 9 = wetStar: Fluorescence, WET Labs WETstar [mg/m^3]
# name 10 = dz/dtM: Descent Rate [m/s]
# name 11 = flag:  0.000e+00
# span 0 =      0.000,    742.750                 
# span 1 = 268.726273, 268.734870                 
# span 2 =          1,       2972                 
# span 3 =     -0.097,    168.637                 
# span 4 =     9.8262,    15.7959                 
# span 5 =   0.052578,   3.926497                 
# span 6 =     0.3130,    33.5450                 
# span 7 =   999.2349,  1026.6146                 
# span 8 =     -0.098,    170.072                 
# span 9 =     0.0882,     3.4010                 
# span 10 =     -1.392,      1.212                
# span 11 = 0.0000e+00, 0.0000e+00                
# interval = seconds: 0.25
# start_time = Sep 24 2020 17:25:50 [Instrument's time stamp, header]
# bad_flag = -9.990e-29
*END*
[from data line 1444]
    361.000 268.730451       1445     94.742     9.9337   3.659429    33.4918  1026.2184     95.531     0.1034      0.700  0.000e+00
    361.250 268.730454       1446     94.904     9.9334   3.659462    33.4924  1026.2197     95.694     0.1080      0.672  0.000e+00
    361.500 268.730457       1447     95.058     9.9329   3.659462    33.4927  1026.2207     95.850     0.1092      0.638  0.000e+00
    361.750 268.730460       1448     95.217     9.9326   3.659495    33.4933  1026.2219     96.010     0.1096      0.632  0.000e+00
    362.000 268.730463       1449     95.378     9.9325   3.659429    33.4927  1026.2222     96.172     0.1047      0.645  0.000e+00
    362.250 268.730466       1450     95.548     9.9322   3.659482    33.4934  1026.2236     96.344     0.1384      0.668  0.000e+00
    362.500 268.730469       1451     95.722     9.9322   3.659396    33.4924  1026.2236     96.519     0.1084      0.694  0.000e+00
    362.750 268.730472       1452     95.901     9.9319   3.659429    33.4930  1026.2249     96.699     0.1063      0.711  0.000e+00
    363.000 268.730475       1453     96.079     9.9316   3.659364    33.4925  1026.2254     96.879     0.1224      0.720  0.000e+00
    363.250 268.730477       1454     96.252     9.9310   3.659397    33.4933  1026.2269     97.054     0.1018      0.709  0.000e+00
    363.500 268.730480       1455     96.418     9.9302   3.658930    33.4892  1026.2246     97.221     0.0898      0.683  0.000e+00
    363.750 268.730483       1456     96.583     9.9273   3.658706    33.4895  1026.2262     97.387     0.0882      0.666  0.000e+00
    364.000 268.730486       1457     96.732     9.9236   3.658831    33.4942  1026.2311     97.537     0.1104      0.634  0.000e+00
    364.250 268.730489       1458     96.870     9.9216   3.658831    33.4960  1026.2335     97.677     0.1343      0.580  0.000e+00
    364.500 268.730492       1459     96.999     9.9207   3.658792    33.4964  1026.2345     97.807     0.1249      0.539  0.000e+00
    364.750 268.730495       1460     97.119     9.9197   3.658726    33.4965  1026.2354     97.928     0.1187      0.503  0.000e+00
    365.000 268.730498       1461     97.236     9.9189   3.658792    33.4979  1026.2371     98.046     0.1034      0.477  0.000e+00
    365.250 268.730501       1462     97.351     9.9189   3.658779    33.4978  1026.2375     98.162     0.0923      0.466  0.000e+00
    365.500 268.730503       1463     97.468     9.9187   3.658726    33.4973  1026.2377     98.280     0.0915      0.468  0.000e+00
    365.750 268.730506       1464     97.590     9.9181   3.658693    33.4975  1026.2385     98.403     0.1121      0.483  0.000e+00
    366.000 268.730509       1465     97.729     9.9169   3.658864    33.5003  1026.2415     98.543     0.1141      0.526  0.000e+00
    366.250 268.730512       1466     97.878     9.9177   3.658864    33.4995  1026.2414     98.693     0.1043      0.580  0.000e+00
    366.500 268.730515       1467     98.038     9.9186   3.658812    33.4981  1026.2409     98.854     0.0940      0.623  0.000e+00
    366.750 268.730518       1468     98.204     9.9178   3.658562    33.4961  1026.2403     99.022     0.0952      0.658  0.000e+00
    367.000 268.730521       1469     98.382     9.9160   3.658562    33.4977  1026.2426     99.201     0.0977      0.694  0.000e+00
    367.250 268.730524       1470     98.567     9.9143   3.658128    33.4948  1026.2415     99.388     0.1026      0.733  0.000e+00
    367.500 268.730527       1471     98.774     9.9132   3.658496    33.4995  1026.2463     99.597     0.0964      0.791  0.000e+00
    367.750 268.730530       1472     98.994     9.9123   3.658529    33.5006  1026.2483     99.819     0.1051      0.862  0.000e+00
    368.000 268.730532       1473     99.231     9.9119   3.658529    33.5009  1026.2497    100.058     0.1018      0.922  0.000e+00
    368.250 268.730535       1474     99.473     9.9117   3.658562    33.5013  1026.2511    100.303     0.1187      0.967  0.000e+00
    368.500 268.730538       1475     99.716     9.9118   3.658595    33.5014  1026.2524    100.548     0.1125      0.980  0.000e+00
    368.750 268.730541       1476     99.947     9.9118   3.658563    33.5009  1026.2530    100.781     0.0923      0.956  0.000e+00
    369.000 268.730544       1477    100.158     9.9115   3.658464    33.5001  1026.2534    100.994     0.0997      0.892  0.000e+00
    369.250 268.730547       1478    100.353     9.9105   3.658596    33.5023  1026.2562    101.190     0.0886      0.819  0.000e+00
    369.500 268.730550       1479    100.530     9.9102   3.658530    33.5018  1026.2567    101.368     0.1875      0.750  0.000e+00
    369.750 268.730553       1480    100.688     9.9101   3.658563    33.5022  1026.2577    101.527     0.1104      0.675  0.000e+00
    370.000 268.730556       1481    100.823     9.9097   3.658530    33.5022  1026.2583    101.664     0.0972      0.591  0.000e+00
    370.250 268.730558       1482    100.944     9.9095   3.658596    33.5030  1026.2596    101.786     0.1018      0.518  0.000e+00
    370.500 268.730561       1483    101.046     9.9092   3.658596    33.5032  1026.2603    101.888     0.1059      0.449  0.000e+00
    370.750 268.730564       1484    101.134     9.9095   3.658629    33.5032  1026.2606    101.977     0.0940      0.382  0.000e+00
    371.000 268.730567       1485    101.218     9.9097   3.658668    33.5034  1026.2611    102.062     0.1063      0.348  0.000e+00
    371.250 268.730570       1486    101.310     9.9095   3.658596    33.5028  1026.2611    102.155     0.0985      0.354  0.000e+00
    371.500 268.730573       1487    101.418     9.9095   3.658596    33.5027  1026.2615    102.264     0.0989      0.404  0.000e+00
    371.750 268.730576       1488    101.554     9.9093   3.658596    33.5028  1026.2623    102.401     0.1211      0.492  0.000e+00
    372.000 268.730579       1489    101.719     9.9093   3.658596    33.5028  1026.2629    102.567     0.1240      0.606  0.000e+00
    372.250 268.730582       1490    101.911     9.9092   3.658563    33.5025  1026.2637    102.761     0.0981      0.720  0.000e+00
    372.500 268.730584       1491    102.127     9.9087   3.658563    33.5029  1026.2650    102.979     0.0894      0.823  0.000e+00
    372.750 268.730587       1492    102.346     9.9087   3.658629    33.5034  1026.2664    103.200     0.1038      0.879  0.000e+00
    373.000 268.730590       1493    102.564     9.9085   3.658596    33.5032  1026.2673    103.419     0.0989      0.881  0.000e+00
    373.250 268.730593       1494    102.771     9.9079   3.658597    33.5036  1026.2687    103.629     0.1125      0.857  0.000e+00
    373.500 268.730596       1495    102.960     9.9072   3.658597    33.5042  1026.2701    103.819     0.0940      0.799  0.000e+00
    373.750 268.730599       1496    103.132     9.9066   3.658564    33.5044  1026.2711    103.993     0.0923      0.728  0.000e+00
    374.000 268.730602       1497    103.295     9.9064   3.658630    33.5051  1026.2725    104.157     0.1595      0.677  0.000e+00
    374.250 268.730605       1498    103.449     9.9061   3.658531    33.5043  1026.2726    104.312     0.1055      0.638  0.000e+00
    374.500 268.730608       1499    103.601     9.9054   3.658564    33.5052  1026.2741    104.466     0.0948      0.617  0.000e+00
    374.750 268.730611       1500    103.756     9.9050   3.658531    33.5052  1026.2749    104.622     0.0981      0.619  0.000e+00
    375.000 268.730613       1501    103.913     9.9042   3.658564    33.5063  1026.2766    104.781     0.1108      0.630  0.000e+00
    375.250 268.730616       1502    104.074     9.9036   3.658531    33.5063  1026.2775    104.943     0.1001      0.642  0.000e+00
    375.500 268.730619       1503    104.227     9.9032   3.658466    33.5060  1026.2780    105.097     0.1059      0.634  0.000e+00
    375.750 268.730622       1504    104.373     9.9021   3.658400    33.5063  1026.2791    105.245     0.1038      0.604  0.000e+00
    376.000 268.730625       1505    104.513     9.9005   3.658466    33.5084  1026.2816    105.385     0.0915      0.576  0.000e+00
    376.250 268.730628       1506    104.654     9.8996   3.658400    33.5085  1026.2825    105.528     0.1141      0.567  0.000e+00
    376.500 268.730631       1507    104.793     9.8991   3.658393    33.5089  1026.2835    105.668     0.0948      0.565  0.000e+00
    376.750 268.730634       1508    104.943     9.8986   3.658400    33.5093  1026.2845    105.819     0.0935      0.582  0.000e+00
    377.000 268.730637       1509    105.105     9.8985   3.658196    33.5073  1026.2838    105.983     0.1030      0.629  0.000e+00
    377.250 268.730639       1510    105.286     9.8964   3.657959    33.5067  1026.2845    106.165     0.1018      0.692  0.000e+00
    377.500 268.730642       1511    105.481     9.8916   3.657861    33.5100  1026.2888    106.362     0.1018      0.759  0.000e+00
    377.750 268.730645       1512    105.693     9.8866   3.657828    33.5143  1026.2939    106.576     0.1541      0.821  0.000e+00
    378.000 268.730648       1513    105.915     9.8830   3.657861    33.5178  1026.2983    106.799     0.1150      0.875  0.000e+00
    378.250 268.730651       1514    106.137     9.8805   3.657828    33.5197  1026.3012    107.024     0.1034      0.896  0.000e+00
    378.500 268.730654       1515    106.354     9.8787   3.657861    33.5217  1026.3041    107.243     0.0948      0.887  0.000e+00
    378.750 268.730657       1516    106.557     9.8772   3.657829    33.5226  1026.3060    107.447     0.1022      0.847  0.000e+00
    379.000 268.730660       1517    106.741     9.8762   3.653390    33.4782  1026.2723    107.633     0.1067      0.780  0.000e+00
    379.250 268.730663       1518    106.902     9.8752   3.657829    33.5243  1026.3092    107.795     0.1141      0.696  0.000e+00
    379.500 268.730666       1519    107.042     9.8740   3.657796    33.5250  1026.3106    107.936     0.1183      0.606  0.000e+00
    379.750 268.730668       1520    107.163     9.8722   3.657730    33.5260  1026.3122    108.058     0.1051      0.527  0.000e+00
    380.000 268.730671       1521    107.278     9.8707   3.657763    33.5277  1026.3143    108.174     0.1063      0.477  0.000e+00
    380.250 268.730674       1522    107.396     9.8696   3.657763    33.5286  1026.3158    108.294     0.1096      0.470  0.000e+00
    380.500 268.730677       1523    107.535     9.8690   3.657730    33.5288  1026.3166    108.433     0.1137      0.518  0.000e+00
    380.750 268.730680       1524    107.698     9.8686   3.657691    33.5287  1026.3174    108.598     0.1244      0.608  0.000e+00
    381.000 268.730683       1525    107.877     9.8680   3.657730    33.5295  1026.3189    108.778     0.1104      0.690  0.000e+00
    381.250 268.730686       1526    108.067     9.8677   3.657731    33.5298  1026.3201    108.970     0.1104      0.746  0.000e+00
    381.500 268.730689       1527    108.261     9.8670   3.657698    33.5300  1026.3213    109.166     0.1166      0.776  0.000e+00
    381.750 268.730692       1528    108.448     9.8662   3.657599    33.5297  1026.3220    109.354     0.1310      0.767  0.000e+00
    382.000 268.730694       1529    108.638     9.8648   3.657599    33.5309  1026.3240    109.546     0.1389      0.761  0.000e+00
    382.250 268.730697       1530    108.827     9.8633   3.657514    33.5313  1026.3254    109.737     0.1562      0.765  0.000e+00
    382.500 268.730700       1531    109.013     9.8620   3.657428    33.5315  1026.3267    109.925     0.1871      0.756  0.000e+00
    382.750 268.730703       1532    109.198     9.8611   3.657461    33.5327  1026.3286    110.110     0.1310      0.748  0.000e+00
    383.000 268.730706       1533    109.370     9.8602   3.657396    33.5327  1026.3295    110.284     0.1203      0.720  0.000e+00
    383.250 268.730709       1534    109.530     9.8593   3.657363    33.5332  1026.3308    110.446     0.1652      0.670  0.000e+00
    383.500 268.730712       1535    109.682     9.8581   3.657297    33.5335  1026.3320    110.599     0.1174      0.630  0.000e+00
    383.750 268.730715       1536    109.821     9.8572   3.657271    33.5341  1026.3332    110.739     0.1875      0.587  0.000e+00
    384.000 268.730718       1537    109.962     9.8564   3.657231    33.5343  1026.3342    110.882     0.1413      0.565  0.000e+00
    384.250 268.730720       1538    110.103     9.8554   3.657199    33.5349  1026.3354    111.024     0.1520      0.569  0.000e+00
    384.500 268.730723       1539    110.252     9.8547   3.657199    33.5354  1026.3366    111.174     0.1393      0.584  0.000e+00
    384.750 268.730726       1540    110.410     9.8546   3.657232    33.5358  1026.3377    111.333     0.1306      0.619  0.000e+00
    385.000 268.730729       1541    110.571     9.8542   3.657199    33.5357  1026.3384    111.495     0.1467      0.642  0.000e+00
    385.250 268.730732       1542    110.739     9.8537   3.657166    33.5358  1026.3393    111.665     0.1409      0.664  0.000e+00
    385.500 268.730735       1543    110.908     9.8534   3.657199    33.5363  1026.3405    111.836     0.1570      0.681  0.000e+00
    385.750 268.730738       1544    111.082     9.8534   3.657127    33.5356  1026.3407    112.011     0.1978      0.692  0.000e+00
    386.000 268.730741       1545    111.252     9.8532   3.657127    33.5356  1026.3416    112.183     0.1459      0.694  0.000e+00
    386.250 268.730744       1546    111.426     9.8529   3.657199    33.5366  1026.3432    112.358     0.1273      0.694  0.000e+00
    386.500 268.730747       1547    111.596     9.8527   3.657166    33.5363  1026.3438    112.530     0.1401      0.694  0.000e+00
    386.750 268.730749       1548    111.765     9.8527   3.657127    33.5359  1026.3443    112.700     0.1492      0.683  0.000e+00
    387.000 268.730752       1549    111.935     9.8525   3.657199    33.5367  1026.3457    112.872     0.1261      0.683  0.000e+00
    387.250 268.730755       1550    112.116     9.8525   3.657094    33.5355  1026.3456    113.054     0.1236      0.709  0.000e+00
    387.500 268.730758       1551    112.308     9.8520   3.656864    33.5336  1026.3450    113.248     0.1376      0.752  0.000e+00
    387.750 268.730761       1552    112.516     9.8504   3.656811    33.5345  1026.3470    113.457     0.1525      0.806  0.000e+00
    388.000 268.730764       1553    112.731     9.8486   3.656798    33.5359  1026.3494    113.674     0.1310      0.853  0.000e+00
    388.250 268.730767       1554    112.945     9.8474   3.656799    33.5370  1026.3514    113.890     0.1290      0.866  0.000e+00
    388.500 268.730770       1555    113.145     9.8468   3.656831    33.5378  1026.3530    114.092     0.1211      0.836  0.000e+00
    388.750 268.730773       1556    113.321     9.8466   3.656799    33.5375  1026.3536    114.269     0.1224      0.759  0.000e+00
    389.000 268.730775       1557    113.460     9.8465   3.656832    33.5379  1026.3546    114.410     0.1195      0.636  0.000e+00
    389.250 268.730778       1558    113.571     9.8465   3.656884    33.5383  1026.3554    114.522     0.1467      0.505  0.000e+00
    389.500 268.730781       1559    113.663     9.8463   3.656799    33.5376  1026.3553    114.614     0.1178      0.408  0.000e+00
    389.750 268.730784       1560    113.757     9.8463   3.656865    33.5383  1026.3563    114.709     0.1409      0.374  0.000e+00
    390.000 268.730787       1561    113.872     9.8463   3.656832    33.5379  1026.3565    114.825     0.1240      0.421  0.000e+00
    390.250 268.730790       1562    114.025     9.8459   3.656832    33.5381  1026.3575    114.980     0.1261      0.542  0.000e+00
    390.500 268.730793       1563    114.218     9.8461   3.656898    33.5386  1026.3586    115.174     0.1352      0.698  0.000e+00
