Raw_Data/Cage/SBE19/2020-09-24_SBE19_006_029_processed.cnv
* Sea-Bird SBE19plus Data File:
* FileName = C:\cruises\2020_barkerboys\leg2\data\cage\SBE19\2020-09-25_SBE19_004_029.hex
* Software Version 1.59
* Temperature SN =  4881
* Conductivity SN =  4881
* System UpLoad Time = Sep 25 2020 12:49:19
* ds
* SeacatPlus V 1.5  SERIAL NO. 4881    25 Sep 2020  12:15:39
# nquan = 12
# nvalues = 8541                                  
# units = specified
# name 0 = timeS: Time, Elapsed [seconds]
# name 1 = timeJ: Julian Days
# name 2 = scan: Scan Count
# name 3 = depSM: Depth [salt water, m], lat = 44.00
# name 4 = tv290C: Temperature [ITS-90, deg C]
# name 5 = c0S/m: Conductivity [S/m]
# name 6 = sal00: Salinity, Practical [PSU]
# name 7 = density00: Density [density, kg/m^3]
# name 8 = prdM: Pressure, Strain Gauge [db]
# name 9 = wetStar: Fluorescence, WET Labs WETstar [mg/m^3]
# name 10 = dz/dtM: Descent Rate [m/s]
# name 11 = flag:  0.000e+00
# span 0 =      0.000,   2135.000                 
# span 1 = 268.796030, 268.820741                 
# span 2 =          1,       8541                 
# span 3 =     -0.112,    161.529                 
# span 4 =     9.9522,    14.1480                 
# span 5 =   0.049799,   3.856479                 
# span 6 =     0.3074,    33.5037                 
# span 7 =   999.4644,  1026.5266                 
# span 8 =     -0.113,    162.901                 
# span 9 =     0.1232,     3.3928                 
# span 10 =     -1.358,      1.174                
# span 11 = 0.0000e+00, 0.0000e+00                
# interval = seconds: 0.25
# start_time = Sep 24 2020 19:06:17 [Instrument's time stamp, header]
# bad_flag = -9.990e-29
*END*
[from data line 7940]
   1985.000 268.819005       7941     -0.103    14.0196   0.051375     0.3184   999.4904     -0.104     0.1821     -0.002  0.000e+00
   1985.250 268.819008       7942     -0.102    14.0198   0.051350     0.3183   999.4902     -0.103     0.1838     -0.002  0.000e+00
   1985.500 268.819010       7943     -0.103    14.0198   0.051309     0.3180   999.4900     -0.104     0.1809      0.000  0.000e+00
   1985.750 268.819013       7944     -0.100    14.0201   0.051268     0.3178   999.4898     -0.101     0.1788      0.004  0.000e+00
   1986.000 268.819016       7945     -0.101    14.0203   0.051237     0.3176   999.4896     -0.102     0.1801      0.004  0.000e+00
   1986.250 268.819019       7946     -0.103    14.0206   0.051227     0.3175   999.4895     -0.104     0.1809     -0.006  0.000e+00
   1986.500 268.819022       7947     -0.103    14.0209   0.051237     0.3175   999.4895     -0.104     0.1776     -0.004  0.000e+00
   1986.750 268.819025       7948     -0.102    14.0210   0.051256     0.3177   999.4896     -0.103     0.1805      0.002  0.000e+00
   1987.000 268.819028       7949     -0.101    14.0212   0.051246     0.3176   999.4895     -0.102     0.1801      0.004  0.000e+00
   1987.250 268.819031       7950     -0.102    14.0214   0.051256     0.3177   999.4895     -0.103     0.1739      0.000  0.000e+00
   1987.500 268.819034       7951     -0.102    14.0216   0.051237     0.3175   999.4894     -0.103     0.1805     -0.002  0.000e+00
   1987.750 268.819036       7952     -0.104    14.0217   0.051218     0.3174   999.4893     -0.105     0.1838     -0.004  0.000e+00
   1988.000 268.819039       7953     -0.102    14.0220   0.051221     0.3174   999.4893     -0.103     0.1796 -6.063e-13  0.000e+00
   1988.250 268.819042       7954     -0.101    14.0222   0.051199     0.3173   999.4891     -0.102     0.1792      0.006  0.000e+00
   1988.500 268.819045       7955     -0.100    14.0224   0.051221     0.3174   999.4892     -0.101     0.1747      0.004  0.000e+00
   1988.750 268.819048       7956     -0.103    14.0226   0.051246     0.3176   999.4893     -0.104     0.1821     -0.004  0.000e+00
   1989.000 268.819051       7957     -0.103    14.0227   0.051277     0.3178   999.4894     -0.104     0.1829     -0.006  0.000e+00
   1989.250 268.819054       7958     -0.104    14.0230   0.051318     0.3181   999.4896     -0.105     0.1792     -0.002  0.000e+00
   1989.500 268.819057       7959     -0.101    14.0231   0.051343     0.3182   999.4897     -0.102     0.1755      0.004  0.000e+00
   1989.750 268.819060       7960     -0.102    14.0235   0.051337     0.3182   999.4896     -0.103     0.1768      0.004  0.000e+00
   1990.000 268.819062       7961     -0.101    14.0235   0.051309     0.3180   999.4895     -0.102     0.1768     -0.000  0.000e+00
   1990.250 268.819065       7962     -0.101    14.0238   0.051262     0.3177   999.4892     -0.102     0.1780      0.002  0.000e+00
   1990.500 268.819068       7963     -0.102    14.0239   0.051205     0.3173   999.4889     -0.103     0.1776     -0.002  0.000e+00
   1990.750 268.819071       7964     -0.102    14.0241   0.051127     0.3168   999.4885     -0.103     0.1792     -0.002  0.000e+00
   1991.000 268.819074       7965     -0.102    14.0244   0.051083     0.3165   999.4882     -0.103     0.1817     -0.000  0.000e+00
   1991.250 268.819077       7966     -0.102    14.0244   0.051070     0.3165   999.4882     -0.103     0.1801     -0.000  0.000e+00
   1991.500 268.819080       7967     -0.102    14.0247   0.051083     0.3165   999.4882     -0.103     0.1751 6.0633e-13  0.000e+00
   1991.750 268.819083       7968     -0.103    14.0250   0.051108     0.3167   999.4883     -0.104     0.1776     -0.002  0.000e+00
   1992.000 268.819086       7969     -0.104    14.0252   0.051146     0.3169   999.4884     -0.105     0.1834     -0.004  0.000e+00
   1992.250 268.819089       7970     -0.103    14.0254   0.051180     0.3171   999.4886     -0.104     0.1846      0.000  0.000e+00
   1992.500 268.819091       7971     -0.101    14.0256   0.051190     0.3172   999.4886     -0.102     0.1809      0.006  0.000e+00
   1992.750 268.819094       7972     -0.101    14.0258   0.051186     0.3172   999.4885     -0.102     0.1755      0.004  0.000e+00
   1993.000 268.819097       7973     -0.101    14.0260   0.051190     0.3172   999.4885     -0.102     0.1788      0.000  0.000e+00
   1993.250 268.819100       7974     -0.101    14.0262   0.051171     0.3171   999.4884     -0.102     0.1805      0.000  0.000e+00
   1993.500 268.819103       7975     -0.101    14.0263   0.051161     0.3170   999.4884     -0.102     0.1780      0.000  0.000e+00
   1993.750 268.819106       7976     -0.103    14.0265   0.051171     0.3171   999.4884     -0.104     0.1801     -0.004  0.000e+00
   1994.000 268.819109       7977     -0.104    14.0267   0.051180     0.3171   999.4884     -0.105     0.1796     -0.006  0.000e+00
   1994.250 268.819112       7978     -0.102    14.0268   0.051171     0.3171   999.4883     -0.103     0.1780      0.002  0.000e+00
   1994.500 268.819115       7979     -0.101    14.0271   0.051152     0.3170   999.4882     -0.102     0.1780      0.006  0.000e+00
   1994.750 268.819117       7980     -0.102    14.0273   0.051114     0.3167   999.4880     -0.103     0.1751 6.0633e-13  0.000e+00
   1995.000 268.819120       7981     -0.103    14.0273   0.051089     0.3166   999.4878     -0.104     0.1801     -0.004  0.000e+00
   1995.250 268.819123       7982     -0.101    14.0277   0.051064     0.3164   999.4877     -0.102     0.1813      0.002  0.000e+00
   1995.500 268.819126       7983     -0.101    14.0279   0.051051     0.3163   999.4876     -0.102     0.1801      0.004  0.000e+00
   1995.750 268.819129       7984     -0.101    14.0281   0.051042     0.3162   999.4875     -0.102     0.1846      0.000  0.000e+00
   1996.000 268.819132       7985     -0.102    14.0281   0.051042     0.3162   999.4875     -0.103     0.1834     -0.002  0.000e+00
   1996.250 268.819135       7986     -0.103    14.0284   0.051073     0.3164   999.4876     -0.104     0.1821     -0.004  0.000e+00
   1996.500 268.819138       7987     -0.102    14.0286   0.051098     0.3166   999.4877     -0.103     0.1788      0.000  0.000e+00
   1996.750 268.819141       7988     -0.102    14.0289   0.051114     0.3167   999.4877     -0.103     0.1735      0.002  0.000e+00
   1997.000 268.819144       7989     -0.102    14.0289   0.051117     0.3167   999.4877     -0.103     0.1755     -0.000  0.000e+00
   1997.250 268.819146       7990     -0.102    14.0292   0.051105     0.3166   999.4876     -0.103     0.1842      0.000  0.000e+00
   1997.500 268.819149       7991     -0.103    14.0295   0.051089     0.3165   999.4875     -0.104     0.1829     -0.002  0.000e+00
   1997.750 268.819152       7992     -0.102    14.0295   0.051089     0.3165   999.4875     -0.103     0.1817 6.0633e-13  0.000e+00
   1998.000 268.819155       7993     -0.102    14.0299   0.051083     0.3165   999.4874     -0.103     0.1792      0.002  0.000e+00
   1998.250 268.819158       7994     -0.102    14.0301   0.051080     0.3165   999.4874     -0.103     0.1772     -0.000  0.000e+00
   1998.500 268.819161       7995     -0.101    14.0302   0.051083     0.3165   999.4874     -0.102     0.1788      0.002  0.000e+00
   1998.750 268.819164       7996     -0.104    14.0305   0.051080     0.3165   999.4873     -0.105     0.1809     -0.004  0.000e+00
   1999.000 268.819167       7997     -0.102    14.0306   0.051058     0.3163   999.4872     -0.103     0.1796     -0.002  0.000e+00
   1999.250 268.819170       7998     -0.101    14.0307   0.051023     0.3161   999.4870     -0.102     0.1792      0.006  0.000e+00
   1999.500 268.819172       7999     -0.102    14.0309   0.050982     0.3158   999.4868     -0.103     0.1813     -0.000  0.000e+00
   1999.750 268.819175       8000     -0.100    14.0310   0.050932     0.3155   999.4865     -0.101     0.1809      0.002  0.000e+00
   2000.000 268.819178       8001     -0.101    14.0314   0.050894     0.3153   999.4863     -0.102     0.1805      0.002  0.000e+00
   2000.250 268.819181       8002     -0.100    14.0316   0.050850     0.3150   999.4860     -0.101     0.1788      0.000  0.000e+00
   2000.500 268.819184       8003     -0.102    14.0316   0.050828     0.3149   999.4859     -0.103     0.1788     -0.002  0.000e+00
   2000.750 268.819187       8004     -0.101    14.0317   0.050822     0.3148   999.4859     -0.102     0.1784     -0.002  0.000e+00
   2001.000 268.819190       8005     -0.103    14.0320   0.050838     0.3149   999.4859     -0.104     0.1838     -0.002  0.000e+00
   2001.250 268.819193       8006     -0.104    14.0322   0.050879     0.3152   999.4861     -0.105     0.1764     -0.006  0.000e+00
   2001.500 268.819196       8007     -0.103    14.0323   0.050941     0.3156   999.4864     -0.104     0.1784 6.0633e-13  0.000e+00
   2001.750 268.819198       8008     -0.103    14.0326   0.051007     0.3160   999.4867     -0.104     0.1829      0.002  0.000e+00
   2002.000 268.819201       8009     -0.102    14.0328   0.051048     0.3162   999.4868     -0.103     0.1772      0.002  0.000e+00
   2002.250 268.819204       8010     -0.102    14.0328   0.051070     0.3164   999.4869     -0.103     0.1788      0.002  0.000e+00
   2002.500 268.819207       8011     -0.100    14.0333   0.051042     0.3162   999.4867     -0.101     0.1772      0.004  0.000e+00
   2002.750 268.819210       8012     -0.102    14.0334   0.051023     0.3161   999.4866     -0.103     0.1801     -0.000  0.000e+00
   2003.000 268.819213       8013     -0.100    14.0335   0.050992     0.3159   999.4865     -0.101     0.1784      0.000  0.000e+00
   2003.250 268.819216       8014     -0.102    14.0337   0.050960     0.3157   999.4863     -0.103     0.1768      0.000  0.000e+00
   2003.500 268.819219       8015     -0.102    14.0339   0.050951     0.3156   999.4862     -0.103     0.1796     -0.004  0.000e+00
   2003.750 268.819222       8016     -0.102    14.0342   0.050941     0.3156   999.4861     -0.103     0.1747     -0.000  0.000e+00
   2004.000 268.819225       8017     -0.103    14.0343   0.050960     0.3157   999.4862     -0.104     0.1801     -0.002  0.000e+00
   2004.250 268.819227       8018     -0.101    14.0345   0.050960     0.3157   999.4861     -0.102     0.1821      0.002  0.000e+00
   2004.500 268.819230       8019     -0.103    14.0345   0.050960     0.3157   999.4861     -0.104     0.1850      0.000  0.000e+00
   2004.750 268.819233       8020     -0.102    14.0348   0.050967     0.3157   999.4861     -0.103     0.1796     -0.002  0.000e+00
   2005.000 268.819236       8021     -0.102    14.0350   0.050960     0.3157   999.4861     -0.103     0.1784      0.002  0.000e+00
   2005.250 268.819239       8022     -0.101    14.0352   0.050960     0.3157   999.4861     -0.102     0.1788      0.002  0.000e+00
   2005.500 268.819242       8023     -0.102    14.0353   0.050941     0.3155   999.4859     -0.103     0.1801 6.0633e-13  0.000e+00
   2005.750 268.819245       8024     -0.100    14.0356   0.050910     0.3153   999.4858     -0.101     0.1776      0.002  0.000e+00
   2006.000 268.819248       8025     -0.102    14.0358   0.050894     0.3152   999.4856     -0.103     0.1809     -0.000  0.000e+00
   2006.250 268.819251       8026     -0.100    14.0358   0.050869     0.3151   999.4855     -0.101     0.1796      0.000  0.000e+00
   2006.500 268.819253       8027     -0.104    14.0361   0.050879     0.3151   999.4855     -0.105     0.1813     -0.004  0.000e+00
   2006.750 268.819256       8028     -0.102    14.0363   0.050894     0.3152   999.4856     -0.103     0.1813     -0.004  0.000e+00
   2007.000 268.819259       8029     -0.102    14.0365   0.050904     0.3153   999.4856     -0.103     0.1788      0.004  0.000e+00
   2007.250 268.819262       8030     -0.102    14.0368   0.050901     0.3153   999.4855     -0.103     0.1817 -1.213e-12  0.000e+00
   2007.500 268.819265       8031     -0.103    14.0368   0.050885     0.3152   999.4854     -0.104     0.1788     -0.002  0.000e+00
   2007.750 268.819268       8032     -0.100    14.0371   0.050854     0.3150   999.4853     -0.101     0.1780      0.004  0.000e+00
   2008.000 268.819271       8033     -0.100    14.0373   0.050803     0.3146   999.4850     -0.101     0.1817      0.006  0.000e+00
   2008.250 268.819274       8034     -0.099    14.0375   0.050747     0.3143   999.4847     -0.099     0.1759      0.002  0.000e+00
   2008.500 268.819277       8035     -0.100    14.0377   0.050731     0.3142   999.4845     -0.101     0.1768      0.000  0.000e+00
   2008.750 268.819280       8036     -0.102    14.0379   0.050722     0.3141   999.4845     -0.103     0.1817     -0.006  0.000e+00
   2009.000 268.819282       8037     -0.101    14.0381   0.050737     0.3142   999.4845     -0.102     0.1788     -0.002  0.000e+00
   2009.250 268.819285       8038     -0.104    14.0382   0.050813     0.3147   999.4849     -0.105     0.1796     -0.004  0.000e+00
   2009.500 268.819288       8039     -0.103    14.0384   0.050901     0.3153   999.4853     -0.104     0.1805     -0.004  0.000e+00
   2009.750 268.819291       8040     -0.102    14.0387   0.050989     0.3158   999.4857     -0.103     0.1817      0.004  0.000e+00
   2010.000 268.819294       8041     -0.102    14.0389   0.051048     0.3162   999.4859     -0.103     0.1796      0.002  0.000e+00
   2010.250 268.819297       8042     -0.100    14.0390   0.051061     0.3163   999.4860     -0.101     0.1792      0.004  0.000e+00
   2010.500 268.819300       8043     -0.100    14.0392   0.051023     0.3160   999.4858     -0.101     0.1809      0.004  0.000e+00
   2010.750 268.819303       8044     -0.103    14.0394   0.050979     0.3158   999.4855     -0.104     0.1805     -0.006  0.000e+00
   2011.000 268.819306       8045     -0.101    14.0396   0.050926     0.3154   999.4852     -0.102     0.1780     -0.002  0.000e+00
   2011.250 268.819308       8046     -0.101    14.0399   0.050869     0.3150   999.4849     -0.102     0.1792      0.004  0.000e+00
   2011.500 268.819311       8047     -0.100    14.0401   0.050838     0.3148   999.4847     -0.101     0.1776      0.002  0.000e+00
   2011.750 268.819314       8048     -0.102    14.0402   0.050832     0.3148   999.4847     -0.103     0.1780     -0.002  0.000e+00
   2012.000 268.819317       8049     -0.103    14.0405   0.050828     0.3148   999.4846     -0.104     0.1780     -0.006  0.000e+00
   2012.250 268.819320       8050     -0.102    14.0407   0.050841     0.3149   999.4847     -0.103     0.1788      0.000  0.000e+00
   2012.500 268.819323       8051     -0.101    14.0409   0.050869     0.3150   999.4848     -0.102     0.1784      0.004  0.000e+00
   2012.750 268.819326       8052     -0.102    14.0411   0.050885     0.3151   999.4848     -0.103     0.1817     -0.000  0.000e+00
   2013.000 268.819329       8053     -0.103    14.0411   0.050901     0.3152   999.4849     -0.104     0.1809     -0.004  0.000e+00
   2013.250 268.819332       8054     -0.101    14.0414   0.050904     0.3153   999.4849     -0.102     0.1796      0.002  0.000e+00
   2013.500 268.819334       8055     -0.102    14.0417   0.050901     0.3152   999.4848     -0.103     0.1792      0.002  0.000e+00
   2013.750 268.819337       8056     -0.101    14.0418   0.050879     0.3151   999.4847     -0.102     0.1792      0.000  0.000e+00
   2014.000 268.819340       8057     -0.103    14.0420   0.050850     0.3149   999.4845     -0.104     0.1801     -0.002  0.000e+00
   2014.250 268.819343       8058     -0.100    14.0422   0.050828     0.3148   999.4844     -0.101     0.1792      0.002  0.000e+00
   2014.500 268.819346       8059     -0.102    14.0423   0.050822     0.3147   999.4843     -0.103     0.1829      0.002  0.000e+00
   2014.750 268.819349       8060     -0.102    14.0425   0.050844     0.3149   999.4844     -0.103     0.1751     -0.004  0.000e+00
