Raw_Data/Cage/SBE19/2020-09-21_SBE19_005_021_processed.cnv
* Sea-Bird SBE19plus Data File:
* FileName = C:\cruises\2020_barkerboys\leg2\data\cage\SBE19\2020-09-25_SBE19_004_021.hex
* Software Version 1.59
* Temperature SN =  4881
* Conductivity SN =  4881
* System UpLoad Time = Sep 25 2020 12:41:09
* ds
* SeacatPlus V 1.5  SERIAL NO. 4881    25 Sep 2020  12:15:39
# nquan = 12
# nvalues = 2733                                  
# units = specified
# name 0 = timeS: Time, Elapsed [seconds]
# name 1 = timeJ: Julian Days
# name 2 = scan: Scan Count
# name 3 = depSM: Depth [salt water, m], lat = 44.00
# name 4 = tv290C: Temperature [ITS-90, deg C]
# name 5 = c0S/m: Conductivity [S/m]
# name 6 = sal00: Salinity, Practical [PSU]
# name 7 = density00: Density [density, kg/m^3]
# name 8 = prdM: Pressure, Strain Gauge [db]
# name 9 = wetStar: Fluorescence, WET Labs WETstar [mg/m^3]
# name 10 = dz/dtM: Descent Rate [m/s]
# name 11 = flag:  0.000e+00
# span 0 =      0.000,    683.000                 
# span 1 = 265.716597, 265.724502                 
# span 2 =          1,       2733                 
# span 3 =      0.143,    166.104                 
# span 4 =     9.9252,    13.0112                 
# span 5 =   0.058816,   3.844063                 
# span 6 =     0.4003,    34.1543                 
# span 7 =   999.9660,  1026.5648                 
# span 8 =      0.144,    167.516                 
# span 9 =     0.1113,     4.3437                 
# span 10 =     -1.416,      1.324                
# span 11 = 0.0000e+00, 0.0000e+00                
# interval = seconds: 0.25
# start_time = Sep 21 2020 17:11:54 [Instrument's time stamp, header]
# bad_flag = -9.990e-29
*END*
[from data line 2166]
    541.500 265.722865       2167     77.002    10.5759   3.684357    33.1617  1025.7698     77.639     0.1529     -1.102  0.000e+00
    541.750 265.722867       2168     76.773    10.5766   3.684389    33.1615  1025.7684     77.408     0.1640     -1.006  0.000e+00
    542.000 265.722870       2169     76.609    10.5773   3.684422    33.1613  1025.7674     77.243     0.1467     -0.793  0.000e+00
    542.250 265.722873       2170     76.502    10.5779   3.684455    33.1611  1025.7667     77.136     0.1566     -0.546  0.000e+00
    542.500 265.722876       2171     76.437    10.5782   3.684488    33.1612  1025.7664     77.070     0.1558     -0.346  0.000e+00
    542.750 265.722879       2172     76.373    10.5786   3.684521    33.1611  1025.7660     77.006     0.1545     -0.260  0.000e+00
    543.000 265.722882       2173     76.278    10.5787   3.684488    33.1608  1025.7653     76.909     0.1636     -0.322  0.000e+00
    543.250 265.722885       2174     76.115    10.5785   3.684356    33.1598  1025.7638     76.745     0.1792     -0.522  0.000e+00
    543.500 265.722888       2175     75.878    10.5783   3.684442    33.1609  1025.7636     76.506     0.1570     -0.806  0.000e+00
    543.750 265.722891       2176     75.590    10.5783   3.684455    33.1611  1025.7624     76.216     0.1504     -1.057  0.000e+00
    544.000 265.722894       2177     75.265    10.5782   3.684455    33.1614  1025.7612     75.887     0.1504     -1.237  0.000e+00
    544.250 265.722896       2178     74.933    10.5781   3.684389    33.1610  1025.7594     75.553     0.1768     -1.325  0.000e+00
    544.500 265.722899       2179     74.659    10.5784   3.684488    33.1618  1025.7587     75.276     0.1689     -1.222  0.000e+00
    544.750 265.722902       2180     74.444    10.5789   3.684521    33.1618  1025.7576     75.060     0.1492     -0.986  0.000e+00
    545.000 265.722905       2181     74.305    10.5793   3.684626    33.1625  1025.7575     74.920     0.1570     -0.713  0.000e+00
    545.250 265.722908       2182     74.218    10.5801   3.684659    33.1622  1025.7567     74.832     0.1487     -0.458  0.000e+00
    545.500 265.722911       2183     74.153    10.5808   3.684626    33.1612  1025.7555     74.766     0.1582     -0.307  0.000e+00
    545.750 265.722914       2184     74.080    10.5815   3.684619    33.1605  1025.7545     74.693     0.1549     -0.277  0.000e+00
    546.000 265.722917       2185     73.981    10.5821   3.684553    33.1594  1025.7531     74.593     0.1652     -0.346  0.000e+00
    546.250 265.722920       2186     73.834    10.5822   3.684626    33.1601  1025.7530     74.445     0.1590     -0.496  0.000e+00
    546.500 265.722922       2187     73.643    10.5822   3.684626    33.1602  1025.7522     74.253     0.1615     -0.681  0.000e+00
    546.750 265.722925       2188     73.419    10.5826   3.684659    33.1602  1025.7511     74.026     0.1611     -0.838  0.000e+00
    547.000 265.722928       2189     73.173    10.5833   3.684626    33.1594  1025.7492     73.778     0.1817     -0.949  0.000e+00
    547.250 265.722931       2190     72.916    10.5840   3.684856    33.1611  1025.7493     73.519     0.1706     -1.014  0.000e+00
    547.500 265.722934       2191     72.661    10.5853   3.684823    33.1597  1025.7468     73.262     0.1520     -1.031  0.000e+00
    547.750 265.722937       2192     72.424    10.5867   3.684869    33.1590  1025.7449     73.023     0.1549     -0.993  0.000e+00
    548.000 265.722940       2193     72.208    10.5878   3.684995    33.1594  1025.7440     72.805     0.1508     -0.915  0.000e+00
    548.250 265.722943       2194     72.018    10.5894   3.685061    33.1587  1025.7424     72.614     0.1681     -0.818  0.000e+00
    548.500 265.722946       2195     71.840    10.5909   3.685126    33.1581  1025.7408     72.434     0.1533     -0.741  0.000e+00
    548.750 265.722948       2196     71.668    10.5926   3.685265    33.1579  1025.7396     72.260     0.3556     -0.707  0.000e+00
    549.000 265.722951       2197     71.496    10.5946   3.685397    33.1576  1025.7382     72.087     0.1731     -0.694  0.000e+00
    549.250 265.722954       2198     71.320    10.5964   3.685397    33.1560  1025.7358     71.910     0.1566     -0.700  0.000e+00
    549.500 265.722957       2199     71.145    10.5978   3.685529    33.1561  1025.7349     71.733     0.1677     -0.709  0.000e+00
    549.750 265.722960       2200     70.959    10.5993   3.685396    33.1535  1025.7318     71.546     0.1788     -0.728  0.000e+00
    550.000 265.722963       2201     70.779    10.6004   3.685469    33.1534  1025.7306     71.364     0.2423     -0.737  0.000e+00
    550.250 265.722966       2202     70.596    10.6010   3.685528    33.1535  1025.7298     71.180     0.1702     -0.732  0.000e+00
    550.500 265.722969       2203     70.394    10.6014   3.685462    33.1525  1025.7280     70.976     0.1669     -0.778  0.000e+00
    550.750 265.722972       2204     70.174    10.6015   3.685462    33.1525  1025.7270     70.754     0.1628     -0.851  0.000e+00
    551.000 265.722975       2205     69.939    10.6019   3.685528    33.1529  1025.7262     70.517     0.1541     -0.917  0.000e+00
    551.250 265.722977       2206     69.685    10.6025   3.685462    33.1519  1025.7241     70.261     0.1623     -0.986  0.000e+00
    551.500 265.722980       2207     69.430    10.6028   3.685528    33.1523  1025.7232     70.003     0.1541     -1.027  0.000e+00
    551.750 265.722983       2208     69.198    10.6036   3.685699    33.1534  1025.7229     69.769     0.1603     -0.984  0.000e+00
    552.000 265.722986       2209     69.001    10.6045   3.685765    33.1534  1025.7218     69.571     0.1632     -0.866  0.000e+00
    552.250 265.722989       2210     68.852    10.6058   3.685686    33.1514  1025.7194     69.420     0.1673     -0.698  0.000e+00
    552.500 265.722992       2211     68.740    10.6070   3.685765    33.1512  1025.7185     69.308     0.1595     -0.526  0.000e+00
    552.750 265.722995       2212     68.639    10.6076   3.685871    33.1518  1025.7184     69.205     0.1619     -0.430  0.000e+00
    553.000 265.722998       2213     68.533    10.6084   3.685937    33.1517  1025.7177     69.099     0.1875     -0.417  0.000e+00
    553.250 265.723001       2214     68.391    10.6096   3.685903    33.1503  1025.7158     68.956     0.1937     -0.498  0.000e+00
    553.500 265.723003       2215     68.209    10.6103   3.685969    33.1505  1025.7149     68.773     0.1685     -0.653  0.000e+00
    553.750 265.723006       2216     68.005    10.6111   3.686035    33.1505  1025.7139     68.566     0.1731     -0.780  0.000e+00
    554.000 265.723009       2217     67.788    10.6119   3.686035    33.1498  1025.7122     68.347     0.1784     -0.851  0.000e+00
    554.250 265.723012       2218     67.569    10.6126   3.686002    33.1489  1025.7104     68.127     0.1834     -0.879  0.000e+00
    554.500 265.723015       2219     67.373    10.6132   3.686002    33.1485  1025.7091     67.929     0.1722     -0.836  0.000e+00
    554.750 265.723018       2220     67.205    10.6136   3.686035    33.1485  1025.7083     67.760     0.1714     -0.735  0.000e+00
    555.000 265.723021       2221     67.058    10.6144   3.686173    33.1493  1025.7080     67.612     0.1805     -0.636  0.000e+00
    555.250 265.723024       2222     66.910    10.6153   3.686101    33.1478  1025.7060     67.462     0.2077     -0.595  0.000e+00
    555.500 265.723027       2223     66.749    10.6161   3.686173    33.1478  1025.7052     67.300     0.1743     -0.623  0.000e+00
    555.750 265.723030       2224     66.562    10.6163   3.686173    33.1477  1025.7042     67.111     0.2101     -0.702  0.000e+00
    556.000 265.723032       2225     66.358    10.6166   3.686134    33.1472  1025.7029     66.906     0.1887     -0.788  0.000e+00
    556.250 265.723035       2226     66.146    10.6166   3.686173    33.1476  1025.7022     66.692     0.1875     -0.838  0.000e+00
    556.500 265.723038       2227     65.933    10.6166   3.686133    33.1474  1025.7011     66.477     0.1681     -0.857  0.000e+00
    556.750 265.723041       2228     65.725    10.6166   3.686147    33.1476  1025.7002     66.268     0.2744     -0.849  0.000e+00
    557.000 265.723044       2229     65.527    10.6168   3.686133    33.1474  1025.6991     66.068     0.1883     -0.818  0.000e+00
    557.250 265.723047       2230     65.348    10.6173   3.686206    33.1477  1025.6985     65.888     0.1677     -0.760  0.000e+00
    557.500 265.723050       2231     65.187    10.6180   3.686371    33.1488  1025.6985     65.724     0.1932     -0.687  0.000e+00
    557.750 265.723053       2232     65.040    10.6190   3.686338    33.1477  1025.6968     65.576     0.1689     -0.623  0.000e+00
    558.000 265.723056       2233     64.890    10.6202   3.686338    33.1466  1025.6951     65.426     0.1743     -0.597  0.000e+00
    558.250 265.723058       2234     64.741    10.6214   3.686436    33.1466  1025.6942     65.275     0.1796     -0.602  0.000e+00
    558.500 265.723061       2235     64.590    10.6223   3.686436    33.1458  1025.6927     65.123     0.1759     -0.606  0.000e+00
    558.750 265.723064       2236     64.426    10.6231   3.686509    33.1459  1025.6919     64.958     0.1949     -0.636  0.000e+00
    559.000 265.723067       2237     64.238    10.6239   3.686535    33.1455  1025.6906     64.767     0.1648     -0.711  0.000e+00
    559.250 265.723070       2238     64.028    10.6248   3.686476    33.1442  1025.6884     64.556     0.1751     -0.803  0.000e+00
    559.500 265.723073       2239     63.798    10.6255   3.686608    33.1450  1025.6879     64.324     0.2073     -0.887  0.000e+00
    559.750 265.723076       2240     63.543    10.6262   3.686641    33.1448  1025.6865     64.067     0.1846     -0.977  0.000e+00
    560.000 265.723079       2241     63.284    10.6268   3.686607    33.1440  1025.6846     63.806     0.1710     -1.035  0.000e+00
    560.250 265.723082       2242     63.042    10.6273   3.686574    33.1433  1025.6828     63.561     0.1710     -1.012  0.000e+00
    560.500 265.723084       2243     62.822    10.6277   3.686574    33.1431  1025.6816     63.340     0.1718     -0.932  0.000e+00
    560.750 265.723087       2244     62.641    10.6281   3.686607    33.1432  1025.6807     63.158     0.1747     -0.808  0.000e+00
    561.000 265.723090       2245     62.499    10.6282   3.686607    33.1431  1025.6800     63.015     0.1661     -0.651  0.000e+00
    561.250 265.723093       2246     62.377    10.6281   3.686673    33.1439  1025.6801     62.891     0.1632     -0.533  0.000e+00
    561.500 265.723096       2247     62.264    10.6284   3.686706    33.1440  1025.6797     62.777     0.1743     -0.475  0.000e+00
    561.750 265.723099       2248     62.147    10.6291   3.686739    33.1437  1025.6788     62.659     0.1689     -0.464  0.000e+00
    562.000 265.723102       2249     62.007    10.6302   3.687009    33.1455  1025.6793     62.518     0.1755     -0.518  0.000e+00
    562.250 265.723105       2250     61.851    10.6322   3.687042    33.1441  1025.6772     62.361     0.1755     -0.597  0.000e+00
    562.500 265.723108       2251     61.680    10.6343   3.687214    33.1440  1025.6760     62.189     0.1792     -0.659  0.000e+00
    562.750 265.723111       2252     61.495    10.6368   3.687517    33.1448  1025.6753     62.002     0.1722     -0.717  0.000e+00
    563.000 265.723113       2253     61.302    10.6400   3.687755    33.1443  1025.6735     61.807     0.1731     -0.762  0.000e+00
    563.250 265.723116       2254     61.098    10.6440   3.687920    33.1425  1025.6704     61.601     0.1796     -0.801  0.000e+00
    563.500 265.723119       2255     60.876    10.6480   3.687880    33.1385  1025.6656     61.378     0.1681     -0.859  0.000e+00
    563.750 265.723122       2256     60.639    10.6504   3.687992    33.1376  1025.6634     61.138     0.1648     -0.926  0.000e+00
    564.000 265.723125       2257     60.384    10.6529   3.688361    33.1392  1025.6630     60.882     0.1681     -0.992  0.000e+00
    564.250 265.723128       2258     60.123    10.6565   3.688665    33.1390  1025.6611     60.619     0.1669     -1.040  0.000e+00
    564.500 265.723131       2259     59.873    10.6611   3.689133    33.1397  1025.6596     60.366     0.1706     -1.031  0.000e+00
    564.750 265.723134       2260     59.634    10.6671   3.689476    33.1377  1025.6560     60.126     0.1842     -0.986  0.000e+00
    565.000 265.723137       2261     59.426    10.6739   3.689978    33.1366  1025.6530     59.915     0.2015     -0.902  0.000e+00
    565.250 265.723139       2262     59.253    10.6813   3.690083    33.1311  1025.6466     59.741     0.1817     -0.769  0.000e+00
    565.500 265.723142       2263     59.108    10.6878   3.690618    33.1306  1025.6444     59.595     0.1867     -0.640  0.000e+00
    565.750 265.723145       2264     58.967    10.6945   3.690822    33.1266  1025.6395     59.452     0.1788     -0.578  0.000e+00
    566.000 265.723148       2265     58.826    10.7007   3.691185    33.1247  1025.6363     59.310     0.1891     -0.569  0.000e+00
    566.250 265.723151       2266     58.662    10.7070   3.691535    33.1225  1025.6327     59.145     0.1788     -0.614  0.000e+00
    566.500 265.723154       2267     58.473    10.7132   3.691733    33.1190  1025.6280     58.955     0.1784     -0.711  0.000e+00
    566.750 265.723157       2268     58.264    10.7191   3.692004    33.1164  1025.6240     58.743     0.1710     -0.803  0.000e+00
    567.000 265.723160       2269     58.044    10.7243   3.692175    33.1135  1025.6198     58.522     0.1796     -0.866  0.000e+00
    567.250 265.723163       2270     57.817    10.7291   3.692881    33.1163  1025.6202     58.293     0.2027     -0.900  0.000e+00
    567.500 265.723166       2271     57.596    10.7357   3.693119    33.1128  1025.6152     58.070     0.1899     -0.904  0.000e+00
    567.750 265.723168       2272     57.387    10.7431   3.693423    33.1092  1025.6102     57.859     0.1834     -0.868  0.000e+00
    568.000 265.723171       2273     57.194    10.7499   3.694202    33.1109  1025.6094     57.665     0.1928     -0.810  0.000e+00
    568.250 265.723174       2274     57.028    10.7589   3.694637    33.1072  1025.6042     57.498     0.1891     -0.724  0.000e+00
    568.500 265.723177       2275     56.875    10.7680   3.694492    33.0975  1025.5944     57.343     0.1932     -0.644  0.000e+00
    568.750 265.723180       2276     56.747    10.7738   3.695482    33.1022  1025.5964     57.214     0.2225     -0.567  0.000e+00
    569.000 265.723183       2277     56.628    10.7820   3.695991    33.0999  1025.5926     57.094     0.2180     -0.498  0.000e+00
    569.250 265.723186       2278     56.508    10.7924   3.696328    33.0940  1025.5857     56.974     0.1908     -0.481  0.000e+00
    569.500 265.723189       2279     56.383    10.8007   3.696942    33.0926  1025.5826     56.847     0.1945     -0.494  0.000e+00
    569.750 265.723192       2280     56.241    10.8096   3.697820    33.0934  1025.5810     56.704     0.2089     -0.539  0.000e+00
    570.000 265.723194       2281     56.084    10.8213   3.697820    33.0829  1025.5700     56.545     0.2167     -0.604  0.000e+00
    570.250 265.723197       2282     55.905    10.8306   3.698328    33.0796  1025.5650     56.365     0.1998     -0.679  0.000e+00
    570.500 265.723200       2283     55.705    10.8389   3.698493    33.0738  1025.5581     56.164     0.2114     -0.763  0.000e+00
    570.750 265.723203       2284     55.490    10.8454   3.698870    33.0718  1025.5544     55.947     0.2081     -0.836  0.000e+00
    571.000 265.723206       2285     55.262    10.8515   3.699174    33.0694  1025.5504     55.717     0.2019     -0.894  0.000e+00
