Raw_Data/Cage/SBE19/2020-09-21_SBE19_005_021_processed.cnv
* Sea-Bird SBE19plus Data File:
* FileName = C:\cruises\2020_barkerboys\leg2\data\cage\SBE19\2020-09-25_SBE19_004_021.hex
* Software Version 1.59
* Temperature SN =  4881
* Conductivity SN =  4881
* System UpLoad Time = Sep 25 2020 12:41:09
* ds
* SeacatPlus V 1.5  SERIAL NO. 4881    25 Sep 2020  12:15:39
# nquan = 12
# nvalues = 2733                                  
# units = specified
# name 0 = timeS: Time, Elapsed [seconds]
# name 1 = timeJ: Julian Days
# name 2 = scan: Scan Count
# name 3 = depSM: Depth [salt water, m], lat = 44.00
# name 4 = tv290C: Temperature [ITS-90, deg C]
# name 5 = c0S/m: Conductivity [S/m]
# name 6 = sal00: Salinity, Practical [PSU]
# name 7 = density00: Density [density, kg/m^3]
# name 8 = prdM: Pressure, Strain Gauge [db]
# name 9 = wetStar: Fluorescence, WET Labs WETstar [mg/m^3]
# name 10 = dz/dtM: Descent Rate [m/s]
# name 11 = flag:  0.000e+00
# span 0 =      0.000,    683.000                 
# span 1 = 265.716597, 265.724502                 
# span 2 =          1,       2733                 
# span 3 =      0.143,    166.104                 
# span 4 =     9.9252,    13.0112                 
# span 5 =   0.058816,   3.844063                 
# span 6 =     0.4003,    34.1543                 
# span 7 =   999.9660,  1026.5648                 
# span 8 =      0.144,    167.516                 
# span 9 =     0.1113,     4.3437                 
# span 10 =     -1.416,      1.324                
# span 11 = 0.0000e+00, 0.0000e+00                
# interval = seconds: 0.25
# start_time = Sep 21 2020 17:11:54 [Instrument's time stamp, header]
# bad_flag = -9.990e-29
*END*
[from data line 602]
    150.500 265.718339        603     19.029    12.9013   3.834970    32.5944  1024.6352     19.184     3.7380      0.799  0.000e+00
    150.750 265.718342        604     19.186    12.9013   3.834903    32.5937  1024.6354     19.342     3.7146      0.689  0.000e+00
    151.000 265.718345        605     19.307    12.9016   3.835078    32.5951  1024.6370     19.464     3.6985      0.560  0.000e+00
    151.250 265.718348        606     19.407    12.9015   3.834897    32.5934  1024.6361     19.565     3.8167      0.447  0.000e+00
    151.500 265.718351        607     19.503    12.9014   3.835004    32.5944  1024.6374     19.662     3.7001      0.395  0.000e+00
    151.750 265.718354        608     19.604    12.9014   3.835044    32.5948  1024.6381     19.764     3.6153      0.397  0.000e+00
    152.000 265.718356        609     19.718    12.9015   3.834971    32.5940  1024.6380     19.879     3.6552      0.434  0.000e+00
    152.250 265.718359        610     19.861    12.9015   3.835078    32.5949  1024.6394     20.022     3.7005      0.518  0.000e+00
    152.500 265.718362        611     20.028    12.9016   3.834971    32.5938  1024.6392     20.191     3.8151      0.625  0.000e+00
    152.750 265.718365        612     20.211    12.9018   3.835111    32.5949  1024.6409     20.376     3.5596      0.707  0.000e+00
    153.000 265.718368        613     20.377    12.9018   3.835078    32.5944  1024.6413     20.543     3.6766      0.704  0.000e+00
    153.250 265.718371        614     20.531    12.9020   3.835219    32.5955  1024.6428     20.698     3.6058      0.644  0.000e+00
    153.500 265.718374        615     20.668    12.9018   3.835252    32.5960  1024.6438     20.836     3.7389      0.586  0.000e+00
    153.750 265.718377        616     20.786    12.9018   3.835112    32.5946  1024.6432     20.955     3.6449      0.515  0.000e+00
    154.000 265.718380        617     20.896    12.9019   3.835112    32.5945  1024.6436     21.066     3.8295      0.460  0.000e+00
    154.250 265.718383        618     21.023    12.9018   3.835078    32.5942  1024.6440     21.194     3.9230      0.477  0.000e+00
    154.500 265.718385        619     21.161    12.9018   3.834931    32.5927  1024.6435     21.333     3.7088      0.535  0.000e+00
    154.750 265.718388        620     21.332    12.9018   3.835253    32.5957  1024.6465     21.505     3.7034      0.623  0.000e+00
    155.000 265.718391        621     21.500    12.9019   3.835213    32.5952  1024.6469     21.675     3.5938      0.683  0.000e+00
    155.250 265.718394        622     21.671    12.9018   3.835253    32.5956  1024.6480     21.848     3.4908      0.685  0.000e+00
    155.500 265.718397        623     21.846    12.9019   3.835360    32.5964  1024.6494     22.024     3.6466      0.698  0.000e+00
    155.750 265.718400        624     22.021    12.9016   3.835253    32.5956  1024.6496     22.200     3.6758      0.704  0.000e+00
    156.000 265.718403        625     22.196    12.9015   3.835313    32.5962  1024.6509     22.377     3.7277      0.706  0.000e+00
    156.250 265.718406        626     22.371    12.9014   3.835394    32.5970  1024.6524     22.553     3.7088      0.707  0.000e+00
    156.500 265.718409        627     22.531    12.9013   3.835394    32.5970  1024.6531     22.714     3.7034      0.674  0.000e+00
    156.750 265.718411        628     22.682    12.9011   3.835360    32.5968  1024.6536     22.867     3.5856      0.627  0.000e+00
    157.000 265.718414        629     22.823    12.9010   3.835320    32.5965  1024.6541     23.008     3.6754      0.588  0.000e+00
    157.250 265.718417        630     22.951    12.9010   3.835314    32.5963  1024.6545     23.138     3.7817      0.543  0.000e+00
    157.500 265.718420        631     23.090    12.9008   3.835428    32.5975  1024.6561     23.278     4.3437      0.539  0.000e+00
    157.750 265.718423        632     23.235    12.9008   3.835468    32.5978  1024.6570     23.424     3.6989      0.571  0.000e+00
    158.000 265.718426        633     23.398    12.9010   3.835428    32.5972  1024.6573     23.588     3.6313      0.621  0.000e+00
    158.250 265.718429        634     23.579    12.9009   3.835414    32.5971  1024.6580     23.771     3.6787      0.694  0.000e+00
    158.500 265.718432        635     23.755    12.9007   3.835569    32.5986  1024.6600     23.949     3.5366      0.722  0.000e+00
    158.750 265.718435        636     23.937    12.9005   3.835502    32.5982  1024.6605     24.132     3.6519      0.722  0.000e+00
    159.000 265.718437        637     24.126    12.9000   3.835569    32.5991  1024.6622     24.323     3.7904      0.747  0.000e+00
    159.250 265.718440        638     24.329    12.8993   3.835582    32.5998  1024.6638     24.528     3.7191      0.792  0.000e+00
    159.500 265.718443        639     24.545    12.8988   3.835784    32.6020  1024.6666     24.745     3.6940      0.844  0.000e+00
    159.750 265.718446        640     24.770    12.8984   3.836032    32.6046  1024.6697     24.972     3.6663      0.889  0.000e+00
    160.000 265.718449        641     25.010    12.8978   3.836032    32.6051  1024.6713     25.214     3.5061      0.939  0.000e+00
    160.250 265.718452        642     25.251    12.8959   3.836280    32.6089  1024.6757     25.457     3.6960      0.969  0.000e+00
    160.500 265.718455        643     25.480    12.8934   3.836387    32.6120  1024.6796     25.688     3.6050      0.947  0.000e+00
    160.750 265.718458        644     25.689    12.8913   3.836488    32.6147  1024.6831     25.898     3.5411      0.883  0.000e+00
    161.000 265.718461        645     25.868    12.8900   3.836528    32.6161  1024.6852     26.079     3.5720      0.784  0.000e+00
    161.250 265.718464        646     26.014    12.8887   3.836843    32.6202  1024.6893     26.226     3.4084      0.657  0.000e+00
    161.500 265.718466        647     26.136    12.8878   3.836522    32.6179  1024.6882     26.349     3.5901      0.539  0.000e+00
    161.750 265.718469        648     26.253    12.8880   3.836562    32.6180  1024.6888     26.467     3.5613      0.481  0.000e+00
    162.000 265.718472        649     26.375    12.8881   3.836703    32.6192  1024.6902     26.591     3.3351      0.483  0.000e+00
    162.250 265.718475        650     26.534    12.8879   3.836669    32.6190  1024.6908     26.750     3.1761      0.567  0.000e+00
    162.500 265.718478        651     26.742    12.8870   3.837099    32.6238  1024.6957     26.960     3.1921      0.739  0.000e+00
    162.750 265.718481        652     26.957    12.8858   3.837870    32.6320  1024.7032     27.177     3.0990      0.853  0.000e+00
    163.000 265.718484        653     27.178    12.8772   3.835926    32.6209  1024.6973     27.400     2.8918      0.881  0.000e+00
    163.250 265.718487        654     27.399    12.8575   3.835819    32.6368  1024.7145     27.622     3.0624      0.891  0.000e+00
    163.500 265.718490        655     27.600    12.8398   3.833734    32.6323  1024.7153     27.825     2.9573      0.850  0.000e+00
    163.750 265.718492        656     27.779    12.8229   3.831938    32.6298  1024.7175     28.006     3.0488      0.767  0.000e+00
    164.000 265.718495        657     27.935    12.8043   3.829781    32.6253  1024.7184     28.163     2.9915      0.674  0.000e+00
    164.250 265.718498        658     28.072    12.7865   3.829111    32.6343  1024.7295     28.301     3.0372      0.591  0.000e+00
    164.500 265.718501        659     28.199    12.7744   3.829641    32.6497  1024.7443     28.429     2.8720      0.533  0.000e+00
    164.750 265.718504        660     28.349    12.7682   3.830204    32.6604  1024.7545     28.580     2.8045      0.558  0.000e+00
    165.000 265.718507        661     28.525    12.7669   3.826647    32.6276  1024.7301     28.757     2.7352      0.657  0.000e+00
    165.250 265.718510        662     28.730    12.7571   3.824638    32.6169  1024.7247     28.965     2.5255      0.769  0.000e+00
    165.500 265.718513        663     28.958    12.7373   3.822422    32.6129  1024.7265     29.194     2.6998      0.874  0.000e+00
    165.750 265.718516        664     29.203    12.7139   3.819571    32.6060  1024.7268     29.441     2.4501      0.954  0.000e+00
    166.000 265.718519        665     29.453    12.6853   3.815523    32.5921  1024.7227     29.694     2.2878      0.999  0.000e+00
    166.250 265.718521        666     29.690    12.6475   3.815705    32.6264  1024.7576     29.932     2.2561      0.981  0.000e+00
    166.500 265.718524        667     29.915    12.6232   3.814374    32.6347  1024.7698     30.159     2.2899      0.930  0.000e+00
    166.750 265.718527        668     30.104    12.6038   3.812194    32.6306  1024.7712     30.350     2.2586      0.835  0.000e+00
    167.000 265.718530        669     30.262    12.5821   3.811599    32.6437  1024.7863     30.509     2.2895      0.700  0.000e+00
    167.250 265.718533        670     30.390    12.5648   3.811078    32.6537  1024.7979     30.638     2.1778      0.576  0.000e+00
    167.500 265.718536        671     30.499    12.5523   3.811252    32.6661  1024.8105     30.748     2.0691      0.479  0.000e+00
    167.750 265.718539        672     30.628    12.5443   3.810236    32.6633  1024.8104     30.878     1.9393      0.481  0.000e+00
    168.000 265.718542        673     30.771    12.5367   3.811038    32.6776  1024.8236     31.022     1.8046      0.548  0.000e+00
    168.250 265.718545        674     30.966    12.5343   3.809393    32.6638  1024.8143     31.219     1.7596      0.681  0.000e+00
    168.500 265.718547        675     31.195    12.5256   3.803472    32.6148  1024.7790     31.449     2.0002      0.855  0.000e+00
    168.750 265.718550        676     31.440    12.4918   3.800006    32.6109  1024.7836     31.696     1.6224      0.956  0.000e+00
    169.000 265.718553        677     31.689    12.4463   3.797389    32.6252  1024.8045     31.948     1.5582      0.997  0.000e+00
    169.250 265.718556        678     31.932    12.4023   3.796168    32.6517  1024.8345     32.193     1.6010      0.992  0.000e+00
    169.500 265.718559        679     32.163    12.3684   3.794112    32.6615  1024.8496     32.426     1.5730      0.956  0.000e+00
    169.750 265.718562        680     32.365    12.3386   3.792751    32.6743  1024.8662     32.630     1.5755      0.874  0.000e+00
    170.000 265.718565        681     32.530    12.3122   3.792685    32.6966  1024.8892     32.796     1.6661      0.741  0.000e+00
    170.250 265.718568        682     32.660    12.2931   3.793312    32.7192  1024.9110     32.927     1.4972      0.595  0.000e+00
    170.500 265.718571        683     32.766    12.2859   3.793826    32.7304  1024.9215     33.033     1.4770      0.475  0.000e+00
    170.750 265.718573        684     32.870    12.2866   3.793766    32.7292  1024.9209     33.139     1.5475      0.423  0.000e+00
    171.000 265.718576        685     32.983    12.2878   3.793453    32.7251  1024.9180     33.252     1.3761      0.438  0.000e+00
    171.250 265.718579        686     33.116    12.2871   3.793520    32.7262  1024.9197     33.387     1.3884      0.496  0.000e+00
    171.500 265.718582        687     33.281    12.2868   3.793586    32.7271  1024.9211     33.553     1.3748      0.601  0.000e+00
    171.750 265.718585        688     33.485    12.2871   3.792332    32.7147  1024.9124     33.758     1.2319      0.743  0.000e+00
    172.000 265.718588        689     33.710    12.2800   3.785541    32.6555  1024.8689     33.986     1.1618      0.865  0.000e+00
    172.250 265.718591        690     33.938    12.2402   3.779009    32.6274  1024.8557     34.216     1.1569      0.915  0.000e+00
    172.500 265.718594        691     34.170    12.1716   3.773074    32.6300  1024.8717     34.450     1.1651      0.928  0.000e+00
    172.750 265.718597        692     34.403    12.0945   3.768973    32.6577  1024.9088     34.684     1.1726      0.936  0.000e+00
    173.000 265.718600        693     34.622    12.0227   3.766745    32.6990  1024.9554     34.905     1.2166      0.911  0.000e+00
    173.250 265.718602        694     34.819    11.9637   3.761629    32.7012  1024.9689     35.104     1.2100      0.840  0.000e+00
    173.500 265.718605        695     35.001    11.9034   3.757487    32.7139  1024.9909     35.287     1.1676      0.765  0.000e+00
    173.750 265.718608        696     35.169    11.8404   3.757627    32.7707  1025.0475     35.457     1.1301      0.707  0.000e+00
    174.000 265.718611        697     35.344    11.8000   3.755939    32.7898  1025.0706     35.633     1.0638      0.691  0.000e+00
    174.250 265.718614        698     35.520    11.7732   3.753487    32.7895  1025.0761     35.810     0.9834      0.707  0.000e+00
    174.500 265.718617        699     35.707    11.7418   3.749839    32.7816  1025.0767     35.999     0.9130      0.732  0.000e+00
    174.750 265.718620        700     35.896    11.7047   3.749667    32.8126  1025.1085     36.189     0.8734      0.758  0.000e+00
    175.000 265.718623        701     36.080    11.6776   3.749568    32.8356  1025.1321     36.375     0.9184      0.752  0.000e+00
    175.250 265.718626        702     36.263    11.6620   3.750046    32.8540  1025.1502     36.560     0.7717      0.741  0.000e+00
    175.500 265.718628        703     36.436    11.6569   3.752458    32.8820  1025.1736     36.734     0.7338      0.717  0.000e+00
    175.750 265.718631        704     36.613    11.6649   3.753249    32.8825  1025.1733     36.912     0.7016      0.704  0.000e+00
    176.000 265.718634        705     36.794    11.6796   3.750704    32.8446  1025.1420     37.095     0.6629      0.722  0.000e+00
    176.250 265.718637        706     36.977    11.6791   3.750080    32.8389  1025.1385     37.279     0.6819      0.735  0.000e+00
    176.500 265.718640        707     37.171    11.6694   3.750013    32.8467  1025.1472     37.475     0.6460      0.760  0.000e+00
    176.750 265.718643        708     37.383    11.6620   3.748811    32.8415  1025.1455     37.689     0.6662      0.818  0.000e+00
    177.000 265.718646        709     37.598    11.6545   3.748260    32.8427  1025.1488     37.905     0.6238      0.861  0.000e+00
    177.250 265.718649        710     37.814    11.6442   3.748054    32.8496  1025.1571     38.123     0.6085      0.870  0.000e+00
    177.500 265.718652        711     38.024    11.6372   3.748121    32.8564  1025.1646     38.335     0.6242      0.859  0.000e+00
    177.750 265.718655        712     38.232    11.6334   3.748021    32.8587  1025.1680     38.544     0.7556      0.842  0.000e+00
    178.000 265.718657        713     38.427    11.6309   3.747298    32.8538  1025.1656     38.742     0.6106      0.814  0.000e+00
    178.250 265.718660        714     38.617    11.6265   3.747231    32.8570  1025.1697     38.933     0.6155      0.778  0.000e+00
    178.500 265.718663        715     38.791    11.6223   3.747125    32.8596  1025.1733     39.108     0.6473      0.732  0.000e+00
    178.750 265.718666        716     38.960    11.6202   3.747856    32.8685  1025.1813     39.279     0.6246      0.692  0.000e+00
    179.000 265.718669        717     39.119    11.6227   3.749364    32.8809  1025.1913     39.439     0.6081      0.662  0.000e+00
    179.250 265.718672        718     39.280    11.6306   3.748122    32.8617  1025.1756     39.601     0.6048      0.644  0.000e+00
    179.500 265.718675        719     39.440    11.6318   3.748327    32.8626  1025.1768     39.763     0.6580      0.649  0.000e+00
    179.750 265.718678        720     39.601    11.6309   3.748122    32.8614  1025.1767     39.925     0.6559      0.649  0.000e+00
    180.000 265.718681        721     39.791    11.6302   3.747404    32.8548  1025.1727     40.117     0.5962      0.707  0.000e+00
