Raw_Data/Cage/SBE19/2020-09-24_SBE19_006_025_processed.cnv
* Sea-Bird SBE19plus Data File:
* FileName = C:\cruises\2020_barkerboys\leg2\data\cage\SBE19\2020-09-25_SBE19_004_025.hex
* Software Version 1.59
* Temperature SN =  4881
* Conductivity SN =  4881
* System UpLoad Time = Sep 25 2020 12:45:07
* ds
* SeacatPlus V 1.5  SERIAL NO. 4881    25 Sep 2020  12:15:39
# nquan = 12
# nvalues = 2662                                  
# units = specified
# name 0 = timeS: Time, Elapsed [seconds]
# name 1 = timeJ: Julian Days
# name 2 = scan: Scan Count
# name 3 = depSM: Depth [salt water, m], lat = 44.00
# name 4 = tv290C: Temperature [ITS-90, deg C]
# name 5 = c0S/m: Conductivity [S/m]
# name 6 = sal00: Salinity, Practical [PSU]
# name 7 = density00: Density [density, kg/m^3]
# name 8 = prdM: Pressure, Strain Gauge [db]
# name 9 = wetStar: Fluorescence, WET Labs WETstar [mg/m^3]
# name 10 = dz/dtM: Descent Rate [m/s]
# name 11 = flag:  0.000e+00
# span 0 =      0.000,    665.250                 
# span 1 = 268.691632, 268.699332                 
# span 2 =          1,       2662                 
# span 3 =     -0.101,    178.125                 
# span 4 =     9.7700,    14.9593                 
# span 5 =   0.052634,   3.907418                 
# span 6 =     0.3190,    33.5844                 
# span 7 =   999.3541,  1026.6985                 
# span 8 =     -0.102,    179.644                 
# span 9 =     0.1129,     4.0783                 
# span 10 =     -1.275,      1.263                
# span 11 = 0.0000e+00, 0.0000e+00                
# interval = seconds: 0.25
# start_time = Sep 24 2020 16:35:57 [Instrument's time stamp, header]
# bad_flag = -9.990e-29
*END*
[from data line 963]
    240.750 268.694418        964     86.723    10.0942   3.668903    33.4431  1026.1166     87.443     0.1669      0.759  0.000e+00
    241.000 268.694421        965     86.958    10.0926   3.668863    33.4441  1026.1186     87.680     0.1661      0.885  0.000e+00
    241.250 268.694424        966     87.225    10.0919   3.668956    33.4455  1026.1212     87.950     0.1751      1.014  0.000e+00
    241.500 268.694427        967     87.508    10.0916   3.668936    33.4455  1026.1225     88.234     0.1599      1.109  0.000e+00
    241.750 268.694430        968     87.795    10.0906   3.668864    33.4456  1026.1240     88.525     0.1611      1.150  0.000e+00
    242.000 268.694433        969     88.068    10.0894   3.669002    33.4480  1026.1273     88.800     0.1611      1.130  0.000e+00
    242.250 268.694436        970     88.319    10.0882   3.669068    33.4496  1026.1299     89.053     0.1628      1.057  0.000e+00
    242.500 268.694439        971     88.539    10.0869   3.669068    33.4507  1026.1320     89.274     0.1529      0.950  0.000e+00
    242.750 268.694442        972     88.730    10.0856   3.669200    33.4532  1026.1350     89.468     0.1545      0.829  0.000e+00
    243.000 268.694444        973     88.902    10.0839   3.669305    33.4558  1026.1382     89.641     0.1829      0.733  0.000e+00
    243.250 268.694447        974     89.059    10.0826   3.669305    33.4569  1026.1399     89.799     0.1603      0.662  0.000e+00
    243.500 268.694450        975     89.218    10.0820   3.669371    33.4580  1026.1416     89.960     0.1887      0.638  0.000e+00
    243.750 268.694453        976     89.372    10.0813   3.669338    33.4583  1026.1427     90.115     0.1846      0.632  0.000e+00
    244.000 268.694456        977     89.525    10.0804   3.669470    33.4604  1026.1452     90.269     0.2019      0.619  0.000e+00
    244.250 268.694459        978     89.674    10.0794   3.669569    33.4622  1026.1475     90.420     0.1714      0.610  0.000e+00
    244.500 268.694462        979     89.821    10.0778   3.669556    33.4635  1026.1494     90.568     0.1792      0.597  0.000e+00
    244.750 268.694465        980     89.962    10.0762   3.669675    33.4661  1026.1523     90.710     0.1656      0.580  0.000e+00
    245.000 268.694468        981     90.098    10.0745   3.669642    33.4673  1026.1542     90.847     0.1619      0.559  0.000e+00
    245.250 268.694470        982     90.243    10.0720   3.669602    33.4692  1026.1567     90.993     0.2880      0.567  0.000e+00
    245.500 268.694473        983     90.398    10.0693   3.669675    33.4723  1026.1603     91.149     0.1809      0.604  0.000e+00
    245.750 268.694476        984     90.568    10.0670   3.669405    33.4716  1026.1610     91.321     0.1743      0.655  0.000e+00
    246.000 268.694479        985     90.757    10.0638   3.668865    33.4690  1026.1603     91.511     0.1784      0.724  0.000e+00
    246.250 268.694482        986     90.962    10.0582   3.668707    33.4725  1026.1650     91.718     0.2015      0.795  0.000e+00
    246.500 268.694485        987     91.179    10.0525   3.668464    33.4752  1026.1691     91.938     0.1978      0.853  0.000e+00
    246.750 268.694488        988     91.401    10.0473   3.668332    33.4785  1026.1735     92.161     0.1809      0.885  0.000e+00
    247.000 268.694491        989     91.617    10.0432   3.668299    33.4820  1026.1779     92.379     0.2353      0.883  0.000e+00
    247.250 268.694494        990     91.825    10.0404   3.668332    33.4848  1026.1815     92.589     0.1784      0.855  0.000e+00
    247.500 268.694497        991     92.025    10.0386   3.668234    33.4853  1026.1831     92.791     0.1924      0.823  0.000e+00
    247.750 268.694499        992     92.217    10.0374   3.668319    33.4873  1026.1858     92.984     0.1846      0.791  0.000e+00
    248.000 268.694502        993     92.401    10.0370   3.668267    33.4870  1026.1864     93.170     0.1924      0.758  0.000e+00
    248.250 268.694505        994     92.588    10.0365   3.668168    33.4864  1026.1869     93.358     0.1772      0.748  0.000e+00
    248.500 268.694508        995     92.770    10.0356   3.668168    33.4871  1026.1885     93.542     0.2596      0.744  0.000e+00
    248.750 268.694511        996     92.950    10.0349   3.667964    33.4856  1026.1882     93.723     0.1875      0.730  0.000e+00
    249.000 268.694514        997     93.136    10.0339   3.667865    33.4855  1026.1892     93.911     0.1772      0.739  0.000e+00
    249.250 268.694517        998     93.314    10.0322   3.667799    33.4863  1026.1908     94.091     0.1768      0.735  0.000e+00
    249.500 268.694520        999     93.488    10.0308   3.667510    33.4846  1026.1906     94.266     0.1858      0.709  0.000e+00
    249.750 268.694523       1000     93.655    10.0286   3.667023    33.4816  1026.1894     94.434     0.1895      0.688  0.000e+00
    250.000 268.694525       1001     93.822    10.0247   3.666891    33.4838  1026.1925     94.603     0.2052      0.675  0.000e+00
    250.250 268.694528       1002     93.981    10.0207   3.666792    33.4865  1026.1960     94.763     0.1862      0.657  0.000e+00
    250.500 268.694531       1003     94.147    10.0176   3.666760    33.4888  1026.1992     94.931     0.1739      0.655  0.000e+00
    250.750 268.694534       1004     94.315    10.0153   3.666694    33.4902  1026.2014     95.100     0.1722      0.675  0.000e+00
    251.000 268.694537       1005     94.489    10.0137   3.666700    33.4918  1026.2037     95.276     0.1714      0.690  0.000e+00
    251.250 268.694540       1006     94.670    10.0129   3.666490    33.4903  1026.2035     95.458     0.1693      0.716  0.000e+00
    251.500 268.694543       1007     94.858    10.0112   3.666358    33.4904  1026.2047     95.647     0.1739      0.744  0.000e+00
    251.750 268.694546       1008     95.051    10.0093   3.666358    33.4921  1026.2072     95.843     0.1677      0.769  0.000e+00
    252.000 268.694549       1009     95.246    10.0079   3.666293    33.4926  1026.2088     96.039     0.1661      0.784  0.000e+00
    252.250 268.694552       1010     95.449    10.0067   3.666220    33.4929  1026.2101     96.244     0.1652      0.801  0.000e+00
    252.500 268.694554       1011     95.647    10.0059   3.666326    33.4946  1026.2125     96.443     0.1722      0.808  0.000e+00
    252.750 268.694557       1012     95.832    10.0058   3.666345    33.4948  1026.2135     96.630     0.1792      0.774  0.000e+00
    253.000 268.694560       1013     96.007    10.0062   3.666293    33.4938  1026.2135     96.806     0.1945      0.726  0.000e+00
    253.250 268.694563       1014     96.165    10.0063   3.666359    33.4944  1026.2146     96.965     0.1796      0.670  0.000e+00
    253.500 268.694566       1015     96.299    10.0063   3.666293    33.4936  1026.2147     97.101     0.1792      0.589  0.000e+00
    253.750 268.694569       1016     96.415    10.0058   3.666221    33.4933  1026.2150     97.218     0.1570      0.505  0.000e+00
    254.000 268.694572       1017     96.521    10.0050   3.666155    33.4933  1026.2156     97.325     0.1545      0.449  0.000e+00
    254.250 268.694575       1018     96.619    10.0043   3.666280    33.4952  1026.2177     97.424     0.1590      0.412  0.000e+00
    254.500 268.694578       1019     96.721    10.0041   3.666293    33.4955  1026.2184     97.526     0.1747      0.402  0.000e+00
    254.750 268.694580       1020     96.832    10.0044   3.666254    33.4948  1026.2183     97.639     0.1755      0.430  0.000e+00
    255.000 268.694583       1021     96.966    10.0044   3.666155    33.4937  1026.2181     97.773     0.1706      0.494  0.000e+00
    255.250 268.694586       1022     97.129    10.0039   3.666155    33.4940  1026.2192     97.938     0.1846      0.597  0.000e+00
    255.500 268.694589       1023     97.315    10.0034   3.665991    33.4928  1026.2191     98.126     0.1895      0.705  0.000e+00
    255.750 268.694592       1024     97.521    10.0025   3.665747    33.4911  1026.2189     98.333     0.1924      0.791  0.000e+00
    256.000 268.694595       1025     97.734    10.0003   3.665253    33.4880  1026.2178     98.548     0.1673      0.844  0.000e+00
    256.250 268.694598       1026     97.949     9.9959   3.665082    33.4903  1026.2213     98.765     0.1974      0.864  0.000e+00
    256.500 268.694601       1027     98.155     9.9913   3.664951    33.4931  1026.2252     98.973     0.2254      0.851  0.000e+00
    256.750 268.694604       1028     98.347     9.9878   3.664852    33.4952  1026.2283     99.167     0.1578      0.804  0.000e+00
    257.000 268.694606       1029     98.527     9.9851   3.664615    33.4952  1026.2296     99.348     0.1689      0.750  0.000e+00
    257.250 268.694609       1030     98.707     9.9825   3.664451    33.4959  1026.2315     99.530     0.1829      0.726  0.000e+00
    257.500 268.694612       1031     98.897     9.9798   3.664339    33.4971  1026.2337     99.721     0.1656      0.745  0.000e+00
    257.750 268.694615       1032     99.104     9.9771   3.664082    33.4970  1026.2350     99.930     0.2188      0.799  0.000e+00
    258.000 268.694618       1033     99.325     9.9740   3.663648    33.4953  1026.2353    100.153     0.1768      0.864  0.000e+00
    258.250 268.694621       1034     99.562     9.9694   3.663477    33.4977  1026.2390    100.392     0.1549      0.924  0.000e+00
    258.500 268.694624       1035     99.797     9.9644   3.663444    33.5019  1026.2442    100.629     0.1747      0.952  0.000e+00
    258.750 268.694627       1036    100.024     9.9615   3.663412    33.5041  1026.2474    100.858     0.1850      0.933  0.000e+00
    259.000 268.694630       1037    100.226     9.9596   3.663352    33.5052  1026.2495    101.062     0.1615      0.866  0.000e+00
    259.250 268.694633       1038    100.400     9.9580   3.663576    33.5089  1026.2535    101.237     0.1623      0.758  0.000e+00
    259.500 268.694635       1039    100.548     9.9579   3.663510    33.5083  1026.2537    101.386     0.1780      0.649  0.000e+00
    259.750 268.694638       1040    100.674     9.9582   3.663412    33.5070  1026.2532    101.513     0.1867      0.552  0.000e+00
    260.000 268.694641       1041    100.787     9.9576   3.663412    33.5074  1026.2542    101.627     0.1516      0.481  0.000e+00
    260.250 268.694644       1042    100.901     9.9561   3.663109    33.5057  1026.2536    101.742     0.1603      0.458  0.000e+00
    260.500 268.694647       1043    101.024     9.9546   3.663353    33.5096  1026.2574    101.867     0.1487      0.479  0.000e+00
    260.750 268.694650       1044    101.166     9.9544   3.663076    33.5069  1026.2560    102.010     0.1545      0.535  0.000e+00
    261.000 268.694653       1045    101.328     9.9535   3.662576    33.5025  1026.2535    102.173     0.1607      0.612  0.000e+00
    261.250 268.694656       1046    101.505     9.9492   3.662675    33.5074  1026.2589    102.351     0.1496      0.683  0.000e+00
    261.500 268.694659       1047    101.688     9.9456   3.662445    33.5083  1026.2610    102.536     0.1681      0.726  0.000e+00
    261.750 268.694661       1048    101.874     9.9429   3.662307    33.5093  1026.2631    102.724     0.1496      0.745  0.000e+00
    262.000 268.694664       1049    102.056     9.9402   3.662083    33.5095  1026.2646    102.908     0.1726      0.744  0.000e+00
    262.250 268.694667       1050    102.224     9.9367   3.661741    33.5092  1026.2656    103.076     0.1582      0.705  0.000e+00
    262.500 268.694670       1051    102.375     9.9318   3.661603    33.5123  1026.2696    103.229     0.1487      0.643  0.000e+00
    262.750 268.694673       1052    102.519     9.9276   3.661504    33.5151  1026.2731    103.374     0.1677      0.595  0.000e+00
    263.000 268.694676       1053    102.663     9.9243   3.661406    33.5171  1026.2759    103.520     0.1508      0.582  0.000e+00
    263.250 268.694679       1054    102.817     9.9223   3.661439    33.5192  1026.2786    103.675     0.1467      0.602  0.000e+00
    263.500 268.694682       1055    102.986     9.9211   3.661485    33.5207  1026.2807    103.846     0.1644      0.651  0.000e+00
    263.750 268.694685       1056    103.177     9.9207   3.661538    33.5216  1026.2824    104.038     0.1471      0.726  0.000e+00
    264.000 268.694687       1057    103.378     9.9206   3.661439    33.5205  1026.2825    104.241     0.1516      0.791  0.000e+00
    264.250 268.694690       1058    103.587     9.9204   3.661340    33.5196  1026.2827    104.452     0.2246      0.827  0.000e+00
    264.500 268.694693       1059    103.785     9.9196   3.661275    33.5196  1026.2838    104.651     0.1595      0.821  0.000e+00
    264.750 268.694696       1060    103.960     9.9185   3.661308    33.5209  1026.2858    104.828     0.1463      0.752  0.000e+00
    265.000 268.694699       1061    104.119     9.9179   3.661314    33.5214  1026.2870    104.988     0.1628      0.673  0.000e+00
    265.250 268.694702       1062    104.255     9.9175   3.661308    33.5217  1026.2879    105.125     0.1492      0.595  0.000e+00
    265.500 268.694705       1063    104.376     9.9174   3.661406    33.5227  1026.2893    105.248     0.1471      0.520  0.000e+00
    265.750 268.694708       1064    104.490     9.9175   3.661374    33.5222  1026.2894    105.363     0.1887      0.475  0.000e+00
    266.000 268.694711       1065    104.612     9.9176   3.661235    33.5206  1026.2887    105.485     0.1656      0.475  0.000e+00
    266.250 268.694714       1066    104.755     9.9170   3.661203    33.5209  1026.2896    105.629     0.1586      0.533  0.000e+00
    266.500 268.694716       1067    104.924     9.9155   3.660959    33.5196  1026.2897    105.800     0.2048      0.630  0.000e+00
    266.750 268.694719       1068    105.127     9.9137   3.660907    33.5207  1026.2918    106.005     0.1607      0.752  0.000e+00
    267.000 268.694722       1069    105.353     9.9119   3.660834    33.5216  1026.2938    106.233     0.1450      0.866  0.000e+00
    267.250 268.694725       1070    105.597     9.9102   3.660874    33.5234  1026.2967    106.479     0.1422      0.947  0.000e+00
    267.500 268.694728       1071    105.852     9.9093   3.660874    33.5242  1026.2985    106.736     0.1525      1.006  0.000e+00
    267.750 268.694731       1072    106.097     9.9086   3.660907    33.5251  1026.3005    106.983     0.1442      1.008  0.000e+00
    268.000 268.694734       1073    106.323     9.9087   3.660927    33.5251  1026.3015    107.211     0.2402      0.950  0.000e+00
    268.250 268.694737       1074    106.529     9.9087   3.660874    33.5244  1026.3019    107.419     0.3572      0.872  0.000e+00
    268.500 268.694740       1075    106.709     9.9083   3.660874    33.5247  1026.3030    107.601     0.1628      0.780  0.000e+00
    268.750 268.694742       1076    106.869     9.9077   3.660802    33.5244  1026.3036    107.762     0.1401      0.685  0.000e+00
    269.000 268.694745       1077    107.012     9.9073   3.660874    33.5255  1026.3052    107.906     0.1438      0.610  0.000e+00
    269.250 268.694748       1078    107.152     9.9072   3.660835    33.5251  1026.3056    108.048     0.2023      0.572  0.000e+00
    269.500 268.694751       1079    107.293     9.9069   3.660822    33.5252  1026.3063    108.189     0.1512      0.567  0.000e+00
    269.750 268.694754       1080    107.437     9.9068   3.660736    33.5244  1026.3064    108.334     0.1422      0.574  0.000e+00
    270.000 268.694757       1081    107.584     9.9058   3.660269    33.5205  1026.3041    108.483     0.1487      0.587  0.000e+00
    270.250 268.694760       1082    107.734     9.9024   3.660204    33.5229  1026.3073    108.634     0.1479      0.600  0.000e+00
