Raw_Data/Cage/SBE19/2020-09-25_SBE19_007_036_processed.cnv
* Sea-Bird SBE19plus Data File:
* FileName = C:\cruises\2020_barkerboys\leg2\data\cage\SBE19\2020-09-25_SBE19_004_036.hex
* Software Version 1.59
* Temperature SN =  4881
* Conductivity SN =  4881
* System UpLoad Time = Sep 25 2020 21:23:36
* ds
* SeacatPlus V 1.5  SERIAL NO. 4881    25 Sep 2020  21:17:28
# nquan = 12
# nvalues = 459                                   
# units = specified
# name 0 = timeS: Time, Elapsed [seconds]
# name 1 = timeJ: Julian Days
# name 2 = scan: Scan Count
# name 3 = depSM: Depth [salt water, m], lat = 44.00
# name 4 = tv290C: Temperature [ITS-90, deg C]
# name 5 = c0S/m: Conductivity [S/m]
# name 6 = sal00: Salinity, Practical [PSU]
# name 7 = density00: Density [density, kg/m^3]
# name 8 = prdM: Pressure, Strain Gauge [db]
# name 9 = wetStar: Fluorescence, WET Labs WETstar [mg/m^3]
# name 10 = dz/dtM: Descent Rate [m/s]
# name 11 = flag:  0.000e+00
# span 0 =      0.000,    114.500                 
# span 1 = 269.817778, 269.819103                 
# span 2 =          1,        459                 
# span 3 =     -0.008,      5.239                 
# span 4 =    12.6740,    13.7040                 
# span 5 =   0.046882,   3.861963                 
# span 6 =     0.2921,    32.8879                 
# span 7 =   999.5144,  1024.8338                 
# span 8 =     -0.008,      5.282                 
# span 9 =     0.1788,     5.6530                 
# span 10 =     -0.251,      0.657                
# span 11 = 0.0000e+00, 0.0000e+00                
# interval = seconds: 0.25
# start_time = Sep 25 2020 19:37:36 [Instrument's time stamp, header]
# bad_flag = -9.990e-29
*END*
[from data line 361]
     90.250 269.818822        362      5.084    12.7283   3.831013    32.7122  1024.6970      5.125     3.0801     -0.110  0.000e+00
     90.500 269.818825        363      5.040    12.7369   3.830021    32.6953  1024.6821      5.081     3.1864     -0.161  0.000e+00
     90.750 269.818828        364      4.999    12.7416   3.829392    32.6853  1024.6733      5.040     3.0311     -0.170  0.000e+00
     91.000 269.818831        365      4.971    12.7407   3.828400    32.6766  1024.6666      5.011     2.9783     -0.140  0.000e+00
     91.250 269.818834        366      4.962    12.7357   3.828259    32.6796  1024.6698      5.002     3.4060     -0.075  0.000e+00
     91.500 269.818837        367      4.973    12.7308   3.828260    32.6839  1024.6741      5.013     3.1316      0.004  0.000e+00
     91.750 269.818840        368      4.998    12.7282   3.828293    32.6864  1024.6768      5.039     3.5918      0.073  0.000e+00
     92.000 269.818843        369      5.025    12.7282   3.828581    32.6892  1024.6790      5.066     3.2280      0.105  0.000e+00
     92.250 269.818845        370      5.050    12.7287   3.829285    32.6954  1024.6838      5.090     3.2193      0.103  0.000e+00
     92.500 269.818848        371      5.063    12.7313   3.830799    32.7075  1024.6928      5.104     3.1159      0.077  0.000e+00
     92.750 269.818851        372      5.059    12.7394   3.831683    32.7089  1024.6923      5.100     3.1765      0.019  0.000e+00
     93.000 269.818854        373      5.049    12.7498   3.830624    32.6898  1024.6754      5.090     3.1897     -0.028  0.000e+00
     93.250 269.818857        374      5.032    12.7528   3.829793    32.6793  1024.6666      5.073     3.1641     -0.054  0.000e+00
     93.500 269.818860        375      5.024    12.7498   3.828996    32.6744  1024.6633      5.065     3.1897     -0.052  0.000e+00
     93.750 269.818863        376      5.024    12.7437   3.828789    32.6777  1024.6671      5.065     3.1847     -0.017  0.000e+00
     94.000 269.818866        377      5.039    12.7387   3.828856    32.6826  1024.6720      5.080     3.2140      0.030  0.000e+00
     94.250 269.818869        378      5.059    12.7352   3.828112    32.6786  1024.6696      5.100     3.2012      0.071  0.000e+00
     94.500 269.818872        379      5.087    12.7309   3.827657    32.6780  1024.6701      5.128     3.1761      0.097  0.000e+00
     94.750 269.818874        380      5.107    12.7256   3.827730    32.6832  1024.6753      5.148     3.1670      0.097  0.000e+00
     95.000 269.818877        381      5.113    12.7223   3.828012    32.6888  1024.6802      5.155     3.1172      0.054  0.000e+00
     95.250 269.818880        382      5.108    12.7215   3.827838    32.6878  1024.6796      5.149     3.1085      0.002  0.000e+00
     95.500 269.818883        383      5.093    12.7210   3.827007    32.6803  1024.6739      5.134     3.0821     -0.041  0.000e+00
     95.750 269.818886        384      5.069    12.7183   3.826846    32.6812  1024.6749      5.110     3.1522     -0.079  0.000e+00
     96.000 269.818889        385      5.035    12.7150   3.826846    32.6841  1024.6777      5.075     3.1402     -0.118  0.000e+00
     96.250 269.818892        386      4.993    12.7131   3.826458    32.6821  1024.6763      5.033     3.1695     -0.152  0.000e+00
     96.500 269.818895        387      4.959    12.7105   3.826532    32.6850  1024.6789      4.999     3.1501     -0.152  0.000e+00
     96.750 269.818898        388      4.931    12.7090   3.827543    32.6960  1024.6876      4.971     3.1538     -0.125  0.000e+00
     97.000 269.818900        389      4.918    12.7112   3.827764    32.6962  1024.6872      4.958     3.1921     -0.082  0.000e+00
     97.250 269.818903        390      4.925    12.7148   3.826846    32.6843  1024.6773      4.965     3.2474     -0.013  0.000e+00
     97.500 269.818906        391      4.946    12.7143   3.827764    32.6934  1024.6846      4.986     3.1617      0.056  0.000e+00
     97.750 269.818909        392      4.979    12.7162   3.831167    32.7242  1024.7082      5.019     3.1905      0.109  0.000e+00
     98.000 269.818912        393      5.012    12.7278   3.828822    32.6917  1024.6810      5.053     3.3458      0.133  0.000e+00
     98.250 269.818915        394      5.041    12.7335   3.829459    32.6929  1024.6809      5.082     3.2189      0.125  0.000e+00
     98.500 269.818918        395      5.063    12.7356   3.828434    32.6813  1024.6717      5.104     3.1489      0.103  0.000e+00
     98.750 269.818921        396      5.083    12.7327   3.827275    32.6728  1024.6657      5.125     3.2082      0.086  0.000e+00
     99.000 269.818924        397      5.099    12.7258   3.827777    32.6835  1024.6754      5.141     3.3124      0.073  0.000e+00
     99.250 269.818927        398      5.109    12.7227   3.828508    32.6931  1024.6835      5.150     3.3001      0.052  0.000e+00
     99.500 269.818929        399      5.115    12.7240   3.826746    32.6753  1024.6695      5.157     3.1242      0.032  0.000e+00
     99.750 269.818932        400      5.114    12.7211   3.826250    32.6731  1024.6683      5.156     3.1349      0.011  0.000e+00
    100.000 269.818935        401      5.105    12.7164   3.827094    32.6852  1024.6786      5.146     3.0949     -0.021  0.000e+00
    100.250 269.818938        402      5.087    12.7152   3.827577    32.6909  1024.6831      5.128     3.0904     -0.056  0.000e+00
    100.500 269.818941        403      5.059    12.7164   3.826954    32.6839  1024.6773      5.100     3.1612     -0.092  0.000e+00
    100.750 269.818944        404      5.024    12.7151   3.826954    32.6850  1024.6783      5.065     3.2272     -0.127  0.000e+00
    101.000 269.818947        405      4.992    12.7136   3.826987    32.6866  1024.6797      5.032     3.1991     -0.135  0.000e+00
    101.250 269.818950        406      4.965    12.7133   3.827342    32.6903  1024.6825      5.005     3.1444     -0.118  0.000e+00
    101.500 269.818953        407      4.949    12.7145   3.827027    32.6863  1024.6790      4.989     3.1600     -0.086  0.000e+00
    101.750 269.818955        408      4.944    12.7145   3.826813    32.6842  1024.6774      4.984     3.1625     -0.043  0.000e+00
    102.000 269.818958        409      4.950    12.7131   3.826779    32.6851  1024.6784      4.990     3.4509      0.002  0.000e+00
    102.250 269.818961        410      4.960    12.7121   3.827201    32.6900  1024.6825      5.000     3.2531      0.032  0.000e+00
    102.500 269.818964        411      4.966    12.7125   3.827443    32.6920  1024.6839      5.007     3.2535      0.032  0.000e+00
    102.750 269.818967        412      4.971    12.7136   3.827838    32.6948  1024.6859      5.011     3.4159      0.021  0.000e+00
    103.000 269.818970        413      4.974    12.7163   3.828119    32.6951  1024.6857      5.014     3.2375      0.015  0.000e+00
    103.250 269.818973        414      4.986    12.7193   3.827556    32.6871  1024.6790      5.027     3.2107      0.032  0.000e+00
    103.500 269.818976        415      5.014    12.7198   3.827235    32.6836  1024.6763      5.055     3.2964      0.082  0.000e+00
    103.750 269.818979        416      5.057    12.7182   3.827777    32.6902  1024.6819      5.098     3.1514      0.142  0.000e+00
    104.000 269.818981        417      5.106    12.7182   3.824911    32.6629  1024.6610      5.147     3.3001      0.185  0.000e+00
    104.250 269.818984        418      5.149    12.7099   3.823994    32.6613  1024.6616      5.191     3.4435      0.187  0.000e+00
    104.500 269.818987        419      5.181    12.6974   3.823960    32.6718  1024.6722      5.223     3.2230      0.152  0.000e+00
    104.750 269.818990        420      5.190    12.6892   3.823987    32.6791  1024.6795      5.232     3.1625      0.082  0.000e+00
    105.000 269.818993        421      5.174    12.6845   3.824175    32.6850  1024.6849      5.216     3.1530     -0.015  0.000e+00
    105.250 269.818996        422      5.141    12.6832   3.825159    32.6955  1024.6932      5.183     3.2235     -0.099  0.000e+00
    105.500 269.818999        423      5.093    12.6860   3.825440    32.6958  1024.6926      5.134     3.0702     -0.163  0.000e+00
    105.750 269.819002        424      5.031    12.6901   3.824771    32.6859  1024.6838      5.072     3.0311     -0.221  0.000e+00
    106.000 269.819005        425      4.968    12.6906   3.824556    32.6835  1024.6816      5.009     3.3664     -0.251  0.000e+00
    106.250 269.819008        426      4.913    12.6892   3.824838    32.6874  1024.6847      4.953     3.1670     -0.238  0.000e+00
    106.500 269.819010        427      4.875    12.6892   3.824737    32.6864  1024.6837      4.914     3.1522     -0.189  0.000e+00
    106.750 269.819013        428      4.862    12.6894   3.824737    32.6863  1024.6836      4.901     3.2395     -0.103  0.000e+00
    107.000 269.819016        429      4.875    12.6890   3.825052    32.6896  1024.6862      4.914     3.2717      0.000  0.000e+00
    107.250 269.819019        430      4.910    12.6892   3.824858    32.6876  1024.6848      4.950     3.2445      0.097  0.000e+00
    107.500 269.819022        431      4.957    12.6895   3.824664    32.6855  1024.6833      4.997     3.2478      0.165  0.000e+00
    107.750 269.819025        432      5.009    12.6890   3.824878    32.6879  1024.6855      5.049     3.2490      0.200  0.000e+00
    108.000 269.819028        433      5.057    12.6890   3.824456    32.6838  1024.6826      5.098     3.2853      0.202  0.000e+00
    108.250 269.819031        434      5.087    12.6875   3.823539    32.6764  1024.6773      5.128     3.3050      0.157  0.000e+00
    108.500 269.819034        435      5.099    12.6830   3.823519    32.6802  1024.6811      5.141     3.4084      0.086  0.000e+00
    108.750 269.819036        436      5.088    12.6788   3.823606    32.6846  1024.6853      5.129     3.4080      0.002  0.000e+00
    109.000 269.819039        437      5.064    12.6774   3.824349    32.6929  1024.6919      5.105     3.3858     -0.071  0.000e+00
    109.250 269.819042        438      5.035    12.6793   3.824664    32.6943  1024.6925      5.076     3.3681     -0.105  0.000e+00
    109.500 269.819045        439      5.006    12.6829   3.824838    32.6928  1024.6905      5.046     3.2989     -0.118  0.000e+00
    109.750 269.819048        440      4.992    12.6857   3.824791    32.6899  1024.6877      5.032     3.2717     -0.088  0.000e+00
    110.000 269.819051        441      4.990    12.6873   3.824697    32.6876  1024.6856      5.030     3.3100     -0.032  0.000e+00
    110.250 269.819054        442      4.994    12.6879   3.824664    32.6869  1024.6849      5.034     3.2346      0.004  0.000e+00
    110.500 269.819057        443      5.007    12.6877   3.824597    32.6864  1024.6846      5.047     3.2684      0.034  0.000e+00
    110.750 269.819060        444      5.013    12.6875   3.824664    32.6872  1024.6853      5.054     3.3026      0.039  0.000e+00
    111.000 269.819062        445      5.014    12.6873   3.824590    32.6866  1024.6849      5.055     3.4105      0.015  0.000e+00
    111.250 269.819065        446      5.008    12.6868   3.824664    32.6878  1024.6858      5.048     3.3483     -0.011  0.000e+00
    111.500 269.819068        447      5.001    12.6869   3.824416    32.6853  1024.6839      5.042     3.4764     -0.026  0.000e+00
    111.750 269.819071        448      5.000    12.6864   3.824382    32.6855  1024.6841      5.041     3.3442     -0.015  0.000e+00
    112.000 269.819074        449      5.002    12.6852   3.824242    32.6851  1024.6841      5.043     3.3475      0.002  0.000e+00
    112.250 269.819077        450      5.021    12.6841   3.824255    32.6862  1024.6852      5.062     3.4439      0.043  0.000e+00
    112.500 269.819080        451      5.043    12.6835   3.824315    32.6873  1024.6863      5.084     3.2886      0.082  0.000e+00
    112.750 269.819083        452      5.067    12.6832   3.824135    32.6859  1024.6854      5.108     3.2152      0.092  0.000e+00
    113.000 269.819086        453      5.080    12.6828   3.824175    32.6866  1024.6860      5.121     3.2634      0.075  0.000e+00
    113.250 269.819089        454      5.085    12.6825   3.824255    32.6876  1024.6869      5.127     3.2993      0.037  0.000e+00
    113.500 269.819091        455      5.075    12.6828   3.824242    32.6872  1024.6865      5.116     3.4917     -0.011  0.000e+00
    113.750 269.819094        456      5.055    12.6830   3.824456    32.6891  1024.6878      5.096     5.6530     -0.060  0.000e+00
    114.000 269.819097        457      5.038    12.6837   3.824382    32.6877  1024.6866      5.079     1.1136     -0.073  0.000e+00
    114.250 269.819100        458      5.029    12.6843   3.824416    32.6876  1024.6863      5.070     0.7099     -0.054  0.000e+00
    114.500 269.819103        459      5.031    12.6845   3.824557    32.6887  1024.6871      5.072     0.3675     -0.015  0.000e+00
