Raw_Data/Cage/SBE19/2020-09-24_SBE19_006_024_processed.cnv
* Sea-Bird SBE19plus Data File:
* FileName = C:\cruises\2020_barkerboys\leg2\data\cage\SBE19\2020-09-25_SBE19_004_024.hex
* Software Version 1.59
* Temperature SN =  4881
* Conductivity SN =  4881
* System UpLoad Time = Sep 25 2020 12:44:01
* ds
* SeacatPlus V 1.5  SERIAL NO. 4881    25 Sep 2020  12:15:39
# nquan = 12
# nvalues = 3128                                  
# units = specified
# name 0 = timeS: Time, Elapsed [seconds]
# name 1 = timeJ: Julian Days
# name 2 = scan: Scan Count
# name 3 = depSM: Depth [salt water, m], lat = 44.00
# name 4 = tv290C: Temperature [ITS-90, deg C]
# name 5 = c0S/m: Conductivity [S/m]
# name 6 = sal00: Salinity, Practical [PSU]
# name 7 = density00: Density [density, kg/m^3]
# name 8 = prdM: Pressure, Strain Gauge [db]
# name 9 = wetStar: Fluorescence, WET Labs WETstar [mg/m^3]
# name 10 = dz/dtM: Descent Rate [m/s]
# name 11 = flag:  0.000e+00
# span 0 =      0.000,    781.750                 
# span 1 = 268.665660, 268.674708                 
# span 2 =          1,       3128                 
# span 3 =     -0.092,    187.106                 
# span 4 =     9.5926,    16.4928                 
# span 5 =   0.051981,   3.901704                 
# span 6 =     0.3036,    33.6479                 
# span 7 =   999.0981,  1026.8186                 
# span 8 =     -0.093,    188.706                 
# span 9 =     0.1413,     3.5625                 
# span 10 =     -1.447,      1.104                
# span 11 = 0.0000e+00, 0.0000e+00                
# interval = seconds: 0.25
# start_time = Sep 24 2020 15:58:33 [Instrument's time stamp, header]
# bad_flag = -9.990e-29
*END*
[from data line 1204]
    301.000 268.669144       1205     97.922    10.1303   3.673583    33.4522  1026.1686     98.738     0.1928      0.658  0.000e+00
    301.250 268.669146       1206     98.058    10.1281   3.673366    33.4520  1026.1694     98.875     0.2208      0.587  0.000e+00
    301.500 268.669149       1207     98.188    10.1256   3.673168    33.4522  1026.1706     99.006     0.2048      0.537  0.000e+00
    301.750 268.669152       1208     98.312    10.1226   3.673129    33.4545  1026.1735     99.131     0.2163      0.511  0.000e+00
    302.000 268.669155       1209     98.434    10.1200   3.673129    33.4569  1026.1764     99.254     0.2171      0.496  0.000e+00
    302.250 268.669158       1210     98.558    10.1180   3.672964    33.4570  1026.1774     99.379     0.1982      0.496  0.000e+00
    302.500 268.669161       1211     98.681    10.1166   3.672866    33.4573  1026.1783     99.504     0.2081      0.498  0.000e+00
    302.750 268.669164       1212     98.806    10.1148   3.672773    33.4579  1026.1797     99.629     0.1990      0.501  0.000e+00
    303.000 268.669167       1213     98.942    10.1126   3.672727    33.4594  1026.1819     99.767     0.1990      0.526  0.000e+00
    303.250 268.669170       1214     99.086    10.1112   3.672727    33.4607  1026.1838     99.912     0.2015      0.565  0.000e+00
    303.500 268.669172       1215     99.247    10.1103   3.672727    33.4614  1026.1853    100.074     0.1875      0.615  0.000e+00
    303.750 268.669175       1216     99.404    10.1097   3.672629    33.4609  1026.1857    100.233     0.1949      0.642  0.000e+00
    304.000 268.669178       1217     99.558    10.1090   3.672563    33.4609  1026.1864    100.388     0.1965      0.627  0.000e+00
    304.250 268.669181       1218     99.703    10.1079   3.672596    33.4621  1026.1882    100.534     0.2035      0.602  0.000e+00
    304.500 268.669184       1219     99.831    10.1077   3.672668    33.4629  1026.1895    100.664     0.1895      0.552  0.000e+00
    304.750 268.669187       1220     99.944    10.1074   3.672530    33.4617  1026.1892    100.778     0.1941      0.488  0.000e+00
    305.000 268.669190       1221    100.048    10.1062   3.672326    33.4608  1026.1891    100.882     0.2464      0.436  0.000e+00
    305.250 268.669193       1222    100.156    10.1044   3.672392    33.4630  1026.1917    100.991     0.2114      0.427  0.000e+00
    305.500 268.669196       1223    100.270    10.1033   3.672326    33.4634  1026.1926    101.106     0.2167      0.449  0.000e+00
    305.750 268.669198       1224    100.403    10.1027   3.672326    33.4639  1026.1937    101.241     0.2048      0.498  0.000e+00
    306.000 268.669201       1225    100.555    10.1018   3.672227    33.4637  1026.1944    101.393     0.1916      0.574  0.000e+00
    306.250 268.669204       1226    100.717    10.1007   3.672175    33.4640  1026.1956    101.556     0.1904      0.632  0.000e+00
    306.500 268.669207       1227    100.878    10.1001   3.672195    33.4647  1026.1970    101.720     0.1879      0.653  0.000e+00
    306.750 268.669210       1228    101.029    10.0991   3.672129    33.4649  1026.1980    101.871     0.1924      0.629  0.000e+00
    307.000 268.669213       1229    101.155    10.0979   3.671892    33.4635  1026.1977    101.999     0.1945      0.559  0.000e+00
    307.250 268.669216       1230    101.256    10.0963   3.671826    33.4643  1026.1990    102.100     0.2007      0.458  0.000e+00
    307.500 268.669219       1231    101.327    10.0941   3.671589    33.4639  1026.1995    102.172     0.2056      0.346  0.000e+00
    307.750 268.669222       1232    101.377    10.0915   3.671688    33.4673  1026.2028    102.223     0.1854      0.245  0.000e+00
    308.000 268.669225       1233    101.420    10.0895   3.671609    33.4683  1026.2041    102.265     0.1937      0.187  0.000e+00
    308.250 268.669227       1234    101.467    10.0887   3.671753    33.4705  1026.2062    102.314     0.1904      0.183  0.000e+00
    308.500 268.669230       1235    101.536    10.0887   3.671753    33.4704  1026.2064    102.382     0.1895      0.234  0.000e+00
    308.750 268.669233       1236    101.649    10.0891   3.671754    33.4701  1026.2066    102.496     0.2060      0.365  0.000e+00
    309.000 268.669236       1237    101.802    10.0896   3.671892    33.4709  1026.2079    102.651     0.1932      0.537  0.000e+00
    309.250 268.669239       1238    102.002    10.0897   3.670416    33.4558  1026.1970    102.853     0.1883      0.713  0.000e+00
    309.500 268.669242       1239    102.213    10.0822   3.669811    33.4565  1026.1997    103.066     0.1834      0.829  0.000e+00
    309.750 268.669245       1240    102.418    10.0704   3.669561    33.4647  1026.2091    103.272     0.2171      0.838  0.000e+00
    310.000 268.669248       1241    102.608    10.0605   3.669008    33.4682  1026.2144    103.464     0.1875      0.797  0.000e+00
    310.250 268.669251       1242    102.769    10.0511   3.668869    33.4754  1026.2224    103.627     0.1784      0.709  0.000e+00
    310.500 268.669253       1243    102.902    10.0439   3.668870    33.4820  1026.2293    103.761     0.1912      0.593  0.000e+00
    310.750 268.669256       1244    103.004    10.0397   3.668672    33.4838  1026.2319    103.864     0.1887      0.475  0.000e+00
    311.000 268.669259       1245    103.082    10.0364   3.668705    33.4872  1026.2355    103.942     0.1850      0.363  0.000e+00
    311.250 268.669262       1246    103.142    10.0342   3.668540    33.4875  1026.2364    104.003     0.2163      0.277  0.000e+00
    311.500 268.669265       1247    103.191    10.0322   3.668573    33.4897  1026.2387    104.052     0.1904      0.219  0.000e+00
    311.750 268.669268       1248    103.246    10.0310   3.668501    33.4901  1026.2394    104.108     0.1879      0.210  0.000e+00
    312.000 268.669271       1249    103.308    10.0300   3.668501    33.4910  1026.2405    104.170     0.1850      0.236  0.000e+00
    312.250 268.669274       1250    103.390    10.0293   3.668541    33.4920  1026.2418    104.253     0.1871      0.290  0.000e+00
    312.500 268.669277       1251    103.499    10.0292   3.668606    33.4927  1026.2429    104.362     0.1792      0.384  0.000e+00
    312.750 268.669280       1252    103.635    10.0293   3.668132    33.4877  1026.2396    104.500     0.1846      0.494  0.000e+00
    313.000 268.669282       1253    103.792    10.0266   3.667336    33.4820  1026.2363    104.658     0.1883      0.591  0.000e+00
    313.250 268.669285       1254    103.962    10.0194   3.667132    33.4866  1026.2419    104.830     0.1854      0.660  0.000e+00
    313.500 268.669288       1255    104.141    10.0125   3.667027    33.4918  1026.2480    105.010     0.1838      0.705  0.000e+00
    313.750 268.669291       1256    104.322    10.0076   3.666763    33.4936  1026.2510    105.193     0.2184      0.726  0.000e+00
    314.000 268.669294       1257    104.508    10.0035   3.666698    33.4967  1026.2550    105.381     0.1805      0.741  0.000e+00
    314.250 268.669297       1258    104.686     9.9996   3.666395    33.4971  1026.2568    105.560     0.1895      0.735  0.000e+00
    314.500 268.669300       1259    104.856     9.9958   3.666329    33.4999  1026.2604    105.731     0.1755      0.701  0.000e+00
    314.750 268.669303       1260    105.018     9.9923   3.666244    33.5022  1026.2635    105.894     0.1796      0.668  0.000e+00
    315.000 268.669306       1261    105.164     9.9899   3.666191    33.5038  1026.2659    106.043     0.1788      0.623  0.000e+00
    315.250 268.669308       1262    105.296     9.9878   3.665961    33.5033  1026.2664    106.175     0.1862      0.561  0.000e+00
    315.500 268.669311       1263    105.404     9.9852   3.665757    33.5037  1026.2676    106.284     0.1731      0.483  0.000e+00
    315.750 268.669314       1264    105.499     9.9821   3.665790    33.5068  1026.2710    106.380     0.1817      0.410  0.000e+00
    316.000 268.669317       1265    105.585     9.9795   3.665757    33.5089  1026.2735    106.467     0.1776      0.365  0.000e+00
    316.250 268.669320       1266    105.664     9.9779   3.665750    33.5102  1026.2751    106.546     0.1743      0.333  0.000e+00
    316.500 268.669323       1267    105.745     9.9773   3.665790    33.5111  1026.2763    106.628     0.1764      0.322  0.000e+00
    316.750 268.669326       1268    105.827     9.9778   3.665994    33.5128  1026.2779    106.711     0.1747      0.329  0.000e+00
    317.000 268.669329       1269    105.929     9.9788   3.665928    33.5111  1026.2769    106.814     0.1665      0.372  0.000e+00
    317.250 268.669332       1270    106.041     9.9798   3.665724    33.5081  1026.2749    106.927     0.1854      0.432  0.000e+00
    317.500 268.669334       1271    106.170     9.9792   3.665625    33.5075  1026.2751    107.057     0.1718      0.486  0.000e+00
    317.750 268.669337       1272    106.309     9.9778   3.665540    33.5079  1026.2763    107.197     0.1801      0.542  0.000e+00
    318.000 268.669340       1273    106.460     9.9758   3.665487    33.5092  1026.2783    107.349     0.1871      0.584  0.000e+00
    318.250 268.669343       1274    106.625     9.9743   3.665421    33.5098  1026.2798    107.515     0.2114      0.636  0.000e+00
    318.500 268.669346       1275    106.791     9.9728   3.665086    33.5077  1026.2792    107.683     0.1871      0.668  0.000e+00
    318.750 268.669349       1276    106.953     9.9703   3.664954    33.5086  1026.2811    107.846     0.1751      0.662  0.000e+00
    319.000 268.669352       1277    107.101     9.9671   3.664823    33.5102  1026.2835    107.996     0.1805      0.625  0.000e+00
    319.250 268.669355       1278    107.224     9.9647   3.664921    33.5133  1026.2869    108.120     0.1801      0.548  0.000e+00
    319.500 268.669358       1279    107.325     9.9632   3.664836    33.5138  1026.2880    108.221     0.1673      0.451  0.000e+00
    319.750 268.669361       1280    107.398     9.9619   3.664790    33.5146  1026.2892    108.295     0.1953      0.350  0.000e+00
    320.000 268.669363       1281    107.451     9.9606   3.664717    33.5149  1026.2899    108.349     0.1772      0.256  0.000e+00
    320.250 268.669366       1282    107.503     9.9597   3.664856    33.5172  1026.2921    108.402     0.1693      0.213  0.000e+00
    320.500 268.669369       1283    107.571     9.9598   3.664889    33.5174  1026.2925    108.469     0.1656      0.241  0.000e+00
    320.750 268.669372       1284    107.662     9.9600   3.664987    33.5182  1026.2935    108.562     0.2258      0.320  0.000e+00
    321.000 268.669375       1285    107.788     9.9609   3.665119    33.5186  1026.2943    108.688     0.1661      0.438  0.000e+00
    321.250 268.669378       1286    107.935     9.9623   3.664988    33.5159  1026.2926    108.837     0.1669      0.550  0.000e+00
    321.500 268.669381       1287    108.091     9.9626   3.664586    33.5115  1026.2898    108.995     0.1722      0.612  0.000e+00
    321.750 268.669384       1288    108.247     9.9605   3.664586    33.5133  1026.2923    109.152     0.1780      0.630  0.000e+00
    322.000 268.669387       1289    108.390     9.9584   3.664455    33.5140  1026.2938    109.295     0.1673      0.602  0.000e+00
    322.250 268.669389       1290    108.531     9.9561   3.664349    33.5149  1026.2956    109.438     0.1739      0.574  0.000e+00
    322.500 268.669392       1291    108.663     9.9543   3.664132    33.5143  1026.2960    109.572     0.1731      0.552  0.000e+00
    322.750 268.669395       1292    108.792     9.9522   3.664284    33.5177  1026.2997    109.702     0.1780      0.526  0.000e+00
    323.000 268.669398       1293    108.924     9.9507   3.664317    33.5194  1026.3018    109.835     0.1722      0.527  0.000e+00
    323.250 268.669401       1294    109.065     9.9503   3.664119    33.5177  1026.3012    109.977     0.1677      0.550  0.000e+00
    323.500 268.669404       1295    109.214     9.9485   3.663718    33.5152  1026.3002    110.127     0.1702      0.584  0.000e+00
    323.750 268.669407       1296    109.368     9.9446   3.663481    33.5164  1026.3025    110.283     0.1764      0.612  0.000e+00
    324.000 268.669410       1297    109.521     9.9404   3.663534    33.5207  1026.3073    110.436     0.1681      0.619  0.000e+00
    324.250 268.669413       1298    109.659     9.9381   3.663145    33.5189  1026.3069    110.576     0.1731      0.587  0.000e+00
    324.500 268.669416       1299    109.782     9.9349   3.663145    33.5218  1026.3103    110.700     0.1792      0.526  0.000e+00
    324.750 268.669418       1300    109.882     9.9319   3.663211    33.5252  1026.3139    110.801     0.1615      0.449  0.000e+00
    325.000 268.669421       1301    109.964     9.9313   3.663284    33.5264  1026.3153    110.883     0.1702      0.367  0.000e+00
    325.250 268.669424       1302    110.030     9.9314   3.663350    33.5270  1026.3161    110.950     0.1656      0.299  0.000e+00
    325.500 268.669427       1303    110.095     9.9317   3.663396    33.5272  1026.3164    111.016     0.1792      0.264  0.000e+00
    325.750 268.669430       1304    110.178     9.9326   3.663383    33.5262  1026.3159    111.099     0.1698      0.299  0.000e+00
    326.000 268.669433       1305    110.295     9.9328   3.663620    33.5283  1026.3180    111.217     0.1739      0.404  0.000e+00
    326.250 268.669436       1306    110.466     9.9338   3.663179    33.5228  1026.3144    111.389     0.1850      0.580  0.000e+00
    326.500 268.669439       1307    110.652     9.9322   3.662646    33.5188  1026.3123    111.577     0.1689      0.720  0.000e+00
    326.750 268.669442       1308    110.856     9.9273   3.662613    33.5229  1026.3174    111.784     0.1747      0.788  0.000e+00
    327.000 268.669444       1309    111.043     9.9232   3.662514    33.5256  1026.3210    111.972     0.1619      0.789  0.000e+00
    327.250 268.669447       1310    111.205     9.9204   3.662580    33.5288  1026.3247    112.135     0.1673      0.703  0.000e+00
    327.500 268.669450       1311    111.328     9.9186   3.662481    33.5295  1026.3261    112.260     0.1714      0.576  0.000e+00
    327.750 268.669453       1312    111.419     9.9173   3.662179    33.5275  1026.3252    112.351     0.1941      0.432  0.000e+00
    328.000 268.669456       1313    111.485     9.9148   3.662310    33.5311  1026.3287    112.418     0.1875      0.316  0.000e+00
    328.250 268.669459       1314    111.546     9.9131   3.662311    33.5327  1026.3305    112.479     0.1706      0.256  0.000e+00
    328.500 268.669462       1315    111.612     9.9126   3.662370    33.5338  1026.3317    112.545     0.1549      0.255  0.000e+00
    328.750 268.669465       1316    111.695     9.9125   3.662343    33.5336  1026.3320    112.629     0.1558      0.301  0.000e+00
    329.000 268.669468       1317    111.803     9.9125   3.662409    33.5342  1026.3330    112.739     0.1603      0.387  0.000e+00
    329.250 268.669470       1318    111.930     9.9130   3.662482    33.5344  1026.3336    112.867     0.1603      0.475  0.000e+00
    329.500 268.669473       1319    112.078     9.9133   3.662080    33.5299  1026.3308    113.016     0.1603      0.554  0.000e+00
    329.750 268.669476       1320    112.214     9.9115   3.661876    33.5295  1026.3313    113.153     0.1759      0.574  0.000e+00
    330.000 268.669479       1321    112.348     9.9081   3.661738    33.5311  1026.3338    113.288     0.1644      0.544  0.000e+00
    330.250 268.669482       1322    112.480     9.9055   3.661745    33.5336  1026.3368    113.421     0.1574      0.535  0.000e+00
    330.500 268.669485       1323    112.618     9.9037   3.661640    33.5341  1026.3381    113.561     0.1611      0.546  0.000e+00
