Raw_Data/Cage/SBE19/2020-09-26_SBE19_008_039_processed.cnv
* Sea-Bird SBE19plus Data File:
* FileName = C:\cruises\2020_barkerboys\leg2\data\cage\SBE19\2020-09-25_SBE19_008_037039.hex
* Software Version 1.59
* Temperature SN =  4881
* Conductivity SN =  4881
* System UpLoad Time = Sep 26 2020 18:14:16
* ds
* SeacatPlus V 1.5  SERIAL NO. 4881    26 Sep 2020  18:11:53
# nquan = 12
# nvalues = 2196                                  
# units = specified
# name 0 = timeS: Time, Elapsed [seconds]
# name 1 = timeJ: Julian Days
# name 2 = scan: Scan Count
# name 3 = depSM: Depth [salt water, m], lat = 44.00
# name 4 = tv290C: Temperature [ITS-90, deg C]
# name 5 = c0S/m: Conductivity [S/m]
# name 6 = sal00: Salinity, Practical [PSU]
# name 7 = density00: Density [density, kg/m^3]
# name 8 = prdM: Pressure, Strain Gauge [db]
# name 9 = wetStar: Fluorescence, WET Labs WETstar [mg/m^3]
# name 10 = dz/dtM: Descent Rate [m/s]
# name 11 = flag:  0.000e+00
# span 0 =      0.000,    548.750                 
# span 1 = 270.566562, 270.572914                 
# span 2 =          1,       2196                 
# span 3 =      0.001,    144.756                 
# span 4 =    10.1974,    12.4857                 
# span 5 =   0.050013,   3.790649                 
# span 6 =     0.3236,    33.4042                 
# span 7 =   999.7197,  1026.3319                 
# span 8 =      0.001,    145.979                 
# span 9 =     0.1615,    16.9494                 
# span 10 =     -1.125,      1.231                
# span 11 = 0.0000e+00, 0.0000e+00                
# interval = seconds: 0.25
# start_time = Sep 26 2020 13:35:51 [Instrument's time stamp, header]
# bad_flag = -9.990e-29
*END*
      0.000 270.566562          1      0.005    12.2809   0.051077     0.3307   999.7253      0.005     0.1714      0.000  0.000e+00
      0.250 270.566565          2      0.004    12.2809   0.051083     0.3308   999.7253      0.004     0.1722     -0.002  0.000e+00
      0.500 270.566568          3      0.005    12.2809   0.051080     0.3307   999.7253      0.005     0.1747      0.000  0.000e+00
      0.750 270.566571          4      0.006    12.2809   0.051064     0.3306   999.7253      0.006     0.1768      0.004  0.000e+00
      1.000 270.566574          5      0.005    12.2808   0.051061     0.3306   999.7252      0.005     0.1772      0.000  0.000e+00
      1.250 270.566577          6      0.006    12.2809   0.051042     0.3305   999.7251      0.006     0.1792     -0.000  0.000e+00
      1.500 270.566580          7      0.005    12.2808   0.051023     0.3304   999.7250      0.005     0.1788      0.000  0.000e+00
      1.750 270.566583          8      0.007    12.2808   0.051001     0.3302   999.7249      0.007     0.1759      0.002  0.000e+00
      2.000 270.566586          9      0.005    12.2808   0.050979     0.3301   999.7248      0.005     0.1784      0.000  0.000e+00
      2.250 270.566589         10      0.006    12.2808   0.050951     0.3299   999.7247      0.006     0.1821     -0.002  0.000e+00
      2.500 270.566591         11      0.005    12.2806   0.050942     0.3298   999.7246      0.005     0.1805      0.000  0.000e+00
      2.750 270.566594         12      0.006    12.2806   0.050926     0.3297   999.7246      0.006     0.1784     -0.000  0.000e+00
      3.000 270.566597         13      0.007    12.2806   0.050923     0.3297   999.7246      0.007     0.1805      0.004  0.000e+00
      3.250 270.566600         14      0.005    12.2806   0.050923     0.3297   999.7245      0.005     0.1821     -0.002  0.000e+00
      3.500 270.566603         15      0.006    12.2805   0.050910     0.3296   999.7245      0.006     0.1817     -0.002  0.000e+00
      3.750 270.566606         16      0.007    12.2806   0.050923     0.3297   999.7246      0.007     0.1792      0.004  0.000e+00
      4.000 270.566609         17      0.006    12.2805   0.050920     0.3297   999.7245      0.006     0.1784      0.000  0.000e+00
      4.250 270.566612         18      0.006    12.2805   0.050895     0.3295   999.7244      0.006     0.1784     -0.002  0.000e+00
      4.500 270.566615         19      0.004    12.2804   0.050895     0.3295   999.7244      0.004     0.1796     -0.004  0.000e+00
      4.750 270.566617         20      0.007    12.2804   0.050879     0.3294   999.7243      0.007     0.1784      0.002  0.000e+00
      5.000 270.566620         21      0.005    12.2804   0.050879     0.3294   999.7243      0.005     0.1805      0.002  0.000e+00
      5.250 270.566623         22      0.005    12.2803   0.050885     0.3294   999.7244      0.005     0.1796     -0.004  0.000e+00
      5.500 270.566626         23      0.004    12.2803   0.050885     0.3294   999.7244      0.004     0.1809     -0.002  0.000e+00
      5.750 270.566629         24      0.007    12.2804   0.050879     0.3294   999.7244      0.007     0.1776      0.004  0.000e+00
      6.000 270.566632         25      0.006    12.2804   0.050879     0.3294   999.7244      0.006     0.1817      0.004  0.000e+00
      6.250 270.566635         26      0.005    12.2802   0.050860     0.3293   999.7243      0.005     0.1805     -0.004  0.000e+00
      6.500 270.566638         27      0.006    12.2802   0.050860     0.3293   999.7243      0.006     0.1788      0.000  0.000e+00
      6.750 270.566641         28      0.007    12.2802   0.050860     0.3293   999.7243      0.007     0.1821      0.004  0.000e+00
      7.000 270.566644         29      0.005    12.2802   0.050844     0.3292   999.7242      0.005     0.1862     -0.002  0.000e+00
      7.250 270.566646         30      0.006    12.2802   0.050851     0.3292   999.7242      0.006     0.1904     -0.002  0.000e+00
      7.500 270.566649         31      0.005    12.2800   0.050838     0.3291   999.7242      0.005     0.1801     -0.000  0.000e+00
      7.750 270.566652         32      0.005    12.2801   0.050832     0.3291   999.7241      0.005     0.1784     -0.002  0.000e+00
      8.000 270.566655         33      0.004    12.2800   0.050829     0.3291   999.7241      0.004     0.1792     -0.002  0.000e+00
      8.250 270.566658         34      0.005    12.2802   0.050841     0.3291   999.7242      0.005     0.1792      0.000  0.000e+00
      8.500 270.566661         35      0.004    12.2800   0.050832     0.3291   999.7241      0.004     0.1813      0.000  0.000e+00
      8.750 270.566664         36      0.005    12.2800   0.050829     0.3291   999.7241      0.005     0.1842 -1.480e-16  0.000e+00
      9.000 270.566667         37      0.005    12.2800   0.050813     0.3290   999.7241      0.005     0.1805      0.002  0.000e+00
      9.250 270.566670         38      0.005    12.2800   0.050797     0.3288   999.7240      0.005     0.1809 -1.480e-16  0.000e+00
      9.500 270.566672         39      0.005    12.2799   0.050794     0.3288   999.7240      0.005     0.1796     -0.000  0.000e+00
      9.750 270.566675         40      0.004    12.2798   0.050813     0.3290   999.7241      0.004     0.1805     -0.002  0.000e+00
     10.000 270.566678         41      0.003    12.2798   0.050822     0.3290   999.7241      0.003     0.1801     -0.004  0.000e+00
     10.250 270.566681         42      0.005    12.2798   0.050838     0.3291   999.7242      0.005     0.1784      0.002  0.000e+00
     10.500 270.566684         43      0.005    12.2798   0.050851     0.3292   999.7243      0.005     0.1809      0.004  0.000e+00
     10.750 270.566687         44      0.005    12.2799   0.050844     0.3292   999.7242      0.005     0.1842     -0.000  0.000e+00
     11.000 270.566690         45      0.005    12.2797   0.050822     0.3290   999.7241      0.005     0.1796     -0.000  0.000e+00
     11.250 270.566693         46      0.006    12.2796   0.050804     0.3289   999.7241      0.006     0.1780      0.002  0.000e+00
     11.500 270.566696         47      0.006    12.2796   0.050794     0.3288   999.7240      0.006     0.1838      0.002  0.000e+00
     11.750 270.566698         48      0.007    12.2796   0.050772     0.3287   999.7239      0.007     0.1809      0.002  0.000e+00
     12.000 270.566701         49      0.004    12.2796   0.050775     0.3287   999.7239      0.004     0.1862     -0.004  0.000e+00
     12.250 270.566704         50      0.005    12.2795   0.050788     0.3288   999.7240      0.005     0.1792     -0.004  0.000e+00
     12.500 270.566707         51      0.003    12.2797   0.050804     0.3289   999.7240      0.003     0.1834     -0.002  0.000e+00
     12.750 270.566710         52      0.004    12.2795   0.050819     0.3290   999.7241      0.004     0.1871     -0.002  0.000e+00
     13.000 270.566713         53      0.005    12.2795   0.050841     0.3291   999.7243      0.005     0.1846      0.004  0.000e+00
     13.250 270.566716         54      0.004    12.2794   0.050829     0.3291   999.7242      0.004     0.1838 -2.961e-16  0.000e+00
     13.500 270.566719         55      0.004    12.2795   0.050832     0.3291   999.7242      0.004     0.1817     -0.002  0.000e+00
     13.750 270.566722         56      0.006    12.2796   0.050813     0.3290   999.7241      0.006     0.1825      0.004  0.000e+00
     14.000 270.566725         57      0.005    12.2795   0.050797     0.3289   999.7240      0.005     0.1858      0.002  0.000e+00
     14.250 270.566727         58      0.007    12.2793   0.050775     0.3287   999.7240      0.007     0.1829      0.002  0.000e+00
     14.500 270.566730         59      0.005    12.2794   0.050763     0.3286   999.7239      0.005     0.1854     -0.000  0.000e+00
     14.750 270.566733         60      0.007    12.2794   0.050766     0.3286   999.7239      0.007     0.1817     -0.000  0.000e+00
     15.000 270.566736         61      0.005    12.2793   0.050763     0.3286   999.7239      0.005     0.1829      0.000  0.000e+00
     15.250 270.566739         62      0.003    12.2794   0.050766     0.3286   999.7239      0.003     0.1842     -0.009  0.000e+00
     15.500 270.566742         63      0.004    12.2793   0.050788     0.3288   999.7240      0.004     0.1862     -0.002  0.000e+00
     15.750 270.566745         64      0.004    12.2794   0.050804     0.3289   999.7241      0.004     0.1784      0.002  0.000e+00
     16.000 270.566748         65      0.006    12.2793   0.050804     0.3289   999.7241      0.006     0.1842      0.004  0.000e+00
     16.250 270.566751         66      0.006    12.2793   0.050804     0.3289   999.7241      0.006     0.1846      0.004  0.000e+00
     16.500 270.566753         67      0.005    12.2792   0.050778     0.3287   999.7240      0.005     0.1776     -0.002  0.000e+00
     16.750 270.566756         68      0.005    12.2791   0.050766     0.3286   999.7239      0.005     0.1780     -0.002  0.000e+00
     17.000 270.566759         69      0.005    12.2791   0.050757     0.3286   999.7239      0.005     0.1867      0.000  0.000e+00
     17.250 270.566762         70      0.004    12.2791   0.050760     0.3286   999.7239      0.004     0.1854     -0.002  0.000e+00
     17.500 270.566765         71      0.005    12.2793   0.050747     0.3285   999.7238      0.005     0.1829     -0.000  0.000e+00
     17.750 270.566768         72      0.005    12.2793   0.050750     0.3285   999.7238      0.005     0.1825      0.002  0.000e+00
     18.000 270.566771         73      0.005    12.2789   0.050731     0.3284   999.7238      0.005     0.1805     -0.000  0.000e+00
     18.250 270.566774         74      0.004    12.2791   0.050722     0.3283   999.7237      0.004     0.1829     -0.002  0.000e+00
     18.500 270.566777         75      0.005    12.2792   0.050691     0.3281   999.7235      0.005     0.1817      0.000  0.000e+00
     18.750 270.566780         76      0.006    12.2790   0.050675     0.3280   999.7235      0.006     0.1854      0.004  0.000e+00
     19.000 270.566782         77      0.005    12.2792   0.050665     0.3280   999.7234      0.005     0.1912      0.000  0.000e+00
     19.250 270.566785         78      0.003    12.2790   0.050675     0.3280   999.7234      0.003     0.1829     -0.006  0.000e+00
     19.500 270.566788         79      0.004    12.2792   0.050684     0.3281   999.7235      0.004     0.1817     -0.002  0.000e+00
     19.750 270.566791         80      0.006    12.2791   0.050691     0.3281   999.7235      0.006     0.1858      0.006  0.000e+00
     20.000 270.566794         81      0.004    12.2791   0.050703     0.3282   999.7236      0.004     0.1805      0.000  0.000e+00
     20.250 270.566797         82      0.004    12.2790   0.050706     0.3282   999.7236      0.004     0.1846     -0.004  0.000e+00
     20.500 270.566800         83      0.002    12.2789   0.050775     0.3287   999.7240      0.002     0.1838     -0.004  0.000e+00
     20.750 270.566803         84      0.002    12.2790   0.050860     0.3293   999.7244      0.002     0.1796     -0.004  0.000e+00
     21.000 270.566806         85      0.010    12.2789   0.050766     0.3286   999.7240      0.010     0.1850      0.015  0.000e+00
     21.250 270.566808         86      0.004    12.2789   0.050593     0.3275   999.7230      0.004     0.1772      0.004  0.000e+00
     21.500 270.566811         87      0.001    12.2790   0.050556     0.3272   999.7228      0.001     0.1817     -0.017  0.000e+00
     21.750 270.566814         88      0.008    12.2790   0.050508     0.3269   999.7226      0.009     0.1829      0.009  0.000e+00
     22.000 270.566817         89      0.004    12.2789   0.050455     0.3266   999.7223      0.004     0.1817      0.006  0.000e+00
     22.250 270.566820         90      0.007    12.2791   0.050436     0.3264   999.7222      0.007     0.1788     -0.002  0.000e+00
     22.500 270.566823         91      0.004    12.2791   0.050383     0.3261   999.7219      0.004     0.1821      0.000  0.000e+00
     22.750 270.566826         92      0.007    12.2790   0.050380     0.3261   999.7219      0.007     0.1829      0.000  0.000e+00
     23.000 270.566829         93      0.005    12.2789   0.050355     0.3259   999.7218      0.005     0.1846      0.002  0.000e+00
     23.250 270.566832         94      0.004    12.2791   0.050364     0.3260   999.7218      0.004     0.1788     -0.006  0.000e+00
     23.500 270.566834         95      0.005    12.2791   0.050364     0.3260   999.7218      0.005     0.1838      0.000  0.000e+00
     23.750 270.566837         96      0.007    12.2791   0.050264     0.3253   999.7213      0.007     0.1784      0.006  0.000e+00
     24.000 270.566840         97      0.004    12.2791   0.050248     0.3252   999.7212      0.004     0.1829     -0.002  0.000e+00
     24.250 270.566843         98      0.006    12.2792   0.050207     0.3249   999.7210      0.006     0.1854     -0.002  0.000e+00
     24.500 270.566846         99      0.006    12.2793   0.050151     0.3245   999.7207      0.006     0.1920      0.004  0.000e+00
     24.750 270.566849        100      0.006    12.2795   0.050135     0.3244   999.7206      0.006     0.1838      0.000  0.000e+00
     25.000 270.566852        101      0.005    12.2795   0.050135     0.3244   999.7206      0.005     0.1838     -0.002  0.000e+00
     25.250 270.566855        102      0.006    12.2796   0.050126     0.3244   999.7205      0.006     0.1862     -0.000  0.000e+00
     25.500 270.566858        103      0.006    12.2796   0.050151     0.3245   999.7206      0.006     0.1854      0.002  0.000e+00
     25.750 270.566861        104      0.007    12.2798   0.050151     0.3245   999.7206      0.007     0.1846      0.002  0.000e+00
     26.000 270.566863        105      0.006    12.2800   0.050141     0.3245   999.7205      0.006     0.1809     -0.000  0.000e+00
     26.250 270.566866        106      0.005    12.2800   0.050135     0.3244   999.7205      0.005     0.1809     -0.004  0.000e+00
     26.500 270.566869        107      0.003    12.2802   0.050126     0.3244   999.7204      0.003     0.1854     -0.006  0.000e+00
     26.750 270.566872        108      0.003    12.2802   0.050135     0.3244   999.7205      0.003     0.1846     -0.004  0.000e+00
     27.000 270.566875        109      0.003    12.2803   0.050119     0.3243   999.7204      0.003     0.1805      0.000  0.000e+00
     27.250 270.566878        110      0.005    12.2802   0.050107     0.3242   999.7203      0.005     0.1850      0.004  0.000e+00
     27.500 270.566881        111      0.004    12.2804   0.050078     0.3240   999.7202      0.004     0.1854      0.002  0.000e+00
     27.750 270.566884        112      0.003    12.2806   0.050060     0.3239   999.7200      0.003     0.1809     -0.004  0.000e+00
     28.000 270.566887        113      0.005    12.2807   0.050028     0.3237   999.7199      0.005     0.1834      0.002  0.000e+00
     28.250 270.566889        114      0.001    12.2808   0.050031     0.3237   999.7198      0.001     0.1846     -0.004  0.000e+00
     28.500 270.566892        115      0.003    12.2809   0.050016     0.3236   999.7198      0.003     0.1875     -0.004  0.000e+00
     28.750 270.566895        116      0.003    12.2810   0.050013     0.3236   999.7197      0.003     0.1846      0.004  0.000e+00
     29.000 270.566898        117      0.004    12.2812   0.050135     0.3244   999.7204      0.004     0.1854      0.002  0.000e+00
     29.250 270.566901        118      0.004    12.2813   0.050615     0.3276   999.7229      0.004     0.1838      0.002  0.000e+00
     29.500 270.566904        119      0.005    12.2813   0.051042     0.3305   999.7251      0.005     0.1842      0.002  0.000e+00
     29.750 270.566907        120      0.003    12.2813   0.051344     0.3325   999.7267      0.003     0.1850     -0.002  0.000e+00
