Raw_Data/Cage/SBE19/2020-09-25_SBE19_007_032_processed.cnv
* Sea-Bird SBE19plus Data File:
* FileName = C:\cruises\2020_barkerboys\leg2\data\cage\SBE19\2020-09-25_SBE19_004_032.hex
* Software Version 1.59
* Temperature SN =  4881
* Conductivity SN =  4881
* System UpLoad Time = Sep 25 2020 21:19:27
* ds
* SeacatPlus V 1.5  SERIAL NO. 4881    25 Sep 2020  21:17:28
# nquan = 12
# nvalues = 3003                                  
# units = specified
# name 0 = timeS: Time, Elapsed [seconds]
# name 1 = timeJ: Julian Days
# name 2 = scan: Scan Count
# name 3 = depSM: Depth [salt water, m], lat = 44.00
# name 4 = tv290C: Temperature [ITS-90, deg C]
# name 5 = c0S/m: Conductivity [S/m]
# name 6 = sal00: Salinity, Practical [PSU]
# name 7 = density00: Density [density, kg/m^3]
# name 8 = prdM: Pressure, Strain Gauge [db]
# name 9 = wetStar: Fluorescence, WET Labs WETstar [mg/m^3]
# name 10 = dz/dtM: Descent Rate [m/s]
# name 11 = flag:  0.000e+00
# span 0 =      0.000,    750.500                 
# span 1 = 269.702500, 269.711186                 
# span 2 =          1,       3003                 
# span 3 =      0.001,    178.662                 
# span 4 =     9.6270,    13.8740                 
# span 5 =   0.041492,   3.878540                 
# span 6 =     0.2566,    33.6345                 
# span 7 =   999.4646,  1026.7636                 
# span 8 =      0.001,    180.187                 
# span 9 =     0.1162,     3.9082                 
# span 10 =     -1.140,      1.194                
# span 11 = 0.0000e+00, 0.0000e+00                
# interval = seconds: 0.25
# start_time = Sep 25 2020 16:51:36 [Instrument's time stamp, header]
# bad_flag = -9.990e-29
*END*
[from data line 1925]
    481.250 269.708070       1926    162.343     9.6700   3.650841    33.6191  1026.6709    163.721     0.1821     -0.699  0.000e+00
    481.500 269.708073       1927    162.177     9.6704   3.650808    33.6184  1026.6695    163.554     0.2530     -0.684  0.000e+00
    481.750 269.708076       1928    162.027     9.6709   3.650808    33.6180  1026.6685    163.403     0.1867     -0.636  0.000e+00
    482.000 269.708079       1929    161.902     9.6713   3.650841    33.6180  1026.6678    163.277     0.1739     -0.555  0.000e+00
    482.250 269.708082       1930    161.788     9.6716   3.650789    33.6173  1026.6666    163.162     0.1726     -0.481  0.000e+00
    482.500 269.708084       1931    161.682     9.6718   3.650841    33.6176  1026.6664    163.054     0.1698     -0.445  0.000e+00
    482.750 269.708087       1932    161.572     9.6719   3.650841    33.6176  1026.6658    162.944     0.1652     -0.436  0.000e+00
    483.000 269.708090       1933    161.455     9.6721   3.650841    33.6175  1026.6652    162.825     0.1796     -0.458  0.000e+00
    483.250 269.708093       1934    161.326     9.6722   3.650841    33.6174  1026.6645    162.695     0.1731     -0.497  0.000e+00
    483.500 269.708096       1935    161.190     9.6722   3.650841    33.6175  1026.6640    162.558     0.1834     -0.535  0.000e+00
    483.750 269.708099       1936    161.047     9.6722   3.650828    33.6174  1026.6632    162.414     0.1706     -0.563  0.000e+00
    484.000 269.708102       1937    160.901     9.6725   3.650841    33.6174  1026.6625    162.266     0.1590     -0.583  0.000e+00
    484.250 269.708105       1938    160.753     9.6728   3.650874    33.6174  1026.6618    162.117     0.1731     -0.593  0.000e+00
    484.500 269.708108       1939    160.599     9.6734   3.650972    33.6180  1026.6614    161.962     0.1607     -0.608  0.000e+00
    484.750 269.708111       1940    160.441     9.6743   3.650972    33.6172  1026.6600    161.802     0.1681     -0.630  0.000e+00
    485.000 269.708113       1941    160.280     9.6750   3.651104    33.6180  1026.6598    161.640     0.1693     -0.645  0.000e+00
    485.250 269.708116       1942    160.112     9.6761   3.651044    33.6165  1026.6576    161.471     0.1747     -0.662  0.000e+00
    485.500 269.708119       1943    159.948     9.6769   3.651143    33.6168  1026.6570    161.305     0.1628     -0.669  0.000e+00
    485.750 269.708122       1944    159.786     9.6775   3.651143    33.6163  1026.6557    161.142     0.1747     -0.658  0.000e+00
    486.000 269.708125       1945    159.633     9.6780   3.651110    33.6155  1026.6543    160.987     0.1813     -0.636  0.000e+00
    486.250 269.708128       1946    159.484     9.6783   3.651143    33.6156  1026.6537    160.837     0.1656     -0.610  0.000e+00
    486.500 269.708131       1947    159.340     9.6787   3.651143    33.6154  1026.6528    160.692     0.1681     -0.591  0.000e+00
    486.750 269.708134       1948    159.198     9.6791   3.651143    33.6150  1026.6518    160.549     0.1817     -0.576  0.000e+00
    487.000 269.708137       1949    159.052     9.6797   3.651274    33.6159  1026.6517    160.401     0.1698     -0.581  0.000e+00
    487.250 269.708139       1950    158.900     9.6803   3.651208    33.6148  1026.6501    160.248     0.1957     -0.602  0.000e+00
    487.500 269.708142       1951    158.734     9.6813   3.651248    33.6143  1026.6488    160.080     0.1714     -0.643  0.000e+00
    487.750 269.708145       1952    158.563     9.6819   3.651241    33.6137  1026.6474    159.908     0.1669     -0.680  0.000e+00
    488.000 269.708148       1953    158.385     9.6821   3.651274    33.6140  1026.6468    159.728     0.1566     -0.703  0.000e+00
    488.250 269.708151       1954    158.207     9.6822   3.651208    33.6133  1026.6454    159.549     0.1648     -0.718  0.000e+00
    488.500 269.708154       1955    158.040     9.6823   3.651306    33.6142  1026.6453    159.380     0.1656     -0.697  0.000e+00
    488.750 269.708157       1956    157.880     9.6831   3.651418    33.6148  1026.6449    159.219     0.1599     -0.660  0.000e+00
    489.000 269.708160       1957    157.741     9.6840   3.651405    33.6139  1026.6434    159.078     0.1582     -0.604  0.000e+00
    489.250 269.708163       1958    157.619     9.6849   3.651405    33.6130  1026.6421    158.955     0.1731     -0.527  0.000e+00
    489.500 269.708166       1959    157.513     9.6859   3.651477    33.6129  1026.6413    158.849     0.1702     -0.458  0.000e+00
    489.750 269.708168       1960    157.417     9.6865   3.651510    33.6127  1026.6406    158.751     0.1541     -0.408  0.000e+00
    490.000 269.708171       1961    157.323     9.6871   3.651490    33.6120  1026.6395    158.657     0.1570     -0.385  0.000e+00
    490.250 269.708174       1962    157.221     9.6878   3.651576    33.6122  1026.6391    158.553     0.1685     -0.396  0.000e+00
    490.500 269.708177       1963    157.109     9.6884   3.651510    33.6111  1026.6376    158.441     0.1706     -0.432  0.000e+00
    490.750 269.708180       1964    156.982     9.6885   3.651510    33.6110  1026.6370    158.313     0.1558     -0.482  0.000e+00
    491.000 269.708183       1965    156.844     9.6887   3.651575    33.6116  1026.6368    158.174     0.1698     -0.533  0.000e+00
    491.250 269.708186       1966    156.699     9.6890   3.651641    33.6121  1026.6364    158.028     0.1953     -0.570  0.000e+00
    491.500 269.708189       1967    156.555     9.6903   3.651773    33.6122  1026.6357    157.882     0.1982     -0.585  0.000e+00
    491.750 269.708192       1968    156.417     9.6913   3.651707    33.6107  1026.6337    157.743     0.1611     -0.570  0.000e+00
    492.000 269.708194       1969    156.296     9.6924   3.651805    33.6107  1026.6329    157.620     0.1685     -0.523  0.000e+00
    492.250 269.708197       1970    156.179     9.6934   3.651871    33.6105  1026.6321    157.502     0.1867     -0.481  0.000e+00
    492.500 269.708200       1971    156.055     9.6945   3.651871    33.6096  1026.6306    157.377     0.2060     -0.486  0.000e+00
    492.750 269.708203       1972    155.916     9.6953   3.651983    33.6100  1026.6302    157.238     0.1673     -0.529  0.000e+00
    493.000 269.708206       1973    155.767     9.6968   3.652042    33.6093  1026.6287    157.087     0.1702     -0.580  0.000e+00
    493.250 269.708209       1974    155.604     9.6982   3.652042    33.6081  1026.6267    156.923     0.1619     -0.630  0.000e+00
    493.500 269.708212       1975    155.439     9.6991   3.651976    33.6066  1026.6247    156.756     0.1747     -0.662  0.000e+00
    493.750 269.708215       1976    155.289     9.6994   3.652041    33.6071  1026.6243    156.605     0.1558     -0.636  0.000e+00
    494.000 269.708218       1977    155.153     9.6998   3.652120    33.6076  1026.6240    156.468     0.1553     -0.576  0.000e+00
    494.250 269.708220       1978    155.039     9.7007   3.652173    33.6073  1026.6232    156.353     0.2925     -0.503  0.000e+00
    494.500 269.708223       1979    154.940     9.7013   3.652173    33.6068  1026.6222    156.253     0.1899     -0.430  0.000e+00
    494.750 269.708226       1980    154.842     9.7020   3.652239    33.6069  1026.6217    156.154     0.2176     -0.398  0.000e+00
    495.000 269.708229       1981    154.745     9.7026   3.652173    33.6057  1026.6202    156.056     0.1714     -0.393  0.000e+00
    495.250 269.708232       1982    154.632     9.7032   3.652225    33.6057  1026.6197    155.942     0.1607     -0.424  0.000e+00
    495.500 269.708235       1983    154.510     9.7035   3.652304    33.6063  1026.6195    155.819     0.1722     -0.475  0.000e+00
    495.750 269.708238       1984    154.371     9.7042   3.652304    33.6057  1026.6183    155.679     0.1595     -0.527  0.000e+00
    496.000 269.708241       1985    154.222     9.7050   3.652376    33.6057  1026.6175    155.529     0.1582     -0.580  0.000e+00
    496.250 269.708244       1986    154.071     9.7063   3.652376    33.6046  1026.6157    155.376     0.1574     -0.606  0.000e+00
    496.500 269.708247       1987    153.916     9.7072   3.652409    33.6042  1026.6145    155.220     0.1953     -0.617  0.000e+00
    496.750 269.708249       1988    153.767     9.7079   3.652646    33.6060  1026.6151    155.069     0.1640     -0.613  0.000e+00
    497.000 269.708252       1989    153.619     9.7094   3.652705    33.6052  1026.6136    154.920     0.1541     -0.600  0.000e+00
    497.250 269.708255       1990    153.478     9.7112   3.652738    33.6040  1026.6117    154.778     0.1805     -0.582  0.000e+00
    497.500 269.708258       1991    153.344     9.7131   3.652810    33.6030  1026.6100    154.643     0.1586     -0.555  0.000e+00
    497.750 269.708261       1992    153.207     9.7146   3.652737    33.6009  1026.6075    154.504     0.1673     -0.548  0.000e+00
    498.000 269.708264       1993    153.067     9.7155   3.652823    33.6010  1026.6067    154.363     0.1623     -0.559  0.000e+00
    498.250 269.708267       1994    152.923     9.7163   3.652810    33.6002  1026.6053    154.218     0.1590     -0.572  0.000e+00
    498.500 269.708270       1995    152.763     9.7170   3.652908    33.6007  1026.6049    154.057     0.1726     -0.613  0.000e+00
    498.750 269.708273       1996    152.589     9.7177   3.652875    33.5998  1026.6032    153.881     0.1566     -0.675  0.000e+00
    499.000 269.708275       1997    152.404     9.7184   3.652908    33.5995  1026.6021    153.695     0.1570     -0.724  0.000e+00
    499.250 269.708278       1998    152.230     9.7189   3.652961    33.5996  1026.6013    153.518     0.1595     -0.725  0.000e+00
    499.500 269.708281       1999    152.066     9.7195   3.652941    33.5989  1026.5999    153.353     0.1718     -0.684  0.000e+00
    499.750 269.708284       2000    151.924     9.7203   3.653072    33.5997  1026.5997    153.210     0.1677     -0.617  0.000e+00
    500.000 269.708287       2001    151.802     9.7214   3.653204    33.6000  1026.5992    153.087     0.1669     -0.531  0.000e+00
    500.250 269.708290       2002    151.702     9.7229   3.653342    33.6001  1026.5985    152.986     0.1796     -0.447  0.000e+00
    500.500 269.708293       2003    151.615     9.7245   3.653374    33.5989  1026.5970    152.898     0.1698     -0.378  0.000e+00
    500.750 269.708296       2004    151.517     9.7263   3.653558    33.5992  1026.5964    152.799     0.1681     -0.374  0.000e+00
    501.000 269.708299       2005    151.404     9.7285   3.653743    33.5991  1026.5954    152.685     0.1549     -0.426  0.000e+00
    501.250 269.708302       2006    151.264     9.7314   3.653637    33.5954  1026.5914    152.544     0.1656     -0.510  0.000e+00
    501.500 269.708304       2007    151.113     9.7333   3.653742    33.5947  1026.5899    152.392     0.1611     -0.587  0.000e+00
    501.750 269.708307       2008    150.953     9.7343   3.653874    33.5952  1026.5894    152.231     0.1722     -0.628  0.000e+00
    502.000 269.708310       2009    150.793     9.7364   3.654084    33.5955  1026.5885    152.069     0.1632     -0.645  0.000e+00
    502.250 269.708313       2010    150.643     9.7392   3.654143    33.5936  1026.5859    151.918     0.1586     -0.626  0.000e+00
    502.500 269.708316       2011    150.510     9.7415   3.654308    33.5932  1026.5846    151.783     0.1693     -0.572  0.000e+00
    502.750 269.708319       2012    150.394     9.7439   3.654307    33.5910  1026.5820    151.666     0.1590     -0.503  0.000e+00
    503.000 269.708322       2013    150.287     9.7458   3.654406    33.5902  1026.5805    151.559     0.2221     -0.449  0.000e+00
    503.250 269.708325       2014    150.179     9.7470   3.654399    33.5891  1026.5789    151.449     0.2110     -0.434  0.000e+00
    503.500 269.708328       2015    150.056     9.7479   3.654472    33.5891  1026.5783    151.326     0.1768     -0.466  0.000e+00
    503.750 269.708330       2016    149.919     9.7487   3.654537    33.5890  1026.5774    151.187     0.1702     -0.525  0.000e+00
    504.000 269.708333       2017    149.765     9.7501   3.654741    33.5899  1026.5772    151.032     0.1726     -0.587  0.000e+00
    504.250 269.708336       2018    149.580     9.7528   3.654774    33.5878  1026.5743    150.845     0.1553     -0.683  0.000e+00
    504.500 269.708339       2019    149.360     9.7549   3.654840    33.5866  1026.5719    150.624     0.1669     -0.817  0.000e+00
    504.750 269.708342       2020    149.124     9.7564   3.654964    33.5866  1026.5706    150.385     0.1516     -0.920  0.000e+00
    505.000 269.708345       2021    148.886     9.7585   3.655142    33.5865  1026.5691    150.145     0.1710     -0.956  0.000e+00
    505.250 269.708348       2022    148.657     9.7609   3.655175    33.5847  1026.5663    149.914     0.1504     -0.942  0.000e+00
    505.500 269.708351       2023    148.447     9.7630   3.655273    33.5839  1026.5643    149.703     0.1932     -0.886  0.000e+00
    505.750 269.708354       2024    148.275     9.7645   3.655273    33.5826  1026.5622    149.528     0.1693     -0.772  0.000e+00
    506.000 269.708356       2025    148.130     9.7656   3.655385    33.5828  1026.5615    149.382     0.1710     -0.641  0.000e+00
    506.250 269.708359       2026    148.009     9.7667   3.655477    33.5827  1026.5607    149.261     0.1595     -0.535  0.000e+00
    506.500 269.708362       2027    147.894     9.7681   3.655543    33.5822  1026.5596    149.145     0.1636     -0.475  0.000e+00
    506.750 269.708365       2028    147.767     9.7696   3.655608    33.5815  1026.5582    149.017     0.1656     -0.488  0.000e+00
    507.000 269.708368       2029    147.627     9.7709   3.655707    33.5813  1026.5572    148.875     0.1570     -0.540  0.000e+00
    507.250 269.708371       2030    147.460     9.7727   3.655674    33.5794  1026.5547    148.706     0.1661     -0.621  0.000e+00
    507.500 269.708374       2031    147.278     9.7738   3.655667    33.5784  1026.5528    148.523     0.1776     -0.703  0.000e+00
    507.750 269.708377       2032    147.099     9.7742   3.655739    33.5788  1026.5523    148.343     0.1681     -0.727  0.000e+00
    508.000 269.708380       2033    146.928     9.7749   3.655838    33.5793  1026.5518    148.170     0.1821     -0.707  0.000e+00
    508.250 269.708383       2034    146.769     9.7760   3.655910    33.5790  1026.5507    148.010     0.1702     -0.666  0.000e+00
    508.500 269.708385       2035    146.626     9.7778   3.656009    33.5785  1026.5493    147.866     0.1607     -0.608  0.000e+00
    508.750 269.708388       2036    146.494     9.7796   3.656088    33.5776  1026.5477    147.732     0.1558     -0.555  0.000e+00
    509.000 269.708391       2037    146.359     9.7813   3.656075    33.5760  1026.5455    147.596     0.1718     -0.540  0.000e+00
    509.250 269.708394       2038    146.211     9.7822   3.656173    33.5762  1026.5449    147.446     0.1558     -0.572  0.000e+00
    509.500 269.708397       2039    146.046     9.7836   3.656344    33.5768  1026.5443    147.280     0.1648     -0.632  0.000e+00
    509.750 269.708400       2040    145.862     9.7853   3.656272    33.5745  1026.5414    147.095     0.1582     -0.703  0.000e+00
    510.000 269.708403       2041    145.669     9.7865   3.656173    33.5724  1026.5387    146.899     0.1611     -0.761  0.000e+00
    510.250 269.708406       2042    145.478     9.7867   3.656298    33.5736  1026.5387    146.707     0.1644     -0.776  0.000e+00
    510.500 269.708409       2043    145.299     9.7872   3.656409    33.5744  1026.5384    146.526     0.1549     -0.746  0.000e+00
    510.750 269.708411       2044    145.135     9.7886   3.656442    33.5735  1026.5368    146.361     0.1558     -0.692  0.000e+00
    511.000 269.708414       2045    144.986     9.7898   3.656541    33.5735  1026.5359    146.210     0.1578     -0.632  0.000e+00
