Raw_Data/Cage/SBE19/2020-09-21_SBE19_005_022_processed.cnv
* Sea-Bird SBE19plus Data File:
* FileName = C:\cruises\2020_barkerboys\leg2\data\cage\SBE19\2020-09-25_SBE19_004_022.hex
* Software Version 1.59
* Temperature SN =  4881
* Conductivity SN =  4881
* System UpLoad Time = Sep 25 2020 12:42:10
* ds
* SeacatPlus V 1.5  SERIAL NO. 4881    25 Sep 2020  12:15:39
# nquan = 12
# nvalues = 2593                                  
# units = specified
# name 0 = timeS: Time, Elapsed [seconds]
# name 1 = timeJ: Julian Days
# name 2 = scan: Scan Count
# name 3 = depSM: Depth [salt water, m], lat = 44.00
# name 4 = tv290C: Temperature [ITS-90, deg C]
# name 5 = c0S/m: Conductivity [S/m]
# name 6 = sal00: Salinity, Practical [PSU]
# name 7 = density00: Density [density, kg/m^3]
# name 8 = prdM: Pressure, Strain Gauge [db]
# name 9 = wetStar: Fluorescence, WET Labs WETstar [mg/m^3]
# name 10 = dz/dtM: Descent Rate [m/s]
# name 11 = flag:  0.000e+00
# span 0 =      0.000,    648.000                 
# span 1 = 265.746528, 265.754028                 
# span 2 =          1,       2593                 
# span 3 =      0.131,    166.716                 
# span 4 =     9.9653,    13.2707                 
# span 5 =   0.044702,   3.864669                 
# span 6 =     0.2815,    33.4986                 
# span 7 =   999.5719,  1026.5463                 
# span 8 =      0.132,    168.133                 
# span 9 =     0.1051,     4.2592                 
# span 10 =     -1.543,      1.382                
# span 11 = 0.0000e+00, 0.0000e+00                
# interval = seconds: 0.25
# start_time = Sep 21 2020 17:55:00 [Instrument's time stamp, header]
# bad_flag = -9.990e-29
*END*
[from data line 2046]
    511.500 265.752448       2047     74.797    10.2199   3.669332    33.3369  1025.9578     75.416     0.1467     -0.853  0.000e+00
    511.750 265.752451       2048     74.566    10.2201   3.669332    33.3369  1025.9567     75.183     0.2967     -0.907  0.000e+00
    512.000 265.752454       2049     74.345    10.2203   3.669299    33.3364  1025.9553     74.961     0.1430     -0.911  0.000e+00
    512.250 265.752457       2050     74.138    10.2208   3.669193    33.3350  1025.9531     74.751     0.1104     -0.864  0.000e+00
    512.500 265.752459       2051     73.951    10.2212   3.669265    33.3355  1025.9527     74.563     0.1249     -0.795  0.000e+00
    512.750 265.752462       2052     73.780    10.2216   3.669232    33.3348  1025.9512     74.390     0.1211     -0.722  0.000e+00
    513.000 265.752465       2053     73.617    10.2223   3.669226    33.3342  1025.9499     74.226     0.1294     -0.675  0.000e+00
    513.250 265.752468       2054     73.439    10.2229   3.669160    33.3331  1025.9482     74.046     0.1327     -0.688  0.000e+00
    513.500 265.752471       2055     73.238    10.2233   3.669094    33.3321  1025.9464     73.843     0.1430     -0.765  0.000e+00
    513.750 265.752474       2056     73.001    10.2236   3.669127    33.3323  1025.9454     73.605     0.1261     -0.883  0.000e+00
    514.000 265.752477       2057     72.740    10.2242   3.669094    33.3314  1025.9434     73.342     0.1257     -1.003  0.000e+00
    514.250 265.752480       2058     72.463    10.2248   3.669061    33.3307  1025.9415     73.063     0.1302     -1.085  0.000e+00
    514.500 265.752483       2059     72.185    10.2255   3.669021    33.3298  1025.9395     72.782     0.1306     -1.119  0.000e+00
    514.750 265.752486       2060     71.928    10.2265   3.669061    33.3294  1025.9378     72.522     0.1232     -1.081  0.000e+00
    515.000 265.752488       2061     71.706    10.2280   3.669028    33.3278  1025.9353     72.299     0.1183     -0.967  0.000e+00
    515.250 265.752491       2062     71.523    10.2290   3.668995    33.3266  1025.9333     72.114     0.1150     -0.816  0.000e+00
    515.500 265.752494       2063     71.376    10.2296   3.669027    33.3265  1025.9324     71.966     0.1265     -0.666  0.000e+00
    515.750 265.752497       2064     71.245    10.2304   3.669093    33.3265  1025.9317     71.834     0.1121     -0.561  0.000e+00
    516.000 265.752500       2065     71.113    10.2313   3.669021    33.3250  1025.9298     71.701     0.1331     -0.531  0.000e+00
    516.250 265.752503       2066     70.952    10.2320   3.669060    33.3248  1025.9288     71.538     0.1174     -0.591  0.000e+00
    516.500 265.752506       2067     70.740    10.2326   3.669027    33.3240  1025.9271     71.325     0.1113     -0.752  0.000e+00
    516.750 265.752509       2068     70.481    10.2333   3.669093    33.3241  1025.9259     71.064     0.1496     -0.950  0.000e+00
    517.000 265.752512       2069     70.184    10.2335   3.669126    33.3244  1025.9247     70.764     0.1343     -1.121  0.000e+00
    517.250 265.752514       2070     69.865    10.2341   3.669093    33.3237  1025.9226     70.443     0.1191     -1.242  0.000e+00
    517.500 265.752517       2071     69.561    10.2346   3.669060    33.3230  1025.9206     70.136     0.1207     -1.257  0.000e+00
    517.750 265.752520       2072     69.294    10.2349   3.669053    33.3227  1025.9191     69.866     0.1183     -1.154  0.000e+00
    518.000 265.752523       2073     69.072    10.2352   3.669059    33.3226  1025.9180     69.643     0.1319     -0.986  0.000e+00
    518.250 265.752526       2074     68.893    10.2355   3.668993    33.3218  1025.9165     69.462     0.1096     -0.808  0.000e+00
    518.500 265.752529       2075     68.734    10.2360   3.668993    33.3214  1025.9154     69.302     0.1207     -0.681  0.000e+00
    518.750 265.752532       2076     68.569    10.2367   3.668993    33.3208  1025.9140     69.136     0.1183     -0.653  0.000e+00
    519.000 265.752535       2077     68.382    10.2379   3.668927    33.3192  1025.9117     68.947     0.1224     -0.711  0.000e+00
    519.250 265.752538       2078     68.164    10.2382   3.668914    33.3189  1025.9104     68.727     0.1178     -0.816  0.000e+00
    519.500 265.752541       2079     67.909    10.2384   3.668927    33.3189  1025.9092     68.470     0.1113     -0.954  0.000e+00
    519.750 265.752543       2080     67.622    10.2396   3.668927    33.3179  1025.9069     68.181     0.1088     -1.093  0.000e+00
    520.000 265.752546       2081     67.316    10.2410   3.668927    33.3168  1025.9044     67.871     0.1150     -1.197  0.000e+00
    520.250 265.752549       2082     67.011    10.2423   3.668927    33.3157  1025.9019     67.564     0.1129     -1.233  0.000e+00
    520.500 265.752552       2083     66.717    10.2431   3.668960    33.3154  1025.9002     67.268     0.1203     -1.207  0.000e+00
    520.750 265.752555       2084     66.454    10.2438   3.668894    33.3143  1025.8980     67.002     0.1207     -1.124  0.000e+00
    521.000 265.752558       2085     66.238    10.2446   3.668913    33.3138  1025.8966     66.784     0.1236     -0.967  0.000e+00
    521.250 265.752561       2086     66.075    10.2460   3.669025    33.3137  1025.8955     66.620     0.1059     -0.765  0.000e+00
    521.500 265.752564       2087     65.955    10.2484   3.669058    33.3120  1025.8932     66.500     0.1133     -0.569  0.000e+00
    521.750 265.752567       2088     65.852    10.2509   3.669091    33.3100  1025.8908     66.396     0.1137     -0.449  0.000e+00
    522.000 265.752569       2089     65.744    10.2531   3.669361    33.3108  1025.8904     66.287     0.1121     -0.425  0.000e+00
    522.250 265.752572       2090     65.612    10.2580   3.669460    33.3073  1025.8863     66.154     0.1236     -0.483  0.000e+00
    522.500 265.752575       2091     65.440    10.2634   3.669460    33.3024  1025.8808     65.980     0.1166     -0.614  0.000e+00
    522.750 265.752578       2092     65.240    10.2682   3.670039    33.3040  1025.8803     65.778     0.1137     -0.752  0.000e+00
    523.000 265.752581       2093     65.031    10.2756   3.670368    33.3006  1025.8754     65.567     0.1183     -0.825  0.000e+00
    523.250 265.752584       2094     64.824    10.2857   3.670566    33.2934  1025.8671     65.359     0.1121     -0.838  0.000e+00
    523.500 265.752587       2095     64.628    10.2951   3.670868    33.2880  1025.8604     65.161     0.1084     -0.812  0.000e+00
    523.750 265.752590       2096     64.454    10.3033   3.670901    33.2809  1025.8526     64.985     0.1096     -0.748  0.000e+00
    524.000 265.752593       2097     64.298    10.3094   3.670967    33.2760  1025.8470     64.829     0.1125     -0.666  0.000e+00
    524.250 265.752595       2098     64.134    10.3136   3.671342    33.2760  1025.8456     64.663     0.1088     -0.644  0.000e+00
    524.500 265.752598       2099     63.955    10.3181   3.671303    33.2716  1025.8406     64.483     0.1203     -0.692  0.000e+00
    524.750 265.752601       2100     63.742    10.3216   3.671540    33.2708  1025.8384     64.268     0.1220     -0.790  0.000e+00
    525.000 265.752604       2101     63.512    10.3257   3.671605    33.2679  1025.8343     64.036     0.1154     -0.894  0.000e+00
    525.250 265.752607       2102     63.256    10.3290   3.671941    33.2683  1025.8330     63.778     0.1129     -0.980  0.000e+00
    525.500 265.752610       2103     62.989    10.3332   3.671908    33.2642  1025.8278     63.508     0.1113     -1.055  0.000e+00
    525.750 265.752613       2104     62.720    10.3369   3.672244    33.2643  1025.8260     63.237     0.1166     -1.083  0.000e+00
    526.000 265.752616       2105     62.470    10.3412   3.672652    33.2646  1025.8244     62.985     0.1253     -1.046  0.000e+00
    526.250 265.752619       2106     62.254    10.3474   3.672744    33.2600  1025.8187     62.767     0.1191     -0.939  0.000e+00
    526.500 265.752622       2107     62.083    10.3527   3.673752    33.2654  1025.8213     62.594     0.1174     -0.782  0.000e+00
    526.750 265.752624       2108     61.959    10.3612   3.673957    33.2597  1025.8148     62.470     0.1117     -0.595  0.000e+00
    527.000 265.752627       2109     61.855    10.3703   3.674154    33.2534  1025.8079     62.365     0.1199     -0.460  0.000e+00
    527.250 265.752630       2110     61.746    10.3770   3.674424    33.2500  1025.8035     62.255     0.1352     -0.430  0.000e+00
    527.500 265.752633       2111     61.598    10.3825   3.674694    33.2478  1025.8002     62.106     0.1529     -0.518  0.000e+00
    527.750 265.752636       2112     61.391    10.3878   3.674931    33.2454  1025.7965     61.897     0.1199     -0.715  0.000e+00
    528.000 265.752639       2113     61.115    10.3929   3.675195    33.2436  1025.7929     61.618     0.1249     -0.975  0.000e+00
    528.250 265.752642       2114     60.786    10.3981   3.675531    33.2423  1025.7895     61.287     0.1286     -1.220  0.000e+00
    528.500 265.752645       2115     60.433    10.4031   3.675603    33.2386  1025.7842     60.931     0.1249     -1.375  0.000e+00
    528.750 265.752648       2116     60.079    10.4072   3.675702    33.2361  1025.7799     60.574     0.1195     -1.426  0.000e+00
    529.000 265.752650       2117     59.755    10.4107   3.676137    33.2373  1025.7788     60.248     0.1146     -1.366  0.000e+00
    529.250 265.752653       2118     59.485    10.4154   3.676341    33.2353  1025.7751     59.975     0.1286     -1.199  0.000e+00
    529.500 265.752656       2119     59.291    10.4201   3.676710    33.2347  1025.7730     59.779     0.1364     -0.937  0.000e+00
    529.750 265.752659       2120     59.144    10.4250   3.676894    33.2322  1025.7695     59.631     0.1269     -0.687  0.000e+00
    530.000 265.752662       2121     59.034    10.4303   3.676914    33.2276  1025.7645     59.521     0.1409     -0.518  0.000e+00
    530.250 265.752665       2122     58.937    10.4341   3.677144    33.2265  1025.7626     59.423     0.1389     -0.417  0.000e+00
    530.500 265.752668       2123     58.836    10.4370   3.677111    33.2236  1025.7593     59.321     0.1442     -0.400  0.000e+00
    530.750 265.752671       2124     58.695    10.4391   3.677177    33.2224  1025.7574     59.178     0.1310     -0.490  0.000e+00
    531.000 265.752674       2125     58.505    10.4409   3.677381    33.2229  1025.7566     58.987     0.1508     -0.668  0.000e+00
    531.250 265.752677       2126     58.265    10.4429   3.677513    33.2225  1025.7548     58.745     0.1615     -0.866  0.000e+00
    531.500 265.752679       2127     57.988    10.4451   3.677533    33.2208  1025.7518     58.466     0.1380     -1.042  0.000e+00
    531.750 265.752682       2128     57.692    10.4469   3.677546    33.2193  1025.7491     58.167     0.1356     -1.156  0.000e+00
    532.000 265.752685       2129     57.396    10.4488   3.677750    33.2198  1025.7477     57.869     0.1347     -1.194  0.000e+00
    532.250 265.752688       2130     57.114    10.4509   3.678119    33.2218  1025.7477     57.584     0.1393     -1.166  0.000e+00
    532.500 265.752691       2131     56.862    10.4550   3.678561    33.2226  1025.7464     57.330     0.1380     -1.078  0.000e+00
    532.750 265.752694       2132     56.640    10.4608   3.678930    33.2211  1025.7432     57.106     0.1356     -0.956  0.000e+00
    533.000 265.752697       2133     56.435    10.4678   3.679061    33.2161  1025.7372     56.899     0.1500     -0.861  0.000e+00
    533.250 265.752700       2134     56.241    10.4737   3.679266    33.2129  1025.7328     56.703     0.1224     -0.806  0.000e+00
    533.500 265.752703       2135     56.045    10.4787   3.679655    33.2123  1025.7305     56.506     0.1331     -0.786  0.000e+00
    533.750 265.752705       2136     55.842    10.4847   3.679938    33.2097  1025.7266     56.302     0.1302     -0.803  0.000e+00
    534.000 265.752708       2137     55.619    10.4912   3.680307    33.2077  1025.7228     56.076     0.1656     -0.859  0.000e+00
    534.250 265.752711       2138     55.371    10.4981   3.680676    33.2051  1025.7185     55.826     0.1401     -0.952  0.000e+00
    534.500 265.752714       2139     55.110    10.5055   3.681045    33.2022  1025.7138     55.563     0.1405     -1.027  0.000e+00
    534.750 265.752717       2140     54.837    10.5128   3.681823    33.2035  1025.7123     55.288     0.1496     -1.076  0.000e+00
    535.000 265.752720       2141     54.567    10.5227   3.682192    33.1983  1025.7052     55.016     0.1529     -1.093  0.000e+00
    535.250 265.752723       2142     54.308    10.5330   3.682693    33.1941  1025.6990     54.754     0.1459     -1.068  0.000e+00
    535.500 265.752726       2143     54.071    10.5423   3.683056    33.1893  1025.6926     54.516     0.2035     -1.001  0.000e+00
    535.750 265.752729       2144     53.852    10.5512   3.683669    33.1875  1025.6886     54.295     0.1871     -0.919  0.000e+00
    536.000 265.752731       2145     53.654    10.5614   3.684144    33.1831  1025.6825     54.095     0.1566     -0.842  0.000e+00
    536.250 265.752734       2146     53.469    10.5720   3.684718    33.1793  1025.6769     53.909     0.1871     -0.771  0.000e+00
    536.500 265.752737       2147     53.289    10.5824   3.685324    33.1759  1025.6716     53.728     0.1636     -0.735  0.000e+00
    536.750 265.752740       2148     53.112    10.5933   3.686063    33.1735  1025.6670     53.548     0.1673     -0.722  0.000e+00
    537.000 265.752743       2149     52.934    10.6056   3.687581    33.1775  1025.6672     53.369     0.1710     -0.717  0.000e+00
    537.250 265.752746       2150     52.758    10.6245   3.688121    33.1659  1025.6540     53.192     0.1500     -0.713  0.000e+00
    537.500 265.752749       2151     52.584    10.6429   3.688761    33.1557  1025.6421     53.017     0.1590     -0.704  0.000e+00
    537.750 265.752752       2152     52.400    10.6584   3.689586    33.1499  1025.6340     52.831     0.1669     -0.722  0.000e+00
    538.000 265.752755       2153     52.205    10.6737   3.690550    33.1457  1025.6272     52.634     0.1545     -0.765  0.000e+00
    538.250 265.752758       2154     52.004    10.6900   3.690787    33.1334  1025.6138     52.431     0.2204     -0.799  0.000e+00
    538.500 265.752760       2155     51.789    10.7030   3.691836    33.1322  1025.6096     52.214     0.1945     -0.840  0.000e+00
    538.750 265.752763       2156     51.571    10.7171   3.693520    33.1363  1025.6094     51.995     0.1636     -0.872  0.000e+00
    539.000 265.752766       2157     51.352    10.7372   3.694028    33.1232  1025.5947     51.774     0.1706     -0.881  0.000e+00
    539.250 265.752769       2158     51.132    10.7565   3.694979    33.1154  1025.5842     51.552     0.1755     -0.887  0.000e+00
    539.500 265.752772       2159     50.904    10.7729   3.695890    33.1097  1025.5758     51.322     0.1858     -0.904  0.000e+00
    539.750 265.752775       2160     50.675    10.7896   3.696907    33.1048  1025.5680     51.091     0.1912     -0.921  0.000e+00
    540.000 265.752778       2161     50.439    10.8063   3.697210    33.0928  1025.5547     50.854     0.2060     -0.936  0.000e+00
    540.250 265.752781       2162     50.202    10.8200   3.698056    33.0890  1025.5482     50.614     0.2196     -0.954  0.000e+00
    540.500 265.752784       2163     49.969    10.8327   3.698544    33.0824  1025.5397     50.379     0.1932     -0.949  0.000e+00
    540.750 265.752786       2164     49.753    10.8450   3.699106    33.0771  1025.5324     50.162     0.1899     -0.904  0.000e+00
    541.000 265.752789       2165     49.549    10.8555   3.700116    33.0777  1025.5301     49.956     0.2048     -0.846  0.000e+00
