Raw_Data/Cage/SBE19/2020-09-26_SBE19_008_038_processed.cnv
* Sea-Bird SBE19plus Data File:
* FileName = C:\cruises\2020_barkerboys\leg2\data\cage\SBE19\2020-09-25_SBE19_008_037038.hex
* Software Version 1.59
* Temperature SN =  4881
* Conductivity SN =  4881
* System UpLoad Time = Sep 26 2020 18:13:27
* ds
* SeacatPlus V 1.5  SERIAL NO. 4881    26 Sep 2020  18:11:53
# nquan = 12
# nvalues = 2227                                  
# units = specified
# name 0 = timeS: Time, Elapsed [seconds]
# name 1 = timeJ: Julian Days
# name 2 = scan: Scan Count
# name 3 = depSM: Depth [salt water, m], lat = 44.00
# name 4 = tv290C: Temperature [ITS-90, deg C]
# name 5 = c0S/m: Conductivity [S/m]
# name 6 = sal00: Salinity, Practical [PSU]
# name 7 = density00: Density [density, kg/m^3]
# name 8 = prdM: Pressure, Strain Gauge [db]
# name 9 = wetStar: Fluorescence, WET Labs WETstar [mg/m^3]
# name 10 = dz/dtM: Descent Rate [m/s]
# name 11 = flag:  0.000e+00
# span 0 =      0.000,    556.500                 
# span 1 = 270.543148, 270.549589                 
# span 2 =          1,       2227                 
# span 3 =     -0.003,    147.956                 
# span 4 =    10.1657,    13.4063                 
# span 5 =   0.050088,   3.824412                 
# span 6 =     0.3150,    33.4123                 
# span 7 =   999.5723,  1026.3582                 
# span 8 =     -0.003,    149.207                 
# span 9 =     0.1698,    13.9839                 
# span 10 =     -1.052,      1.022                
# span 11 = 0.0000e+00, 0.0000e+00                
# interval = seconds: 0.25
# start_time = Sep 26 2020 13:02:08 [Instrument's time stamp, header]
# bad_flag = -9.990e-29
*END*
[from data line 602]
    150.500 270.544890        603     18.604    12.4337   3.787621    32.5482  1024.6879     18.755     1.5141      0.999  0.000e+00
    150.750 270.544893        604     18.857    12.4299   3.787521    32.5504  1024.6915     19.011     1.3753      1.018  0.000e+00
    151.000 270.544896        605     19.111    12.4264   3.787481    32.5529  1024.6953     19.266     1.2533      1.022  0.000e+00
    151.250 270.544899        606     19.363    12.4244   3.787341    32.5533  1024.6971     19.521     1.3423      1.020  0.000e+00
    151.500 270.544902        607     19.611    12.4224   3.787281    32.5543  1024.6994     19.771     1.4824      1.009  0.000e+00
    151.750 270.544905        608     19.859    12.4206   3.787308    32.5560  1024.7022     20.021     1.6554      1.001  0.000e+00
    152.000 270.544907        609     20.099    12.4197   3.787342    32.5570  1024.7042     20.263     2.0027      0.984  0.000e+00
    152.250 270.544910        610     20.332    12.4190   3.787308    32.5572  1024.7056     20.498     1.4634      0.953  0.000e+00
    152.500 270.544913        611     20.560    12.4185   3.787342    32.5578  1024.7072     20.728     1.8894      0.930  0.000e+00
    152.750 270.544916        612     20.787    12.4184   3.787382    32.5582  1024.7085     20.956     1.2867      0.917  0.000e+00
    153.000 270.544919        613     21.014    12.4184   3.787342    32.5577  1024.7092     21.185     1.2541      0.915  0.000e+00
    153.250 270.544922        614     21.242    12.4184   3.787382    32.5580  1024.7105     21.415     1.5042      0.917  0.000e+00
    153.500 270.544925        615     21.468    12.4182   3.787349    32.5578  1024.7113     21.642     1.2212      0.915  0.000e+00
    153.750 270.544928        616     21.697    12.4178   3.787382    32.5584  1024.7129     21.873     1.1417      0.917  0.000e+00
    154.000 270.544931        617     21.918    12.4176   3.787342    32.5581  1024.7137     22.097     1.2228      0.908  0.000e+00
    154.250 270.544933        618     22.139    12.4174   3.787382    32.5586  1024.7151     22.319     1.3110      0.891  0.000e+00
    154.500 270.544936        619     22.350    12.4174   3.787342    32.5581  1024.7157     22.533     1.3860      0.872  0.000e+00
    154.750 270.544939        620     22.554    12.4172   3.787276    32.5575  1024.7162     22.738     1.2475      0.838  0.000e+00
    155.000 270.544942        621     22.754    12.4168   3.787343    32.5584  1024.7179     22.939     1.7139      0.814  0.000e+00
    155.250 270.544945        622     22.949    12.4163   3.787243    32.5578  1024.7184     23.136     1.2311      0.797  0.000e+00
    155.500 270.544948        623     23.130    12.4155   3.787283    32.5588  1024.7202     23.318     1.2970      0.758  0.000e+00
    155.750 270.544951        624     23.310    12.4150   3.787309    32.5595  1024.7216     23.500     1.3217      0.728  0.000e+00
    156.000 270.544954        625     23.491    12.4146   3.787243    32.5590  1024.7221     23.682     1.3497      0.728  0.000e+00
    156.250 270.544957        626     23.682    12.4145   3.787310    32.5597  1024.7235     23.875     1.4614      0.750  0.000e+00
    156.500 270.544959        627     23.882    12.4146   3.787136    32.5579  1024.7230     24.077     1.2191      0.788  0.000e+00
    156.750 270.544962        628     24.085    12.4135   3.786616    32.5538  1024.7210     24.282     1.2525      0.814  0.000e+00
    157.000 270.544965        629     24.283    12.4091   3.786650    32.5578  1024.7258     24.481     2.0608      0.810  0.000e+00
    157.250 270.544968        630     24.472    12.4061   3.786616    32.5600  1024.7290     24.671     1.3868      0.780  0.000e+00
    157.500 270.544971        631     24.662    12.4042   3.786683    32.5623  1024.7320     24.863     1.1149      0.762  0.000e+00
    157.750 270.544974        632     24.849    12.4033   3.786650    32.5626  1024.7332     25.052     1.1248      0.760  0.000e+00
    158.000 270.544977        633     25.043    12.4031   3.786583    32.5621  1024.7338     25.247     1.4515      0.769  0.000e+00
    158.250 270.544980        634     25.234    12.4024   3.786723    32.5640  1024.7362     25.440     1.3930      0.777  0.000e+00
    158.500 270.544983        635     25.434    12.4023   3.786683    32.5636  1024.7368     25.641     1.1466      0.788  0.000e+00
    158.750 270.544986        636     25.626    12.4027   3.786650    32.5629  1024.7371     25.835     1.4745      0.790  0.000e+00
    159.000 270.544988        637     25.813    12.4022   3.786544    32.5622  1024.7375     26.023     1.3724      0.765  0.000e+00
    159.250 270.544991        638     25.985    12.4013   3.786544    32.5629  1024.7390     26.197     1.4754      0.724  0.000e+00
    159.500 270.544994        639     26.157    12.4004   3.786444    32.5626  1024.7397     26.370     1.2842      0.694  0.000e+00
    159.750 270.544997        640     26.324    12.3994   3.786390    32.5630  1024.7409     26.539     1.2166      0.683  0.000e+00
    160.000 270.545000        641     26.498    12.3985   3.786410    32.5639  1024.7426     26.714     1.2323      0.687  0.000e+00
    160.250 270.545003        642     26.671    12.3979   3.786411    32.5643  1024.7438     26.889     1.2731      0.700  0.000e+00
    160.500 270.545006        643     26.843    12.3974   3.786337    32.5639  1024.7444     27.062     1.1668      0.696  0.000e+00
    160.750 270.545009        644     27.016    12.3966   3.786337    32.5645  1024.7458     27.237     2.3830      0.696  0.000e+00
    161.000 270.545012        645     27.186    12.3961   3.786304    32.5646  1024.7467     27.407     1.3427      0.692  0.000e+00
    161.250 270.545014        646     27.359    12.3956   3.786164    32.5636  1024.7469     27.582     1.3884      0.692  0.000e+00
    161.500 270.545017        647     27.535    12.3950   3.786304    32.5654  1024.7491     27.760     1.3617      0.704  0.000e+00
    161.750 270.545020        648     27.711    12.3946   3.786358    32.5662  1024.7507     27.937     1.3456      0.709  0.000e+00
    162.000 270.545023        649     27.885    12.3946   3.786371    32.5662  1024.7514     28.113     1.1037      0.707  0.000e+00
    162.250 270.545026        650     28.055    12.3950   3.786338    32.5656  1024.7516     28.284     1.2162      0.694  0.000e+00
    162.500 270.545029        651     28.214    12.3950   3.786271    32.5648  1024.7518     28.445     1.6130      0.664  0.000e+00
    162.750 270.545032        652     28.373    12.3946   3.786271    32.5651  1024.7528     28.605     1.2772      0.642  0.000e+00
    163.000 270.545035        653     28.529    12.3944   3.786198    32.5645  1024.7530     28.761     1.5841      0.634  0.000e+00
    163.250 270.545038        654     28.698    12.3939   3.786271    32.5656  1024.7547     28.932     1.3452      0.655  0.000e+00
    163.500 270.545041        655     28.877    12.3938   3.786371    32.5666  1024.7563     29.113     1.5244      0.702  0.000e+00
    163.750 270.545043        656     29.061    12.3941   3.786485    32.5673  1024.7577     29.298     1.1577      0.732  0.000e+00
    164.000 270.545046        657     29.249    12.3954   3.786725    32.5684  1024.7592     29.487     1.0840      0.749  0.000e+00
    164.250 270.545049        658     29.427    12.3975   3.786478    32.5642  1024.7563     29.668     1.0831      0.739  0.000e+00
    164.500 270.545052        659     29.603    12.3974   3.786545    32.5648  1024.7576     29.845     1.1717      0.715  0.000e+00
    164.750 270.545055        660     29.775    12.3971   3.786478    32.5643  1024.7581     30.018     1.5953      0.700  0.000e+00
    165.000 270.545058        661     29.945    12.3966   3.786445    32.5644  1024.7590     30.190     1.5458      0.689  0.000e+00
    165.250 270.545061        662     30.120    12.3959   3.786478    32.5652  1024.7605     30.366     1.3003      0.696  0.000e+00
    165.500 270.545064        663     30.297    12.3957   3.786545    32.5660  1024.7620     30.544     2.1107      0.709  0.000e+00
    165.750 270.545067        664     30.472    12.3961   3.786585    32.5660  1024.7627     30.721     1.5219      0.711  0.000e+00
    166.000 270.545069        665     30.648    12.3965   3.786585    32.5656  1024.7631     30.898     1.2990      0.709  0.000e+00
    166.250 270.545072        666     30.816    12.3965   3.786512    32.5648  1024.7633     31.068     1.1235      0.694  0.000e+00
    166.500 270.545075        667     30.973    12.3962   3.786512    32.5650  1024.7642     31.226     1.1614      0.655  0.000e+00
    166.750 270.545078        668     31.124    12.3964   3.786652    32.5661  1024.7657     31.378     1.2405      0.621  0.000e+00
    167.000 270.545081        669     31.269    12.3968   3.786686    32.5659  1024.7661     31.524     1.2125      0.597  0.000e+00
    167.250 270.545084        670     31.415    12.3973   3.786686    32.5655  1024.7664     31.671     1.2208      0.586  0.000e+00
    167.500 270.545087        671     31.563    12.3977   3.786512    32.5634  1024.7653     31.821     1.2422      0.593  0.000e+00
    167.750 270.545090        672     31.719    12.3972   3.786512    32.5638  1024.7665     31.979     1.5438      0.614  0.000e+00
    168.000 270.545093        673     31.879    12.3962   3.786619    32.5656  1024.7688     32.140     1.1449      0.638  0.000e+00
    168.250 270.545095        674     32.045    12.3960   3.786339    32.5630  1024.7676     32.307     1.9393      0.657  0.000e+00
    168.500 270.545098        675     32.219    12.3947   3.785646    32.5574  1024.7643     32.482     1.7189      0.685  0.000e+00
    168.750 270.545101        676     32.395    12.3903   3.785052    32.5555  1024.7644     32.659     1.1363      0.704  0.000e+00
    169.000 270.545104        677     32.570    12.3821   3.784046    32.5529  1024.7648     32.836     1.0514      0.709  0.000e+00
    169.250 270.545107        678     32.744    12.3721   3.783972    32.5609  1024.7736     33.012     1.2850      0.704  0.000e+00
    169.500 270.545110        679     32.907    12.3642   3.783906    32.5669  1024.7805     33.176     1.1569      0.679  0.000e+00
    169.750 270.545113        680     33.074    12.3597   3.783906    32.5708  1024.7852     33.344     1.7057      0.666  0.000e+00
    170.000 270.545116        681     33.237    12.3573   3.783799    32.5718  1024.7871     33.509     1.3921      0.666  0.000e+00
    170.250 270.545119        682     33.404    12.3553   3.783806    32.5736  1024.7897     33.677     1.1746      0.666  0.000e+00
    170.500 270.545122        683     33.584    12.3542   3.783800    32.5744  1024.7913     33.859     1.0902      0.700  0.000e+00
    170.750 270.545124        684     33.772    12.3535   3.783733    32.5742  1024.7922     34.048     1.3567      0.741  0.000e+00
    171.000 270.545127        685     33.958    12.3527   3.783660    32.5742  1024.7931     34.236     1.6282      0.754  0.000e+00
    171.250 270.545130        686     34.134    12.3518   3.783593    32.5743  1024.7942     34.413     1.5339      0.730  0.000e+00
    171.500 270.545133        687     34.296    12.3509   3.783593    32.5750  1024.7956     34.576     1.1717      0.681  0.000e+00
    171.750 270.545136        688     34.432    12.3503   3.783627    32.5758  1024.7970     34.714     1.1758      0.601  0.000e+00
    172.000 270.545139        689     34.559    12.3498   3.783560    32.5755  1024.7974     34.841     1.2381      0.531  0.000e+00
    172.250 270.545142        690     34.662    12.3495   3.783453    32.5747  1024.7973     34.946     1.6958      0.464  0.000e+00
    172.500 270.545145        691     34.765    12.3483   3.783507    32.5762  1024.7992     35.050     1.0613      0.417  0.000e+00
    172.750 270.545148        692     34.877    12.3479   3.783660    32.5780  1024.8011     35.162     1.0214      0.434  0.000e+00
    173.000 270.545150        693     35.001    12.3480   3.783660    32.5778  1024.8016     35.287     1.0642      0.475  0.000e+00
    173.250 270.545153        694     35.142    12.3487   3.783700    32.5775  1024.8018     35.430     1.4325      0.535  0.000e+00
    173.500 270.545156        695     35.275    12.3490   3.783347    32.5739  1024.7995     35.563     1.4251      0.552  0.000e+00
    173.750 270.545159        696     35.406    12.3474   3.783280    32.5746  1024.8010     35.695     1.3415      0.531  0.000e+00
    174.000 270.545162        697     35.527    12.3454   3.783247    32.5759  1024.8030     35.817     1.0774      0.509  0.000e+00
    174.250 270.545165        698     35.644    12.3438   3.783247    32.5772  1024.8048     35.936     1.0869      0.481  0.000e+00
    174.500 270.545168        699     35.770    12.3428   3.783214    32.5778  1024.8060     36.062     1.3790      0.490  0.000e+00
    174.750 270.545171        700     35.915    12.3423   3.783281    32.5787  1024.8075     36.208     1.5812      0.546  0.000e+00
    175.000 270.545174        701     36.075    12.3424   3.783174    32.5776  1024.8073     36.371     1.7028      0.616  0.000e+00
    175.250 270.545177        702     36.251    12.3420   3.783107    32.5772  1024.8079     36.548     1.8853      0.679  0.000e+00
    175.500 270.545179        703     36.431    12.3413   3.783001    32.5767  1024.8085     36.729     1.1157      0.717  0.000e+00
    175.750 270.545182        704     36.604    12.3399   3.782761    32.5756  1024.8087     36.903     1.0893      0.711  0.000e+00
    176.000 270.545185        705     36.758    12.3379   3.782688    32.5766  1024.8105     37.059     0.9567      0.659  0.000e+00
    176.250 270.545188        706     36.899    12.3358   3.782654    32.5780  1024.8126     37.201     1.1713      0.595  0.000e+00
    176.500 270.545191        707     37.034    12.3343   3.782621    32.5789  1024.8142     37.337     1.1820      0.556  0.000e+00
    176.750 270.545194        708     37.162    12.3331   3.782481    32.5786  1024.8148     37.466     1.0679      0.531  0.000e+00
    177.000 270.545197        709     37.295    12.3316   3.782448    32.5795  1024.8164     37.600     1.0815      0.526  0.000e+00
    177.250 270.545200        710     37.435    12.3306   3.782448    32.5803  1024.8179     37.742     0.9752      0.552  0.000e+00
    177.500 270.545203        711     37.586    12.3299   3.782415    32.5806  1024.8189     37.893     0.9752      0.586  0.000e+00
    177.750 270.545205        712     37.735    12.3294   3.782415    32.5809  1024.8199     38.044     0.9517      0.604  0.000e+00
    178.000 270.545208        713     37.882    12.3286   3.782341    32.5808  1024.8206     38.192     0.9624      0.597  0.000e+00
    178.250 270.545211        714     38.020    12.3281   3.782342    32.5813  1024.8217     38.331     1.0061      0.575  0.000e+00
    178.500 270.545214        715     38.148    12.3276   3.782308    32.5813  1024.8224     38.460     1.2558      0.537  0.000e+00
    178.750 270.545217        716     38.274    12.3270   3.782202    32.5808  1024.8227     38.587     1.1602      0.511  0.000e+00
    179.000 270.545220        717     38.402    12.3262   3.782168    32.5810  1024.8236     38.716     1.1520      0.511  0.000e+00
    179.250 270.545223        718     38.532    12.3255   3.782055    32.5806  1024.8240     38.848     1.7790      0.522  0.000e+00
    179.500 270.545226        719     38.673    12.3242   3.781995    32.5810  1024.8252     38.990     1.2615      0.548  0.000e+00
    179.750 270.545229        720     38.821    12.3228   3.781889    32.5812  1024.8263     39.139     1.1552      0.582  0.000e+00
    180.000 270.545231        721     38.971    12.3214   3.781755    32.5810  1024.8271     39.290     1.0127      0.601  0.000e+00
