Raw_Data/Cage/SBE19/2020-09-20_SBE19_004_015_processed.cnv
* Sea-Bird SBE19plus Data File:
* FileName = C:\cruises\2020_barkerboys\leg2\data\cage\SBE19\2020-09-25_SBE19_004_015.hex
* Software Version 1.59
* Temperature SN =  4881
* Conductivity SN =  4881
* System UpLoad Time = Sep 25 2020 12:31:29
* ds
* SeacatPlus V 1.5  SERIAL NO. 4881    25 Sep 2020  12:15:39
# nquan = 12
# nvalues = 2821                                  
# units = specified
# name 0 = timeS: Time, Elapsed [seconds]
# name 1 = timeJ: Julian Days
# name 2 = scan: Scan Count
# name 3 = depSM: Depth [salt water, m], lat = 44.00
# name 4 = tv290C: Temperature [ITS-90, deg C]
# name 5 = c0S/m: Conductivity [S/m]
# name 6 = sal00: Salinity, Practical [PSU]
# name 7 = density00: Density [density, kg/m^3]
# name 8 = prdM: Pressure, Strain Gauge [db]
# name 9 = wetStar: Fluorescence, WET Labs WETstar [mg/m^3]
# name 10 = dz/dtM: Descent Rate [m/s]
# name 11 = flag:  0.000e+00
# span 0 =      0.000,    705.000                 
# span 1 = 264.664907, 264.673067                 
# span 2 =          1,       2821                 
# span 3 =      0.121,    136.959                 
# span 4 =    10.9527,    13.2345                 
# span 5 =   0.001327,   3.833472                 
# span 6 =     0.0121,    32.9742                 
# span 7 =   999.5567,  1025.8259                 
# span 8 =      0.122,    138.113                 
# span 9 =     0.1508,     3.7912                 
# span 10 =     -1.731,      1.214                
# span 11 = 0.0000e+00, 0.0000e+00                
# interval = seconds: 0.25
# start_time = Sep 20 2020 15:57:28 [Instrument's time stamp, header]
# bad_flag = -9.990e-29
*END*
[from data line 2407]
    601.750 264.671872       2408     41.011    12.3382   3.778350    32.5330  1024.7959     41.347     0.7989     -1.087  0.000e+00
    602.000 264.671875       2409     40.765    12.3390   3.778277    32.5316  1024.7936     41.099     0.8038     -1.033  0.000e+00
    602.250 264.671878       2410     40.559    12.3400   3.778450    32.5325  1024.7932     40.891     0.8875     -0.913  0.000e+00
    602.500 264.671881       2411     40.390    12.3414   3.778803    32.5347  1024.7939     40.721     0.8640     -0.756  0.000e+00
    602.750 264.671884       2412     40.258    12.3443   3.778803    32.5323  1024.7908     40.588     0.8512     -0.606  0.000e+00
    603.000 264.671887       2413     40.155    12.3472   3.779043    32.5321  1024.7896     40.484     0.7845     -0.475  0.000e+00
    603.250 264.671889       2414     40.063    12.3506   3.779216    32.5309  1024.7876     40.391     0.8932     -0.393  0.000e+00
    603.500 264.671892       2415     39.976    12.3531   3.779076    32.5274  1024.7841     40.303     0.8154     -0.361  0.000e+00
    603.750 264.671895       2416     39.872    12.3543   3.779076    32.5264  1024.7825     40.198     0.7779     -0.387  0.000e+00
    604.000 264.671898       2417     39.742    12.3551   3.779249    32.5274  1024.7826     40.067     0.8413     -0.473  0.000e+00
    604.250 264.671901       2418     39.571    12.3558   3.779282    32.5272  1024.7815     39.895     0.8524     -0.606  0.000e+00
    604.500 264.671904       2419     39.364    12.3569   3.779322    32.5267  1024.7800     39.686     0.9072     -0.762  0.000e+00
    604.750 264.671907       2420     39.129    12.3579   3.779389    32.5266  1024.7787     39.450     0.8524     -0.891  0.000e+00
    605.000 264.671910       2421     38.879    12.3588   3.779389    32.5259  1024.7768     39.197     0.8170     -0.977  0.000e+00
    605.250 264.671913       2422     38.630    12.3597   3.779389    32.5252  1024.7750     38.946     0.8949     -1.007  0.000e+00
    605.500 264.671916       2423     38.397    12.3606   3.779442    32.5250  1024.7736     38.711     0.8166     -0.973  0.000e+00
    605.750 264.671918       2424     38.191    12.3613   3.779562    32.5257  1024.7731     38.504     0.8421     -0.885  0.000e+00
    606.000 264.671921       2425     38.023    12.3620   3.779528    32.5248  1024.7715     38.334     0.9987     -0.754  0.000e+00
    606.250 264.671924       2426     37.883    12.3625   3.779528    32.5245  1024.7705     38.193     0.8627     -0.621  0.000e+00
    606.500 264.671927       2427     37.766    12.3626   3.779495    32.5241  1024.7696     38.075     0.8920     -0.518  0.000e+00
    606.750 264.671930       2428     37.655    12.3629   3.779562    32.5245  1024.7694     37.963     0.9678     -0.460  0.000e+00
    607.000 264.671933       2429     37.529    12.3633   3.779495    32.5236  1024.7681     37.836     0.9501     -0.479  0.000e+00
    607.250 264.671936       2430     37.385    12.3635   3.779422    32.5227  1024.7667     37.691     1.0094     -0.546  0.000e+00
    607.500 264.671939       2431     37.214    12.3636   3.779595    32.5244  1024.7672     37.519     0.8978     -0.634  0.000e+00
    607.750 264.671942       2432     37.032    12.3640   3.779595    32.5241  1024.7661     37.335     0.8351     -0.711  0.000e+00
    608.000 264.671944       2433     36.832    12.3650   3.779768    32.5250  1024.7657     37.133     0.8224     -0.771  0.000e+00
    608.250 264.671947       2434     36.630    12.3664   3.779948    32.5256  1024.7650     36.929     0.8669     -0.812  0.000e+00
    608.500 264.671950       2435     36.424    12.3681   3.779948    32.5243  1024.7627     36.722     0.8804     -0.823  0.000e+00
    608.750 264.671953       2436     36.221    12.3693   3.780014    32.5239  1024.7612     36.517     0.8673     -0.825  0.000e+00
    609.000 264.671956       2437     36.034    12.3705   3.780014    32.5229  1024.7594     36.329     0.7799     -0.786  0.000e+00
    609.250 264.671959       2438     35.873    12.3716   3.780047    32.5224  1024.7580     36.166     1.0201     -0.702  0.000e+00
    609.500 264.671962       2439     35.730    12.3725   3.780154    32.5227  1024.7575     36.022     0.9385     -0.614  0.000e+00
    609.750 264.671965       2440     35.608    12.3735   3.780220    32.5225  1024.7566     35.900     0.9175     -0.533  0.000e+00
    610.000 264.671968       2441     35.495    12.3748   3.780294    32.5221  1024.7555     35.786     0.8998     -0.472  0.000e+00
    610.250 264.671970       2442     35.379    12.3764   3.780460    32.5224  1024.7549     35.669     1.0308     -0.462  0.000e+00
    610.500 264.671973       2443     35.243    12.3781   3.780427    32.5206  1024.7526     35.531     0.8018     -0.509  0.000e+00
    610.750 264.671976       2444     35.080    12.3796   3.780567    32.5207  1024.7516     35.367     0.9052     -0.604  0.000e+00
    611.000 264.671979       2445     34.886    12.3809   3.780567    32.5197  1024.7497     35.172     0.7878     -0.719  0.000e+00
    611.250 264.671982       2446     34.665    12.3822   3.780673    32.5197  1024.7484     34.948     1.0152     -0.838  0.000e+00
    611.500 264.671985       2447     34.424    12.3836   3.780780    32.5196  1024.7470     34.706     0.9035     -0.932  0.000e+00
    611.750 264.671988       2448     34.188    12.3847   3.780780    32.5187  1024.7451     34.467     1.0242     -0.962  0.000e+00
    612.000 264.671991       2449     33.971    12.3856   3.780846    32.5187  1024.7439     34.249     0.9937     -0.913  0.000e+00
    612.250 264.671994       2450     33.779    12.3869   3.780953    32.5186  1024.7427     34.055     0.8322     -0.825  0.000e+00
    612.500 264.671997       2451     33.616    12.3882   3.781019    32.5182  1024.7414     33.891     0.7915     -0.717  0.000e+00
    612.750 264.671999       2452     33.479    12.3894   3.781059    32.5176  1024.7401     33.753     0.8590     -0.603  0.000e+00
    613.000 264.672002       2453     33.354    12.3906   3.781093    32.5170  1024.7388     33.626     0.8862     -0.528  0.000e+00
    613.250 264.672005       2454     33.231    12.3915   3.781226    32.5175  1024.7385     33.503     0.8681     -0.500  0.000e+00
    613.500 264.672008       2455     33.091    12.3926   3.781226    32.5166  1024.7370     33.361     0.8553     -0.531  0.000e+00
    613.750 264.672011       2456     32.942    12.3936   3.781332    32.5168  1024.7362     33.211     0.8875     -0.584  0.000e+00
    614.000 264.672014       2457     32.785    12.3950   3.781472    32.5170  1024.7355     33.053     0.9847     -0.616  0.000e+00
    614.250 264.672017       2458     32.621    12.3968   3.781505    32.5158  1024.7334     32.888     0.8355     -0.646  0.000e+00
    614.500 264.672020       2459     32.451    12.3984   3.781505    32.5145  1024.7313     32.716     0.8615     -0.674  0.000e+00
    614.750 264.672023       2460     32.278    12.3998   3.781785    32.5161  1024.7315     32.542     0.9950     -0.691  0.000e+00
    615.000 264.672025       2461     32.099    12.4019   3.782085    32.5172  1024.7311     32.361     0.8034     -0.709  0.000e+00
    615.250 264.672028       2462     31.912    12.4051   3.782165    32.5152  1024.7281     32.173     0.7981     -0.739  0.000e+00
    615.500 264.672031       2463     31.703    12.4084   3.782272    32.5135  1024.7252     31.962     0.9184     -0.799  0.000e+00
    615.750 264.672034       2464     31.482    12.4109   3.782271    32.5114  1024.7222     31.739     1.2092     -0.868  0.000e+00
    616.000 264.672037       2465     31.250    12.4126   3.782305    32.5103  1024.7199     31.506     1.0127     -0.913  0.000e+00
    616.250 264.672040       2466     31.028    12.4139   3.782371    32.5100  1024.7184     31.281     0.7898     -0.915  0.000e+00
    616.500 264.672043       2467     30.829    12.4152   3.782511    32.5102  1024.7174     31.080     0.8405     -0.850  0.000e+00
    616.750 264.672046       2468     30.666    12.4167   3.782551    32.5094  1024.7158     30.916     1.9533     -0.730  0.000e+00
    617.000 264.672049       2469     30.537    12.4185   3.782858    32.5108  1024.7159     30.786     1.1371     -0.588  0.000e+00
    617.250 264.672052       2470     30.433    12.4210   3.783404    32.5139  1024.7174     30.681     0.9282     -0.470  0.000e+00
    617.500 264.672054       2471     30.326    12.4262   3.783344    32.5089  1024.7121     30.574     1.0547     -0.425  0.000e+00
    617.750 264.672057       2472     30.206    12.4299   3.783384    32.5061  1024.7086     30.452     1.0020     -0.457  0.000e+00
    618.000 264.672060       2473     30.058    12.4321   3.783657    32.5069  1024.7081     30.303     0.9431     -0.541  0.000e+00
    618.250 264.672063       2474     29.877    12.4351   3.783904    32.5067  1024.7066     30.121     1.4333     -0.664  0.000e+00
    618.500 264.672066       2475     29.655    12.4380   3.783764    32.5030  1024.7021     29.897     1.1161     -0.812  0.000e+00
    618.750 264.672069       2476     29.404    12.4401   3.784010    32.5036  1024.7011     29.644     1.1734     -0.953  0.000e+00
    619.000 264.672072       2477     29.136    12.4424   3.784217    32.5037  1024.6995     29.374     1.0321     -1.046  0.000e+00
    619.250 264.672075       2478     28.880    12.4450   3.784317    32.5026  1024.6970     29.116     1.0584     -1.057  0.000e+00
    619.500 264.672078       2479     28.654    12.4474   3.784497    32.5022  1024.6952     28.888     0.9336     -0.973  0.000e+00
    619.750 264.672080       2480     28.476    12.4501   3.784597    32.5010  1024.6930     28.709     0.8104     -0.814  0.000e+00
    620.000 264.672083       2481     28.351    12.4526   3.784703    32.4999  1024.6910     28.582     0.9060     -0.612  0.000e+00
    620.250 264.672086       2482     28.272    12.4549   3.784737    32.4982  1024.6889     28.502     1.0683     -0.412  0.000e+00
    620.500 264.672089       2483     28.222    12.4568   3.784770    32.4969  1024.6874     28.452     0.9633     -0.260  0.000e+00
    620.750 264.672092       2484     28.165    12.4579   3.784843    32.4967  1024.6868     28.395     0.8322     -0.215  0.000e+00
    621.000 264.672095       2485     28.082    12.4587   3.784843    32.4960  1024.6857     28.311     0.9542     -0.281  0.000e+00
    621.250 264.672098       2486     27.945    12.4593   3.784843    32.4956  1024.6846     28.173     0.8364     -0.445  0.000e+00
    621.500 264.672101       2487     27.758    12.4597   3.784830    32.4952  1024.6834     27.985     1.2294     -0.653  0.000e+00
    621.750 264.672104       2488     27.528    12.4598   3.784910    32.4959  1024.6829     27.753     1.0036     -0.840  0.000e+00
    622.000 264.672106       2489     27.271    12.4605   3.784943    32.4958  1024.6815     27.493     1.0016     -0.984  0.000e+00
    622.250 264.672109       2490     26.996    12.4609   3.784983    32.4959  1024.6802     27.216     0.9303     -1.074  0.000e+00
    622.500 264.672112       2491     26.726    12.4615   3.785016    32.4958  1024.6789     26.944     0.9900     -1.097  0.000e+00
    622.750 264.672115       2492     26.476    12.4623   3.785049    32.4956  1024.6774     26.692     0.9369     -1.048  0.000e+00
    623.000 264.672118       2493     26.253    12.4628   3.785049    32.4952  1024.6760     26.467     0.8211     -0.956  0.000e+00
    623.250 264.672121       2494     26.069    12.4632   3.785049    32.4949  1024.6748     26.282     0.9744     -0.820  0.000e+00
    623.500 264.672124       2495     25.930    12.4638   3.785016    32.4942  1024.6735     26.141     0.9072     -0.651  0.000e+00
    623.750 264.672127       2496     25.828    12.4643   3.785096    32.4945  1024.6732     26.038     0.9666     -0.488  0.000e+00
    624.000 264.672130       2497     25.751    12.4647   3.785082    32.4941  1024.6725     25.961     0.9600     -0.361  0.000e+00
    624.250 264.672133       2498     25.679    12.4654   3.785222    32.4949  1024.6726     25.888     0.9670     -0.301  0.000e+00
    624.500 264.672135       2499     25.586    12.4660   3.785156    32.4937  1024.6712     25.795     0.8541     -0.333  0.000e+00
    624.750 264.672138       2500     25.458    12.4664   3.785189    32.4937  1024.6705     25.666     0.9641     -0.445  0.000e+00
    625.000 264.672141       2501     25.293    12.4667   3.785189    32.4935  1024.6696     25.499     1.0720     -0.591  0.000e+00
    625.250 264.672144       2502     25.100    12.4671   3.785255    32.4940  1024.6690     25.305     0.9043     -0.722  0.000e+00
    625.500 264.672147       2503     24.874    12.4673   3.785255    32.4938  1024.6678     25.077     0.8669     -0.844  0.000e+00
    625.750 264.672150       2504     24.630    12.4679   3.785469    32.4955  1024.6678     24.830     0.8636     -0.949  0.000e+00
    626.000 264.672153       2505     24.381    12.4698   3.785922    32.4983  1024.6685     24.580     0.9241     -0.994  0.000e+00
    626.250 264.672156       2506     24.139    12.4738   3.786229    32.4978  1024.6663     24.335     1.1140     -0.990  0.000e+00
    626.500 264.672159       2507     23.918    12.4789   3.786855    32.4995  1024.6656     24.113     1.1206     -0.934  0.000e+00
    626.750 264.672161       2508     23.715    12.4857   3.787415    32.4991  1024.6631     23.908     0.9867     -0.855  0.000e+00
    627.000 264.672164       2509     23.535    12.4935   3.787382    32.4920  1024.6553     23.727     0.8755     -0.773  0.000e+00
    627.250 264.672167       2510     23.370    12.4994   3.787415    32.4874  1024.6498     23.560     0.9068     -0.696  0.000e+00
    627.500 264.672170       2511     23.223    12.5029   3.787482    32.4850  1024.6467     23.412     0.8360     -0.629  0.000e+00
    627.750 264.672173       2512     23.082    12.5052   3.787588    32.4841  1024.6449     23.270     0.8846     -0.580  0.000e+00
    628.000 264.672176       2513     22.960    12.5069   3.787775    32.4845  1024.6443     23.147     0.9641     -0.530  0.000e+00
    628.250 264.672179       2514     22.850    12.5094   3.788008    32.4846  1024.6434     23.036     0.9093     -0.468  0.000e+00
    628.500 264.672182       2515     22.752    12.5126   3.788322    32.4849  1024.6426     22.937     0.8932     -0.419  0.000e+00
    628.750 264.672185       2516     22.662    12.5160   3.788462    32.4833  1024.6403     22.846     1.0972     -0.380  0.000e+00
    629.000 264.672188       2517     22.551    12.5196   3.788462    32.4802  1024.6367     22.734     1.0230     -0.406  0.000e+00
    629.250 264.672190       2518     22.409    12.5216   3.788388    32.4779  1024.6339     22.592     0.9806     -0.509  0.000e+00
    629.500 264.672193       2519     22.238    12.5226   3.788462    32.4777  1024.6328     22.419     1.0490     -0.631  0.000e+00
    629.750 264.672196       2520     22.025    12.5235   3.788595    32.4783  1024.6321     22.204     0.9612     -0.775  0.000e+00
    630.000 264.672199       2521     21.774    12.5252   3.788868    32.4796  1024.6317     21.952     1.0939     -0.934  0.000e+00
    630.250 264.672202       2522     21.504    12.5282   3.789088    32.4792  1024.6296     21.679     1.2405     -1.050  0.000e+00
    630.500 264.672205       2523     21.239    12.5315   3.789715    32.4824  1024.6302     21.412     0.9324     -1.080  0.000e+00
    630.750 264.672208       2524     21.009    12.5372   3.790029    32.4806  1024.6267     21.180     1.0230     -0.999  0.000e+00
    631.000 264.672211       2525     20.837    12.5432   3.790235    32.4774  1024.6223     21.007     1.0337     -0.810  0.000e+00
    631.250 264.672214       2526     20.731    12.5480   3.790375    32.4747  1024.6187     20.900     1.1507     -0.560  0.000e+00
