Raw_Data/Cage/SBE19/2020-09-21_SBE19_005_019_processed.cnv
* Sea-Bird SBE19plus Data File:
* FileName = C:\cruises\2020_barkerboys\leg2\data\cage\SBE19\2020-09-25_SBE19_004_019.hex
* Software Version 1.59
* Temperature SN =  4881
* Conductivity SN =  4881
* System UpLoad Time = Sep 25 2020 12:38:29
* ds
* SeacatPlus V 1.5  SERIAL NO. 4881    25 Sep 2020  12:15:39
# nquan = 12
# nvalues = 3260                                  
# units = specified
# name 0 = timeS: Time, Elapsed [seconds]
# name 1 = timeJ: Julian Days
# name 2 = scan: Scan Count
# name 3 = depSM: Depth [salt water, m], lat = 44.00
# name 4 = tv290C: Temperature [ITS-90, deg C]
# name 5 = c0S/m: Conductivity [S/m]
# name 6 = sal00: Salinity, Practical [PSU]
# name 7 = density00: Density [density, kg/m^3]
# name 8 = prdM: Pressure, Strain Gauge [db]
# name 9 = wetStar: Fluorescence, WET Labs WETstar [mg/m^3]
# name 10 = dz/dtM: Descent Rate [m/s]
# name 11 = flag:  0.000e+00
# span 0 =      0.000,    814.750                 
# span 1 = 265.646968, 265.656398                 
# span 2 =          1,       3260                 
# span 3 =      0.153,    158.180                 
# span 4 =     9.8375,    13.1098                 
# span 5 =   0.053069,   3.851257                 
# span 6 =     0.3532,    33.5455                 
# span 7 =   999.8557,  1026.5629                 
# span 8 =      0.154,    159.521                 
# span 9 =     0.1150,     3.2737                 
# span 10 =     -1.362,      1.432                
# span 11 = 0.0000e+00, 0.0000e+00                
# interval = seconds: 0.25
# start_time = Sep 21 2020 15:31:38 [Instrument's time stamp, header]
# bad_flag = -9.990e-29
*END*
[from data line 121]
     30.250 265.647318        122      0.157    11.1808   0.053940     0.3600   999.8718      0.158     0.1623     -0.002  0.000e+00
     30.500 265.647321        123      0.157    11.1824   0.053927     0.3599   999.8715      0.158     0.1582     -0.002  0.000e+00
     30.750 265.647323        124      0.156    11.1828   0.053914     0.3598   999.8714      0.157     0.1562     -0.002  0.000e+00
     31.000 265.647326        125      0.155    11.1825   0.053880     0.3596   999.8712      0.156     0.1553     -0.004  0.000e+00
     31.250 265.647329        126      0.157    11.1823   0.053864     0.3595   999.8712      0.158     0.1512      0.002  0.000e+00
     31.500 265.647332        127      0.156    11.1831   0.053833     0.3593   999.8709      0.157     0.1582      0.002  0.000e+00
     31.750 265.647335        128      0.157    11.1845   0.053801     0.3590   999.8706      0.158     0.1590     -0.000  0.000e+00
     32.000 265.647338        129      0.155    11.1850   0.053789     0.3589   999.8705      0.156     0.1586     -0.002  0.000e+00
     32.250 265.647341        130      0.156    11.1850   0.053792     0.3590   999.8705      0.157     0.1628     -0.002  0.000e+00
     32.500 265.647344        131      0.157    11.1859   0.053789     0.3589   999.8704      0.158     0.1582      0.004  0.000e+00
     32.750 265.647347        132      0.156    11.1878   0.053767     0.3588   999.8701      0.157     0.1586     -0.000  0.000e+00
     33.000 265.647350        133      0.158    11.1900   0.053770     0.3588   999.8698      0.159     0.1599      0.002  0.000e+00
     33.250 265.647352        134      0.156    11.1923   0.053782     0.3588   999.8696      0.157     0.1566      0.000  0.000e+00
     33.500 265.647355        135      0.155    11.1949   0.053779     0.3588   999.8693      0.156     0.1549     -0.006  0.000e+00
     33.750 265.647358        136      0.157    11.1978   0.053751     0.3585   999.8688      0.158     0.1603      0.002  0.000e+00
     34.000 265.647361        137      0.154    11.1979   0.053741     0.3585   999.8688      0.155     0.1549     -0.002  0.000e+00
     34.250 265.647364        138      0.156    11.1956   0.053726     0.3584   999.8689      0.157     0.1574     -0.002  0.000e+00
     34.500 265.647367        139      0.156    11.1958   0.053713     0.3583   999.8689      0.157     0.1619      0.004  0.000e+00
     34.750 265.647370        140      0.155    11.1974   0.053716     0.3583   999.8687      0.156     0.1582     -0.002  0.000e+00
     35.000 265.647373        141      0.157    11.1998   0.053704     0.3582   999.8684      0.158     0.1590      0.002  0.000e+00
     35.250 265.647376        142      0.156    11.2020   0.053710     0.3582   999.8681      0.157     0.1578      0.002  0.000e+00
     35.500 265.647378        143      0.158    11.2043   0.053713     0.3582   999.8679      0.159     0.1586      0.002  0.000e+00
     35.750 265.647381        144      0.157    11.2067   0.053701     0.3581   999.8676      0.158     0.1578      0.002  0.000e+00
     36.000 265.647384        145      0.157    11.2091   0.053685     0.3580   999.8672      0.158     0.1574     -0.002  0.000e+00
     36.250 265.647387        146      0.157    11.2107   0.053685     0.3580   999.8670      0.158     0.1537     -0.000  0.000e+00
     36.500 265.647390        147      0.157    11.2122   0.053685     0.3580   999.8669      0.158     0.1590      0.000  0.000e+00
     36.750 265.647393        148      0.158    11.2124   0.053675     0.3579   999.8668      0.159     0.1623      0.002  0.000e+00
     37.000 265.647396        149      0.157    11.2131   0.053669     0.3578   999.8667      0.158     0.1529      0.000  0.000e+00
     37.250 265.647399        150      0.156    11.2142   0.053635     0.3576   999.8664      0.157     0.1545     -0.004  0.000e+00
     37.500 265.647402        151      0.157    11.2157   0.053622     0.3575   999.8661      0.158     0.1566     -0.000  0.000e+00
     37.750 265.647405        152      0.155    11.2178   0.053594     0.3573   999.8657      0.156     0.1549     -0.002  0.000e+00
     38.000 265.647407        153      0.156    11.2200   0.053584     0.3572   999.8654      0.157     0.1590     -0.002  0.000e+00
     38.250 265.647410        154      0.158    11.2219   0.053587     0.3572   999.8653      0.159     0.1599      0.006  0.000e+00
     38.500 265.647413        155      0.156    11.2238   0.053584     0.3572   999.8650      0.157     0.1549 -1.895e-14  0.000e+00
     38.750 265.647416        156      0.156    11.2254   0.053613     0.3573   999.8650      0.157     0.1570     -0.004  0.000e+00
     39.000 265.647419        157      0.156    11.2271   0.053631     0.3574   999.8649      0.157     0.1590      0.000  0.000e+00
     39.250 265.647422        158      0.157    11.2291   0.053653     0.3576   999.8648      0.158     0.1578      0.002  0.000e+00
     39.500 265.647425        159      0.156    11.2309   0.053669     0.3577   999.8647      0.157     0.1533      0.000  0.000e+00
     39.750 265.647428        160      0.157    11.2327   0.053660     0.3576   999.8644      0.158     0.1586      0.000  0.000e+00
     40.000 265.647431        161      0.156    11.2349   0.053650     0.3575   999.8641      0.157     0.1599      0.000  0.000e+00
     40.250 265.647433        162      0.157    11.2364   0.053613     0.3572   999.8638      0.158     0.1549      0.000  0.000e+00
     40.500 265.647436        163      0.156    11.2365   0.053556     0.3568   999.8634      0.157     0.1582     -0.000  0.000e+00
     40.750 265.647439        164      0.156    11.2326   0.053537     0.3567   999.8638      0.157     0.1582     -0.002  0.000e+00
     41.000 265.647442        165      0.157    11.2306   0.053503     0.3565   999.8638      0.158     0.1595      0.002  0.000e+00
     41.250 265.647445        166      0.158    11.2306   0.053481     0.3564   999.8637      0.159     0.1566      0.004  0.000e+00
     41.500 265.647448        167      0.155    11.2308   0.053493     0.3565   999.8637      0.156     0.1566     -0.004  0.000e+00
     41.750 265.647451        168      0.155    11.2308   0.053512     0.3566   999.8638      0.156     0.1582     -0.006  0.000e+00
     42.000 265.647454        169      0.159    11.2303   0.053537     0.3568   999.8641      0.160     0.1570      0.009  0.000e+00
     42.250 265.647457        170      0.155    11.2301   0.053572     0.3570   999.8642      0.156     0.1603      0.000  0.000e+00
     42.500 265.647459        171      0.155    11.2298   0.053594     0.3572   999.8644      0.156     0.1574     -0.009  0.000e+00
     42.750 265.647462        172      0.155    11.2303   0.053613     0.3573   999.8644      0.156     0.1578     -0.000  0.000e+00
     43.000 265.647465        173      0.157    11.2316   0.053644     0.3575   999.8645      0.158     0.1578      0.004  0.000e+00
     43.250 265.647468        174      0.158    11.2325   0.053631     0.3574   999.8643      0.159     0.1599      0.006  0.000e+00
     43.500 265.647471        175      0.157    11.2328   0.053628     0.3574   999.8642      0.158     0.1566      0.000  0.000e+00
     43.750 265.647474        176      0.158    11.2328   0.053603     0.3572   999.8641      0.159     0.1586     -0.000  0.000e+00
     44.000 265.647477        177      0.157    11.2327   0.053553     0.3569   999.8639      0.158     0.1623     -0.000  0.000e+00
     44.250 265.647480        178      0.157    11.2329   0.053521     0.3566   999.8637      0.158     0.1586     -0.002  0.000e+00
     44.500 265.647483        179      0.155    11.2328   0.053487     0.3564   999.8635      0.156     0.1615     -0.004  0.000e+00
     44.750 265.647486        180      0.156    11.2329   0.053474     0.3563   999.8634      0.157     0.1582     -0.002  0.000e+00
     45.000 265.647488        181      0.157    11.2336   0.053465     0.3562   999.8633      0.158     0.1574      0.004  0.000e+00
     45.250 265.647491        182      0.156    11.2346   0.053474     0.3563   999.8632      0.157     0.1578      0.000  0.000e+00
     45.500 265.647494        183      0.156    11.2348   0.053481     0.3563   999.8632      0.157     0.1611     -0.002  0.000e+00
     45.750 265.647497        184      0.156    11.2354   0.053503     0.3565   999.8633      0.157     0.1562     -0.000  0.000e+00
     46.000 265.647500        185      0.155    11.2361   0.053537     0.3567   999.8634      0.156     0.1574     -0.002  0.000e+00
     46.250 265.647503        186      0.157    11.2370   0.053556     0.3568   999.8634      0.158     0.1570      0.002  0.000e+00
     46.500 265.647506        187      0.158    11.2378   0.053578     0.3570   999.8634      0.159     0.1607      0.006  0.000e+00
     46.750 265.647509        188      0.156    11.2380   0.053584     0.3570   999.8634      0.157     0.1582     -0.002  0.000e+00
     47.000 265.647512        189      0.157    11.2382   0.053572     0.3569   999.8633      0.158     0.1615     -0.002  0.000e+00
     47.250 265.647514        190      0.157    11.2381   0.053537     0.3567   999.8632      0.158     0.1566      0.002  0.000e+00
     47.500 265.647517        191      0.156    11.2381   0.053496     0.3564   999.8629      0.157     0.1603     -0.002  0.000e+00
     47.750 265.647520        192      0.157    11.2383   0.053474     0.3563   999.8628      0.158     0.1578     -0.000  0.000e+00
     48.000 265.647523        193      0.158    11.2388   0.053455     0.3561   999.8626      0.159     0.1590      0.004  0.000e+00
     48.250 265.647526        194      0.157    11.2396   0.053437     0.3560   999.8624      0.158     0.1590     -0.000  0.000e+00
     48.500 265.647529        195      0.157    11.2398   0.053440     0.3560   999.8624      0.158     0.1582     -0.002  0.000e+00
     48.750 265.647532        196      0.156    11.2405   0.053437     0.3560   999.8623      0.157     0.1562     -0.002  0.000e+00
     49.000 265.647535        197      0.157    11.2412   0.053471     0.3562   999.8625      0.158     0.1595     -0.000  0.000e+00
     49.250 265.647538        198      0.158    11.2416   0.053503     0.3564   999.8626      0.159     0.1558      0.004  0.000e+00
     49.500 265.647541        199      0.159    11.2418   0.053537     0.3567   999.8628      0.160     0.1590      0.004  0.000e+00
     49.750 265.647543        200      0.156    11.2418   0.053556     0.3568   999.8628      0.157     0.1619     -0.004  0.000e+00
     50.000 265.647546        201      0.157    11.2423   0.053578     0.3569   999.8629      0.158     0.1590     -0.004  0.000e+00
     50.250 265.647549        202      0.155    11.2424   0.053575     0.3569   999.8629      0.156     0.1586     -0.002  0.000e+00
     50.500 265.647552        203      0.159    11.2426   0.053553     0.3568   999.8627      0.160     0.1574      0.004  0.000e+00
     50.750 265.647555        204      0.156    11.2430   0.053537     0.3567   999.8626      0.157     0.1566      0.002  0.000e+00
     51.000 265.647558        205      0.154    11.2435   0.053481     0.3563   999.8622      0.155     0.1582     -0.011  0.000e+00
     51.250 265.647561        206      0.156    11.2449   0.053455     0.3561   999.8619      0.157     0.1582      0.000  0.000e+00
     51.500 265.647564        207      0.155    11.2458   0.053430     0.3559   999.8617      0.156     0.1562      0.002  0.000e+00
     51.750 265.647567        208      0.156    11.2465   0.053427     0.3559   999.8616      0.157     0.1562      0.000  0.000e+00
     52.000 265.647569        209      0.155    11.2470   0.053430     0.3559   999.8616      0.156     0.1578      0.000  0.000e+00
     52.250 265.647572        210      0.157    11.2478   0.053437     0.3559   999.8615      0.158     0.1595      0.002  0.000e+00
     52.500 265.647575        211      0.156    11.2477   0.053440     0.3559   999.8615      0.157     0.1574      0.002  0.000e+00
     52.750 265.647578        212      0.157    11.2427   0.053465     0.3562   999.8622      0.158     0.1541      0.000  0.000e+00
     53.000 265.647581        213      0.156    11.2385   0.053465     0.3562   999.8627      0.157     0.1586 3.7896e-14  0.000e+00
     53.250 265.647584        214      0.157    11.2355   0.053437     0.3560   999.8629      0.158     0.1570     -0.000  0.000e+00
     53.500 265.647587        215      0.155    11.2254   0.053430     0.3561   999.8640      0.156     0.1562     -0.002  0.000e+00
     53.750 265.647590        216      0.156    11.2183   0.053399     0.3559   999.8646      0.157     0.1574     -0.002  0.000e+00
     54.000 265.647593        217      0.158    11.2173   0.053364     0.3557   999.8646      0.159     0.1578      0.006  0.000e+00
     54.250 265.647595        218      0.156    11.2188   0.053345     0.3556   999.8643      0.157     0.1595 3.7896e-14  0.000e+00
     54.500 265.647598        219      0.155    11.2208   0.053336     0.3555   999.8640      0.156     0.1586     -0.006  0.000e+00
     54.750 265.647601        220      0.156    11.2218   0.053333     0.3554   999.8639      0.157     0.1582      0.000  0.000e+00
     55.000 265.647604        221      0.156    11.2146   0.053364     0.3557   999.8649      0.157     0.1570      0.002  0.000e+00
     55.250 265.647607        222      0.154    11.2082   0.053389     0.3560   999.8657      0.155     0.1603     -0.004  0.000e+00
     55.500 265.647610        223      0.155    11.2075   0.053408     0.3561   999.8659      0.156     0.1562     -0.002  0.000e+00
     55.750 265.647613        224      0.157    11.2037   0.053424     0.3562   999.8664      0.158     0.1570      0.006  0.000e+00
     56.000 265.647616        225      0.157    11.1973   0.053437     0.3564   999.8672      0.158     0.1615      0.004  0.000e+00
     56.250 265.647619        226      0.156    11.1942   0.053446     0.3565   999.8676      0.157     0.1582     -0.002  0.000e+00
     56.500 265.647622        227      0.157    11.1951   0.053418     0.3563   999.8673      0.158     0.1628     -0.000  0.000e+00
     56.750 265.647624        228      0.158    11.1951   0.053374     0.3560   999.8671      0.159     0.1578      0.004  0.000e+00
     57.000 265.647627        229      0.156    11.1880   0.053355     0.3559   999.8678      0.157     0.1590     -0.002  0.000e+00
     57.250 265.647630        230      0.156    11.1827   0.053342     0.3559   999.8683      0.157     0.1586     -0.004  0.000e+00
     57.500 265.647633        231      0.156    11.1824   0.053298     0.3556   999.8681      0.157     0.1566     -0.000  0.000e+00
     57.750 265.647636        232      0.156    11.1733   0.053308     0.3557   999.8692      0.157     0.1586     -0.000  0.000e+00
     58.000 265.647639        233      0.156    11.1560   0.053355     0.3562   999.8714      0.157     0.1599      0.000  0.000e+00
     58.250 265.647642        234      0.158    11.1464   0.053389     0.3565   999.8726      0.159     0.1615      0.004  0.000e+00
     58.500 265.647645        235      0.156    11.1437   0.053427     0.3568   999.8731      0.157     0.1615      0.000  0.000e+00
     58.750 265.647648        236      0.159    11.1453   0.053430     0.3568   999.8730      0.160     0.1566      0.002  0.000e+00
     59.000 265.647650        237      0.158    11.1470   0.053427     0.3568   999.8728      0.159     0.1586      0.004  0.000e+00
     59.250 265.647653        238      0.158    11.1443   0.053424     0.3568   999.8731      0.159     0.1574     -0.002  0.000e+00
     59.500 265.647656        239      0.156    11.1440   0.053408     0.3567   999.8730      0.157     0.1553     -0.004  0.000e+00
     59.750 265.647659        240      0.157    11.1473   0.053405     0.3566   999.8726      0.158     0.1586     -0.002  0.000e+00
