Raw_Data/Cage/SBE19/2020-09-20_SBE19_004_015_processed.cnv
* Sea-Bird SBE19plus Data File:
* FileName = C:\cruises\2020_barkerboys\leg2\data\cage\SBE19\2020-09-25_SBE19_004_015.hex
* Software Version 1.59
* Temperature SN =  4881
* Conductivity SN =  4881
* System UpLoad Time = Sep 25 2020 12:31:29
* ds
* SeacatPlus V 1.5  SERIAL NO. 4881    25 Sep 2020  12:15:39
# nquan = 12
# nvalues = 2821                                  
# units = specified
# name 0 = timeS: Time, Elapsed [seconds]
# name 1 = timeJ: Julian Days
# name 2 = scan: Scan Count
# name 3 = depSM: Depth [salt water, m], lat = 44.00
# name 4 = tv290C: Temperature [ITS-90, deg C]
# name 5 = c0S/m: Conductivity [S/m]
# name 6 = sal00: Salinity, Practical [PSU]
# name 7 = density00: Density [density, kg/m^3]
# name 8 = prdM: Pressure, Strain Gauge [db]
# name 9 = wetStar: Fluorescence, WET Labs WETstar [mg/m^3]
# name 10 = dz/dtM: Descent Rate [m/s]
# name 11 = flag:  0.000e+00
# span 0 =      0.000,    705.000                 
# span 1 = 264.664907, 264.673067                 
# span 2 =          1,       2821                 
# span 3 =      0.121,    136.959                 
# span 4 =    10.9527,    13.2345                 
# span 5 =   0.001327,   3.833472                 
# span 6 =     0.0121,    32.9742                 
# span 7 =   999.5567,  1025.8259                 
# span 8 =      0.122,    138.113                 
# span 9 =     0.1508,     3.7912                 
# span 10 =     -1.731,      1.214                
# span 11 = 0.0000e+00, 0.0000e+00                
# interval = seconds: 0.25
# start_time = Sep 20 2020 15:57:28 [Instrument's time stamp, header]
# bad_flag = -9.990e-29
*END*
[from data line 2527]
    631.750 264.672219       2528     20.668    12.5575   3.790896    32.4715  1024.6141     20.836     1.1149     -0.127  0.000e+00
    632.000 264.672222       2529     20.638    12.5617   3.790996    32.4688  1024.6111     20.806     1.1338     -0.099  0.000e+00
    632.250 264.672225       2530     20.566    12.5651   3.791209    32.4679  1024.6094     20.733     1.3522     -0.206  0.000e+00
    632.500 264.672228       2531     20.420    12.5684   3.791176    32.4649  1024.6058     20.586     1.3303     -0.440  0.000e+00
    632.750 264.672231       2532     20.202    12.5707   3.791489    32.4660  1024.6052     20.366     1.1919     -0.734  0.000e+00
    633.000 264.672234       2533     19.918    12.5730   3.792010    32.4690  1024.6059     20.080     1.1334     -1.011  0.000e+00
    633.250 264.672237       2534     19.596    12.5780   3.792677    32.4712  1024.6051     19.755     2.1407     -1.222  0.000e+00
    633.500 264.672240       2535     19.262    12.5858   3.793164    32.4692  1024.6006     19.419     1.9628     -1.323  0.000e+00
    633.750 264.672242       2536     18.963    12.5946   3.793584    32.4658  1024.5949     19.117     1.9487     -1.275  0.000e+00
    634.000 264.672245       2537     18.726    12.6024   3.793757    32.4608  1024.5884     18.878     1.1726     -1.082  0.000e+00
    634.250 264.672248       2538     18.570    12.6092   3.793997    32.4573  1024.5837     18.721     0.9727     -0.792  0.000e+00
    634.500 264.672251       2539     18.501    12.6140   3.793997    32.4532  1024.5793     18.651     1.2842     -0.453  0.000e+00
    634.750 264.672254       2540     18.501    12.6175   3.794171    32.4519  1024.5776     18.651     1.6154     -0.140  0.000e+00
    635.000 264.672257       2541     18.503    12.6202   3.794071    32.4486  1024.5746     18.653     1.0609      0.004  0.000e+00
    635.250 264.672260       2542     18.477    12.6219   3.794171    32.4480  1024.5737     18.628     1.1816     -0.047  0.000e+00
    635.500 264.672263       2543     18.395    12.6232   3.794204    32.4473  1024.5724     18.545     1.3151     -0.217  0.000e+00
    635.750 264.672266       2544     18.242    12.6245   3.794211    32.4463  1024.5707     18.390     1.1326     -0.475  0.000e+00
    636.000 264.672269       2545     18.033    12.6258   3.794524    32.4483  1024.5711     18.180     1.3979     -0.730  0.000e+00
    636.250 264.672271       2546     17.782    12.6286   3.794978    32.4503  1024.5710     17.927     1.4881     -0.928  0.000e+00
    636.500 264.672274       2547     17.509    12.6341   3.795292    32.4486  1024.5674     17.652     1.1503     -1.056  0.000e+00
    636.750 264.672277       2548     17.235    12.6407   3.795392    32.4440  1024.5613     17.375     1.2504     -1.104  0.000e+00
    637.000 264.672280       2549     16.990    12.6469   3.795986    32.4444  1024.5593     17.128     1.1857     -1.048  0.000e+00
    637.250 264.672283       2550     16.778    12.6542   3.796092    32.4392  1024.5529     16.914     1.1441     -0.921  0.000e+00
    637.500 264.672286       2551     16.614    12.6612   3.796706    32.4391  1024.5508     16.749     1.5026     -0.758  0.000e+00
    637.750 264.672289       2552     16.497    12.6693   3.797100    32.4360  1024.5462     16.631     1.1973     -0.567  0.000e+00
    638.000 264.672292       2553     16.427    12.6778   3.797280    32.4303  1024.5399     16.561     1.5450     -0.376  0.000e+00
    638.250 264.672295       2554     16.378    12.6847   3.797627    32.4277  1024.5363     16.512     1.3472     -0.238  0.000e+00
    638.500 264.672297       2555     16.335    12.6913   3.797874    32.4244  1024.5323     16.468     1.3662     -0.187  0.000e+00
    638.750 264.672300       2556     16.271    12.6974   3.798148    32.4218  1024.5288     16.403     1.2035     -0.217  0.000e+00
    639.000 264.672303       2557     16.165    12.7036   3.798395    32.4189  1024.5248     16.297     1.6810     -0.341  0.000e+00
    639.250 264.672306       2558     16.007    12.7092   3.798435    32.4145  1024.5196     16.137     2.0048     -0.532  0.000e+00
    639.500 264.672309       2559     15.809    12.7132   3.798428    32.4111  1024.5153     15.937     1.7374     -0.719  0.000e+00
    639.750 264.672312       2560     15.565    12.7160   3.798568    32.4101  1024.5129     15.691     1.6789     -0.891  0.000e+00
    640.000 264.672315       2561     15.303    12.7182   3.798742    32.4099  1024.5112     15.427     1.4527     -1.020  0.000e+00
    640.250 264.672318       2562     15.037    12.7209   3.799095    32.4111  1024.5104     15.159     1.7551     -1.065  0.000e+00
    640.500 264.672321       2563     14.793    12.7253   3.799476    32.4110  1024.5084     14.913     1.7860     -1.029  0.000e+00
    640.750 264.672323       2564     14.580    12.7314   3.799549    32.4066  1024.5027     14.698     1.3691     -0.921  0.000e+00
    641.000 264.672326       2565     14.414    12.7370   3.800063    32.4067  1024.5010     14.531     1.5660     -0.764  0.000e+00
    641.250 264.672329       2566     14.278    12.7441   3.800210    32.4021  1024.4955     14.394     1.4803     -0.608  0.000e+00
    641.500 264.672332       2567     14.175    12.7497   3.800103    32.3963  1024.4894     14.290     1.4366     -0.481  0.000e+00
    641.750 264.672335       2568     14.088    12.7531   3.800317    32.3955  1024.4877     14.202     1.8169     -0.384  0.000e+00
    642.000 264.672338       2569     13.991    12.7560   3.800384    32.3937  1024.4853     14.105     1.4688     -0.371  0.000e+00
    642.250 264.672341       2570     13.881    12.7582   3.800350    32.3915  1024.4827     13.994     1.4700     -0.417  0.000e+00
    642.500 264.672344       2571     13.733    12.7599   3.800497    32.3915  1024.4817     13.845     1.6237     -0.520  0.000e+00
    642.750 264.672347       2572     13.564    12.7615   3.800737    32.3925  1024.4814     13.674     1.6299     -0.640  0.000e+00
    643.000 264.672350       2573     13.362    12.7633   3.800944    32.3929  1024.4805     13.470     1.9273     -0.749  0.000e+00
    643.250 264.672352       2574     13.141    12.7662   3.800911    32.3902  1024.4768     13.248     1.7440     -0.852  0.000e+00
    643.500 264.672355       2575     12.907    12.7686   3.800978    32.3889  1024.4743     13.012     1.6917     -0.917  0.000e+00
    643.750 264.672358       2576     12.678    12.7702   3.801225    32.3899  1024.4737     12.781     1.7720     -0.934  0.000e+00
    644.000 264.672361       2577     12.461    12.7722   3.801331    32.3893  1024.4719     12.562     1.7658     -0.900  0.000e+00
    644.250 264.672364       2578     12.263    12.7743   3.801365    32.3879  1024.4695     12.362     2.0155     -0.837  0.000e+00
    644.500 264.672367       2579     12.092    12.7762   3.801785    32.3903  1024.4702     12.190     1.6801     -0.743  0.000e+00
    644.750 264.672370       2580     11.945    12.7787   3.801852    32.3889  1024.4680     12.042     1.9961     -0.640  0.000e+00
    645.000 264.672373       2581     11.811    12.7819   3.802206    32.3896  1024.4673     11.907     2.2219     -0.567  0.000e+00
    645.250 264.672376       2582     11.691    12.7849   3.802166    32.3866  1024.4638     11.786     2.1140     -0.513  0.000e+00
    645.500 264.672378       2583     11.564    12.7880   3.802901    32.3911  1024.4661     11.658     1.7844     -0.498  0.000e+00
    645.750 264.672381       2584     11.439    12.7923   3.802860    32.3870  1024.4616     11.532     1.9183     -0.507  0.000e+00
    646.000 264.672384       2585     11.307    12.7964   3.803041    32.3852  1024.4588     11.399     1.9207     -0.517  0.000e+00
    646.250 264.672387       2586     11.169    12.7992   3.803321    32.3856  1024.4579     11.260     1.7172     -0.545  0.000e+00
    646.500 264.672390       2587     11.021    12.8020   3.803428    32.3843  1024.4557     11.110     1.8915     -0.578  0.000e+00
    646.750 264.672393       2588     10.841    12.8050   3.803495    32.3824  1024.4528     10.929     1.8738     -0.661  0.000e+00
    647.000 264.672396       2589     10.635    12.8074   3.803635    32.3817  1024.4509     10.722     1.7778     -0.777  0.000e+00
    647.250 264.672399       2590     10.397    12.8090   3.803561    32.3798  1024.4480     10.481     1.8177     -0.895  0.000e+00
    647.500 264.672402       2591     10.134    12.8102   3.803708    32.3802  1024.4470     10.216     1.9702     -1.011  0.000e+00
    647.750 264.672405       2592      9.864    12.8120   3.804229    32.3837  1024.4481      9.944     2.2746     -1.074  0.000e+00
    648.000 264.672407       2593      9.606    12.8150   3.804650    32.3853  1024.4476      9.684     1.7189     -1.065  0.000e+00
    648.250 264.672410       2594      9.392    12.8187   3.804723    32.3829  1024.4440      9.468     1.7666     -0.953  0.000e+00
    648.500 264.672413       2595      9.216    12.8217   3.804964    32.3826  1024.4424      9.291     2.1070     -0.786  0.000e+00
    648.750 264.672416       2596      9.085    12.8248   3.805037    32.3807  1024.4397      9.159     1.8635     -0.618  0.000e+00
    649.000 264.672419       2597      8.992    12.8276   3.805124    32.3792  1024.4376      9.065     2.1271     -0.451  0.000e+00
    649.250 264.672422       2598      8.922    12.8299   3.805178    32.3777  1024.4357      8.994     2.1284     -0.329  0.000e+00
    649.500 264.672425       2599      8.857    12.8316   3.805351    32.3780  1024.4353      8.929     2.0110     -0.273  0.000e+00
    649.750 264.672428       2600      8.770    12.8335   3.805492    32.3777  1024.4343      8.841     1.8190     -0.307  0.000e+00
    650.000 264.672431       2601      8.655    12.8357   3.805418    32.3752  1024.4314      8.725     1.8231     -0.408  0.000e+00
    650.250 264.672433       2602      8.513    12.8368   3.805458    32.3747  1024.4301      8.582     1.6385     -0.517  0.000e+00
    650.500 264.672436       2603      8.353    12.8378   3.805658    32.3758  1024.4301      8.421     2.4077     -0.608  0.000e+00
    650.750 264.672439       2604      8.180    12.8386   3.805739    32.3759  1024.4292      8.246     2.0802     -0.672  0.000e+00
    651.000 264.672442       2605      7.990    12.8395   3.805805    32.3758  1024.4281      8.055     1.8058     -0.732  0.000e+00
    651.250 264.672445       2606      7.795    12.8401   3.805805    32.3754  1024.4268      7.859     1.7724     -0.775  0.000e+00
    651.500 264.672448       2607      7.620    12.8408   3.805979    32.3765  1024.4267      7.681     1.9899     -0.747  0.000e+00
    651.750 264.672451       2608      7.472    12.8415   3.806052    32.3767  1024.4261      7.532     1.8404     -0.653  0.000e+00
    652.000 264.672454       2609      7.360    12.8424   3.806226    32.3776  1024.4261      7.419     2.1791     -0.524  0.000e+00
    652.250 264.672457       2610      7.292    12.8441   3.806086    32.3748  1024.4233      7.351     2.7620     -0.363  0.000e+00
    652.500 264.672459       2611      7.259    12.8457   3.806400    32.3765  1024.4241      7.317     2.0019     -0.204  0.000e+00
    652.750 264.672462       2612      7.241    12.8483   3.806928    32.3792  1024.4257      7.299     1.6941     -0.103  0.000e+00
    653.000 264.672465       2613      7.223    12.8527   3.806928    32.3755  1024.4218      7.282     2.0752     -0.071  0.000e+00
    653.250 264.672468       2614      7.193    12.8553   3.807028    32.3742  1024.4202      7.251     1.8107     -0.097  0.000e+00
    653.500 264.672471       2615      7.125    12.8567   3.807028    32.3731  1024.4188      7.183     1.9817     -0.198  0.000e+00
    653.750 264.672474       2616      7.018    12.8588   3.806887    32.3700  1024.4155      7.075     1.6682     -0.352  0.000e+00
    654.000 264.672477       2617      6.876    12.8599   3.807449    32.3743  1024.4180      6.932     1.6035     -0.502  0.000e+00
    654.250 264.672480       2618      6.716    12.8622   3.807870    32.3765  1024.4185      6.770     1.6018     -0.610  0.000e+00
    654.500 264.672483       2619      6.544    12.8671   3.808571    32.3790  1024.4187      6.597     2.1226     -0.670  0.000e+00
    654.750 264.672486       2620      6.388    12.8748   3.809521    32.3814  1024.4184      6.439     2.0987     -0.661  0.000e+00
    655.000 264.672488       2621      6.251    12.8857   3.810329    32.3798  1024.4144      6.302     1.8021     -0.590  0.000e+00
    655.250 264.672491       2622      6.143    12.8983   3.811305    32.3783  1024.4103      6.192     1.6418     -0.494  0.000e+00
    655.500 264.672494       2623      6.056    12.9112   3.811867    32.3726  1024.4029      6.105     2.7740     -0.393  0.000e+00
    655.750 264.672497       2624      5.986    12.9228   3.811800    32.3621  1024.3922      6.035     2.1094     -0.316  0.000e+00
    656.000 264.672500       2625      5.916    12.9307   3.812321    32.3603  1024.3889      5.964     1.9121     -0.283  0.000e+00
    656.250 264.672503       2626      5.838    12.9372   3.812769    32.3590  1024.3863      5.885     1.9825     -0.298  0.000e+00
    656.500 264.672506       2627      5.733    12.9433   3.812990    32.3559  1024.3822      5.779     1.9331     -0.369  0.000e+00
    656.750 264.672509       2628      5.601    12.9488   3.813692    32.3578  1024.3821      5.646     2.2433     -0.479  0.000e+00
    657.000 264.672512       2629      5.440    12.9552   3.814361    32.3587  1024.3808      5.484     1.8894     -0.590  0.000e+00
    657.250 264.672514       2630      5.267    12.9627   3.815023    32.3587  1024.3785      5.310     1.6167     -0.672  0.000e+00
    657.500 264.672517       2631      5.101    12.9716   3.816361    32.3638  1024.3800      5.143     1.5281     -0.683  0.000e+00
    657.750 264.672520       2632      4.955    12.9836   3.818220    32.3711  1024.3827      4.995     1.7077     -0.629  0.000e+00
    658.000 264.672523       2633      4.842    13.0007   3.820228    32.3755  1024.3822      4.882     1.7028     -0.522  0.000e+00
    658.250 264.672526       2634      4.781    13.0222   3.821138    32.3658  1024.3702      4.819     2.2796     -0.352  0.000e+00
    658.500 264.672529       2635      4.767    13.0422   3.822162    32.3584  1024.3605      4.805     1.6908     -0.152  0.000e+00
    658.750 264.672532       2636      4.781    13.0592   3.822128    32.3435  1024.3457      4.819     1.7094 -9.701e-12  0.000e+00
    659.000 264.672535       2637      4.805    13.0694   3.822469    32.3380  1024.3395      4.844     1.6620      0.077  0.000e+00
    659.250 264.672538       2638      4.802    13.0759   3.822302    32.3309  1024.3327      4.841     2.0279      0.043  0.000e+00
    659.500 264.672541       2639      4.753    13.0794   3.822228    32.3272  1024.3290      4.791     1.9776     -0.105  0.000e+00
    659.750 264.672543       2640      4.627    13.0802   3.821244    32.3173  1024.3205      4.665     1.6888     -0.352  0.000e+00
    660.000 264.672546       2641      4.431    13.0764   3.821177    32.3200  1024.3225      4.467     2.0929     -0.648  0.000e+00
    660.250 264.672549       2642      4.176    13.0723   3.821231    32.3242  1024.3254      4.210     1.8861     -0.910  0.000e+00
    660.500 264.672552       2643      3.896    13.0699   3.822088    32.3343  1024.3324      3.927     1.8478     -1.080  0.000e+00
    660.750 264.672555       2644      3.626    13.0727   3.823922    32.3493  1024.3423      3.656     1.8387     -1.108  0.000e+00
    661.000 264.672558       2645      3.408    13.0840   3.824658    32.3467  1024.3371      3.436     1.8120     -0.983  0.000e+00
    661.250 264.672561       2646      3.282    13.0966   3.825187    32.3410  1024.3296      3.309     1.7370     -0.693  0.000e+00
