Raw_Data/Cage/SBE19/2020-09-19_SBE19_003_007_processed.cnv
* Sea-Bird SBE19plus Data File:
* FileName = C:\cruises\2020_barkerboys\leg2\data\cage\SBE19\2020-09-25_SBE19_004_007.hex
* Software Version 1.59
* Temperature SN =  4881
* Conductivity SN =  4881
* System UpLoad Time = Sep 25 2020 12:21:10
* ds
* SeacatPlus V 1.5  SERIAL NO. 4881    25 Sep 2020  12:15:39
# nquan = 12
# nvalues = 1014                                  
# units = specified
# name 0 = timeS: Time, Elapsed [seconds]
# name 1 = timeJ: Julian Days
# name 2 = scan: Scan Count
# name 3 = depSM: Depth [salt water, m], lat = 44.00
# name 4 = tv290C: Temperature [ITS-90, deg C]
# name 5 = c0S/m: Conductivity [S/m]
# name 6 = sal00: Salinity, Practical [PSU]
# name 7 = density00: Density [density, kg/m^3]
# name 8 = prdM: Pressure, Strain Gauge [db]
# name 9 = wetStar: Fluorescence, WET Labs WETstar [mg/m^3]
# name 10 = dz/dtM: Descent Rate [m/s]
# name 11 = flag:  0.000e+00
# span 0 =      0.000,    253.250                 
# span 1 = 263.720775, 263.723707                 
# span 2 =          1,       1014                 
# span 3 =      0.042,      5.530                 
# span 4 =    12.7367,    16.0739                 
# span 5 =   0.005631,   3.851219                 
# span 6 =     0.0354,    32.6734                 
# span 7 =   998.9600,  1024.6342                 
# span 8 =      0.042,      5.575                 
# span 9 =     0.1314,     2.6899                 
# span 10 =     -0.348,      0.857                
# span 11 = 0.0000e+00, 0.0000e+00                
# interval = seconds: 0.25
# start_time = Sep 19 2020 17:17:55 [Instrument's time stamp, header]
# bad_flag = -9.990e-29
*END*
[from data line 121]
     30.250 263.721126        122      0.044    15.9939   0.005779     0.0362   998.9736      0.045     0.1520     -0.004  0.000e+00
     30.500 263.721128        123      0.048    15.9943   0.005767     0.0362   998.9735      0.048     0.1558      0.000  0.000e+00
     30.750 263.721131        124      0.044    15.9946   0.005760     0.0361   998.9734      0.045     0.1549     -0.000  0.000e+00
     31.000 263.721134        125      0.045    15.9950   0.005754     0.0361   998.9733      0.046     0.1533     -0.004  0.000e+00
     31.250 263.721137        126      0.044    15.9954   0.005760     0.0361   998.9733      0.045     0.1500 -4.737e-15  0.000e+00
     31.500 263.721140        127      0.046    15.9961   0.005767     0.0362   998.9732      0.047     0.1537      0.002  0.000e+00
     31.750 263.721143        128      0.046    15.9961   0.005760     0.0361   998.9732      0.047     0.1529      0.004  0.000e+00
     32.000 263.721146        129      0.045    15.9967   0.005760     0.0361   998.9731      0.046     0.1537     -0.002  0.000e+00
     32.250 263.721149        130      0.045    15.9972   0.005760     0.0361   998.9730      0.046     0.1549     -0.002  0.000e+00
     32.500 263.721152        131      0.048    15.9976   0.005767     0.0362   998.9730      0.048     0.1566      0.004  0.000e+00
     32.750 263.721155        132      0.046    15.9979   0.005770     0.0362   998.9729      0.047     0.1512      0.002  0.000e+00
     33.000 263.721157        133      0.046    15.9984   0.005770     0.0362   998.9729      0.047     0.1541     -0.002  0.000e+00
     33.250 263.721160        134      0.046    15.9987   0.005760     0.0361   998.9728      0.047     0.1553 -4.737e-15  0.000e+00
     33.500 263.721163        135      0.046    15.9989   0.005757     0.0361   998.9727      0.047     0.1549     -0.000  0.000e+00
     33.750 263.721166        136      0.046    15.9995   0.005760     0.0361   998.9726      0.047     0.1541 -4.737e-15  0.000e+00
     34.000 263.721169        137      0.046    15.9998   0.005760     0.0361   998.9726      0.047     0.1533      0.000  0.000e+00
     34.250 263.721172        138      0.045    16.0000   0.005760     0.0361   998.9725      0.046     0.1541     -0.002  0.000e+00
     34.500 263.721175        139      0.048    16.0005   0.005773     0.0362   998.9725      0.048     0.1512      0.002  0.000e+00
     34.750 263.721178        140      0.044    16.0008   0.005760     0.0361   998.9724      0.045     0.1504     -0.002  0.000e+00
     35.000 263.721181        141      0.048    16.0013   0.005760     0.0361   998.9723      0.048     0.1537 4.7370e-15  0.000e+00
     35.250 263.721183        142      0.045    16.0015   0.005760     0.0361   998.9723      0.046     0.1533      0.002  0.000e+00
     35.500 263.721186        143      0.045    16.0019   0.005767     0.0362   998.9723      0.046     0.1533     -0.004  0.000e+00
     35.750 263.721189        144      0.044    16.0023   0.005760     0.0361   998.9722      0.045     0.1553     -0.002  0.000e+00
     36.000 263.721192        145      0.045    16.0026   0.005754     0.0361   998.9721      0.046     0.1537     -0.000  0.000e+00
     36.250 263.721195        146      0.045    16.0029   0.005760     0.0361   998.9721      0.046     0.1520      0.002  0.000e+00
     36.500 263.721198        147      0.048    16.0034   0.005767     0.0362   998.9720      0.048     0.1508      0.004  0.000e+00
     36.750 263.721201        148      0.044    16.0036   0.005760     0.0361   998.9719      0.045     0.1516     -0.002  0.000e+00
     37.000 263.721204        149      0.045    16.0039   0.005770     0.0362   998.9720      0.046     0.1525     -0.004  0.000e+00
     37.250 263.721207        150      0.045    16.0045   0.005754     0.0361   998.9718      0.046     0.1504      0.002  0.000e+00
     37.500 263.721209        151      0.044    16.0047   0.005767     0.0361   998.9718      0.045     0.1545     -0.002  0.000e+00
     37.750 263.721212        152      0.046    16.0052   0.005760     0.0361   998.9717      0.047     0.1533      0.002  0.000e+00
     38.000 263.721215        153      0.045    16.0055   0.005754     0.0361   998.9716      0.046     0.1562      0.002  0.000e+00
     38.250 263.721218        154      0.043    16.0057   0.005745     0.0360   998.9715      0.044     0.1537     -0.006  0.000e+00
     38.500 263.721221        155      0.043    16.0060   0.005757     0.0361   998.9715      0.044     0.1566     -0.004  0.000e+00
     38.750 263.721224        156      0.049    16.0065   0.005760     0.0361   998.9715      0.049     0.1558      0.011  0.000e+00
     39.000 263.721227        157      0.047    16.0068   0.005754     0.0361   998.9714      0.048     0.1537      0.009  0.000e+00
     39.250 263.721230        158      0.045    16.0070   0.005760     0.0361   998.9714      0.046     0.1545     -0.006  0.000e+00
     39.500 263.721233        159      0.045    16.0074   0.005757     0.0361   998.9713      0.046     0.1529     -0.004  0.000e+00
     39.750 263.721236        160      0.045    16.0078   0.005754     0.0361   998.9712      0.046     0.1520      0.000  0.000e+00
     40.000 263.721238        161      0.046    16.0081   0.005760     0.0361   998.9712      0.047     0.1558      0.002  0.000e+00
     40.250 263.721241        162      0.045    16.0083   0.005754     0.0361   998.9712      0.046     0.1545      0.000  0.000e+00
     40.500 263.721244        163      0.044    16.0085   0.005751     0.0361   998.9711      0.045     0.1549     -0.004  0.000e+00
     40.750 263.721247        164      0.043    16.0088   0.005754     0.0361   998.9711      0.044     0.1537     -0.004  0.000e+00
     41.000 263.721250        165      0.047    16.0092   0.005754     0.0361   998.9710      0.048     0.1558      0.006  0.000e+00
     41.250 263.721253        166      0.045    16.0096   0.005745     0.0360   998.9709      0.046     0.1578      0.004  0.000e+00
     41.500 263.721256        167      0.046    16.0099   0.005751     0.0361   998.9709      0.047     0.1574     -0.002  0.000e+00
     41.750 263.721259        168      0.046    16.0100   0.005754     0.0361   998.9709      0.047     0.1533      0.002  0.000e+00
     42.000 263.721262        169      0.046    16.0104   0.005745     0.0360   998.9708      0.047     0.1520      0.000  0.000e+00
     42.250 263.721264        170      0.046    16.0106   0.005770     0.0362   998.9709      0.047     0.1529     -0.000  0.000e+00
     42.500 263.721267        171      0.046    16.0110   0.005757     0.0361   998.9707      0.047     0.1558      0.000  0.000e+00
     42.750 263.721270        172      0.047    16.0114   0.005779     0.0362   998.9708      0.048     0.1574      0.002  0.000e+00
     43.000 263.721273        173      0.047    16.0116   0.005770     0.0362   998.9707      0.048     0.1537      0.002  0.000e+00
     43.250 263.721276        174      0.046    16.0118   0.005767     0.0361   998.9706      0.047     0.1545     -0.002  0.000e+00
     43.500 263.721279        175      0.045    16.0122   0.005760     0.0361   998.9706      0.046     0.1586     -0.004  0.000e+00
     43.750 263.721282        176      0.044    16.0124   0.005754     0.0361   998.9705      0.045     0.1520     -0.004  0.000e+00
     44.000 263.721285        177      0.043    16.0127   0.005754     0.0361   998.9704      0.044     0.1570     -0.004  0.000e+00
     44.250 263.721288        178      0.046    16.0128   0.005751     0.0361   998.9704      0.047     0.1529      0.004  0.000e+00
     44.500 263.721291        179      0.044    16.0131   0.005745     0.0360   998.9703      0.045     0.1549      0.002  0.000e+00
     44.750 263.721293        180      0.046    16.0135   0.005754     0.0361   998.9703      0.047     0.1529      0.000  0.000e+00
     45.000 263.721296        181      0.045    16.0137   0.005754     0.0361   998.9703      0.046     0.1558      0.002  0.000e+00
     45.250 263.721299        182      0.046    16.0138   0.005751     0.0361   998.9703      0.047     0.1574      0.000  0.000e+00
     45.500 263.721302        183      0.045    16.0142   0.005760     0.0361   998.9702      0.046     0.1574     -0.000  0.000e+00
     45.750 263.721305        184      0.045    16.0145   0.005760     0.0361   998.9702      0.046     0.1582     -0.002  0.000e+00
     46.000 263.721308        185      0.046    16.0148   0.005754     0.0361   998.9701      0.047     0.1537      0.002  0.000e+00
     46.250 263.721311        186      0.045    16.0152   0.005757     0.0361   998.9701      0.046     0.1549     -0.000  0.000e+00
     46.500 263.721314        187      0.045    16.0154   0.005754     0.0361   998.9700      0.046     0.1512     -0.002  0.000e+00
     46.750 263.721317        188      0.046    16.0157   0.005760     0.0361   998.9700      0.047     0.1566      0.002  0.000e+00
     47.000 263.721319        189      0.047    16.0159   0.005754     0.0361   998.9699      0.048     0.1541      0.004  0.000e+00
     47.250 263.721322        190      0.045    16.0161   0.005751     0.0361   998.9699      0.046     0.1537     -0.002  0.000e+00
     47.500 263.721325        191      0.045    16.0164   0.005754     0.0361   998.9698      0.046     0.1508     -0.004  0.000e+00
     47.750 263.721328        192      0.045    16.0167   0.005754     0.0361   998.9698      0.046     0.1537      0.000  0.000e+00
     48.000 263.721331        193      0.044    16.0169   0.005770     0.0362   998.9698      0.045     0.1537     -0.002  0.000e+00
     48.250 263.721334        194      0.044    16.0172   0.005757     0.0361   998.9697      0.045     0.1512     -0.002  0.000e+00
     48.500 263.721337        195      0.044    16.0175   0.005770     0.0362   998.9697      0.045     0.1549     -0.000  0.000e+00
     48.750 263.721340        196      0.045    16.0177   0.005754     0.0361   998.9696      0.046     0.1549      0.002  0.000e+00
     49.000 263.721343        197      0.045    16.0180   0.005760     0.0361   998.9696      0.046     0.1603      0.002  0.000e+00
     49.250 263.721345        198      0.047    16.0182   0.005751     0.0361   998.9695      0.048     0.1500      0.004  0.000e+00
     49.500 263.721348        199      0.044    16.0185   0.005754     0.0361   998.9695      0.045     0.1549     -0.002  0.000e+00
     49.750 263.721351        200      0.045    16.0186   0.005754     0.0361   998.9695      0.046     0.1508     -0.004  0.000e+00
     50.000 263.721354        201      0.045    16.0189   0.005754     0.0361   998.9694      0.046     0.1578      0.002  0.000e+00
     50.250 263.721357        202      0.045    16.0191   0.005742     0.0360   998.9693      0.046     0.1516      0.000  0.000e+00
     50.500 263.721360        203      0.045    16.0193   0.005754     0.0361   998.9694      0.046     0.1566     -0.000  0.000e+00
     50.750 263.721363        204      0.046    16.0195   0.005754     0.0361   998.9693      0.047     0.1512      0.002  0.000e+00
     51.000 263.721366        205      0.045    16.0199   0.005754     0.0361   998.9693      0.046     0.1541      0.000  0.000e+00
     51.250 263.721369        206      0.046    16.0202   0.005751     0.0361   998.9692      0.047     0.1533     -0.000  0.000e+00
     51.500 263.721372        207      0.046    16.0203   0.005760     0.0361   998.9692      0.047     0.1562      0.002  0.000e+00
     51.750 263.721374        208      0.047    16.0204   0.005754     0.0361   998.9692      0.048     0.1533      0.002  0.000e+00
     52.000 263.721377        209      0.045    16.0208   0.005745     0.0360   998.9691      0.046     0.1570     -0.002  0.000e+00
     52.250 263.721380        210      0.046    16.0210   0.005757     0.0361   998.9691      0.047     0.1570     -0.002  0.000e+00
     52.500 263.721383        211      0.045    16.0212   0.005760     0.0361   998.9691      0.046     0.1558      0.000  0.000e+00
     52.750 263.721386        212      0.045    16.0214   0.005754     0.0361   998.9690      0.046     0.1529     -0.002  0.000e+00
     53.000 263.721389        213      0.046    16.0216   0.005754     0.0361   998.9690      0.047     0.1553      0.002  0.000e+00
     53.250 263.721392        214      0.046    16.0219   0.005751     0.0361   998.9689      0.047     0.1467      0.002  0.000e+00
     53.500 263.721395        215      0.044    16.0222   0.005754     0.0361   998.9689      0.045     0.1529     -0.004  0.000e+00
     53.750 263.721398        216      0.047    16.0224   0.005745     0.0360   998.9688      0.048     0.1525      0.002  0.000e+00
     54.000 263.721400        217      0.045    16.0227   0.005754     0.0361   998.9688      0.046     0.1533      0.002  0.000e+00
     54.250 263.721403        218      0.045    16.0229   0.005751     0.0361   998.9688      0.046     0.1529     -0.004  0.000e+00
     54.500 263.721406        219      0.046    16.0229   0.005754     0.0361   998.9688      0.047     0.1574      0.002  0.000e+00
     54.750 263.721409        220      0.047    16.0234   0.005754     0.0361   998.9687      0.048     0.1520      0.004  0.000e+00
     55.000 263.721412        221      0.046    16.0234   0.005745     0.0360   998.9687      0.047     0.1525      0.000  0.000e+00
     55.250 263.721415        222      0.046    16.0236   0.005742     0.0360   998.9686      0.047     0.1533     -0.002  0.000e+00
     55.500 263.721418        223      0.046    16.0239   0.005754     0.0361   998.9686      0.047     0.1537      0.000  0.000e+00
     55.750 263.721421        224      0.049    16.0242   0.005745     0.0360   998.9685      0.049     0.1537      0.004  0.000e+00
     56.000 263.721424        225      0.045    16.0242   0.005751     0.0361   998.9686      0.046     0.1537     -0.002  0.000e+00
     56.250 263.721427        226      0.046    16.0247   0.005760     0.0361   998.9685      0.047     0.1562     -0.004  0.000e+00
     56.500 263.721429        227      0.047    16.0251   0.005754     0.0361   998.9684      0.048     0.1553      0.004  0.000e+00
     56.750 263.721432        228      0.046    16.0251   0.005754     0.0361   998.9684      0.047     0.1545      0.000  0.000e+00
     57.000 263.721435        229      0.046    16.0253   0.005751     0.0361   998.9684      0.047     0.1562     -0.002  0.000e+00
     57.250 263.721438        230      0.046    16.0255   0.005745     0.0360   998.9683      0.047     0.1533     -0.000  0.000e+00
     57.500 263.721441        231      0.044    16.0257   0.005754     0.0361   998.9683      0.045     0.1558     -0.004  0.000e+00
     57.750 263.721444        232      0.046    16.0258   0.005754     0.0361   998.9683      0.047     0.1492      0.000  0.000e+00
     58.000 263.721447        233      0.047    16.0261   0.005751     0.0361   998.9683      0.048     0.1520      0.006  0.000e+00
     58.250 263.721450        234      0.044    16.0263   0.005745     0.0360   998.9682      0.045     0.1520     -0.004  0.000e+00
     58.500 263.721453        235      0.045    16.0266   0.005754     0.0361   998.9682      0.046     0.1545     -0.004  0.000e+00
     58.750 263.721455        236      0.044    16.0268   0.005745     0.0360   998.9681      0.045     0.1574     -0.000  0.000e+00
     59.000 263.721458        237      0.045    16.0269   0.005742     0.0360   998.9681      0.046     0.1549     -0.000  0.000e+00
     59.250 263.721461        238      0.046    16.0271   0.005745     0.0360   998.9681      0.047     0.1533      0.004  0.000e+00
     59.500 263.721464        239      0.046    16.0274   0.005736     0.0360   998.9680      0.047     0.1558      0.002  0.000e+00
     59.750 263.721467        240      0.049    16.0275   0.005745     0.0360   998.9680      0.049     0.1533      0.004  0.000e+00
