Raw_Data/Cage/SBE19/2020-09-26_SBE19_008_041_processed.cnv
* Sea-Bird SBE19plus Data File:
* FileName = C:\cruises\2020_barkerboys\leg2\data\cage\SBE19\2020-09-25_SBE19_008_037041.hex
* Software Version 1.59
* Temperature SN =  4881
* Conductivity SN =  4881
* System UpLoad Time = Sep 26 2020 18:15:57
* ds
* SeacatPlus V 1.5  SERIAL NO. 4881    26 Sep 2020  18:11:53
# nquan = 12
# nvalues = 2091                                  
# units = specified
# name 0 = timeS: Time, Elapsed [seconds]
# name 1 = timeJ: Julian Days
# name 2 = scan: Scan Count
# name 3 = depSM: Depth [salt water, m], lat = 44.00
# name 4 = tv290C: Temperature [ITS-90, deg C]
# name 5 = c0S/m: Conductivity [S/m]
# name 6 = sal00: Salinity, Practical [PSU]
# name 7 = density00: Density [density, kg/m^3]
# name 8 = prdM: Pressure, Strain Gauge [db]
# name 9 = wetStar: Fluorescence, WET Labs WETstar [mg/m^3]
# name 10 = dz/dtM: Descent Rate [m/s]
# name 11 = flag:  0.000e+00
# span 0 =      0.000,    522.500                 
# span 1 = 270.605880, 270.611927                 
# span 2 =          1,       2091                 
# span 3 =      0.004,    131.324                 
# span 4 =    10.6455,    12.5126                 
# span 5 =   0.059399,   3.796015                 
# span 6 =     0.3868,    33.2081                 
# span 7 =   999.7709,  1026.0384                 
# span 8 =      0.004,    132.429                 
# span 9 =     0.1623,     2.3257                 
# span 10 =     -1.108,      1.206                
# span 11 = 0.0000e+00, 0.0000e+00                
# interval = seconds: 0.25
# start_time = Sep 26 2020 14:32:28 [Instrument's time stamp, header]
# bad_flag = -9.990e-29
*END*
[from data line 121]
     30.250 270.606230        122      0.004    12.2629   0.061335     0.3999   999.7814      0.004     0.1846     -0.006  0.000e+00
     30.500 270.606233        123      0.008    12.2629   0.061300     0.3996   999.7813      0.008     0.1829      0.006  0.000e+00
     30.750 270.606236        124      0.007    12.2629   0.061278     0.3995   999.7811      0.007     0.1875      0.006  0.000e+00
     31.000 270.606238        125      0.008    12.2630   0.061253     0.3993   999.7810      0.008     0.1867 1.1842e-15  0.000e+00
     31.250 270.606241        126      0.005    12.2630   0.061212     0.3990   999.7808      0.005     0.1883     -0.004  0.000e+00
     31.500 270.606244        127      0.004    12.2631   0.061190     0.3989   999.7806      0.004     0.1858     -0.009  0.000e+00
     31.750 270.606247        128      0.007    12.2631   0.061161     0.3987   999.7805      0.007     0.1825      0.004  0.000e+00
     32.000 270.606250        129      0.006    12.2632   0.061171     0.3988   999.7805      0.006     0.1813      0.004  0.000e+00
     32.250 270.606253        130      0.005    12.2631   0.061196     0.3989   999.7807      0.005     0.1875     -0.004  0.000e+00
     32.500 270.606256        131      0.007    12.2633   0.061215     0.3991   999.7808      0.007     0.1887      0.002  0.000e+00
     32.750 270.606259        132      0.005    12.2633   0.061212     0.3990   999.7807      0.005     0.1809     -0.000  0.000e+00
     33.000 270.606262        133      0.006    12.2631   0.061177     0.3988   999.7806      0.006     0.1858     -0.002  0.000e+00
     33.250 270.606264        134      0.006    12.2634   0.061114     0.3984   999.7802      0.006     0.1829      0.002  0.000e+00
     33.500 270.606267        135      0.006    12.2633   0.061045     0.3979   999.7798      0.006     0.1867      0.000  0.000e+00
     33.750 270.606270        136      0.007    12.2633   0.060985     0.3975   999.7795      0.007     0.1883      0.002  0.000e+00
     34.000 270.606273        137      0.007    12.2634   0.060937     0.3972   999.7793      0.007     0.1834      0.002  0.000e+00
     34.250 270.606276        138      0.006    12.2633   0.060928     0.3971   999.7792      0.006     0.1796     -0.002  0.000e+00
     34.500 270.606279        139      0.006    12.2635   0.060922     0.3971   999.7792      0.006     0.1821     -0.002  0.000e+00
     34.750 270.606282        140      0.005    12.2635   0.060928     0.3971   999.7792      0.005     0.1809     -0.002  0.000e+00
     35.000 270.606285        141      0.007    12.2635   0.060937     0.3972   999.7793      0.007     0.1858      0.002  0.000e+00
     35.250 270.606288        142      0.005    12.2635   0.060966     0.3974   999.7794      0.005     0.1846     -0.000  0.000e+00
     35.500 270.606291        143      0.004    12.2635   0.061004     0.3976   999.7796      0.004     0.1854     -0.006  0.000e+00
     35.750 270.606293        144      0.005    12.2635   0.061029     0.3978   999.7797      0.005     0.1817     -0.000  0.000e+00
     36.000 270.606296        145      0.006    12.2637   0.061038     0.3979   999.7798      0.006     0.1809      0.004  0.000e+00
     36.250 270.606299        146      0.007    12.2638   0.061019     0.3977   999.7797      0.007     0.1858      0.004  0.000e+00
     36.500 270.606302        147      0.007    12.2637   0.060978     0.3975   999.7795      0.007     0.1850      0.002  0.000e+00
     36.750 270.606305        148      0.006    12.2637   0.060909     0.3970   999.7791      0.006     0.1821     -0.002  0.000e+00
     37.000 270.606308        149      0.008    12.2638   0.060855     0.3966   999.7788      0.008     0.1846      0.002  0.000e+00
     37.250 270.606311        150      0.006    12.2638   0.060795     0.3962   999.7785      0.006     0.1858     -0.000  0.000e+00
     37.500 270.606314        151      0.005    12.2638   0.060789     0.3962   999.7784      0.005     0.1867     -0.006  0.000e+00
     37.750 270.606317        152      0.006    12.2638   0.060846     0.3966   999.7787      0.006     0.1867 5.9212e-16  0.000e+00
     38.000 270.606319        153      0.006    12.2639   0.060937     0.3972   999.7792      0.006     0.1867      0.002  0.000e+00
     38.250 270.606322        154      0.004    12.2638   0.060997     0.3976   999.7795      0.004     0.1887     -0.004  0.000e+00
     38.500 270.606325        155      0.006    12.2641   0.061048     0.3979   999.7798      0.006     0.1846      0.000  0.000e+00
     38.750 270.606328        156      0.006    12.2640   0.061054     0.3980   999.7798      0.006     0.1796      0.004  0.000e+00
     39.000 270.606331        157      0.006    12.2640   0.061019     0.3977   999.7796      0.006     0.1817     -0.000  0.000e+00
     39.250 270.606334        158      0.006    12.2641   0.060947     0.3972   999.7792      0.006     0.1875     -0.000  0.000e+00
     39.500 270.606337        159      0.007    12.2640   0.060862     0.3967   999.7788      0.007     0.1883      0.002  0.000e+00
     39.750 270.606340        160      0.005    12.2640   0.060805     0.3963   999.7785      0.005     0.1887     -0.002  0.000e+00
     40.000 270.606343        161      0.007    12.2641   0.060795     0.3962   999.7784      0.007     0.1846      0.000  0.000e+00
     40.250 270.606345        162      0.005    12.2641   0.060830     0.3965   999.7786      0.005     0.1834      0.000  0.000e+00
     40.500 270.606348        163      0.005    12.2643   0.060890     0.3969   999.7789      0.005     0.1867     -0.004  0.000e+00
     40.750 270.606351        164      0.004    12.2644   0.060972     0.3974   999.7793      0.004     0.1842     -0.002  0.000e+00
     41.000 270.606354        165      0.005    12.2644   0.061019     0.3977   999.7796      0.005     0.1834     -0.000  0.000e+00
     41.250 270.606357        166      0.006    12.2644   0.061029     0.3978   999.7796      0.006     0.1875      0.004  0.000e+00
     41.500 270.606360        167      0.005    12.2643   0.061000     0.3976   999.7795      0.005     0.1862     -0.000  0.000e+00
     41.750 270.606363        168      0.005    12.2644   0.060922     0.3971   999.7791      0.005     0.1858     -0.002  0.000e+00
     42.000 270.606366        169      0.008    12.2644   0.060805     0.3963   999.7785      0.008     0.1834      0.006  0.000e+00
     42.250 270.606369        170      0.006    12.2643   0.060707     0.3956   999.7779      0.006     0.1842      0.002  0.000e+00
     42.500 270.606372        171      0.007    12.2645   0.060638     0.3952   999.7776      0.007     0.1846     -0.002  0.000e+00
     42.750 270.606374        172      0.006    12.2646   0.060641     0.3952   999.7776      0.006     0.1850 1.1842e-15  0.000e+00
     43.000 270.606377        173      0.006    12.2645   0.060688     0.3955   999.7778      0.006     0.1796     -0.002  0.000e+00
     43.250 270.606380        174      0.004    12.2646   0.060814     0.3963   999.7785      0.004     0.1834     -0.004  0.000e+00
     43.500 270.606383        175      0.006    12.2646   0.060963     0.3973   999.7793      0.006     0.1817      0.000  0.000e+00
     43.750 270.606386        176      0.004    12.2646   0.061095     0.3982   999.7799      0.004     0.1858      0.000  0.000e+00
     44.000 270.606389        177      0.004    12.2647   0.061152     0.3986   999.7802      0.004     0.1875     -0.004  0.000e+00
     44.250 270.606392        178      0.006    12.2646   0.061133     0.3985   999.7802      0.006     0.1891      0.004  0.000e+00
     44.500 270.606395        179      0.005    12.2649   0.061045     0.3979   999.7796      0.005     0.1838      0.002  0.000e+00
     44.750 270.606398        180      0.005    12.2648   0.060947     0.3972   999.7791      0.005     0.1883     -0.002  0.000e+00
     45.000 270.606400        181      0.007    12.2649   0.060846     0.3966   999.7786      0.007     0.1854      0.004  0.000e+00
     45.250 270.606403        182      0.007    12.2647   0.060770     0.3960   999.7782      0.007     0.1854      0.004  0.000e+00
     45.500 270.606406        183      0.008    12.2648   0.060713     0.3957   999.7779      0.008     0.1838      0.002  0.000e+00
     45.750 270.606409        184      0.006    12.2648   0.060676     0.3954   999.7777      0.006     0.1850     -0.002  0.000e+00
     46.000 270.606412        185      0.006    12.2650   0.060672     0.3954   999.7777      0.006     0.1809     -0.004  0.000e+00
     46.250 270.606415        186      0.007    12.2649   0.060704     0.3956   999.7779      0.007     0.1829      0.002  0.000e+00
     46.500 270.606418        187      0.006    12.2650   0.060773     0.3961   999.7782      0.006     0.1854      0.000  0.000e+00
     46.750 270.606421        188      0.006    12.2651   0.060843     0.3965   999.7786      0.006     0.1854     -0.002  0.000e+00
     47.000 270.606424        189      0.004    12.2650   0.060906     0.3970   999.7789      0.004     0.1834     -0.004  0.000e+00
     47.250 270.606427        190      0.005    12.2650   0.060947     0.3972   999.7791      0.005     0.1825     -0.002  0.000e+00
     47.500 270.606429        191      0.007    12.2649   0.060953     0.3973   999.7792      0.007     0.1854      0.006  0.000e+00
     47.750 270.606432        192      0.006    12.2651   0.060912     0.3970   999.7789      0.006     0.1854      0.002  0.000e+00
     48.000 270.606435        193      0.007    12.2651   0.060843     0.3965   999.7786      0.007     0.1867      0.000  0.000e+00
     48.250 270.606438        194      0.007    12.2652   0.060748     0.3959   999.7781      0.007     0.1846      0.002  0.000e+00
     48.500 270.606441        195      0.008    12.2652   0.060666     0.3953   999.7776      0.008     0.1805      0.002  0.000e+00
     48.750 270.606444        196      0.007    12.2651   0.060606     0.3949   999.7773      0.007     0.1838      0.000  0.000e+00
     49.000 270.606447        197      0.006    12.2651   0.060575     0.3947   999.7771      0.006     0.1829     -0.004  0.000e+00
     49.250 270.606450        198      0.006    12.2653   0.060575     0.3947   999.7771      0.006     0.1842     -0.002  0.000e+00
     49.500 270.606453        199      0.006    12.2653   0.060619     0.3950   999.7774      0.006     0.1846      0.000  0.000e+00
     49.750 270.606455        200      0.004    12.2654   0.060748     0.3959   999.7780      0.004     0.1813     -0.004  0.000e+00
     50.000 270.606458        201      0.004    12.2653   0.060657     0.3953   999.7775      0.004     0.1821     -0.004  0.000e+00
     50.250 270.606461        202      0.007    12.2652   0.060423     0.3937   999.7763      0.007     0.1842      0.006  0.000e+00
     50.500 270.606464        203      0.006    12.2651   0.060247     0.3925   999.7754      0.006     0.1809      0.004  0.000e+00
     50.750 270.606467        204      0.007    12.2655   0.060086     0.3914   999.7745      0.007     0.1850      0.000  0.000e+00
     51.000 270.606470        205      0.006    12.2655   0.059922     0.3903   999.7737      0.006     0.1883      0.000  0.000e+00
     51.250 270.606473        206      0.007    12.2654   0.059812     0.3896   999.7731      0.007     0.1887 -1.184e-15  0.000e+00
     51.500 270.606476        207      0.010    12.2656   0.059607     0.3882   999.7720      0.010     0.1825      0.009  0.000e+00
     51.750 270.606479        208      0.008    12.2656   0.059399     0.3868   999.7709      0.008     0.1829      0.002  0.000e+00
     52.000 270.606481        209      0.005    12.2656   0.059411     0.3869   999.7710      0.005     0.1813     -0.011  0.000e+00
     52.250 270.606484        210      0.006    12.2657   0.059515     0.3876   999.7715      0.006     0.1842     -0.004  0.000e+00
     52.500 270.606487        211      0.009    12.2659   0.059503     0.3875   999.7714      0.009     0.1842      0.009  0.000e+00
     52.750 270.606490        212      0.006    12.2660   0.059581     0.3880   999.7718      0.006     0.1858      0.000  0.000e+00
     53.000 270.606493        213      0.008    12.2660   0.060266     0.3926   999.7754      0.008     0.1867     -0.002  0.000e+00
     53.250 270.606496        214      0.006    12.2662   0.060972     0.3974   999.7791      0.006     0.1854     -0.000  0.000e+00
     53.500 270.606499        215      0.004    12.2662   0.061619     0.4018   999.7825      0.004     0.1867     -0.009  0.000e+00
     53.750 270.606502        216      0.005    12.2663   0.062263     0.4061   999.7859      0.005     0.1842     -0.002  0.000e+00
     54.000 270.606505        217      0.006    12.2664   0.062888     0.4103   999.7892      0.006     0.1899      0.004  0.000e+00
     54.250 270.606508        218      0.005    12.2667   0.063551     0.4148   999.7926      0.005     0.1821     -0.000  0.000e+00
     54.500 270.606510        219      0.006    12.2666   0.064293     0.4199   999.7966      0.006     0.1846      0.000  0.000e+00
     54.750 270.606513        220      0.006    12.2667   0.064862     0.4237   999.7996      0.006     0.1883      0.002  0.000e+00
     55.000 270.606516        221      0.005    12.2668   0.065342     0.4270   999.8021      0.005     0.1842     -0.002  0.000e+00
     55.250 270.606519        222      0.006    12.2669   0.065817     0.4302   999.8046      0.006     0.1867      0.000  0.000e+00
     55.500 270.606522        223      0.007    12.2669   0.066335     0.4337   999.8074      0.007     0.1838      0.004  0.000e+00
     55.750 270.606525        224      0.006    12.2673   0.066784     0.4367   999.8097      0.006     0.1850     -0.000  0.000e+00
     56.000 270.606528        225      0.006    12.2673   0.067227     0.4398   999.8120      0.006     0.1813     -0.002  0.000e+00
     56.250 270.606531        226      0.005    12.2674   0.067629     0.4425   999.8141      0.005     0.1858     -0.002  0.000e+00
     56.500 270.606534        227      0.005    12.2675   0.067942     0.4446   999.8158      0.005     0.1846     -0.002  0.000e+00
     56.750 270.606536        228      0.004    12.2675   0.068240     0.4466   999.8174      0.004     0.1809     -0.002  0.000e+00
     57.000 270.606539        229      0.007    12.2677   0.068439     0.4480   999.8184      0.007     0.1817      0.004  0.000e+00
     57.250 270.606542        230      0.005    12.2677   0.068531     0.4486   999.8189      0.005     0.1867      0.002  0.000e+00
     57.500 270.606545        231      0.007    12.2677   0.068496     0.4484   999.8187      0.007     0.1850     -0.000  0.000e+00
     57.750 270.606548        232      0.006    12.2679   0.068246     0.4467   999.8173      0.006     0.1846      0.002  0.000e+00
     58.000 270.606551        233      0.008    12.2677   0.067866     0.4441   999.8154      0.008     0.1825      0.002  0.000e+00
     58.250 270.606554        234      0.007    12.2677   0.067486     0.4415   999.8134      0.007     0.1817      0.002  0.000e+00
     58.500 270.606557        235      0.006    12.2678   0.067237     0.4398   999.8120      0.006     0.1838     -0.004  0.000e+00
     58.750 270.606560        236      0.006    12.2680   0.067037     0.4385   999.8109      0.006     0.1846     -0.002  0.000e+00
     59.000 270.606563        237      0.006    12.2679   0.066977     0.4380   999.8106      0.006     0.1842     -0.000  0.000e+00
     59.250 270.606565        238      0.005    12.2680   0.066964     0.4380   999.8105      0.005     0.1858     -0.002  0.000e+00
     59.500 270.606568        239      0.006    12.2680   0.067069     0.4387   999.8111      0.006     0.1871     -0.000  0.000e+00
     59.750 270.606571        240      0.006    12.2681   0.067657     0.4427   999.8142      0.006     0.1879      0.002  0.000e+00
