Raw_Data/Cage/SBE19/2020-09-25_SBE19_007_033_processed.cnv
* Sea-Bird SBE19plus Data File:
* FileName = C:\cruises\2020_barkerboys\leg2\data\cage\SBE19\2020-09-25_SBE19_004_033.hex
* Software Version 1.59
* Temperature SN =  4881
* Conductivity SN =  4881
* System UpLoad Time = Sep 25 2020 21:20:29
* ds
* SeacatPlus V 1.5  SERIAL NO. 4881    25 Sep 2020  21:17:28
# nquan = 12
# nvalues = 3238                                  
# units = specified
# name 0 = timeS: Time, Elapsed [seconds]
# name 1 = timeJ: Julian Days
# name 2 = scan: Scan Count
# name 3 = depSM: Depth [salt water, m], lat = 44.00
# name 4 = tv290C: Temperature [ITS-90, deg C]
# name 5 = c0S/m: Conductivity [S/m]
# name 6 = sal00: Salinity, Practical [PSU]
# name 7 = density00: Density [density, kg/m^3]
# name 8 = prdM: Pressure, Strain Gauge [db]
# name 9 = wetStar: Fluorescence, WET Labs WETstar [mg/m^3]
# name 10 = dz/dtM: Descent Rate [m/s]
# name 11 = flag:  0.000e+00
# span 0 =      0.000,    809.250                 
# span 1 = 269.727905, 269.737271                 
# span 2 =          1,       3238                 
# span 3 =     -0.012,    178.481                 
# span 4 =     9.6035,    13.6401                 
# span 5 =   0.048199,   3.902542                 
# span 6 =     0.3010,    33.6429                 
# span 7 =   999.5305,  1026.7733                 
# span 8 =     -0.012,    180.003                 
# span 9 =     0.1327,     4.3260                 
# span 10 =     -1.269,      0.963                
# span 11 = 0.0000e+00, 0.0000e+00                
# interval = seconds: 0.25
# start_time = Sep 25 2020 17:28:11 [Instrument's time stamp, header]
# bad_flag = -9.990e-29
*END*
[from data line 3128]
    782.000 269.736956       3129      0.737    12.9671   3.852535    32.7112  1024.6301      0.743     1.6327     -0.054  0.000e+00
    782.250 269.736959       3130      0.707    12.9791   3.853462    32.7097  1024.6264      0.712     1.6126     -0.073  0.000e+00
    782.500 269.736962       3131      0.634    12.9891   3.853461    32.7011  1024.6174      0.639     1.6051     -0.208  0.000e+00
    782.750 269.736965       3132      0.505    12.9968   3.857512    32.7327  1024.6398      0.509     1.5549     -0.406  0.000e+00
    783.000 269.736968       3133      0.317    13.0141   3.857834    32.7210  1024.6265      0.319     1.6653     -0.640  0.000e+00
    783.250 269.736970       3134      0.101    13.0308   3.863897    32.7639  1024.6554      0.102     1.5273     -0.816  0.000e+00
    783.500 269.736973       3135     -0.006    13.0614   3.437624    28.7499  1021.5449     -0.006     1.4906     -0.650  0.000e+00
    783.750 269.736976       3136      0.002    13.0960   0.823561     6.0650  1004.0595      0.002     1.4206     -0.200  0.000e+00
    784.000 269.736979       3137      0.003    13.1153   0.705129     5.1316  1003.3370      0.003     1.4391      0.017  0.000e+00
    784.250 269.736982       3138      0.002    13.1209   1.166724     8.8207  1006.1790      0.002     1.4564      0.000  0.000e+00
    784.500 269.736985       3139      0.001    13.1200   2.637413    21.4300  1015.8867      0.001     1.2760     -0.004  0.000e+00
    784.750 269.736988       3140      0.002    13.1077   3.492021    29.2191  1021.8987      0.002     1.0255     -0.000  0.000e+00
    785.000 269.736991       3141      0.002    13.0940   3.634241    30.5539  1022.9330      0.002     0.3646      0.002  0.000e+00
    785.250 269.736994       3142      0.002    13.0769   3.229808    26.8212  1020.0525      0.002     0.2892      0.000  0.000e+00
    785.500 269.736997       3143     -0.000    13.0522   3.850902    32.6227  1024.5415     -0.000     0.3609     -0.004  0.000e+00
    785.750 269.736999       3144      0.001    13.0248   3.849841    32.6363  1024.5574      0.001     0.3646     -0.002  0.000e+00
    786.000 269.737002       3145     -0.000    12.9992   3.849056    32.6510  1024.5738     -0.000     0.3152     -0.000  0.000e+00
    786.250 269.737005       3146      0.001    12.9795   3.847674    32.6549  1024.5807      0.001     0.3729      0.000  0.000e+00
    786.500 269.737008       3147      0.001    12.9644   3.846499    32.6568  1024.5851      0.001     0.2670      0.002  0.000e+00
    786.750 269.737011       3148     -0.000    12.9510   3.845479    32.6588  1024.5893     -0.000     0.2299     -0.002  0.000e+00
    787.000 269.737014       3149     -0.004    12.9379   3.844869    32.6643  1024.5961     -0.004     0.2134     -0.009  0.000e+00
    787.250 269.737017       3150     -0.001    12.9262   3.751705    31.7942  1023.9249     -0.001     0.2031     -0.002  0.000e+00
    787.500 269.737020       3151     -0.000    12.9179   0.847521     6.2841  1004.2536     -0.000     0.2023      0.006  0.000e+00
    787.750 269.737023       3152      0.001    12.9146   0.561911     4.0459  1002.5265      0.001     0.2027      0.004  0.000e+00
    788.000 269.737025       3153      0.002    12.9141   0.600750     4.3456  1002.7581      0.002     0.1965      0.004  0.000e+00
    788.250 269.737028       3154      0.001    12.9141   0.693964     5.0712  1003.3184      0.001     0.1945      0.000  0.000e+00
    788.500 269.737031       3155     -0.000    12.9135   0.761843     5.6051  1003.7304     -0.000     0.1908     -0.004  0.000e+00
    788.750 269.737034       3156      0.001    12.9128   0.740254     5.4350  1003.5992      0.001     0.1842      0.000  0.000e+00
    789.000 269.737037       3157      0.002    12.9120   0.711095     5.2058  1003.4225      0.002     0.1842      0.004  0.000e+00
    789.250 269.737040       3158     -0.002    12.9107   0.706969     5.1736  1003.3978     -0.003     0.1809     -0.006  0.000e+00
    789.500 269.737043       3159     -0.002    12.9090   0.713456     5.2248  1003.4375     -0.003     0.1825     -0.009  0.000e+00
    789.750 269.737046       3160     -0.000    12.9073   0.669689     4.8823  1003.1734     -0.000     0.1792      0.004  0.000e+00
    790.000 269.737049       3161     -0.000    12.9054   0.655196     4.7694  1003.0866     -0.000     0.1792      0.004  0.000e+00
    790.250 269.737052       3162     -0.001    12.9036   0.641168     4.6604  1003.0026     -0.001     0.1755     -0.002  0.000e+00
    790.500 269.737054       3163      0.003    12.9018   0.569920     4.1090  1002.5770      0.003     0.1788      0.006  0.000e+00
    790.750 269.737057       3164     -0.001    12.9003   0.548158     3.9417  1002.4479     -0.001     0.1796      0.000  0.000e+00
    791.000 269.737060       3165     -0.001    12.8989   0.595375     4.3058  1002.7293     -0.001     0.1784     -0.009  0.000e+00
    791.250 269.737063       3166     -0.002    12.8973   0.619214     4.4906  1002.8723     -0.002     0.1792     -0.002  0.000e+00
    791.500 269.737066       3167     -0.001    12.8958   0.545707     3.9233  1002.4343     -0.001     0.1887      0.000  0.000e+00
    791.750 269.737069       3168     -0.001    12.8945   0.500870     3.5804  1002.1695     -0.001     0.1834      0.002  0.000e+00
    792.000 269.737072       3169     -0.002    12.8931   0.523953     3.7569  1002.3060     -0.002     0.1813     -0.002  0.000e+00
    792.250 269.737075       3170     -0.001    12.8917   0.527745     3.7860  1002.3288     -0.001     0.1792      0.000  0.000e+00
    792.500 269.737078       3171     -0.000    12.8912   0.500574     3.5784  1002.1684     -0.000     0.1743      0.004  0.000e+00
    792.750 269.737080       3172     -0.002    12.8898   0.484598     3.4569  1002.0746     -0.002     0.1751     -0.002  0.000e+00
    793.000 269.737083       3173     -0.003    12.8884   0.443578     3.1461  1001.8345     -0.003     0.1739     -0.006  0.000e+00
    793.250 269.737086       3174     -0.001    12.8872   0.407810     2.8770  1001.6264     -0.001     0.1772      0.002  0.000e+00
    793.500 269.737089       3175     -0.001    12.8858   0.386529     2.7177  1001.5034     -0.001     0.1739      0.004  0.000e+00
    793.750 269.737092       3176     -0.000    12.8848   0.401473     2.8296  1001.5901     -0.000     0.1792      0.002  0.000e+00
    794.000 269.737095       3177     -0.000    12.8836   0.403980     2.8485  1001.6049     -0.000     0.1883      0.002  0.000e+00
    794.250 269.737098       3178     -0.001    12.8825   0.388706     2.7342  1001.5166     -0.001     0.1834     -0.002  0.000e+00
    794.500 269.737101       3179     -0.000    12.8813   0.387723     2.7269  1001.5111     -0.000     0.1850     -0.000  0.000e+00
    794.750 269.737104       3180     -0.000    12.8800   0.374896     2.6313  1001.4373     -0.000     0.1895      0.002  0.000e+00
    795.000 269.737106       3181     -0.001    12.8783   0.367857     2.5789  1001.3970     -0.001     0.1887     -0.002  0.000e+00
    795.250 269.737109       3182      0.001    12.8765   0.367554     2.5768  1001.3956      0.001     0.1879      0.002  0.000e+00
    795.500 269.737112       3183     -0.002    12.8744   0.355696     2.4888  1001.3277     -0.002     0.1879     -0.002  0.000e+00
    795.750 269.737115       3184     -0.000    12.8724   0.342360     2.3900  1001.2514     -0.000     0.1825     -0.002  0.000e+00
    796.000 269.737118       3185      0.001    12.8701   0.348557     2.4360  1001.2874      0.001     0.1838      0.006  0.000e+00
    796.250 269.737121       3186     -0.001    12.8679   0.358144     2.5074  1001.3429     -0.001     0.1821     -0.002  0.000e+00
    796.500 269.737124       3187     -0.001    12.8656   0.346713     2.4227  1001.2776     -0.001     0.1825     -0.004  0.000e+00
    796.750 269.737127       3188      0.001    12.8633   0.337117     2.3517  1001.2230      0.001     0.1834      0.004  0.000e+00
    797.000 269.737130       3189     -0.000    12.8609   0.339729     2.3712  1001.2384     -0.000     0.1838      0.002  0.000e+00
    797.250 269.737133       3190      0.001    12.8586   0.343670     2.4005  1001.2614      0.001     0.1875      0.000  0.000e+00
    797.500 269.737135       3191     -0.001    12.8563   0.332670     2.3192  1001.1988     -0.001     0.1817     -0.002  0.000e+00
    797.750 269.737138       3192      0.001    12.8538   0.317744     2.2092  1001.1139      0.001     0.1809      0.000  0.000e+00
    798.000 269.737141       3193      0.001    12.8515   0.312401     2.1700  1001.0838      0.001     0.1784      0.004  0.000e+00
    798.250 269.737144       3194      0.001    12.8490   0.320769     2.2318  1001.1320      0.001     0.1834      0.000  0.000e+00
    798.500 269.737147       3195      0.001    12.8466   0.323221     2.2500  1001.1464      0.001     0.1867      0.000  0.000e+00
    798.750 269.737150       3196      0.003    12.8441   0.333234     2.3242  1001.2042      0.003     0.1908      0.004  0.000e+00
    799.000 269.737153       3197     -0.000    12.8419   0.323056     2.2491  1001.1463     -0.000     0.1858     -0.002  0.000e+00
    799.250 269.737156       3198     -0.001    12.8395   0.298576     2.0690  1001.0071     -0.001     0.1908     -0.009  0.000e+00
    799.500 269.737159       3199     -0.001    12.8371   0.292323     2.0233  1000.9720     -0.001     0.1928     -0.002  0.000e+00
    799.750 269.737161       3200     -0.001    12.8347   0.304604     2.1136  1001.0423     -0.001     0.1862     -0.000  0.000e+00
    800.000 269.737164       3201     -0.002    12.8323   0.301200     2.0887  1001.0233     -0.002     0.1875     -0.002  0.000e+00
    800.250 269.737167       3202     -0.002    12.8300   0.291267     2.0160  1000.9672     -0.002     0.1862     -0.002  0.000e+00
    800.500 269.737170       3203     -0.000    12.8276   0.270691     1.8657  1000.8511     -0.000     0.1850      0.004  0.000e+00
    800.750 269.737173       3204     -0.003    12.8254   0.263851     1.8160  1000.8128     -0.003     0.1858     -0.002  0.000e+00
    801.000 269.737176       3205     -0.003    12.8233   0.276195     1.9060  1000.8829     -0.003     0.1879     -0.006  0.000e+00
    801.250 269.737179       3206     -0.002    12.8210   0.293598     2.0335  1000.9820     -0.002     0.1805      0.002  0.000e+00
    801.500 269.737182       3207     -0.002    12.8188   0.311960     2.1686  1001.0870     -0.002     0.1838      0.002  0.000e+00
    801.750 269.737185       3208     -0.002    12.8166   0.329385     2.2973  1001.1870     -0.002     0.1862      0.000  0.000e+00
    802.000 269.737188       3209     -0.001    12.8144   0.336199     2.3479  1001.2264     -0.001     0.1834      0.002  0.000e+00
    802.250 269.737190       3210     -0.002    12.8123   0.336573     2.3508  1001.2289     -0.002     0.1850      0.000  0.000e+00
    802.500 269.737193       3211     -0.001    12.8101   0.338555     2.3656  1001.2407     -0.001     0.1850      0.000  0.000e+00
    802.750 269.737196       3212     -0.002    12.8081   0.341663     2.3888  1001.2589     -0.002     0.1871 4.7370e-15  0.000e+00
    803.000 269.737199       3213     -0.002    12.8058   0.344265     2.4083  1001.2743     -0.002     0.1883     -0.002  0.000e+00
    803.250 269.737202       3214     -0.003    12.8036   0.343337     2.4015  1001.2693     -0.003     0.1817     -0.002  0.000e+00
    803.500 269.737205       3215     -0.001    12.8015   0.339927     2.3763  1001.2501     -0.001     0.1796      0.002  0.000e+00
    803.750 269.737208       3216     -0.005    12.7994   0.337216     2.3564  1001.2349     -0.005     0.1825     -0.004  0.000e+00
    804.000 269.737211       3217     -0.002    12.7972   0.337954     2.3620  1001.2396     -0.002     0.1867     -0.002  0.000e+00
    804.250 269.737214       3218     -0.003    12.7950   0.341766     2.3904  1001.2619     -0.003     0.1862      0.004  0.000e+00
    804.500 269.737216       3219     -0.003    12.7931   0.347316     2.4317  1001.2941     -0.003     0.1854     -0.002  0.000e+00
    804.750 269.737219       3220     -0.003    12.7909   0.352785     2.4725  1001.3260     -0.003     0.1858      0.000  0.000e+00
    805.000 269.737222       3221     -0.003    12.7889   0.356906     2.5033  1001.3501     -0.003     0.1846      0.000  0.000e+00
    805.250 269.737225       3222     -0.002    12.7870   0.358433     2.5148  1001.3593     -0.002     0.1879      0.002  0.000e+00
    805.500 269.737228       3223     -0.001    12.7848   0.357941     2.5113  1001.3568     -0.001     0.1891      0.004  0.000e+00
    805.750 269.737231       3224     -0.002    12.7829   0.356155     2.4981  1001.3469     -0.002     0.1846      0.000  0.000e+00
    806.000 269.737234       3225     -0.001    12.7810   0.354342     2.4848  1001.3368     -0.001     0.1829      0.000  0.000e+00
    806.250 269.737237       3226     -0.001    12.7790   0.353244     2.4767  1001.3308     -0.001     0.1854      0.002  0.000e+00
    806.500 269.737240       3227     -0.003    12.7771   0.353329     2.4775  1001.3316     -0.003     0.1875     -0.004  0.000e+00
    806.750 269.737242       3228     -0.002    12.7752   0.355014     2.4901  1001.3417     -0.002     0.1834     -0.002  0.000e+00
    807.000 269.737245       3229     -0.004    12.7733   0.357956     2.5122  1001.3590     -0.004     0.1862     -0.002  0.000e+00
    807.250 269.737248       3230     -0.003    12.7713   0.362291     2.5446  1001.3844     -0.003     0.1801     -0.002  0.000e+00
    807.500 269.737251       3231     -0.004    12.7695   0.365751     2.5706  1001.4047     -0.004     0.1846      0.000  0.000e+00
    807.750 269.737254       3232     -0.002    12.7678   0.366679     2.5776  1001.4104     -0.002     0.1862      0.002  0.000e+00
    808.000 269.737257       3233     -0.004    12.7658   0.366354     2.5753  1001.4088     -0.004     0.1817 9.4739e-15  0.000e+00
    808.250 269.737260       3234     -0.002    12.7641   0.366625     2.5775  1001.4107     -0.002     0.1838      0.000  0.000e+00
    808.500 269.737263       3235     -0.002    12.7622   0.366515     2.5768  1001.4104     -0.002     0.1780      0.004  0.000e+00
    808.750 269.737266       3236     -0.002    12.7605   0.366322     2.5754  1001.4096     -0.002     0.1813      0.000  0.000e+00
    809.000 269.737269       3237     -0.001    12.7586   0.365091     2.5664  1001.4029     -0.001     0.1809      0.002  0.000e+00
    809.250 269.737271       3238     -0.001    12.7568   0.362740     2.5489  1001.3896     -0.001     0.1821      0.002  0.000e+00
