Raw_Data/Cage/SBE19/2020-09-25_SBE19_007_035_processed.cnv
* Sea-Bird SBE19plus Data File:
* FileName = C:\cruises\2020_barkerboys\leg2\data\cage\SBE19\2020-09-25_SBE19_004_035.hex
* Software Version 1.59
* Temperature SN =  4881
* Conductivity SN =  4881
* System UpLoad Time = Sep 25 2020 21:22:36
* ds
* SeacatPlus V 1.5  SERIAL NO. 4881    25 Sep 2020  21:17:28
# nquan = 12
# nvalues = 2874                                  
# units = specified
# name 0 = timeS: Time, Elapsed [seconds]
# name 1 = timeJ: Julian Days
# name 2 = scan: Scan Count
# name 3 = depSM: Depth [salt water, m], lat = 44.00
# name 4 = tv290C: Temperature [ITS-90, deg C]
# name 5 = c0S/m: Conductivity [S/m]
# name 6 = sal00: Salinity, Practical [PSU]
# name 7 = density00: Density [density, kg/m^3]
# name 8 = prdM: Pressure, Strain Gauge [db]
# name 9 = wetStar: Fluorescence, WET Labs WETstar [mg/m^3]
# name 10 = dz/dtM: Descent Rate [m/s]
# name 11 = flag:  0.000e+00
# span 0 =      0.000,    718.250                 
# span 1 = 269.787789, 269.796102                 
# span 2 =          1,       2874                 
# span 3 =     -0.002,    171.037                 
# span 4 =     9.7420,    13.6060                 
# span 5 =   0.046610,   3.878463                 
# span 6 =     0.2914,    33.5919                 
# span 7 =   999.5325,  1026.6752                 
# span 8 =     -0.002,    172.493                 
# span 9 =     0.1253,     5.2187                 
# span 10 =     -1.087,      0.949                
# span 11 = 0.0000e+00, 0.0000e+00                
# interval = seconds: 0.25
# start_time = Sep 25 2020 18:54:25 [Instrument's time stamp, header]
# bad_flag = -9.990e-29
*END*
[from data line 1204]
    301.000 269.791273       1205    101.693     9.9606   3.664116    33.5115  1026.2609    102.542     0.1722      0.331  0.000e+00
    301.250 269.791276       1206    101.778     9.9606   3.664149    33.5117  1026.2615    102.626     0.1801      0.331  0.000e+00
    301.500 269.791279       1207    101.863     9.9611   3.664149    33.5113  1026.2615    102.712     0.1842      0.342  0.000e+00
    301.750 269.791282       1208    101.961     9.9614   3.664215    33.5116  1026.2621    102.811     0.1644      0.370  0.000e+00
    302.000 269.791285       1209    102.074     9.9619   3.664149    33.5104  1026.2617    102.925     0.1698      0.426  0.000e+00
    302.250 269.791288       1210    102.197     9.9619   3.664097    33.5098  1026.2617    103.050     0.1780      0.477  0.000e+00
    302.500 269.791291       1211    102.329     9.9614   3.664084    33.5101  1026.2626    103.183     0.1669      0.516  0.000e+00
    302.750 269.791293       1212    102.469     9.9609   3.663748    33.5070  1026.2609    103.324     0.1809      0.548  0.000e+00
    303.000 269.791296       1213    102.608     9.9607   3.664117    33.5109  1026.2647    103.464     0.1578      0.563  0.000e+00
    303.250 269.791299       1214    102.735     9.9605   3.663913    33.5090  1026.2638    103.592     0.2163      0.537  0.000e+00
    303.500 269.791302       1215    102.855     9.9597   3.663682    33.5073  1026.2631    103.714     0.1673      0.499  0.000e+00
    303.750 269.791305       1216    102.967     9.9570   3.663669    33.5097  1026.2660    103.826     0.1558      0.468  0.000e+00
    304.000 269.791308       1217    103.069     9.9550   3.663748    33.5122  1026.2688    103.930     0.1603      0.432  0.000e+00
    304.250 269.791311       1218    103.171     9.9546   3.663716    33.5122  1026.2693    104.032     0.1603      0.410  0.000e+00
    304.500 269.791314       1219    103.280     9.9546   3.663716    33.5122  1026.2698    104.142     0.1607      0.426  0.000e+00
    304.750 269.791317       1220    103.394     9.9545   3.663479    33.5098  1026.2685    104.257     0.1731      0.451  0.000e+00
    305.000 269.791319       1221    103.518     9.9531   3.663347    33.5097  1026.2692    104.382     0.1607      0.479  0.000e+00
    305.250 269.791322       1222    103.648     9.9509   3.663143    33.5097  1026.2701    104.513     0.1714      0.511  0.000e+00
    305.500 269.791325       1223    103.773     9.9482   3.663176    33.5125  1026.2733    104.639     0.1652      0.514  0.000e+00
    305.750 269.791328       1224    103.892     9.9461   3.663209    33.5147  1026.2760    104.759     0.1541      0.492  0.000e+00
    306.000 269.791331       1225    103.991     9.9452   3.663176    33.5152  1026.2769    104.859     0.1735      0.440  0.000e+00
    306.250 269.791334       1226    104.078     9.9449   3.663209    33.5157  1026.2778    104.947     0.1776      0.376  0.000e+00
    306.500 269.791337       1227    104.156     9.9446   3.663143    33.5152  1026.2778    105.025     0.1718      0.333  0.000e+00
    306.750 269.791340       1228    104.234     9.9441   3.662900    33.5132  1026.2767    105.104     0.1685      0.314  0.000e+00
    307.000 269.791343       1229    104.320     9.9428   3.663143    33.5169  1026.2802    105.191     0.1636      0.331  0.000e+00
    307.250 269.791345       1230    104.422     9.9423   3.663045    33.5163  1026.2803    105.294     0.1652      0.380  0.000e+00
    307.500 269.791348       1231    104.543     9.9424   3.662847    33.5141  1026.2791    105.415     0.1834      0.449  0.000e+00
    307.750 269.791351       1232    104.679     9.9412   3.662979    33.5165  1026.2818    105.553     0.1640      0.518  0.000e+00
    308.000 269.791354       1233    104.825     9.9405   3.662611    33.5134  1026.2801    105.700     0.1751      0.569  0.000e+00
    308.250 269.791357       1234    104.975     9.9380   3.662545    33.5149  1026.2825    105.851     0.1974      0.597  0.000e+00
    308.500 269.791360       1235    105.120     9.9357   3.662176    33.5132  1026.2822    105.998     0.1619      0.595  0.000e+00
    308.750 269.791363       1236    105.256     9.9341   3.662611    33.5191  1026.2877    106.135     0.1582      0.567  0.000e+00
    309.000 269.791366       1237    105.371     9.9340   3.662808    33.5212  1026.2898    106.251     0.1656      0.507  0.000e+00
    309.250 269.791369       1238    105.480     9.9350   3.662742    33.5195  1026.2888    106.361     0.1706      0.451  0.000e+00
    309.500 269.791372       1239    105.583     9.9353   3.662407    33.5158  1026.2863    106.465     0.1595      0.427  0.000e+00
    309.750 269.791374       1240    105.685     9.9336   3.662335    33.5166  1026.2877    106.568     0.1768      0.415  0.000e+00
    310.000 269.791377       1241    105.795     9.9313   3.662341    33.5187  1026.2903    106.679     0.1607      0.428  0.000e+00
    310.250 269.791380       1242    105.911     9.9301   3.662447    33.5208  1026.2927    106.796     0.1685      0.455  0.000e+00
    310.500 269.791383       1243    106.034     9.9297   3.662512    33.5218  1026.2940    106.919     0.1669      0.481  0.000e+00
    310.750 269.791386       1244    106.159     9.9305   3.662177    33.5176  1026.2913    107.046     0.1714      0.501  0.000e+00
    311.000 269.791389       1245    106.289     9.9290   3.662407    33.5213  1026.2950    107.177     0.1669      0.516  0.000e+00
    311.250 269.791392       1246    106.425     9.9284   3.662177    33.5194  1026.2942    107.314     0.1685      0.535  0.000e+00
    311.500 269.791395       1247    106.557     9.9272   3.661841    33.5171  1026.2932    107.447     0.1669      0.539  0.000e+00
    311.750 269.791398       1248    106.678     9.9241   3.661677    33.5182  1026.2952    107.569     0.1788      0.511  0.000e+00
    312.000 269.791400       1249    106.791     9.9205   3.661940    33.5242  1026.3009    107.683     0.1628      0.473  0.000e+00
    312.250 269.791403       1250    106.889     9.9198   3.661710    33.5225  1026.3002    107.782     0.1529      0.425  0.000e+00
    312.500 269.791406       1251    106.969     9.9186   3.661506    33.5214  1026.2999    107.863     0.1867      0.359  0.000e+00
    312.750 269.791409       1252    107.036     9.9161   3.661407    33.5227  1026.3016    107.930     0.1739      0.296  0.000e+00
    313.000 269.791412       1253    107.099     9.9139   3.661348    33.5242  1026.3035    107.994     0.1743      0.262  0.000e+00
    313.250 269.791415       1254    107.170     9.9121   3.661407    33.5264  1026.3059    108.066     0.1867      0.271  0.000e+00
    313.500 269.791418       1255    107.261     9.9113   3.661506    33.5281  1026.3077    108.157     0.1722      0.326  0.000e+00
    313.750 269.791421       1256    107.376     9.9114   3.661710    33.5301  1026.3097    108.273     0.1764      0.415  0.000e+00
    314.000 269.791424       1257    107.516     9.9130   3.661743    33.5289  1026.3092    108.415     0.1619      0.516  0.000e+00
    314.250 269.791427       1258    107.674     9.9150   3.661842    33.5279  1026.3088    108.574     0.1673      0.602  0.000e+00
    314.500 269.791429       1259    107.835     9.9163   3.661506    33.5232  1026.3056    108.736     0.1710      0.642  0.000e+00
    314.750 269.791432       1260    107.992     9.9152   3.661276    33.5218  1026.3055    108.895     0.1652      0.643  0.000e+00
    315.000 269.791435       1261    108.135     9.9123   3.661039    33.5220  1026.3068    109.039     0.1743      0.606  0.000e+00
    315.250 269.791438       1262    108.266     9.9086   3.660974    33.5248  1026.3101    109.171     0.1706      0.552  0.000e+00
    315.500 269.791441       1263    108.383     9.9055   3.660974    33.5276  1026.3134    109.289     0.1628      0.501  0.000e+00
    315.750 269.791444       1264    108.496     9.9035   3.660895    33.5286  1026.3150    109.403     0.1953      0.464  0.000e+00
    316.000 269.791447       1265    108.605     9.9021   3.660875    33.5296  1026.3166    109.513     0.1858      0.447  0.000e+00
    316.250 269.791450       1266    108.718     9.9010   3.660770    33.5295  1026.3171    109.626     0.1776      0.447  0.000e+00
    316.500 269.791453       1267    108.839     9.9003   3.660737    33.5298  1026.3181    109.749     0.1603      0.473  0.000e+00
    316.750 269.791455       1268    108.970     9.8993   3.660737    33.5306  1026.3195    109.881     0.1636      0.509  0.000e+00
    317.000 269.791458       1269    109.104     9.8986   3.660671    33.5306  1026.3202    110.016     0.1574      0.535  0.000e+00
    317.250 269.791461       1270    109.229     9.8982   3.660678    33.5309  1026.3211    110.142     0.1570      0.522  0.000e+00
    317.500 269.791464       1271    109.345     9.8976   3.660540    33.5300  1026.3210    110.259     0.1628      0.486  0.000e+00
    317.750 269.791467       1272    109.446     9.8967   3.660369    33.5291  1026.3210    110.361     0.1623      0.438  0.000e+00
    318.000 269.791470       1273    109.528     9.8951   3.660237    33.5292  1026.3216    110.444     0.1623      0.370  0.000e+00
    318.250 269.791473       1274    109.599     9.8929   3.660204    33.5309  1026.3237    110.515     0.1640      0.307  0.000e+00
    318.500 269.791476       1275    109.660     9.8912   3.660270    33.5331  1026.3259    110.577     0.1648      0.266  0.000e+00
    318.750 269.791479       1276    109.730     9.8903   3.660224    33.5334  1026.3266    110.647     0.1578      0.264  0.000e+00
    319.000 269.791481       1277    109.813     9.8899   3.660204    33.5336  1026.3273    110.731     0.1578      0.307  0.000e+00
    319.250 269.791484       1278    109.928     9.8899   3.660237    33.5339  1026.3280    110.847     0.1520      0.400  0.000e+00
    319.500 269.791487       1279    110.072     9.8897   3.660270    33.5343  1026.3290    110.992     0.1549      0.522  0.000e+00
    319.750 269.791490       1280    110.244     9.8899   3.660205    33.5334  1026.3291    111.166     0.1500      0.638  0.000e+00
    320.000 269.791493       1281    110.437     9.8896   3.660238    33.5339  1026.3304    111.360     0.1867      0.737  0.000e+00
    320.250 269.791496       1282    110.630     9.8894   3.660225    33.5338  1026.3312    111.555     0.1640      0.778  0.000e+00
    320.500 269.791499       1283    110.809     9.8895   3.660304    33.5345  1026.3326    111.735     0.1607      0.750  0.000e+00
    320.750 269.791502       1284    110.967     9.8896   3.660238    33.5337  1026.3326    111.896     0.1895      0.681  0.000e+00
    321.000 269.791505       1285    111.096     9.8893   3.660271    33.5342  1026.3337    112.025     0.1669      0.580  0.000e+00
    321.250 269.791508       1286    111.194     9.8891   3.660205    33.5337  1026.3337    112.124     0.1714      0.458  0.000e+00
    321.500 269.791510       1287    111.269     9.8890   3.660271    33.5345  1026.3347    112.200     0.1636      0.348  0.000e+00
    321.750 269.791513       1288    111.338     9.8888   3.660120    33.5330  1026.3339    112.269     0.1673      0.290  0.000e+00
    322.000 269.791516       1289    111.405     9.8880   3.660106    33.5336  1026.3349    112.337     0.1710      0.275  0.000e+00
    322.250 269.791519       1290    111.489     9.8872   3.660074    33.5340  1026.3357    112.422     0.1623      0.305  0.000e+00
    322.500 269.791522       1291    111.589     9.8870   3.660041    33.5338  1026.3360    112.523     0.1628      0.372  0.000e+00
    322.750 269.791525       1292    111.713     9.8865   3.660041    33.5342  1026.3370    112.648     0.1558      0.451  0.000e+00
    323.000 269.791528       1293    111.850     9.8861   3.660107    33.5352  1026.3385    112.786     0.1718      0.527  0.000e+00
    323.250 269.791531       1294    111.995     9.8860   3.660047    33.5346  1026.3387    112.932     0.1681      0.569  0.000e+00
    323.500 269.791534       1295    112.140     9.8859   3.660041    33.5346  1026.3393    113.078     0.1693      0.584  0.000e+00
    323.750 269.791536       1296    112.274     9.8858   3.660041    33.5346  1026.3399    113.214     0.1714      0.563  0.000e+00
    324.000 269.791539       1297    112.391     9.8856   3.660041    33.5347  1026.3406    113.332     0.1768      0.507  0.000e+00
    324.250 269.791542       1298    112.497     9.8856   3.659969    33.5340  1026.3405    113.438     0.1549      0.449  0.000e+00
    324.500 269.791545       1299    112.588     9.8856   3.660081    33.5350  1026.3417    113.531     0.2489      0.398  0.000e+00
    324.750 269.791548       1300    112.681     9.8856   3.660041    33.5346  1026.3418    113.624     0.1628      0.372  0.000e+00
    325.000 269.791551       1301    112.776     9.8857   3.660074    33.5348  1026.3424    113.720     0.1459      0.378  0.000e+00
    325.250 269.791554       1302    112.875     9.8859   3.660107    33.5349  1026.3429    113.820     0.1615      0.391  0.000e+00
    325.500 269.791557       1303    112.979     9.8860   3.660140    33.5351  1026.3435    113.925     0.1611      0.410  0.000e+00
    325.750 269.791560       1304    113.085     9.8860   3.660173    33.5354  1026.3442    114.031     0.1632      0.423  0.000e+00
    326.000 269.791563       1305    113.185     9.8862   3.660153    33.5349  1026.3443    114.132     0.1961      0.415  0.000e+00
    326.250 269.791565       1306    113.295     9.8864   3.660239    33.5356  1026.3453    114.243     0.1607      0.423  0.000e+00
    326.500 269.791568       1307    113.404     9.8870   3.660239    33.5350  1026.3453    114.354     0.1615      0.443  0.000e+00
    326.750 269.791571       1308    113.530     9.8874   3.660173    33.5339  1026.3448    114.480     0.1656      0.475  0.000e+00
    327.000 269.791574       1309    113.664     9.8874   3.660305    33.5352  1026.3465    114.616     0.1533      0.524  0.000e+00
    327.250 269.791577       1310    113.809     9.8878   3.660436    33.5361  1026.3478    114.762     0.1516      0.563  0.000e+00
    327.500 269.791580       1311    113.957     9.8888   3.660193    33.5326  1026.3456    114.911     0.1537      0.591  0.000e+00
    327.750 269.791583       1312    114.106     9.8886   3.660173    33.5325  1026.3462    115.062     0.1574      0.600  0.000e+00
    328.000 269.791586       1313    114.250     9.8876   3.660239    33.5340  1026.3482    115.207     0.1504      0.591  0.000e+00
    328.250 269.791589       1314    114.393     9.8871   3.660239    33.5344  1026.3493    115.351     0.1496      0.578  0.000e+00
    328.500 269.791591       1315    114.531     9.8871   3.660206    33.5340  1026.3496    115.490     0.1566      0.567  0.000e+00
    328.750 269.791594       1316    114.667     9.8871   3.660206    33.5340  1026.3502    115.627     0.1512      0.552  0.000e+00
    329.000 269.791597       1317    114.791     9.8870   3.660226    33.5342  1026.3509    115.752     0.1636      0.524  0.000e+00
    329.250 269.791600       1318    114.912     9.8868   3.660272    33.5349  1026.3520    115.874     0.1545      0.494  0.000e+00
    329.500 269.791603       1319    115.015     9.8868   3.660239    33.5344  1026.3522    115.978     0.1652      0.451  0.000e+00
    329.750 269.791606       1320    115.113     9.8868   3.660272    33.5348  1026.3529    116.077     0.1669      0.406  0.000e+00
    330.000 269.791609       1321    115.208     9.8868   3.660239    33.5343  1026.3530    116.172     0.1553      0.389  0.000e+00
    330.250 269.791612       1322    115.313     9.8868   3.660305    33.5350  1026.3539    116.279     0.1689      0.404  0.000e+00
    330.500 269.791615       1323    115.427     9.8868   3.660259    33.5344  1026.3541    116.394     0.1829      0.443  0.000e+00
