Raw_Data/Cage/SBE19/2020-09-24_SBE19_006_030_processed.cnv
* Sea-Bird SBE19plus Data File:
* FileName = C:\cruises\2020_barkerboys\leg2\data\cage\SBE19\2020-09-25_SBE19_004_030.hex
* Software Version 1.59
* Temperature SN =  4881
* Conductivity SN =  4881
* System UpLoad Time = Sep 25 2020 12:52:05
* ds
* SeacatPlus V 1.5  SERIAL NO. 4881    25 Sep 2020  12:15:39
# nquan = 12
# nvalues = 2476                                  
# units = specified
# name 0 = timeS: Time, Elapsed [seconds]
# name 1 = timeJ: Julian Days
# name 2 = scan: Scan Count
# name 3 = depSM: Depth [salt water, m], lat = 44.00
# name 4 = tv290C: Temperature [ITS-90, deg C]
# name 5 = c0S/m: Conductivity [S/m]
# name 6 = sal00: Salinity, Practical [PSU]
# name 7 = density00: Density [density, kg/m^3]
# name 8 = prdM: Pressure, Strain Gauge [db]
# name 9 = wetStar: Fluorescence, WET Labs WETstar [mg/m^3]
# name 10 = dz/dtM: Descent Rate [m/s]
# name 11 = flag:  0.000e+00
# span 0 =      0.000,    618.750                 
# span 1 = 268.825069, 268.832231                 
# span 2 =          1,       2476                 
# span 3 =     -0.106,    164.635                 
# span 4 =     9.9426,    14.3885                 
# span 5 =   0.047578,   3.858832                 
# span 6 =     0.2916,    33.5079                 
# span 7 =   999.4192,  1026.5453                 
# span 8 =     -0.107,    166.034                 
# span 9 =     0.1257,     3.4154                 
# span 10 =     -1.556,      1.217                
# span 11 = 0.0000e+00, 0.0000e+00                
# interval = seconds: 0.25
# start_time = Sep 24 2020 19:48:06 [Instrument's time stamp, header]
# bad_flag = -9.990e-29
*END*
[from data line 1204]
    301.000 268.828553       1205    129.388     9.9731   3.664830    33.4947  1026.3722    130.476     0.1603      0.903  0.000e+00
    301.250 268.828556       1206    129.641     9.9708   3.664896    33.4974  1026.3758    130.731     0.1426      0.984  0.000e+00
    301.500 268.828559       1207    129.898     9.9697   3.665094    33.5002  1026.3794    130.990     0.1426      1.027  0.000e+00
    301.750 268.828562       1208    130.137     9.9697   3.664811    33.4973  1026.3781    131.232     0.1496      1.002  0.000e+00
    302.000 268.828565       1209    130.349     9.9690   3.664725    33.4970  1026.3790    131.446     0.1310      0.911  0.000e+00
    302.250 268.828568       1210    130.519     9.9678   3.664726    33.4981  1026.3808    131.617     0.1376      0.769  0.000e+00
    302.500 268.828571       1211    130.636     9.9669   3.664726    33.4988  1026.3821    131.735     0.1343      0.578  0.000e+00
    302.750 268.828573       1212    130.712     9.9664   3.664831    33.5003  1026.3837    131.812     0.1422      0.391  0.000e+00
    303.000 268.828576       1213    130.766     9.9663   3.664726    33.4993  1026.3832    131.866     0.1294      0.262  0.000e+00
    303.250 268.828579       1214    130.817     9.9662   3.664772    33.4999  1026.3838    131.917     0.1537      0.210  0.000e+00
    303.500 268.828582       1215    130.890     9.9660   3.664759    33.4999  1026.3842    131.992     0.1628      0.251  0.000e+00
    303.750 268.828585       1216    131.000     9.9659   3.664798    33.5003  1026.3850    132.102     0.1479      0.370  0.000e+00
    304.000 268.828588       1217    131.143     9.9661   3.664798    33.5001  1026.3855    132.246     0.1483      0.509  0.000e+00
    304.250 268.828591       1218    131.323     9.9663   3.664831    33.5001  1026.3863    132.428     0.1389      0.651  0.000e+00
    304.500 268.828594       1219    131.516     9.9664   3.664259    33.4941  1026.3826    132.622     0.1508      0.752  0.000e+00
    304.750 268.828597       1220    131.707     9.9639   3.664173    33.4955  1026.3849    132.816     0.1459      0.776  0.000e+00
    305.000 268.828600       1221    131.898     9.9611   3.664094    33.4972  1026.3876    133.008     0.1450      0.772  0.000e+00
    305.250 268.828602       1222    132.084     9.9591   3.664358    33.5017  1026.3923    133.196     0.1710      0.761  0.000e+00
    305.500 268.828605       1223    132.263     9.9586   3.663522    33.4935  1026.3868    133.377     0.1417      0.737  0.000e+00
    305.750 268.828608       1224    132.434     9.9553   3.663522    33.4965  1026.3905    133.549     0.1714      0.705  0.000e+00
    306.000 268.828611       1225    132.596     9.9517   3.663423    33.4988  1026.3936    133.712     0.1352      0.671  0.000e+00
    306.250 268.828614       1226    132.748     9.9494   3.663858    33.5052  1026.3997    133.866     0.1417      0.634  0.000e+00
    306.500 268.828617       1227    132.904     9.9500   3.663825    33.5043  1026.3996    134.022     0.1397      0.621  0.000e+00
    306.750 268.828620       1228    133.048     9.9510   3.663858    33.5036  1026.3996    134.169     0.1389      0.606  0.000e+00
    307.000 268.828623       1229    133.181     9.9514   3.663759    33.5022  1026.3990    134.302     0.1442      0.559  0.000e+00
    307.250 268.828626       1230    133.293     9.9514   3.663858    33.5031  1026.4002    134.416     0.1496      0.494  0.000e+00
    307.500 268.828628       1231    133.384     9.9518   3.663858    33.5027  1026.4002    134.507     0.1360      0.411  0.000e+00
    307.750 268.828631       1232    133.464     9.9523   3.663957    33.5032  1026.4009    134.588     0.2295      0.344  0.000e+00
    308.000 268.828634       1233    133.542     9.9526   3.663963    33.5030  1026.4011    134.666     0.1735      0.318  0.000e+00
    308.250 268.828637       1234    133.636     9.9528   3.663924    33.5024  1026.4010    134.762     0.1537      0.348  0.000e+00
    308.500 268.828640       1235    133.757     9.9528   3.663825    33.5013  1026.4007    134.883     0.1397      0.434  0.000e+00
    308.750 268.828643       1236    133.916     9.9524   3.663891    33.5023  1026.4022    135.043     0.1347      0.563  0.000e+00
    309.000 268.828646       1237    134.108     9.9523   3.663792    33.5013  1026.4023    135.238     0.1467      0.709  0.000e+00
    309.250 268.828649       1238    134.307     9.9519   3.663759    33.5012  1026.4033    135.438     0.1599      0.789  0.000e+00
    309.500 268.828652       1239    134.500     9.9509   3.663753    33.5020  1026.4050    135.633     0.1603      0.791  0.000e+00
    309.750 268.828655       1240    134.680     9.9504   3.663727    33.5021  1026.4059    135.815     0.1500      0.754  0.000e+00
    310.000 268.828657       1241    134.835     9.9498   3.663661    33.5019  1026.4066    135.971     0.1504      0.675  0.000e+00
    310.250 268.828660       1242    134.972     9.9493   3.663661    33.5023  1026.4076    136.109     0.1430      0.589  0.000e+00
    310.500 268.828663       1243    135.098     9.9488   3.663727    33.5034  1026.4091    136.236     0.1376      0.531  0.000e+00
    310.750 268.828666       1244    135.214     9.9488   3.663760    33.5037  1026.4098    136.353     0.1356      0.488  0.000e+00
    311.000 268.828669       1245    135.350     9.9495   3.663786    33.5033  1026.4100    136.491     0.1545      0.509  0.000e+00
    311.250 268.828672       1246    135.524     9.9497   3.663793    33.5031  1026.4107    136.666     0.1459      0.625  0.000e+00
    311.500 268.828675       1247    135.713     9.9499   3.663760    33.5024  1026.4110    136.856     0.1595      0.731  0.000e+00
    311.750 268.828678       1248    135.910     9.9497   3.663727    33.5022  1026.4117    137.055     0.1409      0.778  0.000e+00
    312.000 268.828681       1249    136.104     9.9493   3.663760    33.5028  1026.4132    137.250     0.1397      0.789  0.000e+00
    312.250 268.828683       1250    136.283     9.9489   3.663694    33.5025  1026.4138    137.431     0.1611      0.752  0.000e+00
    312.500 268.828686       1251    136.432     9.9486   3.663648    33.5022  1026.4143    137.581     0.1541      0.662  0.000e+00
    312.750 268.828689       1252    136.548     9.9483   3.663727    33.5032  1026.4157    137.699     0.1376      0.535  0.000e+00
    313.000 268.828692       1253    136.645     9.9484   3.663727    33.5031  1026.4160    137.796     0.1380      0.430  0.000e+00
    313.250 268.828695       1254    136.734     9.9485   3.663793    33.5036  1026.4168    137.887     0.1500      0.376  0.000e+00
    313.500 268.828698       1255    136.846     9.9486   3.663760    33.5032  1026.4169    137.999     0.1467      0.406  0.000e+00
    313.750 268.828701       1256    136.993     9.9487   3.663793    33.5034  1026.4178    138.148     0.1566      0.522  0.000e+00
    314.000 268.828704       1257    137.187     9.9488   3.663859    33.5039  1026.4190    138.343     0.1570      0.688  0.000e+00
    314.250 268.828707       1258    137.403     9.9489   3.663892    33.5040  1026.4201    138.561     0.1525      0.828  0.000e+00
    314.500 268.828709       1259    137.609     9.9493   3.663761    33.5022  1026.4196    138.769     0.1463      0.851  0.000e+00
    314.750 268.828712       1260    137.803     9.9491   3.663695    33.5016  1026.4200    138.964     0.1562      0.806  0.000e+00
    315.000 268.828715       1261    137.968     9.9484   3.663695    33.5022  1026.4213    139.131     0.1590      0.724  0.000e+00
    315.250 268.828718       1262    138.109     9.9481   3.663794    33.5034  1026.4230    139.274     0.1508      0.619  0.000e+00
    315.500 268.828721       1263    138.219     9.9483   3.663965    33.5049  1026.4246    139.385     0.1520      0.507  0.000e+00
    315.750 268.828724       1264    138.315     9.9490   3.663925    33.5039  1026.4241    139.481     0.1471      0.415  0.000e+00
    316.000 268.828727       1265    138.427     9.9494   3.663925    33.5034  1026.4242    139.594     0.1405      0.419  0.000e+00
    316.250 268.828730       1266    138.558     9.9497   3.663958    33.5034  1026.4247    139.726     0.1323      0.490  0.000e+00
    316.500 268.828733       1267    138.727     9.9499   3.663827    33.5018  1026.4243    139.897     0.1483      0.606  0.000e+00
    316.750 268.828736       1268    138.899     9.9497   3.663794    33.5016  1026.4249    140.070     0.1656      0.688  0.000e+00
    317.000 268.828738       1269    139.058     9.9488   3.663722    33.5016  1026.4258    140.230     0.1483      0.666  0.000e+00
    317.250 268.828741       1270    139.198     9.9479   3.663630    33.5015  1026.4265    140.372     0.1413      0.604  0.000e+00
    317.500 268.828744       1271    139.307     9.9467   3.663630    33.5025  1026.4279    140.482     0.1574      0.503  0.000e+00
    317.750 268.828747       1272    139.380     9.9459   3.663663    33.5035  1026.4293    140.556     0.1487      0.368  0.000e+00
    318.000 268.828750       1273    139.429     9.9456   3.663728    33.5044  1026.4302    140.605     0.1537      0.247  0.000e+00
    318.250 268.828753       1274    139.466     9.9457   3.663728    33.5043  1026.4303    140.643     0.1446      0.174  0.000e+00
    318.500 268.828756       1275    139.526     9.9461   3.663794    33.5046  1026.4307    140.703     0.1455      0.196  0.000e+00
    318.750 268.828759       1276    139.636     9.9466   3.663827    33.5044  1026.4310    140.814     0.1553      0.342  0.000e+00
    319.000 268.828762       1277    139.799     9.9470   3.663761    33.5034  1026.4308    140.978     0.1463      0.550  0.000e+00
    319.250 268.828764       1278    140.031     9.9472   3.663762    33.5030  1026.4316    141.212     0.1541      0.797  0.000e+00
    319.500 268.828767       1279    140.298     9.9472   3.663696    33.5023  1026.4323    141.482     0.1603      1.008  0.000e+00
    319.750 268.828770       1280    140.583     9.9468   3.663828    33.5038  1026.4348    141.769     0.1422      1.113  0.000e+00
    320.000 268.828773       1281    140.865     9.9467   3.663861    33.5042  1026.4364    142.054     0.1459      1.144  0.000e+00
    320.250 268.828776       1282    141.133     9.9468   3.663755    33.5029  1026.4366    142.324     0.1417      1.109  0.000e+00
    320.500 268.828779       1283    141.375     9.9463   3.663558    33.5012  1026.4365    142.568     0.1426      1.027  0.000e+00
    320.750 268.828782       1284    141.577     9.9452   3.663558    33.5022  1026.4383    142.772     0.1463      0.896  0.000e+00
    321.000 268.828785       1285    141.726     9.9443   3.663558    33.5029  1026.4398    142.922     0.1504      0.709  0.000e+00
    321.250 268.828788       1286    141.829     9.9435   3.663525    33.5032  1026.4406    143.026     0.1475      0.509  0.000e+00
    321.500 268.828791       1287    141.891     9.9432   3.663525    33.5035  1026.4412    143.089     0.1644      0.333  0.000e+00
    321.750 268.828793       1288    141.931     9.9429   3.663578    33.5043  1026.4420    143.128     0.1537      0.204  0.000e+00
    322.000 268.828796       1289    141.964     9.9429   3.663558    33.5041  1026.4420    143.162     0.1566      0.146  0.000e+00
    322.250 268.828799       1290    142.007     9.9430   3.663558    33.5040  1026.4421    143.206     0.1747      0.155  0.000e+00
    322.500 268.828802       1291    142.087     9.9431   3.663591    33.5042  1026.4426    143.286     0.1619      0.249  0.000e+00
    322.750 268.828805       1292    142.208     9.9432   3.663591    33.5040  1026.4430    143.409     0.1516      0.406  0.000e+00
    323.000 268.828808       1293    142.375     9.9434   3.663664    33.5045  1026.4441    143.577     0.1380      0.581  0.000e+00
    323.250 268.828811       1294    142.573     9.9436   3.663967    33.5073  1026.4472    143.776     0.1446      0.735  0.000e+00
    323.500 268.828814       1295    142.789     9.9450   3.664164    33.5079  1026.4484    143.995     0.1508      0.836  0.000e+00
    323.750 268.828817       1296    143.009     9.9473   3.663993    33.5039  1026.4459    144.216     0.1467      0.879  0.000e+00
    324.000 268.828819       1297    143.217     9.9481   3.663763    33.5008  1026.4443    144.427     0.1467      0.864  0.000e+00
    324.250 268.828822       1298    143.409     9.9468   3.663697    33.5013  1026.4457    144.620     0.1809      0.808  0.000e+00
    324.500 268.828825       1299    143.571     9.9455   3.663730    33.5027  1026.4478    144.783     0.1607      0.714  0.000e+00
    324.750 268.828828       1300    143.703     9.9448   3.663684    33.5028  1026.4486    144.917     0.1665      0.593  0.000e+00
    325.000 268.828831       1301    143.793     9.9444   3.663730    33.5036  1026.4497    145.007     0.1809      0.447  0.000e+00
    325.250 268.828834       1302    143.848     9.9443   3.663730    33.5037  1026.4501    145.063     0.1516      0.292  0.000e+00
    325.500 268.828837       1303    143.877     9.9442   3.663730    33.5038  1026.4502    145.092     0.1586      0.170  0.000e+00
    325.750 268.828840       1304    143.894     9.9445   3.663763    33.5038  1026.4503    145.109     0.1533      0.092  0.000e+00
    326.000 268.828843       1305    143.933     9.9445   3.663829    33.5045  1026.4510    145.149     0.1549      0.114  0.000e+00
    326.250 268.828845       1306    144.013     9.9448   3.663862    33.5045  1026.4513    145.229     0.2151      0.241  0.000e+00
    326.500 268.828848       1307    144.159     9.9452   3.663862    33.5041  1026.4516    145.376     0.1644      0.456  0.000e+00
    326.750 268.828851       1308    144.356     9.9453   3.663829    33.5035  1026.4520    145.575     0.1636      0.692  0.000e+00
    327.000 268.828854       1309    144.596     9.9453   3.663829    33.5034  1026.4530    145.817     0.1809      0.881  0.000e+00
    327.250 268.828857       1310    144.845     9.9448   3.663796    33.5035  1026.4543    146.069     0.1492      0.987  0.000e+00
    327.500 268.828860       1311    145.093     9.9446   3.663796    33.5035  1026.4555    146.319     0.1492      1.004  0.000e+00
    327.750 268.828863       1312    145.327     9.9444   3.663829    33.5040  1026.4570    146.554     0.1500      0.972  0.000e+00
    328.000 268.828866       1313    145.535     9.9443   3.663829    33.5039  1026.4579    146.765     0.1487      0.892  0.000e+00
    328.250 268.828869       1314    145.702     9.9443   3.663895    33.5046  1026.4592    146.933     0.1430      0.757  0.000e+00
    328.500 268.828872       1315    145.820     9.9443   3.663797    33.5035  1026.4589    147.052     0.1520      0.574  0.000e+00
    328.750 268.828874       1316    145.906     9.9443   3.663829    33.5038  1026.4595    147.139     0.1483      0.413  0.000e+00
    329.000 268.828877       1317    145.971     9.9445   3.663862    33.5039  1026.4598    147.205     0.1623      0.305  0.000e+00
    329.250 268.828880       1318    146.031     9.9444   3.663862    33.5040  1026.4602    147.265     0.1566      0.251  0.000e+00
    329.500 268.828883       1319    146.104     9.9446   3.663862    33.5038  1026.4604    147.339     0.1595      0.269  0.000e+00
    329.750 268.828886       1320    146.211     9.9446   3.663895    33.5040  1026.4610    147.446     0.1496      0.363  0.000e+00
    330.000 268.828889       1321    146.354     9.9446   3.663928    33.5044  1026.4619    147.591     0.1504      0.505  0.000e+00
    330.250 268.828892       1322    146.548     9.9447   3.663830    33.5031  1026.4618    147.787     0.1401      0.681  0.000e+00
    330.500 268.828895       1323    146.768     9.9446   3.663896    33.5038  1026.4634    148.008     0.1586      0.834  0.000e+00
