Raw_Data/Cage/SBE19/2020-09-24_SBE19_006_025_processed.cnv
* Sea-Bird SBE19plus Data File:
* FileName = C:\cruises\2020_barkerboys\leg2\data\cage\SBE19\2020-09-25_SBE19_004_025.hex
* Software Version 1.59
* Temperature SN =  4881
* Conductivity SN =  4881
* System UpLoad Time = Sep 25 2020 12:45:07
* ds
* SeacatPlus V 1.5  SERIAL NO. 4881    25 Sep 2020  12:15:39
# nquan = 12
# nvalues = 2662                                  
# units = specified
# name 0 = timeS: Time, Elapsed [seconds]
# name 1 = timeJ: Julian Days
# name 2 = scan: Scan Count
# name 3 = depSM: Depth [salt water, m], lat = 44.00
# name 4 = tv290C: Temperature [ITS-90, deg C]
# name 5 = c0S/m: Conductivity [S/m]
# name 6 = sal00: Salinity, Practical [PSU]
# name 7 = density00: Density [density, kg/m^3]
# name 8 = prdM: Pressure, Strain Gauge [db]
# name 9 = wetStar: Fluorescence, WET Labs WETstar [mg/m^3]
# name 10 = dz/dtM: Descent Rate [m/s]
# name 11 = flag:  0.000e+00
# span 0 =      0.000,    665.250                 
# span 1 = 268.691632, 268.699332                 
# span 2 =          1,       2662                 
# span 3 =     -0.101,    178.125                 
# span 4 =     9.7700,    14.9593                 
# span 5 =   0.052634,   3.907418                 
# span 6 =     0.3190,    33.5844                 
# span 7 =   999.3541,  1026.6985                 
# span 8 =     -0.102,    179.644                 
# span 9 =     0.1129,     4.0783                 
# span 10 =     -1.275,      1.263                
# span 11 = 0.0000e+00, 0.0000e+00                
# interval = seconds: 0.25
# start_time = Sep 24 2020 16:35:57 [Instrument's time stamp, header]
# bad_flag = -9.990e-29
*END*
[from data line 1685]
    421.250 268.696508       1686    158.646     9.8121   3.656848    33.5497  1026.5758    159.991     0.1759     -0.916  0.000e+00
    421.500 268.696510       1687    158.436     9.8124   3.655565    33.5364  1026.5645    159.779     0.1768     -0.879  0.000e+00
    421.750 268.696513       1688    158.240     9.8127   3.657446    33.5554  1026.5784    159.582     0.1640     -0.819  0.000e+00
    422.000 268.696516       1689    158.066     9.8127   3.657479    33.5558  1026.5779    159.406     0.2089     -0.746  0.000e+00
    422.250 268.696519       1690    157.908     9.8127   3.657413    33.5552  1026.5767    159.247     0.2328     -0.669  0.000e+00
    422.500 268.696522       1691    157.759     9.8128   3.657446    33.5555  1026.5763    159.097     0.2814     -0.619  0.000e+00
    422.750 268.696525       1692    157.614     9.8128   3.657380    33.5549  1026.5751    158.950     0.2040     -0.593  0.000e+00
    423.000 268.696528       1693    157.467     9.8128   3.657354    33.5547  1026.5743    158.802     0.2040     -0.589  0.000e+00
    423.250 268.696531       1694    157.320     9.8128   3.657347    33.5547  1026.5736    158.654     0.1899     -0.593  0.000e+00
    423.500 268.696534       1695    157.178     9.8128   3.657380    33.5551  1026.5733    158.511     0.1759     -0.583  0.000e+00
    423.750 268.696536       1696    157.044     9.8128   3.657413    33.5555  1026.5729    158.375     0.1883     -0.557  0.000e+00
    424.000 268.696539       1697    156.919     9.8130   3.657380    33.5551  1026.5721    158.250     0.1702     -0.523  0.000e+00
    424.250 268.696542       1698    156.804     9.8132   3.657380    33.5549  1026.5714    158.133     0.1710     -0.484  0.000e+00
    424.500 268.696545       1699    156.698     9.8133   3.657393    33.5550  1026.5709    158.026     0.2464     -0.447  0.000e+00
    424.750 268.696548       1700    156.597     9.8134   3.657446    33.5555  1026.5708    157.925     0.1759     -0.417  0.000e+00
    425.000 268.696551       1701    156.498     9.8137   3.657413    33.5549  1026.5698    157.825     0.1656     -0.402  0.000e+00
    425.250 268.696554       1702    156.388     9.8140   3.657446    33.5550  1026.5694    157.713     0.1681     -0.424  0.000e+00
    425.500 268.696557       1703    156.259     9.8141   3.657413    33.5547  1026.5685    157.583     0.1739     -0.484  0.000e+00
    425.750 268.696560       1704    156.109     9.8143   3.657393    33.5543  1026.5675    157.432     0.1805     -0.561  0.000e+00
    426.000 268.696563       1705    155.937     9.8145   3.657413    33.5545  1026.5668    157.258     0.1788     -0.649  0.000e+00
    426.250 268.696565       1706    155.740     9.8149   3.657380    33.5538  1026.5654    157.059     0.1640     -0.746  0.000e+00
    426.500 268.696568       1707    155.529     9.8149   3.657478    33.5549  1026.5652    156.847     0.1970     -0.824  0.000e+00
    426.750 268.696571       1708    155.310     9.8154   3.657445    33.5542  1026.5636    156.626     0.1706     -0.866  0.000e+00
    427.000 268.696574       1709    155.095     9.8156   3.657445    33.5541  1026.5625    156.409     0.1640     -0.875  0.000e+00
    427.250 268.696577       1710    154.895     9.8158   3.657425    33.5538  1026.5614    156.207     0.1661     -0.839  0.000e+00
    427.500 268.696580       1711    154.713     9.8158   3.657478    33.5544  1026.5610    156.024     0.1714     -0.770  0.000e+00
    427.750 268.696583       1712    154.549     9.8161   3.657412    33.5536  1026.5595    155.859     0.1648     -0.697  0.000e+00
    428.000 268.696586       1713    154.391     9.8162   3.657412    33.5535  1026.5588    155.698     0.1669     -0.651  0.000e+00
    428.250 268.696589       1714    154.228     9.8164   3.657511    33.5544  1026.5586    155.534     0.1545     -0.649  0.000e+00
    428.500 268.696591       1715    154.068     9.8166   3.657563    33.5549  1026.5583    155.373     0.1640     -0.652  0.000e+00
    428.750 268.696594       1716    153.905     9.8170   3.657511    33.5540  1026.5568    155.208     0.1685     -0.651  0.000e+00
    429.000 268.696597       1717    153.748     9.8172   3.657445    33.5533  1026.5554    155.050     0.1582     -0.645  0.000e+00
    429.250 268.696600       1718    153.596     9.8176   3.657445    33.5529  1026.5544    154.896     0.1681     -0.624  0.000e+00
    429.500 268.696603       1719    153.454     9.8178   3.657412    33.5525  1026.5534    154.753     0.1578     -0.593  0.000e+00
    429.750 268.696606       1720    153.323     9.8179   3.657543    33.5537  1026.5537    154.621     0.2023     -0.550  0.000e+00
    430.000 268.696609       1721    153.199     9.8181   3.657530    33.5535  1026.5530    154.496     0.1813     -0.514  0.000e+00
    430.250 268.696612       1722    153.078     9.8184   3.657510    33.5531  1026.5520    154.374     0.1615     -0.495  0.000e+00
    430.500 268.696615       1723    152.956     9.8187   3.657543    33.5532  1026.5515    154.251     0.1611     -0.490  0.000e+00
    430.750 268.696617       1724    152.830     9.8192   3.657543    33.5528  1026.5505    154.124     0.1891     -0.501  0.000e+00
    431.000 268.696620       1725    152.692     9.8194   3.657615    33.5534  1026.5504    153.985     0.1784     -0.533  0.000e+00
    431.250 268.696623       1726    152.540     9.8197   3.657582    33.5528  1026.5491    153.831     0.1809     -0.585  0.000e+00
    431.500 268.696626       1727    152.368     9.8202   3.657602    33.5527  1026.5482    153.658     0.1809     -0.654  0.000e+00
    431.750 268.696629       1728    152.175     9.8204   3.657615    33.5527  1026.5473    153.463     0.1751     -0.735  0.000e+00
    432.000 268.696632       1729    151.971     9.8208   3.657582    33.5521  1026.5458    153.257     0.1825     -0.802  0.000e+00
    432.250 268.696635       1730    151.751     9.8209   3.657582    33.5520  1026.5447    153.036     0.1607     -0.856  0.000e+00
    432.500 268.696638       1731    151.520     9.8211   3.657615    33.5523  1026.5439    152.802     0.1529     -0.909  0.000e+00
    432.750 268.696641       1732    151.277     9.8214   3.657635    33.5523  1026.5427    152.557     0.1487     -0.957  0.000e+00
    433.000 268.696644       1733    151.030     9.8217   3.657648    33.5524  1026.5416    152.308     0.1677     -0.989  0.000e+00
    433.250 268.696646       1734    150.781     9.8218   3.657648    33.5524  1026.5404    152.057     0.1710     -1.000  0.000e+00
    433.500 268.696649       1735    150.542     9.8220   3.657647    33.5523  1026.5393    151.816     0.1500     -0.985  0.000e+00
    433.750 268.696652       1736    150.319     9.8220   3.657582    33.5517  1026.5377    151.591     0.1698     -0.933  0.000e+00
    434.000 268.696655       1737    150.125     9.8221   3.657614    33.5520  1026.5371    151.395     0.1970     -0.841  0.000e+00
    434.250 268.696658       1738    149.965     9.8222   3.657601    33.5519  1026.5362    151.234     0.1533     -0.714  0.000e+00
    434.500 268.696661       1739    149.842     9.8224   3.657542    33.5512  1026.5351    151.109     0.1545     -0.572  0.000e+00
    434.750 268.696664       1740    149.756     9.8222   3.657542    33.5514  1026.5349    151.023     0.1739     -0.421  0.000e+00
    435.000 268.696667       1741    149.700     9.8220   3.657509    33.5512  1026.5346    150.966     0.1644     -0.286  0.000e+00
    435.250 268.696670       1742    149.649     9.8218   3.657476    33.5511  1026.5342    150.915     0.1520     -0.217  0.000e+00
    435.500 268.696672       1743    149.588     9.8217   3.657496    33.5514  1026.5342    150.853     0.1899     -0.226  0.000e+00
    435.750 268.696675       1744    149.502     9.8218   3.657509    33.5515  1026.5339    150.766     0.2064     -0.297  0.000e+00
    436.000 268.696678       1745    149.382     9.8217   3.657509    33.5517  1026.5335    150.646     0.1525     -0.415  0.000e+00
    436.250 268.696681       1746    149.230     9.8215   3.657509    33.5519  1026.5330    150.492     0.1669     -0.548  0.000e+00
    436.500 268.696684       1747    149.058     9.8216   3.657509    33.5519  1026.5322    150.319     0.1726     -0.654  0.000e+00
    436.750 268.696687       1748    148.869     9.8217   3.657509    33.5519  1026.5314    150.128     0.1607     -0.729  0.000e+00
    437.000 268.696690       1749    148.668     9.8215   3.657495    33.5520  1026.5305    149.926     0.1566     -0.787  0.000e+00
    437.250 268.696693       1750    148.463     9.8218   3.657581    33.5527  1026.5301    149.718     0.1549     -0.819  0.000e+00
    437.500 268.696696       1751    148.259     9.8220   3.657541    33.5522  1026.5287    149.513     0.2031     -0.826  0.000e+00
    437.750 268.696698       1752    148.060     9.8223   3.657541    33.5521  1026.5277    149.312     0.1619     -0.813  0.000e+00
    438.000 268.696701       1753    147.871     9.8225   3.657541    33.5519  1026.5267    149.122     0.1858     -0.783  0.000e+00
    438.250 268.696704       1754    147.693     9.8226   3.657541    33.5519  1026.5258    148.942     0.1628     -0.740  0.000e+00
    438.500 268.696707       1755    147.523     9.8227   3.657528    33.5517  1026.5249    148.770     0.1479     -0.703  0.000e+00
    438.750 268.696710       1756    147.355     9.8226   3.657541    33.5520  1026.5244    148.600     0.1492     -0.684  0.000e+00
    439.000 268.696713       1757    147.187     9.8227   3.657475    33.5513  1026.5231    148.432     0.1768     -0.677  0.000e+00
    439.250 268.696716       1758    147.011     9.8226   3.657475    33.5516  1026.5225    148.254     0.1681     -0.692  0.000e+00
    439.500 268.696719       1759    146.830     9.8226   3.657475    33.5517  1026.5217    148.071     0.1726     -0.720  0.000e+00
    439.750 268.696722       1760    146.644     9.8224   3.657455    33.5517  1026.5209    147.883     0.1665     -0.742  0.000e+00
    440.000 268.696725       1761    146.461     9.8224   3.657409    33.5513  1026.5197    147.698     0.1586     -0.746  0.000e+00
    440.250 268.696727       1762    146.278     9.8222   3.657442    33.5519  1026.5194    147.515     0.1611     -0.737  0.000e+00
    440.500 268.696730       1763    146.111     9.8221   3.657409    33.5517  1026.5185    147.346     0.1677     -0.705  0.000e+00
    440.750 268.696733       1764    145.952     9.8223   3.657409    33.5516  1026.5177    147.186     0.1558     -0.658  0.000e+00
    441.000 268.696736       1765    145.806     9.8223   3.657376    33.5513  1026.5168    147.038     0.1582     -0.614  0.000e+00
    441.250 268.696739       1766    145.661     9.8223   3.657422    33.5519  1026.5166    146.892     0.1661     -0.587  0.000e+00
    441.500 268.696742       1767    145.512     9.8220   3.657376    33.5517  1026.5159    146.742     0.1607     -0.594  0.000e+00
    441.750 268.696745       1768    145.347     9.8220   3.657310    33.5511  1026.5146    146.575     0.1603     -0.634  0.000e+00
    442.000 268.696748       1769    145.161     9.8218   3.657343    33.5517  1026.5143    146.387     0.1475     -0.709  0.000e+00
    442.250 268.696751       1770    144.946     9.8217   3.657277    33.5513  1026.5130    146.171     0.1628     -0.808  0.000e+00
    442.500 268.696753       1771    144.723     9.8216   3.657310    33.5518  1026.5124    145.945     0.1611     -0.884  0.000e+00
    442.750 268.696756       1772    144.498     9.8217   3.657284    33.5516  1026.5112    145.718     0.1755     -0.905  0.000e+00
    443.000 268.696759       1773    144.283     9.8217   3.657310    33.5519  1026.5104    145.501     0.1731     -0.888  0.000e+00
    443.250 268.696762       1774    144.092     9.8217   3.657310    33.5520  1026.5096    145.309     0.1611     -0.819  0.000e+00
    443.500 268.696765       1775    143.935     9.8219   3.657277    33.5516  1026.5085    145.151     0.2011     -0.701  0.000e+00
    443.750 268.696768       1776    143.805     9.8220   3.657342    33.5522  1026.5084    145.020     0.1582     -0.578  0.000e+00
    444.000 268.696771       1777    143.699     9.8221   3.657388    33.5526  1026.5083    144.912     0.1619     -0.477  0.000e+00
    444.250 268.696774       1778    143.605     9.8223   3.657310    33.5516  1026.5070    144.818     0.1603     -0.404  0.000e+00
    444.500 268.696777       1779    143.506     9.8225   3.657342    33.5519  1026.5067    144.718     0.1879     -0.389  0.000e+00
    444.750 268.696780       1780    143.392     9.8226   3.657309    33.5515  1026.5059    144.603     0.1599     -0.430  0.000e+00
    445.000 268.696782       1781    143.250     9.8227   3.657342    33.5517  1026.5054    144.460     0.1541     -0.516  0.000e+00
    445.250 268.696785       1782    143.081     9.8229   3.657342    33.5517  1026.5046    144.289     0.1702     -0.628  0.000e+00
    445.500 268.696788       1783    142.875     9.8229   3.657349    33.5519  1026.5038    144.081     0.1681     -0.757  0.000e+00
    445.750 268.696791       1784    142.652     9.8230   3.657342    33.5518  1026.5027    143.857     0.1726     -0.864  0.000e+00
    446.000 268.696794       1785    142.413     9.8231   3.657276    33.5511  1026.5010    143.615     0.1619     -0.933  0.000e+00
    446.250 268.696797       1786    142.165     9.8235   3.657342    33.5515  1026.5001    143.365     0.1541     -0.982  0.000e+00
    446.500 268.696800       1787    141.916     9.8236   3.657375    33.5518  1026.4992    143.114     0.1541     -1.002  0.000e+00
    446.750 268.696803       1788    141.667     9.8238   3.657315    33.5512  1026.4976    142.862     0.1636     -1.006  0.000e+00
    447.000 268.696806       1789    141.417     9.8239   3.657309    33.5511  1026.4963    142.611     0.1504     -1.006  0.000e+00
    447.250 268.696808       1790    141.183     9.8241   3.657309    33.5511  1026.4953    142.374     0.1525     -0.976  0.000e+00
    447.500 268.696811       1791    140.967     9.8242   3.657341    33.5514  1026.4945    142.156     0.1648     -0.909  0.000e+00
    447.750 268.696814       1792    140.780     9.8241   3.657309    33.5513  1026.4936    141.968     0.1665     -0.812  0.000e+00
    448.000 268.696817       1793    140.629     9.8242   3.657276    33.5509  1026.4925    141.816     0.1459     -0.681  0.000e+00
    448.250 268.696820       1794    140.509     9.8241   3.657282    33.5511  1026.4922    141.694     0.1401     -0.548  0.000e+00
    448.500 268.696823       1795    140.421     9.8239   3.657177    33.5503  1026.4912    141.606     0.1525     -0.419  0.000e+00
    448.750 268.696826       1796    140.354     9.8237   3.657210    33.5508  1026.4913    141.538     0.1636     -0.312  0.000e+00
    449.000 268.696829       1797    140.289     9.8236   3.657210    33.5509  1026.4911    141.473     0.1586     -0.267  0.000e+00
    449.250 268.696832       1798    140.219     9.8235   3.657210    33.5511  1026.4909    141.402     0.1533     -0.273  0.000e+00
    449.500 268.696834       1799    140.135     9.8235   3.657243    33.5515  1026.4908    141.317     0.1698     -0.312  0.000e+00
    449.750 268.696837       1800    140.032     9.8234   3.657177    33.5509  1026.4899    141.213     0.2246     -0.376  0.000e+00
    450.000 268.696840       1801    139.899     9.8233   3.657177    33.5511  1026.4895    141.079     0.1949     -0.475  0.000e+00
    450.250 268.696843       1802    139.734     9.8232   3.657137    33.5508  1026.4885    140.913     0.1994     -0.602  0.000e+00
    450.500 268.696846       1803    139.538     9.8234   3.657137    33.5507  1026.4875    140.715     0.1932     -0.729  0.000e+00
    450.750 268.696849       1804    139.319     9.8235   3.657209    33.5515  1026.4871    140.494     0.1932     -0.836  0.000e+00
