Raw_Data/Cage/SBE19/2020-09-26_SBE19_008_042_processed.cnv
* Sea-Bird SBE19plus Data File:
* FileName = C:\cruises\2020_barkerboys\leg2\data\cage\SBE19\2020-09-25_SBE19_008_037042.hex
* Software Version 1.59
* Temperature SN =  4881
* Conductivity SN =  4881
* System UpLoad Time = Sep 26 2020 18:16:41
* ds
* SeacatPlus V 1.5  SERIAL NO. 4881    26 Sep 2020  18:11:53
# nquan = 12
# nvalues = 1776                                  
# units = specified
# name 0 = timeS: Time, Elapsed [seconds]
# name 1 = timeJ: Julian Days
# name 2 = scan: Scan Count
# name 3 = depSM: Depth [salt water, m], lat = 44.00
# name 4 = tv290C: Temperature [ITS-90, deg C]
# name 5 = c0S/m: Conductivity [S/m]
# name 6 = sal00: Salinity, Practical [PSU]
# name 7 = density00: Density [density, kg/m^3]
# name 8 = prdM: Pressure, Strain Gauge [db]
# name 9 = wetStar: Fluorescence, WET Labs WETstar [mg/m^3]
# name 10 = dz/dtM: Descent Rate [m/s]
# name 11 = flag:  0.000e+00
# span 0 =      0.000,    443.750                 
# span 1 = 270.632083, 270.637219                 
# span 2 =          1,       1776                 
# span 3 =     -0.004,    112.806                 
# span 4 =    10.9203,    12.5482                 
# span 5 =   0.046826,   3.799827                 
# span 6 =     0.3014,    33.1035                 
# span 7 =   999.6881,  1025.8200                 
# span 8 =     -0.004,    113.750                 
# span 9 =     0.1615,     3.7545                 
# span 10 =     -1.194,      1.160                
# span 11 = 0.0000e+00, 0.0000e+00                
# interval = seconds: 0.25
# start_time = Sep 26 2020 15:10:12 [Instrument's time stamp, header]
# bad_flag = -9.990e-29
*END*
[from data line 722]
    180.500 270.634172        723     35.507    12.0475   3.761488    32.6262  1024.8982     35.798     0.7840      0.582  0.000e+00
    180.750 270.634175        724     35.651    12.0431   3.761382    32.6289  1024.9018     35.943     0.7985      0.580  0.000e+00
    181.000 270.634178        725     35.796    12.0396   3.761489    32.6329  1024.9062     36.089     1.1989      0.582  0.000e+00
    181.250 270.634181        726     35.940    12.0377   3.761489    32.6345  1024.9085     36.234     1.2974      0.582  0.000e+00
    181.500 270.634184        727     36.085    12.0369   3.761489    32.6352  1024.9097     36.380     0.8088      0.582  0.000e+00
    181.750 270.634187        728     36.241    12.0364   3.761349    32.6342  1024.9098     36.538     0.7095      0.608  0.000e+00
    182.000 270.634190        729     36.411    12.0355   3.760937    32.6310  1024.9083     36.708     0.6543      0.657  0.000e+00
    182.250 270.634193        730     36.588    12.0324   3.760145    32.6259  1024.9057     36.888     0.9081      0.700  0.000e+00
    182.500 270.634196        731     36.782    12.0254   3.759900    32.6296  1024.9108     37.083     0.7433      0.750  0.000e+00
    182.750 270.634198        732     36.989    12.0180   3.759760    32.6347  1024.9170     37.292     0.6155      0.807  0.000e+00
    183.000 270.634201        733     37.204    12.0119   3.759727    32.6396  1024.9229     37.508     0.6477      0.850  0.000e+00
    183.250 270.634204        734     37.415    12.0078   3.759661    32.6424  1024.9269     37.721     0.6283      0.859  0.000e+00
    183.500 270.634207        735     37.612    12.0054   3.759594    32.6438  1024.9293     37.920     0.6460      0.823  0.000e+00
    183.750 270.634210        736     37.795    12.0036   3.759628    32.6456  1024.9319     38.104     0.7457      0.767  0.000e+00
    184.000 270.634213        737     37.959    12.0021   3.759521    32.6459  1024.9331     38.270     0.6539      0.700  0.000e+00
    184.250 270.634216        738     38.108    12.0012   3.759521    32.6466  1024.9345     38.420     0.6658      0.631  0.000e+00
    184.500 270.634219        739     38.251    12.0006   3.759555    32.6474  1024.9359     38.564     0.6992      0.588  0.000e+00
    184.750 270.634222        740     38.397    12.0003   3.759488    32.6469  1024.9362     38.711     0.6802      0.582  0.000e+00
    185.000 270.634225        741     38.555    12.0000   3.759521    32.6474  1024.9374     38.870     0.6460      0.612  0.000e+00
    185.250 270.634227        742     38.727    11.9995   3.759522    32.6478  1024.9386     39.044     0.6481      0.666  0.000e+00
    185.500 270.634230        743     38.896    11.9992   3.759488    32.6477  1024.9393     39.215     0.8079      0.689  0.000e+00
    185.750 270.634233        744     39.073    11.9989   3.759382    32.6469  1024.9395     39.393     0.8541      0.698  0.000e+00
    186.000 270.634236        745     39.259    11.9982   3.759422    32.6477  1024.9412     39.580     0.6485      0.730  0.000e+00
    186.250 270.634239        746     39.449    11.9980   3.759489    32.6485  1024.9426     39.772     0.6164      0.758  0.000e+00
    186.500 270.634242        747     39.640    11.9978   3.759176    32.6456  1024.9413     39.964     0.9134      0.769  0.000e+00
    186.750 270.634245        748     39.834    11.9965   3.759176    32.6466  1024.9432     40.160     0.6988      0.775  0.000e+00
    187.000 270.634248        749     40.048    11.9950   3.759176    32.6479  1024.9455     40.376     0.5986      0.823  0.000e+00
    187.250 270.634251        750     40.264    11.9934   3.758797    32.6455  1024.9449     40.594     0.7276      0.868  0.000e+00
    187.500 270.634253        751     40.485    11.9904   3.758625    32.6463  1024.9471     40.817     0.7297      0.883  0.000e+00
    187.750 270.634256        752     40.693    11.9863   3.758545    32.6491  1024.9509     41.026     0.6514      0.865  0.000e+00
    188.000 270.634259        753     40.888    11.9819   3.758146    32.6490  1024.9526     41.223     0.8640      0.812  0.000e+00
    188.250 270.634262        754     41.067    11.9770   3.757834    32.6502  1024.9553     41.403     0.6357      0.754  0.000e+00
    188.500 270.634265        755     41.231    11.9712   3.757661    32.6536  1024.9597     41.569     0.5529      0.692  0.000e+00
    188.750 270.634268        756     41.388    11.9664   3.757661    32.6576  1024.9644     41.727     0.5624      0.646  0.000e+00
    189.000 270.634271        757     41.546    11.9633   3.757595    32.6597  1024.9673     41.887     0.6357      0.636  0.000e+00
    189.250 270.634274        758     41.710    11.9612   3.757595    32.6615  1024.9699     42.052     1.9055      0.651  0.000e+00
    189.500 270.634277        759     41.883    11.9598   3.757522    32.6619  1024.9712     42.226     1.1618      0.679  0.000e+00
    189.750 270.634280        760     42.072    11.9589   3.757595    32.6633  1024.9734     42.417     0.6316      0.730  0.000e+00
    190.000 270.634282        761     42.271    11.9588   3.757522    32.6626  1024.9737     42.617     0.9179      0.782  0.000e+00
    190.250 270.634285        762     42.475    11.9588   3.757595    32.6632  1024.9751     42.823     0.5826      0.812  0.000e+00
    190.500 270.634288        763     42.690    11.9587   3.757628    32.6635  1024.9764     43.040     0.5298      0.846  0.000e+00
    190.750 270.634291        764     42.907    11.9590   3.757522    32.6622  1024.9762     43.259     0.8133      0.872  0.000e+00
    191.000 270.634294        765     43.116    11.9585   3.757489    32.6622  1024.9773     43.470     0.6716      0.859  0.000e+00
    191.250 270.634297        766     43.317    11.9574   3.757522    32.6634  1024.9793     43.673     0.5974      0.827  0.000e+00
    191.500 270.634300        767     43.505    11.9566   3.757489    32.6637  1024.9806     43.862     0.5686      0.784  0.000e+00
    191.750 270.634303        768     43.672    11.9561   3.757489    32.6641  1024.9818     44.030     0.9373      0.715  0.000e+00
    192.000 270.634306        769     43.830    11.9558   3.757423    32.6637  1024.9822     44.189     0.6110      0.655  0.000e+00
    192.250 270.634308        770     43.985    11.9554   3.757456    32.6643  1024.9834     44.346     0.8100      0.631  0.000e+00
    192.500 270.634311        771     44.156    11.9551   3.757463    32.6645  1024.9845     44.518     0.5595      0.657  0.000e+00
    192.750 270.634314        772     44.341    11.9551   3.757523    32.6650  1024.9857     44.705     0.7025      0.717  0.000e+00
    193.000 270.634317        773     44.543    11.9551   3.757523    32.6649  1024.9865     44.909     0.6427      0.782  0.000e+00
    193.250 270.634320        774     44.751    11.9552   3.757523    32.6647  1024.9873     45.118     0.6271      0.827  0.000e+00
    193.500 270.634323        775     44.959    11.9552   3.757490    32.6643  1024.9880     45.327     0.5904      0.838  0.000e+00
    193.750 270.634326        776     45.160    11.9553   3.757490    32.6641  1024.9887     45.530     0.5764      0.825  0.000e+00
    194.000 270.634329        777     45.352    11.9553   3.757490    32.6641  1024.9896     45.724     0.6407      0.793  0.000e+00
    194.250 270.634332        778     45.542    11.9551   3.757490    32.6642  1024.9905     45.916     0.5422      0.771  0.000e+00
    194.500 270.634334        779     45.736    11.9549   3.757457    32.6640  1024.9913     46.111     0.6745      0.775  0.000e+00
    194.750 270.634337        780     45.942    11.9544   3.757350    32.6633  1024.9918     46.319     0.6044      0.805  0.000e+00
    195.000 270.634340        781     46.164    11.9536   3.757384    32.6642  1024.9936     46.543     0.7754      0.863  0.000e+00
    195.250 270.634343        782     46.398    11.9531   3.757384    32.6646  1024.9950     46.778     0.6316      0.919  0.000e+00
    195.500 270.634346        783     46.627    11.9529   3.757424    32.6650  1024.9965     47.009     0.5430      0.932  0.000e+00
    195.750 270.634349        784     46.838    11.9533   3.757457    32.6649  1024.9973     47.222     0.5570      0.887  0.000e+00
    196.000 270.634352        785     47.024    11.9532   3.757490    32.6652  1024.9984     47.410     0.6473      0.801  0.000e+00
    196.250 270.634355        786     47.189    11.9532   3.757351    32.6638  1024.9980     47.576     0.5690      0.709  0.000e+00
    196.500 270.634358        787     47.348    11.9528   3.757384    32.6644  1024.9993     47.736     0.5080      0.653  0.000e+00
    196.750 270.634361        788     47.510    11.9521   3.757491    32.6660  1025.0014     47.900     0.5719      0.646  0.000e+00
    197.000 270.634363        789     47.702    11.9526   3.757557    32.6661  1025.0022     48.094     0.5097      0.715  0.000e+00
    197.250 270.634366        790     47.918    11.9539   3.757757    32.6669  1025.0036     48.311     0.5356      0.823  0.000e+00
    197.500 270.634369        791     48.156    11.9549   3.757697    32.6653  1025.0033     48.551     0.5945      0.915  0.000e+00
    197.750 270.634372        792     48.399    11.9555   3.757351    32.6613  1025.0012     48.796     0.5476      0.971  0.000e+00
    198.000 270.634375        793     48.631    11.9546   3.757318    32.6617  1025.0027     49.030     0.5632      0.958  0.000e+00
    198.250 270.634378        794     48.844    11.9526   3.757425    32.6643  1025.0060     49.245     0.5389      0.898  0.000e+00
    198.500 270.634381        795     49.034    11.9517   3.757318    32.6641  1025.0069     49.436     0.7836      0.812  0.000e+00
    198.750 270.634384        796     49.194    11.9510   3.757285    32.6642  1025.0079     49.598     0.7325      0.705  0.000e+00
    199.000 270.634387        797     49.336    11.9503   3.757252    32.6645  1025.0088     49.741     0.5958      0.610  0.000e+00
    199.250 270.634389        798     49.481    11.9496   3.757252    32.6650  1025.0100     49.887     0.6885      0.580  0.000e+00
    199.500 270.634392        799     49.639    11.9493   3.757212    32.6648  1025.0107     50.046     0.7029      0.610  0.000e+00
    199.750 270.634395        800     49.821    11.9489   3.757212    32.6651  1025.0118     50.230     0.5517      0.685  0.000e+00
    200.000 270.634398        801     50.023    11.9486   3.757212    32.6654  1025.0130     50.434     0.5274      0.775  0.000e+00
    200.250 270.634401        802     50.247    11.9485   3.757285    32.6660  1025.0145     50.660     0.6588      0.859  0.000e+00
    200.500 270.634404        803     50.483    11.9483   3.757286    32.6661  1025.0157     50.898     0.6028      0.928  0.000e+00
    200.750 270.634407        804     50.711    11.9481   3.757113    32.6645  1025.0155     51.128     0.5315      0.937  0.000e+00
    201.000 270.634410        805     50.935    11.9479   3.757213    32.6656  1025.0174     51.353     0.5603      0.911  0.000e+00
    201.250 270.634413        806     51.145    11.9477   3.757146    32.6650  1025.0179     51.565     0.6539      0.874  0.000e+00
    201.500 270.634416        807     51.348    11.9473   3.757180    32.6656  1025.0194     51.770     0.5702      0.833  0.000e+00
    201.750 270.634418        808     51.544    11.9468   3.757146    32.6657  1025.0204     51.968     0.5158      0.805  0.000e+00
    202.000 270.634421        809     51.735    11.9465   3.757100    32.6653  1025.0211     52.160     0.5574      0.780  0.000e+00
    202.250 270.634424        810     51.933    11.9459   3.757113    32.6660  1025.0226     52.360     0.5859      0.784  0.000e+00
    202.500 270.634427        811     52.139    11.9456   3.757147    32.6664  1025.0239     52.567     0.7379      0.814  0.000e+00
    202.750 270.634430        812     52.347    11.9455   3.757286    32.6678  1025.0260     52.778     0.5644      0.836  0.000e+00
    203.000 270.634433        813     52.558    11.9461   3.757253    32.6669  1025.0261     52.990     0.5179      0.846  0.000e+00
    203.250 270.634436        814     52.767    11.9465   3.757286    32.6667  1025.0269     53.201     0.6081      0.846  0.000e+00
    203.500 270.634439        815     52.977    11.9468   3.757386    32.6674  1025.0283     53.412     0.5566      0.844  0.000e+00
    203.750 270.634442        816     53.180    11.9474   3.757353    32.6664  1025.0283     53.617     0.6452      0.833  0.000e+00
    204.000 270.634444        817     53.378    11.9479   3.757353    32.6659  1025.0287     53.817     0.5290      0.810  0.000e+00
    204.250 270.634447        818     53.571    11.9479   3.757386    32.6661  1025.0298     54.012     0.5439      0.788  0.000e+00
    204.500 270.634450        819     53.760    11.9474   3.757254    32.6652  1025.0300     54.202     0.6876      0.769  0.000e+00
    204.750 270.634453        820     53.950    11.9466   3.757147    32.6648  1025.0307     54.394     0.5830      0.765  0.000e+00
    205.000 270.634456        821     54.147    11.9456   3.757254    32.6666  1025.0332     54.593     0.5710      0.782  0.000e+00
    205.250 270.634459        822     54.358    11.9451   3.757254    32.6670  1025.0345     54.805     0.6563      0.823  0.000e+00
    205.500 270.634462        823     54.579    11.9449   3.757147    32.6661  1025.0349     55.028     1.0650      0.870  0.000e+00
    205.750 270.634465        824     54.803    11.9446   3.757214    32.6668  1025.0366     55.254     0.6024      0.898  0.000e+00
    206.000 270.634468        825     55.031    11.9443   3.757148    32.6664  1025.0373     55.484     0.5097      0.913  0.000e+00
    206.250 270.634470        826     55.251    11.9435   3.756769    32.6634  1025.0361     55.705     0.6374      0.902  0.000e+00
    206.500 270.634473        827     55.462    11.9413   3.756563    32.6632  1025.0373     55.918     0.6460      0.868  0.000e+00
    206.750 270.634476        828     55.651    11.9382   3.756118    32.6615  1025.0375     56.109     0.5838      0.808  0.000e+00
    207.000 270.634479        829     55.834    11.9333   3.755872    32.6633  1025.0406     56.294     0.5027      0.752  0.000e+00
    207.250 270.634482        830     56.010    11.9282   3.755632    32.6654  1025.0440     56.471     0.5459      0.724  0.000e+00
    207.500 270.634485        831     56.190    11.9237   3.755699    32.6700  1025.0492     56.653     0.6015      0.717  0.000e+00
    207.750 270.634488        832     56.380    11.9203   3.755493    32.6708  1025.0513     56.844     0.7770      0.745  0.000e+00
    208.000 270.634491        833     56.581    11.9178   3.755493    32.6729  1025.0544     57.047     0.5826      0.788  0.000e+00
    208.250 270.634494        834     56.797    11.9156   3.755460    32.6745  1025.0570     57.265     0.5261      0.842  0.000e+00
    208.500 270.634497        835     57.017    11.9137   3.755527    32.6767  1025.0600     57.486     0.5130      0.878  0.000e+00
    208.750 270.634499        836     57.239    11.9121   3.755494    32.6777  1025.0621     57.711     0.5216      0.891  0.000e+00
    209.000 270.634502        837     57.463    11.9116   3.755527    32.6783  1025.0637     57.936     0.5364      0.900  0.000e+00
    209.250 270.634505        838     57.685    11.9109   3.755494    32.6785  1025.0650     58.159     0.5134      0.898  0.000e+00
    209.500 270.634508        839     57.908    11.9108   3.755494    32.6786  1025.0660     58.385     0.4907      0.898  0.000e+00
    209.750 270.634511        840     58.140    11.9106   3.755461    32.6783  1025.0669     58.619     0.7919      0.919  0.000e+00
    210.000 270.634514        841     58.368    11.9103   3.755527    32.6791  1025.0686     58.849     0.6485      0.928  0.000e+00
    210.250 270.634517        842     58.590    11.9106   3.755461    32.6781  1025.0688     59.072     0.6135      0.907  0.000e+00
