Raw_Data/Cage/SBE19/2020-09-21_SBE19_005_019_processed.cnv
* Sea-Bird SBE19plus Data File:
* FileName = C:\cruises\2020_barkerboys\leg2\data\cage\SBE19\2020-09-25_SBE19_004_019.hex
* Software Version 1.59
* Temperature SN =  4881
* Conductivity SN =  4881
* System UpLoad Time = Sep 25 2020 12:38:29
* ds
* SeacatPlus V 1.5  SERIAL NO. 4881    25 Sep 2020  12:15:39
# nquan = 12
# nvalues = 3260                                  
# units = specified
# name 0 = timeS: Time, Elapsed [seconds]
# name 1 = timeJ: Julian Days
# name 2 = scan: Scan Count
# name 3 = depSM: Depth [salt water, m], lat = 44.00
# name 4 = tv290C: Temperature [ITS-90, deg C]
# name 5 = c0S/m: Conductivity [S/m]
# name 6 = sal00: Salinity, Practical [PSU]
# name 7 = density00: Density [density, kg/m^3]
# name 8 = prdM: Pressure, Strain Gauge [db]
# name 9 = wetStar: Fluorescence, WET Labs WETstar [mg/m^3]
# name 10 = dz/dtM: Descent Rate [m/s]
# name 11 = flag:  0.000e+00
# span 0 =      0.000,    814.750                 
# span 1 = 265.646968, 265.656398                 
# span 2 =          1,       3260                 
# span 3 =      0.153,    158.180                 
# span 4 =     9.8375,    13.1098                 
# span 5 =   0.053069,   3.851257                 
# span 6 =     0.3532,    33.5455                 
# span 7 =   999.8557,  1026.5629                 
# span 8 =      0.154,    159.521                 
# span 9 =     0.1150,     3.2737                 
# span 10 =     -1.362,      1.432                
# span 11 = 0.0000e+00, 0.0000e+00                
# interval = seconds: 0.25
# start_time = Sep 21 2020 15:31:38 [Instrument's time stamp, header]
# bad_flag = -9.990e-29
*END*
[from data line 2767]
    691.750 265.654974       2768     55.953    10.7748   3.693323    33.0802  1025.5755     56.413     0.2056     -0.561  0.000e+00
    692.000 265.654977       2769     55.775    10.7764   3.693692    33.0825  1025.5762     56.234     0.1994     -0.677  0.000e+00
    692.250 265.654980       2770     55.594    10.7798   3.694201    33.0846  1025.5764     56.051     0.1978     -0.724  0.000e+00
    692.500 265.654983       2771     55.415    10.7853   3.694775    33.0854  1025.5753     55.871     0.2011     -0.726  0.000e+00
    692.750 265.654986       2772     55.266    10.7932   3.695145    33.0820  1025.5706     55.720     0.1912     -0.662  0.000e+00
    693.000 265.654988       2773     55.153    10.8014   3.696162    33.0847  1025.5707     55.607     0.2192     -0.528  0.000e+00
    693.250 265.654991       2774     55.059    10.8119   3.696670    33.0804  1025.5650     55.512     0.2052     -0.417  0.000e+00
    693.500 265.654994       2775     54.971    10.8229   3.697786    33.0816  1025.5637     55.423     0.1965     -0.367  0.000e+00
    693.750 265.654997       2776     54.880    10.8363   3.698566    33.0773  1025.5575     55.332     0.1937     -0.361  0.000e+00
    694.000 265.655000       2777     54.777    10.8496   3.698698    33.0667  1025.5464     55.228     0.1953     -0.391  0.000e+00
    694.250 265.655003       2778     54.655    10.8594   3.699173    33.0626  1025.5409     55.104     0.2126     -0.455  0.000e+00
    694.500 265.655006       2779     54.537    10.8670   3.700085    33.0648  1025.5408     54.986     0.1920     -0.483  0.000e+00
    694.750 265.655009       2780     54.424    10.8766   3.701037    33.0657  1025.5393     54.872     0.2077     -0.464  0.000e+00
    695.000 265.655012       2781     54.312    10.8894   3.702054    33.0643  1025.5354     54.758     0.2105     -0.455  0.000e+00
    695.250 265.655014       2782     54.204    10.9043   3.703812    33.0684  1025.5354     54.650     0.2081     -0.445  0.000e+00
    695.500 265.655017       2783     54.069    10.9248   3.704969    33.0614  1025.5258     54.513     0.2287     -0.490  0.000e+00
    695.750 265.655020       2784     53.896    10.9470   3.706357    33.0553  1025.5162     54.339     0.2155     -0.621  0.000e+00
    696.000 265.655023       2785     53.668    10.9703   3.708327    33.0539  1025.5100     54.110     0.2328     -0.808  0.000e+00
    696.250 265.655026       2786     53.406    10.9968   3.709954    33.0464  1025.4982     53.845     0.2291     -0.988  0.000e+00
    696.500 265.655029       2787     53.132    11.0243   3.711111    33.0332  1025.4818     53.568     0.2217     -1.082  0.000e+00
    696.750 265.655032       2788     52.873    11.0484   3.712196    33.0224  1025.4679     53.307     0.2291     -1.076  0.000e+00
    697.000 265.655035       2789     52.655    11.0686   3.713049    33.0127  1025.4558     53.088     0.2493     -0.960  0.000e+00
    697.250 265.655038       2790     52.491    11.0872   3.713830    33.0039  1025.4448     52.923     0.2748     -0.769  0.000e+00
    697.500 265.655041       2791     52.387    11.1029   3.714035    32.9918  1025.4321     52.818     0.2460     -0.541  0.000e+00
    697.750 265.655043       2792     52.316    11.1144   3.714167    32.9829  1025.4229     52.746     0.2414     -0.354  0.000e+00
    698.000 265.655046       2793     52.260    11.1213   3.714405    32.9790  1025.4183     52.690     0.2604     -0.256  0.000e+00
    698.250 265.655049       2794     52.191    11.1261   3.714372    32.9744  1025.4136     52.620     0.2847     -0.251  0.000e+00
    698.500 265.655052       2795     52.084    11.1289   3.714643    32.9746  1025.4128     52.512     0.2777     -0.357  0.000e+00
    698.750 265.655055       2796     51.929    11.1312   3.714643    32.9726  1025.4101     52.356     0.2756     -0.528  0.000e+00
    699.000 265.655058       2797     51.732    11.1334   3.714643    32.9708  1025.4073     52.157     0.2917     -0.709  0.000e+00
    699.250 265.655061       2798     51.489    11.1350   3.714782    32.9708  1025.4060     51.912     0.3028     -0.887  0.000e+00
    699.500 265.655064       2799     51.233    11.1363   3.714881    32.9708  1025.4046     51.654     0.2872     -1.007  0.000e+00
    699.750 265.655067       2800     50.966    11.1378   3.714987    32.9706  1025.4029     51.385     0.2905     -1.054  0.000e+00
    700.000 265.655069       2801     50.717    11.1390   3.715053    32.9702  1025.4013     51.134     0.2901     -1.040  0.000e+00
    700.250 265.655072       2802     50.496    11.1403   3.715086    32.9695  1025.3995     50.910     0.3032     -0.949  0.000e+00
    700.500 265.655075       2803     50.317    11.1413   3.715159    32.9694  1025.3984     50.730     0.2991     -0.808  0.000e+00
    700.750 265.655078       2804     50.178    11.1425   3.715225    32.9690  1025.3973     50.590     0.3094     -0.640  0.000e+00
    701.000 265.655081       2805     50.078    11.1432   3.715291    32.9691  1025.3968     50.489     0.3090     -0.481  0.000e+00
    701.250 265.655084       2806     50.011    11.1445   3.715800    32.9730  1025.3993     50.422     0.3041     -0.337  0.000e+00
    701.500 265.655087       2807     49.956    11.1485   3.716006    32.9715  1025.3971     50.366     0.3234     -0.247  0.000e+00
    701.750 265.655090       2808     49.894    11.1531   3.716039    32.9677  1025.3930     50.304     0.6514     -0.236  0.000e+00
    702.000 265.655093       2809     49.806    11.1566   3.716144    32.9657  1025.3905     50.215     0.3502     -0.303  0.000e+00
    702.250 265.655095       2810     49.682    11.1588   3.716211    32.9644  1025.3885     50.090     0.3173     -0.427  0.000e+00
    702.500 265.655098       2811     49.523    11.1616   3.716925    32.9691  1025.3909     49.930     0.3164     -0.569  0.000e+00
    702.750 265.655101       2812     49.331    11.1673   3.717164    32.9663  1025.3869     49.736     0.2897     -0.709  0.000e+00
    703.000 265.655104       2813     49.118    11.1733   3.717369    32.9630  1025.3823     49.521     0.2917     -0.818  0.000e+00
    703.250 265.655107       2814     48.901    11.1788   3.717541    32.9599  1025.3779     49.303     0.3148     -0.866  0.000e+00
    703.500 265.655110       2815     48.676    11.1831   3.717435    32.9551  1025.3723     49.075     0.3061     -0.891  0.000e+00
    703.750 265.655113       2816     48.480    11.1851   3.717706    32.9561  1025.3719     48.878     0.3045     -0.850  0.000e+00
    704.000 265.655116       2817     48.300    11.1873   3.717911    32.9562  1025.3707     48.696     0.3008     -0.758  0.000e+00
    704.250 265.655119       2818     48.153    11.1905   3.718216    32.9564  1025.3697     48.548     0.3770     -0.659  0.000e+00
    704.500 265.655122       2819     48.033    11.1945   3.718494    32.9557  1025.3678     48.428     0.3177     -0.537  0.000e+00
    704.750 265.655124       2820     47.955    11.1991   3.718864    32.9553  1025.3663     48.348     0.3111     -0.399  0.000e+00
    705.000 265.655127       2821     47.907    11.2041   3.719103    32.9531  1025.3635     48.300     0.3193     -0.256  0.000e+00
    705.250 265.655130       2822     47.873    11.2094   3.719169    32.9491  1025.3593     48.266     0.3469     -0.165  0.000e+00
    705.500 265.655133       2823     47.837    11.2133   3.719275    32.9467  1025.3565     48.230     0.3189     -0.140  0.000e+00
    705.750 265.655136       2824     47.786    11.2161   3.719275    32.9441  1025.3538     48.179     0.3123     -0.174  0.000e+00
    706.000 265.655139       2825     47.696    11.2178   3.719208    32.9420  1025.3514     48.087     0.3531     -0.286  0.000e+00
    706.250 265.655142       2826     47.555    11.2185   3.719274    32.9421  1025.3508     47.946     0.3304     -0.466  0.000e+00
    706.500 265.655145       2827     47.382    11.2191   3.719374    32.9427  1025.3503     47.770     0.3325     -0.634  0.000e+00
    706.750 265.655148       2828     47.173    11.2203   3.719420    32.9421  1025.3487     47.560     0.3366     -0.771  0.000e+00
    707.000 265.655150       2829     46.948    11.2212   3.719479    32.9420  1025.3474     47.333     0.3288     -0.874  0.000e+00
    707.250 265.655153       2830     46.714    11.2220   3.719652    32.9431  1025.3470     47.097     0.3597     -0.926  0.000e+00
    707.500 265.655156       2831     46.497    11.2235   3.719718    32.9425  1025.3453     46.878     0.3358     -0.911  0.000e+00
    707.750 265.655159       2832     46.292    11.2251   3.719817    32.9421  1025.3438     46.672     0.3255     -0.851  0.000e+00
    708.000 265.655162       2833     46.107    11.2266   3.719890    32.9415  1025.3423     46.485     0.3411     -0.786  0.000e+00
    708.250 265.655165       2834     45.937    11.2279   3.720022    32.9418  1025.3415     46.314     0.3284     -0.715  0.000e+00
    708.500 265.655168       2835     45.795    11.2297   3.720128    32.9413  1025.3401     46.170     0.3428     -0.629  0.000e+00
    708.750 265.655171       2836     45.678    11.2315   3.720128    32.9397  1025.3380     46.052     0.3354     -0.524  0.000e+00
    709.000 265.655174       2837     45.576    11.2332   3.720366    32.9406  1025.3379     45.950     0.3436     -0.440  0.000e+00
    709.250 265.655177       2838     45.501    11.2353   3.720704    32.9421  1025.3384     45.874     0.3329     -0.357  0.000e+00
    709.500 265.655179       2839     45.432    11.2388   3.721048    32.9424  1025.3377     45.804     0.3300     -0.292  0.000e+00
    709.750 265.655182       2840     45.367    11.2433   3.721452    32.9424  1025.3365     45.739     0.3288     -0.271  0.000e+00
    710.000 265.655185       2841     45.278    11.2480   3.721624    32.9399  1025.3333     45.650     0.3869     -0.309  0.000e+00
    710.250 265.655188       2842     45.164    11.2524   3.721624    32.9360  1025.3290     45.535     0.3341     -0.408  0.000e+00
    710.500 265.655191       2843     45.019    11.2551   3.721657    32.9340  1025.3263     45.389     0.3362     -0.522  0.000e+00
    710.750 265.655194       2844     44.841    11.2570   3.721657    32.9324  1025.3239     45.208     0.3354     -0.653  0.000e+00
    711.000 265.655197       2845     44.645    11.2582   3.721862    32.9334  1025.3236     45.011     0.3259     -0.756  0.000e+00
    711.250 265.655200       2846     44.431    11.2596   3.721895    32.9325  1025.3217     44.795     0.3440     -0.827  0.000e+00
    711.500 265.655203       2847     44.210    11.2613   3.722273    32.9348  1025.3222     44.573     0.3259     -0.876  0.000e+00
    711.750 265.655205       2848     44.005    11.2638   3.722445    32.9344  1025.3204     44.365     0.3453     -0.859  0.000e+00
    712.000 265.655208       2849     43.817    11.2672   3.722783    32.9348  1025.3193     44.176     0.3506     -0.793  0.000e+00
    712.250 265.655211       2850     43.645    11.2715   3.723465    32.9377  1025.3200     44.002     0.3432     -0.726  0.000e+00
    712.500 265.655214       2851     43.500    11.2784   3.724114    32.9380  1025.3183     43.856     0.3346     -0.640  0.000e+00
    712.750 265.655217       2852     43.376    11.2871   3.724491    32.9340  1025.3131     43.732     0.3749     -0.541  0.000e+00
    713.000 265.655220       2853     43.271    11.2952   3.724763    32.9295  1025.3076     43.626     0.3766     -0.462  0.000e+00
    713.250 265.655223       2854     43.177    11.3017   3.725140    32.9274  1025.3044     43.531     0.5381     -0.402  0.000e+00
    713.500 265.655226       2855     43.079    11.3080   3.725412    32.9245  1025.3006     43.432     0.3609     -0.387  0.000e+00
    713.750 265.655229       2856     42.970    11.3135   3.725617    32.9217  1025.2968     43.323     0.3498     -0.417  0.000e+00
    714.000 265.655231       2857     42.852    11.3182   3.725823    32.9196  1025.2939     43.203     0.3622     -0.457  0.000e+00
    714.250 265.655234       2858     42.714    11.3220   3.725955    32.9175  1025.2909     43.064     0.3848     -0.518  0.000e+00
    714.500 265.655237       2859     42.560    11.3254   3.726193    32.9169  1025.2891     42.909     0.3725     -0.588  0.000e+00
    714.750 265.655240       2860     42.386    11.3282   3.726266    32.9152  1025.2865     42.733     0.3519     -0.661  0.000e+00
    715.000 265.655243       2861     42.191    11.3311   3.726604    32.9160  1025.2858     42.537     0.3568     -0.745  0.000e+00
    715.250 265.655246       2862     41.973    11.3345   3.726776    32.9147  1025.2831     42.316     0.3552     -0.833  0.000e+00
    715.500 265.655249       2863     41.754    11.3376   3.726842    32.9128  1025.2800     42.096     0.3749     -0.881  0.000e+00
    715.750 265.655252       2864     41.537    11.3403   3.727121    32.9131  1025.2788     41.877     0.3931     -0.878  0.000e+00
    716.000 265.655255       2865     41.343    11.3430   3.727286    32.9125  1025.2770     41.682     0.3865     -0.829  0.000e+00
    716.250 265.655258       2866     41.193    11.3457   3.727319    32.9104  1025.2742     41.530     0.3799     -0.694  0.000e+00
    716.500 265.655260       2867     41.087    11.3479   3.727525    32.9106  1025.2734     41.423     0.3873     -0.518  0.000e+00
    716.750 265.655263       2868     41.025    11.3500   3.727531    32.9088  1025.2714     41.361     0.3918     -0.339  0.000e+00
    717.000 265.655266       2869     40.989    11.3518   3.727697    32.9088  1025.2709     41.324     0.3992     -0.198  0.000e+00
    717.250 265.655269       2870     40.969    11.3533   3.727684    32.9073  1025.2694     41.305     0.3766     -0.112  0.000e+00
    717.500 265.655272       2871     40.933    11.3545   3.727750    32.9069  1025.2687     41.269     0.4095     -0.112  0.000e+00
    717.750 265.655275       2872     40.862    11.3553   3.727730    32.9061  1025.2676     41.197     0.4062     -0.217  0.000e+00
    718.000 265.655278       2873     40.732    11.3560   3.727869    32.9069  1025.2675     41.066     0.4326     -0.406  0.000e+00
    718.250 265.655281       2874     40.541    11.3569   3.727836    32.9058  1025.2656     40.873     0.3778     -0.646  0.000e+00
    718.500 265.655284       2875     40.289    11.3579   3.728041    32.9070  1025.2652     40.619     0.3753     -0.893  0.000e+00
    718.750 265.655286       2876     39.998    11.3596   3.728452    32.9097  1025.2657     40.326     0.3745     -1.095  0.000e+00
    719.000 265.655289       2877     39.706    11.3629   3.728691    32.9092  1025.2634     40.032     0.4557     -1.175  0.000e+00
    719.250 265.655292       2878     39.443    11.3668   3.729373    32.9126  1025.2641     39.766     0.3947     -1.119  0.000e+00
    719.500 265.655295       2879     39.213    11.3724   3.729917    32.9131  1025.2624     39.534     0.3873     -0.994  0.000e+00
    719.750 265.655298       2880     39.075    11.3807   3.731561    32.9218  1025.2671     39.395     0.4079     -0.743  0.000e+00
    720.000 265.655301       2881     39.022    11.3944   3.732449    32.9184  1025.2616     39.341     0.3856     -0.387  0.000e+00
    720.250 265.655304       2882     39.043    11.4104   3.733132    32.9108  1025.2530     39.363     0.3704     -0.064  0.000e+00
    720.500 265.655307       2883     39.101    11.4242   3.733238    32.8995  1025.2420     39.422     0.4021      0.161  0.000e+00
    720.750 265.655310       2884     39.149    11.4338   3.733238    32.8909  1025.2338     39.470     0.3931      0.215  0.000e+00
    721.000 265.655312       2885     39.155    11.4388   3.733748    32.8915  1025.2333     39.475     0.4310      0.107  0.000e+00
    721.250 265.655315       2886     39.078    11.4439   3.733781    32.8873  1025.2287     39.398     0.3939     -0.144  0.000e+00
    721.500 265.655318       2887     38.916    11.4483   3.733854    32.8842  1025.2248     39.235     0.3922     -0.481  0.000e+00
