Raw_Data/Cage/SBE19/2020-09-19_SBE19_003_007_processed.cnv
* Sea-Bird SBE19plus Data File:
* FileName = C:\cruises\2020_barkerboys\leg2\data\cage\SBE19\2020-09-25_SBE19_004_007.hex
* Software Version 1.59
* Temperature SN =  4881
* Conductivity SN =  4881
* System UpLoad Time = Sep 25 2020 12:21:10
* ds
* SeacatPlus V 1.5  SERIAL NO. 4881    25 Sep 2020  12:15:39
# nquan = 12
# nvalues = 1014                                  
# units = specified
# name 0 = timeS: Time, Elapsed [seconds]
# name 1 = timeJ: Julian Days
# name 2 = scan: Scan Count
# name 3 = depSM: Depth [salt water, m], lat = 44.00
# name 4 = tv290C: Temperature [ITS-90, deg C]
# name 5 = c0S/m: Conductivity [S/m]
# name 6 = sal00: Salinity, Practical [PSU]
# name 7 = density00: Density [density, kg/m^3]
# name 8 = prdM: Pressure, Strain Gauge [db]
# name 9 = wetStar: Fluorescence, WET Labs WETstar [mg/m^3]
# name 10 = dz/dtM: Descent Rate [m/s]
# name 11 = flag:  0.000e+00
# span 0 =      0.000,    253.250                 
# span 1 = 263.720775, 263.723707                 
# span 2 =          1,       1014                 
# span 3 =      0.042,      5.530                 
# span 4 =    12.7367,    16.0739                 
# span 5 =   0.005631,   3.851219                 
# span 6 =     0.0354,    32.6734                 
# span 7 =   998.9600,  1024.6342                 
# span 8 =      0.042,      5.575                 
# span 9 =     0.1314,     2.6899                 
# span 10 =     -0.348,      0.857                
# span 11 = 0.0000e+00, 0.0000e+00                
# interval = seconds: 0.25
# start_time = Sep 19 2020 17:17:55 [Instrument's time stamp, header]
# bad_flag = -9.990e-29
*END*
      0.000 263.720775          1      0.049    15.9506   0.005779     0.0362   998.9807      0.049     0.1314      0.000  0.000e+00
      0.250 263.720778          2      0.047    15.9509   0.005773     0.0362   998.9806      0.048     0.1335     -0.002  0.000e+00
      0.500 263.720781          3      0.050    15.9510   0.005770     0.0362   998.9806      0.050     0.1376      0.002  0.000e+00
      0.750 263.720784          4      0.047    15.9514   0.005779     0.0362   998.9805      0.048     0.1376     -0.000  0.000e+00
      1.000 263.720787          5      0.050    15.9515   0.005779     0.0362   998.9805      0.050     0.1442      0.000  0.000e+00
      1.250 263.720790          6      0.048    15.9517   0.005773     0.0362   998.9805      0.048     0.1389      0.000  0.000e+00
      1.500 263.720793          7      0.048    15.9519   0.005779     0.0362   998.9804      0.048     0.1384     -0.004  0.000e+00
      1.750 263.720796          8      0.046    15.9520   0.005779     0.0362   998.9804      0.047     0.1430     -0.002  0.000e+00
      2.000 263.720799          9      0.050    15.9519   0.005779     0.0362   998.9805      0.050     0.1405      0.004  0.000e+00
      2.250 263.720802         10      0.048    15.9523   0.005782     0.0363   998.9804      0.048     0.1446      0.002  0.000e+00
      2.500 263.720804         11      0.045    15.9524   0.005788     0.0363   998.9804      0.046     0.1426     -0.009  0.000e+00
      2.750 263.720807         12      0.049    15.9526   0.005770     0.0362   998.9803      0.049     0.1455      0.002  0.000e+00
      3.000 263.720810         13      0.048    15.9527   0.005788     0.0363   998.9804      0.048     0.1438      0.004  0.000e+00
      3.250 263.720813         14      0.049    15.9528   0.005767     0.0362   998.9803      0.049     0.1455      0.000  0.000e+00
      3.500 263.720816         15      0.045    15.9529   0.005770     0.0362   998.9802      0.046     0.1492     -0.004  0.000e+00
      3.750 263.720819         16      0.046    15.9533   0.005779     0.0362   998.9802      0.047     0.1475     -0.004  0.000e+00
      4.000 263.720822         17      0.046    15.9535   0.005770     0.0362   998.9801      0.047     0.1438      0.002  0.000e+00
      4.250 263.720825         18      0.048    15.9537   0.005782     0.0363   998.9802      0.048     0.1467      0.002  0.000e+00
      4.500 263.720828         19      0.048    15.9539   0.005788     0.0363   998.9802      0.048     0.1512      0.002  0.000e+00
      4.750 263.720830         20      0.046    15.9542   0.005788     0.0363   998.9801      0.047     0.1487     -0.002  0.000e+00
      5.000 263.720833         21      0.048    15.9545   0.005788     0.0363   998.9801      0.048     0.1504      0.000  0.000e+00
      5.250 263.720836         22      0.044    15.9545   0.005797     0.0363   998.9801      0.045     0.1479     -0.004  0.000e+00
      5.500 263.720839         23      0.046    15.9548   0.005788     0.0363   998.9800      0.047     0.1496     -0.002  0.000e+00
      5.750 263.720842         24      0.045    15.9551   0.005788     0.0363   998.9800      0.046     0.1520      0.002  0.000e+00
      6.000 263.720845         25      0.046    15.9554   0.005782     0.0363   998.9799      0.047     0.1529      0.000  0.000e+00
      6.250 263.720848         26      0.047    15.9556   0.005788     0.0363   998.9799      0.047     0.1483      0.002  0.000e+00
      6.500 263.720851         27      0.045    15.9559   0.005788     0.0363   998.9798      0.046     0.1492     -0.002  0.000e+00
      6.750 263.720854         28      0.046    15.9563   0.005779     0.0362   998.9797      0.047     0.1537     -0.000  0.000e+00
      7.000 263.720856         29      0.047    15.9565   0.005782     0.0363   998.9797      0.047     0.1541      0.002  0.000e+00
      7.250 263.720859         30      0.045    15.9568   0.005779     0.0362   998.9796      0.046     0.1500     -0.002  0.000e+00
      7.500 263.720862         31      0.045    15.9569   0.005788     0.0363   998.9797      0.046     0.1520     -0.002  0.000e+00
      7.750 263.720865         32      0.047    15.9574   0.005779     0.0362   998.9795      0.047     0.1520      0.002  0.000e+00
      8.000 263.720868         33      0.045    15.9578   0.005788     0.0363   998.9795      0.046     0.1541      0.000  0.000e+00
      8.250 263.720871         34      0.045    15.9581   0.005779     0.0362   998.9794      0.046     0.1533     -0.002  0.000e+00
      8.500 263.720874         35      0.045    15.9583   0.005779     0.0362   998.9794      0.046     0.1566     -0.000  0.000e+00
      8.750 263.720877         36      0.045    15.9588   0.005788     0.0363   998.9794      0.046     0.1492 1.1842e-15  0.000e+00
      9.000 263.720880         37      0.046    15.9591   0.005788     0.0363   998.9793      0.047     0.1487      0.002  0.000e+00
      9.250 263.720883         38      0.047    15.9594   0.005779     0.0362   998.9792      0.047     0.1492      0.002  0.000e+00
      9.500 263.720885         39      0.047    15.9597   0.005779     0.0362   998.9792      0.047     0.1541      0.000  0.000e+00
      9.750 263.720888         40      0.046    15.9602   0.005788     0.0363   998.9791      0.047     0.1492     -0.000  0.000e+00
     10.000 263.720891         41      0.047    15.9606   0.005773     0.0362   998.9790      0.047     0.1500      0.000  0.000e+00
     10.250 263.720894         42      0.047    15.9609   0.005788     0.0363   998.9790      0.047     0.1492      0.000  0.000e+00
     10.500 263.720897         43      0.048    15.9614   0.005779     0.0362   998.9789      0.048     0.1487      0.002  0.000e+00
     10.750 263.720900         44      0.047    15.9617   0.005788     0.0363   998.9789      0.047     0.1529 2.3685e-15  0.000e+00
     11.000 263.720903         45      0.044    15.9620   0.005788     0.0363   998.9788      0.045     0.1508     -0.006  0.000e+00
     11.250 263.720906         46      0.045    15.9623   0.005779     0.0362   998.9787      0.046     0.1455     -0.002  0.000e+00
     11.500 263.720909         47      0.046    15.9626   0.005779     0.0362   998.9787      0.047     0.1496      0.004  0.000e+00
     11.750 263.720911         48      0.047    15.9631   0.005779     0.0362   998.9786      0.047     0.1512      0.002  0.000e+00
     12.000 263.720914         49      0.046    15.9633   0.005767     0.0362   998.9785      0.047     0.1545      0.000  0.000e+00
     12.250 263.720917         50      0.045    15.9638   0.005779     0.0362   998.9785      0.046     0.1516     -0.002  0.000e+00
     12.500 263.720920         51      0.044    15.9643   0.005770     0.0362   998.9784      0.045     0.1533     -0.004  0.000e+00
     12.750 263.720923         52      0.047    15.9646   0.005779     0.0362   998.9784      0.047     0.1516      0.002  0.000e+00
     13.000 263.720926         53      0.046    15.9650   0.005782     0.0362   998.9783      0.047     0.1492      0.004  0.000e+00
     13.250 263.720929         54      0.048    15.9654   0.005788     0.0363   998.9783      0.048     0.1537      0.002  0.000e+00
     13.500 263.720932         55      0.045    15.9658   0.005788     0.0363   998.9782      0.046     0.1529     -0.002  0.000e+00
     13.750 263.720935         56      0.047    15.9662   0.005788     0.0363   998.9782      0.047     0.1553     -0.002  0.000e+00
     14.000 263.720937         57      0.044    15.9664   0.005788     0.0363   998.9781      0.045     0.1558     -0.002  0.000e+00
     14.250 263.720940         58      0.047    15.9670   0.005779     0.0362   998.9780      0.047     0.1537 -4.737e-15  0.000e+00
     14.500 263.720943         59      0.045    15.9673   0.005770     0.0362   998.9779      0.046     0.1492      0.002  0.000e+00
     14.750 263.720946         60      0.044    15.9677   0.005770     0.0362   998.9778      0.045     0.1512     -0.004  0.000e+00
     15.000 263.720949         61      0.045    15.9680   0.005773     0.0362   998.9778      0.046     0.1520      0.000  0.000e+00
     15.250 263.720952         62      0.047    15.9683   0.005779     0.0362   998.9778      0.047     0.1516      0.004  0.000e+00
     15.500 263.720955         63      0.045    15.9688   0.005779     0.0362   998.9777      0.046     0.1533      0.000  0.000e+00
     15.750 263.720958         64      0.042    15.9692   0.005779     0.0362   998.9776      0.043     0.1512     -0.009  0.000e+00
     16.000 263.720961         65      0.045    15.9697   0.005782     0.0362   998.9776      0.046     0.1525      0.000  0.000e+00
     16.250 263.720964         66      0.047    15.9701   0.005788     0.0363   998.9775      0.047     0.1500      0.009  0.000e+00
     16.500 263.720966         67      0.047    15.9705   0.005779     0.0362   998.9774      0.047     0.1533      0.002  0.000e+00
     16.750 263.720969         68      0.045    15.9709   0.005779     0.0362   998.9774      0.046     0.1541     -0.002  0.000e+00
     17.000 263.720972         69      0.044    15.9713   0.005773     0.0362   998.9773      0.045     0.1496     -0.004  0.000e+00
     17.250 263.720975         70      0.044    15.9716   0.005770     0.0362   998.9772      0.045     0.1541     -0.002  0.000e+00
     17.500 263.720978         71      0.047    15.9719   0.005779     0.0362   998.9772      0.047     0.1553      0.004  0.000e+00
     17.750 263.720981         72      0.047    15.9724   0.005773     0.0362   998.9771      0.047     0.1549      0.004  0.000e+00
     18.000 263.720984         73      0.045    15.9727   0.005779     0.0362   998.9771      0.046     0.1553     -0.002  0.000e+00
     18.250 263.720987         74      0.047    15.9731   0.005770     0.0362   998.9770      0.047     0.1525 -2.368e-15  0.000e+00
     18.500 263.720990         75      0.045    15.9734   0.005770     0.0362   998.9769      0.046     0.1520      0.000  0.000e+00
     18.750 263.720992         76      0.043    15.9740   0.005773     0.0362   998.9768      0.044     0.1516     -0.006  0.000e+00
     19.000 263.720995         77      0.045    15.9745   0.005770     0.0362   998.9767      0.046     0.1516     -0.000  0.000e+00
     19.250 263.720998         78      0.045    15.9750   0.005779     0.0362   998.9767      0.046     0.1525      0.004  0.000e+00
     19.500 263.721001         79      0.045    15.9754   0.005779     0.0362   998.9766      0.046     0.1541 -2.368e-15  0.000e+00
     19.750 263.721004         80      0.048    15.9759   0.005782     0.0362   998.9766      0.048     0.1533      0.004  0.000e+00
     20.000 263.721007         81      0.048    15.9764   0.005788     0.0363   998.9765      0.048     0.1533      0.004  0.000e+00
     20.250 263.721010         82      0.047    15.9767   0.005779     0.0362   998.9764      0.047     0.1529     -0.002  0.000e+00
     20.500 263.721013         83      0.045    15.9773   0.005779     0.0362   998.9763      0.046     0.1533     -0.004  0.000e+00
     20.750 263.721016         84      0.045    15.9776   0.005767     0.0362   998.9762      0.046     0.1574     -0.002  0.000e+00
     21.000 263.721019         85      0.044    15.9781   0.005770     0.0362   998.9761      0.045     0.1558     -0.002  0.000e+00
     21.250 263.721021         86      0.044    15.9786   0.005770     0.0362   998.9761      0.045     0.1558     -0.002  0.000e+00
     21.500 263.721024         87      0.046    15.9790   0.005779     0.0362   998.9760      0.047     0.1537      0.004  0.000e+00
     21.750 263.721027         88      0.045    15.9792   0.005773     0.0362   998.9760      0.046     0.1520      0.002  0.000e+00
     22.000 263.721030         89      0.044    15.9797   0.005779     0.0362   998.9759      0.045     0.1525     -0.004  0.000e+00
     22.250 263.721033         90      0.045    15.9800   0.005788     0.0363   998.9759      0.046     0.1537      0.000  0.000e+00
     22.500 263.721036         91      0.047    15.9806   0.005779     0.0362   998.9758      0.047     0.1525      0.004  0.000e+00
     22.750 263.721039         92      0.044    15.9810   0.005782     0.0362   998.9757      0.045     0.1516     -0.002  0.000e+00
     23.000 263.721042         93      0.046    15.9814   0.005779     0.0362   998.9757      0.047     0.1512     -0.000  0.000e+00
     23.250 263.721045         94      0.045    15.9817   0.005770     0.0362   998.9756      0.046     0.1549      0.002  0.000e+00
     23.500 263.721047         95      0.045    15.9825   0.005779     0.0362   998.9755      0.046     0.1520     -0.002  0.000e+00
     23.750 263.721050         96      0.045    15.9828   0.005773     0.0362   998.9754      0.046     0.1529      0.000  0.000e+00
     24.000 263.721053         97      0.048    15.9832   0.005770     0.0362   998.9753      0.048     0.1508      0.004  0.000e+00
     24.250 263.721056         98      0.048    15.9836   0.005779     0.0362   998.9753      0.048     0.1529      0.004  0.000e+00
     24.500 263.721059         99      0.045    15.9841   0.005779     0.0362   998.9752      0.046     0.1574     -0.004  0.000e+00
     24.750 263.721062        100      0.048    15.9846   0.005773     0.0362   998.9751      0.048     0.1525      0.000  0.000e+00
     25.000 263.721065        101      0.049    15.9849   0.005779     0.0362   998.9751      0.049     0.1525      0.006  0.000e+00
     25.250 263.721068        102      0.045    15.9854   0.005770     0.0362   998.9750      0.046     0.1500     -0.004  0.000e+00
     25.500 263.721071        103      0.045    15.9860   0.005770     0.0362   998.9749      0.046     0.1537     -0.006  0.000e+00
     25.750 263.721073        104      0.044    15.9864   0.005767     0.0362   998.9748      0.045     0.1578     -0.002  0.000e+00
     26.000 263.721076        105      0.046    15.9868   0.005779     0.0362   998.9748      0.047     0.1558      0.002  0.000e+00
     26.250 263.721079        106      0.044    15.9872   0.005760     0.0361   998.9746      0.045     0.1595     -0.000  0.000e+00
     26.500 263.721082        107      0.045    15.9876   0.005770     0.0362   998.9746      0.046     0.1553     -0.002  0.000e+00
     26.750 263.721085        108      0.045    15.9879   0.005767     0.0362   998.9745      0.046     0.1512      0.002  0.000e+00
     27.000 263.721088        109      0.043    15.9884   0.005760     0.0361   998.9744      0.044     0.1537     -0.004  0.000e+00
     27.250 263.721091        110      0.044    15.9888   0.005779     0.0362   998.9744      0.045     0.1525     -0.002  0.000e+00
     27.500 263.721094        111      0.045    15.9893   0.005760     0.0361   998.9743      0.046     0.1516      0.004  0.000e+00
     27.750 263.721097        112      0.046    15.9896   0.005767     0.0362   998.9743      0.047     0.1508      0.004  0.000e+00
     28.000 263.721100        113      0.045    15.9901   0.005760     0.0361   998.9742      0.046     0.1492     -0.000  0.000e+00
     28.250 263.721102        114      0.045    15.9906   0.005760     0.0361   998.9741      0.046     0.1512     -0.002  0.000e+00
     28.500 263.721105        115      0.046    15.9910   0.005760     0.0361   998.9740      0.047     0.1500      0.002  0.000e+00
     28.750 263.721108        116      0.045    15.9914   0.005757     0.0361   998.9739      0.046     0.1520 4.7370e-15  0.000e+00
     29.000 263.721111        117      0.046    15.9919   0.005754     0.0361   998.9738      0.047     0.1508     -0.000  0.000e+00
     29.250 263.721114        118      0.046    15.9923   0.005770     0.0362   998.9738      0.047     0.1496      0.002  0.000e+00
     29.500 263.721117        119      0.046    15.9927   0.005754     0.0361   998.9737      0.047     0.1483      0.000  0.000e+00
     29.750 263.721120        120      0.046    15.9930   0.005767     0.0362   998.9737      0.047     0.1496     -0.000  0.000e+00
