Raw_Data/Cage/SBE19/2020-09-24_SBE19_006_025_processed.cnv
* Sea-Bird SBE19plus Data File:
* FileName = C:\cruises\2020_barkerboys\leg2\data\cage\SBE19\2020-09-25_SBE19_004_025.hex
* Software Version 1.59
* Temperature SN =  4881
* Conductivity SN =  4881
* System UpLoad Time = Sep 25 2020 12:45:07
* ds
* SeacatPlus V 1.5  SERIAL NO. 4881    25 Sep 2020  12:15:39
# nquan = 12
# nvalues = 2662                                  
# units = specified
# name 0 = timeS: Time, Elapsed [seconds]
# name 1 = timeJ: Julian Days
# name 2 = scan: Scan Count
# name 3 = depSM: Depth [salt water, m], lat = 44.00
# name 4 = tv290C: Temperature [ITS-90, deg C]
# name 5 = c0S/m: Conductivity [S/m]
# name 6 = sal00: Salinity, Practical [PSU]
# name 7 = density00: Density [density, kg/m^3]
# name 8 = prdM: Pressure, Strain Gauge [db]
# name 9 = wetStar: Fluorescence, WET Labs WETstar [mg/m^3]
# name 10 = dz/dtM: Descent Rate [m/s]
# name 11 = flag:  0.000e+00
# span 0 =      0.000,    665.250                 
# span 1 = 268.691632, 268.699332                 
# span 2 =          1,       2662                 
# span 3 =     -0.101,    178.125                 
# span 4 =     9.7700,    14.9593                 
# span 5 =   0.052634,   3.907418                 
# span 6 =     0.3190,    33.5844                 
# span 7 =   999.3541,  1026.6985                 
# span 8 =     -0.102,    179.644                 
# span 9 =     0.1129,     4.0783                 
# span 10 =     -1.275,      1.263                
# span 11 = 0.0000e+00, 0.0000e+00                
# interval = seconds: 0.25
# start_time = Sep 24 2020 16:35:57 [Instrument's time stamp, header]
# bad_flag = -9.990e-29
*END*
[from data line 1444]
    361.000 268.695810       1445    162.946     9.8084   3.657448    33.5573  1026.6021    164.330     0.1611      0.720  0.000e+00
    361.250 268.695813       1446    163.111     9.8083   3.657461    33.5575  1026.6030    164.497     0.1834      0.679  0.000e+00
    361.500 268.695816       1447    163.259     9.8083   3.657481    33.5576  1026.6038    164.646     0.1772      0.632  0.000e+00
    361.750 268.695819       1448    163.395     9.8079   3.657448    33.5576  1026.6044    164.783     0.1669      0.572  0.000e+00
    362.000 268.695822       1449    163.520     9.8077   3.657448    33.5577  1026.6051    164.909     0.1862      0.527  0.000e+00
    362.250 268.695825       1450    163.629     9.8072   3.657415    33.5578  1026.6058    165.019     0.1805      0.473  0.000e+00
    362.500 268.695828       1451    163.734     9.8059   3.657415    33.5589  1026.6073    165.124     0.1904      0.430  0.000e+00
    362.750 268.695830       1452    163.828     9.8052   3.657429    33.5597  1026.6085    165.220     0.1887      0.402  0.000e+00
    363.000 268.695833       1453    163.925     9.8047   3.657481    33.5606  1026.6097    165.318     0.1990      0.387  0.000e+00
    363.250 268.695836       1454    164.026     9.8047   3.657514    33.5610  1026.6105    165.420     0.2077      0.400  0.000e+00
    363.500 268.695839       1455    164.146     9.8050   3.657481    33.5603  1026.6104    165.540     0.1801      0.445  0.000e+00
    363.750 268.695842       1456    164.277     9.8050   3.657481    33.5602  1026.6110    165.672     0.1813      0.505  0.000e+00
    364.000 268.695845       1457    164.426     9.8049   3.657462    33.5600  1026.6115    165.823     0.1908      0.565  0.000e+00
    364.250 268.695848       1458    164.584     9.8047   3.657449    33.5600  1026.6122    165.982     0.1809      0.619  0.000e+00
    364.500 268.695851       1459    164.750     9.8050   3.657482    33.5600  1026.6130    166.150     0.2785      0.653  0.000e+00
    364.750 268.695854       1460    164.923     9.8049   3.657482    33.5600  1026.6138    166.325     0.1899      0.686  0.000e+00
    365.000 268.695856       1461    165.098     9.8049   3.657548    33.5606  1026.6151    166.501     0.1908      0.703  0.000e+00
    365.250 268.695859       1462    165.260     9.8044   3.657515    33.5606  1026.6159    166.664     0.1809      0.679  0.000e+00
    365.500 268.695862       1463    165.410     9.8041   3.657534    33.5610  1026.6169    166.816     0.1780      0.630  0.000e+00
    365.750 268.695865       1464    165.551     9.8041   3.657515    33.5608  1026.6174    166.958     0.2386      0.587  0.000e+00
    366.000 268.695868       1465    165.684     9.8039   3.657548    33.5613  1026.6184    167.092     0.2027      0.552  0.000e+00
    366.250 268.695871       1466    165.813     9.8043   3.657548    33.5609  1026.6186    167.222     0.2093      0.529  0.000e+00
    366.500 268.695874       1467    165.950     9.8047   3.657587    33.5608  1026.6191    167.361     0.1854      0.537  0.000e+00
    366.750 268.695877       1468    166.091     9.8050   3.657462    33.5592  1026.6185    167.503     0.1743      0.561  0.000e+00
    367.000 268.695880       1469    166.237     9.8044   3.657482    33.5599  1026.6197    167.650     0.1834      0.578  0.000e+00
    367.250 268.695883       1470    166.379     9.8032   3.657515    33.5612  1026.6217    167.793     0.1693      0.580  0.000e+00
    367.500 268.695885       1471    166.526     9.8025   3.657515    33.5619  1026.6230    167.941     0.1566      0.583  0.000e+00
    367.750 268.695888       1472    166.673     9.8026   3.657449    33.5610  1026.6229    168.089     0.1739      0.593  0.000e+00
    368.000 268.695891       1473    166.815     9.8024   3.657482    33.5615  1026.6240    168.234     0.1702      0.585  0.000e+00
    368.250 268.695894       1474    166.947     9.8016   3.657463    33.5620  1026.6251    168.367     0.1809      0.555  0.000e+00
    368.500 268.695897       1475    167.074     9.8012   3.657515    33.5628  1026.6264    168.495     0.1834      0.522  0.000e+00
    368.750 268.695900       1476    167.196     9.8010   3.657483    33.5627  1026.6269    168.617     0.1792      0.501  0.000e+00
    369.000 268.695903       1477    167.312     9.8008   3.657548    33.5635  1026.6281    168.734     0.1916      0.479  0.000e+00
    369.250 268.695906       1478    167.434     9.8009   3.657516    33.5630  1026.6282    168.858     0.1648      0.482  0.000e+00
    369.500 268.695909       1479    167.567     9.8010   3.657588    33.5636  1026.6293    168.992     0.1817      0.516  0.000e+00
    369.750 268.695911       1480    167.707     9.8010   3.657535    33.5629  1026.6294    169.133     0.1776      0.550  0.000e+00
    370.000 268.695914       1481    167.865     9.8010   3.657621    33.5638  1026.6308    169.292     0.1706      0.600  0.000e+00
    370.250 268.695917       1482    168.041     9.8013   3.657549    33.5627  1026.6307    169.470     0.1813      0.673  0.000e+00
    370.500 268.695920       1483    168.226     9.8014   3.657621    33.5632  1026.6320    169.657     0.1990      0.729  0.000e+00
    370.750 268.695923       1484    168.422     9.8019   3.657621    33.5626  1026.6323    169.854     0.1887      0.770  0.000e+00
    371.000 268.695926       1485    168.612     9.8019   3.657536    33.5617  1026.6324    170.046     0.1932      0.778  0.000e+00
    371.250 268.695929       1486    168.789     9.8013   3.657588    33.5627  1026.6341    170.225     0.1887      0.742  0.000e+00
    371.500 268.695932       1487    168.947     9.8008   3.657621    33.5634  1026.6355    170.384     0.2093      0.677  0.000e+00
    371.750 268.695935       1488    169.088     9.8005   3.657588    33.5633  1026.6361    170.526     0.1838      0.602  0.000e+00
    372.000 268.695938       1489    169.210     9.8001   3.657483    33.5626  1026.6361    170.650     0.1858      0.531  0.000e+00
    372.250 268.695940       1490    169.322     9.7984   3.657516    33.5645  1026.6384    170.763     0.1846      0.473  0.000e+00
    372.500 268.695943       1491    169.437     9.7965   3.657431    33.5653  1026.6399    170.879     0.2567      0.458  0.000e+00
    372.750 268.695946       1492    169.556     9.7954   3.657451    33.5665  1026.6416    170.999     0.1829      0.473  0.000e+00
    373.000 268.695949       1493    169.679     9.7948   3.657483    33.5673  1026.6428    171.123     0.2073      0.488  0.000e+00
    373.250 268.695952       1494    169.803     9.7945   3.657484    33.5675  1026.6436    171.247     0.1916      0.497  0.000e+00
    373.500 268.695955       1495    169.934     9.7939   3.657418    33.5674  1026.6442    171.380     0.2600      0.514  0.000e+00
    373.750 268.695958       1496    170.060     9.7929   3.657418    33.5682  1026.6456    171.507     0.1932      0.520  0.000e+00
    374.000 268.695961       1497    170.186     9.7920   3.657431    33.5691  1026.6471    171.634     0.1953      0.510  0.000e+00
    374.250 268.695964       1498    170.311     9.7912   3.657418    33.5697  1026.6483    171.760     0.1867      0.505  0.000e+00
    374.500 268.695966       1499    170.442     9.7905   3.657352    33.5696  1026.6489    171.892     0.1895      0.516  0.000e+00
    374.750 268.695969       1500    170.583     9.7895   3.657254    33.5695  1026.6497    172.035     0.1821      0.550  0.000e+00
    375.000 268.695972       1501    170.740     9.7871   3.657287    33.5720  1026.6527    172.193     0.2093      0.602  0.000e+00
    375.250 268.695975       1502    170.904     9.7852   3.657359    33.5744  1026.6557    172.359     0.1842      0.647  0.000e+00
    375.500 268.695978       1503    171.080     9.7857   3.657385    33.5742  1026.6562    172.536     0.1805      0.686  0.000e+00
    375.750 268.695981       1504    171.253     9.7864   3.657320    33.5727  1026.6557    172.711     0.2002      0.705  0.000e+00
    376.000 268.695984       1505    171.423     9.7865   3.657320    33.5726  1026.6563    172.882     0.1858      0.692  0.000e+00
    376.250 268.695987       1506    171.583     9.7858   3.657353    33.5735  1026.6579    173.043     0.2035      0.664  0.000e+00
    376.500 268.695990       1507    171.727     9.7851   3.657188    33.5724  1026.6579    173.189     0.2118      0.613  0.000e+00
    376.750 268.695992       1508    171.860     9.7832   3.657221    33.5745  1026.6604    173.323     0.2258      0.559  0.000e+00
    377.000 268.695995       1509    171.985     9.7815   3.657188    33.5756  1026.6621    173.450     0.2134      0.522  0.000e+00
    377.250 268.695998       1510    172.109     9.7802   3.657189    33.5768  1026.6638    173.574     0.2138      0.503  0.000e+00
    377.500 268.696001       1511    172.239     9.7792   3.657221    33.5780  1026.6656    173.705     0.2167      0.512  0.000e+00
    377.750 268.696004       1512    172.375     9.7788   3.657051    33.5766  1026.6651    173.843     0.2217      0.537  0.000e+00
    378.000 268.696007       1513    172.522     9.7777   3.657149    33.5785  1026.6675    173.991     0.2085      0.572  0.000e+00
    378.250 268.696010       1514    172.681     9.7766   3.657084    33.5788  1026.6686    174.152     0.2241      0.617  0.000e+00
    378.500 268.696013       1515    172.847     9.7760   3.657084    33.5793  1026.6699    174.319     0.2204      0.656  0.000e+00
    378.750 268.696016       1516    173.032     9.7752   3.657051    33.5796  1026.6711    174.505     0.2299      0.707  0.000e+00
    379.000 268.696019       1517    173.218     9.7744   3.657084    33.5806  1026.6729    174.693     0.2213      0.748  0.000e+00
    379.250 268.696021       1518    173.408     9.7744   3.657084    33.5805  1026.6737    174.885     0.2130      0.759  0.000e+00
    379.500 268.696024       1519    173.589     9.7747   3.657012    33.5794  1026.6736    175.067     0.2192      0.748  0.000e+00
    379.750 268.696027       1520    173.752     9.7739   3.656985    33.5798  1026.6748    175.232     0.2159      0.694  0.000e+00
    380.000 268.696030       1521    173.913     9.7727   3.656985    33.5809  1026.6765    175.394     0.2192      0.653  0.000e+00
    380.250 268.696033       1522    174.065     9.7719   3.656953    33.5812  1026.6776    175.548     0.2246      0.632  0.000e+00
    380.500 268.696036       1523    174.224     9.7712   3.656953    33.5818  1026.6790    175.708     0.2241      0.628  0.000e+00
    380.750 268.696039       1524    174.378     9.7709   3.656986    33.5824  1026.6801    175.864     0.2246      0.632  0.000e+00
    381.000 268.696042       1525    174.537     9.7708   3.657012    33.5826  1026.6811    176.024     0.2279      0.632  0.000e+00
    381.250 268.696045       1526    174.684     9.7705   3.656986    33.5826  1026.6818    176.172     0.2715      0.617  0.000e+00
    381.500 268.696047       1527    174.826     9.7703   3.657051    33.5834  1026.6830    176.315     0.2555      0.583  0.000e+00
    381.750 268.696050       1528    174.953     9.7701   3.657019    33.5831  1026.6835    176.444     0.2604      0.544  0.000e+00
    382.000 268.696053       1529    175.067     9.7700   3.657019    33.5832  1026.6841    176.559     0.2530      0.488  0.000e+00
    382.250 268.696056       1530    175.169     9.7700   3.657045    33.5834  1026.6847    176.661     0.2443      0.434  0.000e+00
    382.500 268.696059       1531    175.264     9.7701   3.657019    33.5830  1026.6848    176.758     0.2377      0.398  0.000e+00
    382.750 268.696062       1532    175.360     9.7703   3.657052    33.5832  1026.6853    176.855     0.2707      0.387  0.000e+00
    383.000 268.696065       1533    175.457     9.7703   3.657019    33.5827  1026.6854    176.953     0.2480      0.389  0.000e+00
    383.250 268.696068       1534    175.557     9.7703   3.657019    33.5828  1026.6859    177.054     0.2493      0.398  0.000e+00
    383.500 268.696071       1535    175.676     9.7703   3.657118    33.5837  1026.6872    177.173     0.2707      0.441  0.000e+00
    383.750 268.696073       1536    175.808     9.7704   3.657045    33.5828  1026.6871    177.306     0.2633      0.505  0.000e+00
    384.000 268.696076       1537    175.956     9.7707   3.657085    33.5828  1026.6877    177.456     0.2555      0.565  0.000e+00
    384.250 268.696079       1538    176.115     9.7710   3.657190    33.5835  1026.6889    177.616     0.2509      0.619  0.000e+00
    384.500 268.696082       1539    176.279     9.7712   3.657085    33.5822  1026.6886    177.781     0.2831      0.651  0.000e+00
    384.750 268.696085       1540    176.450     9.7715   3.657085    33.5819  1026.6891    177.954     0.2686      0.677  0.000e+00
    385.000 268.696088       1541    176.624     9.7715   3.657085    33.5818  1026.6898    178.130     0.2752      0.697  0.000e+00
    385.250 268.696091       1542    176.794     9.7714   3.657085    33.5818  1026.6906    178.302     0.2995      0.694  0.000e+00
    385.500 268.696094       1543    176.962     9.7713   3.657151    33.5825  1026.6919    178.471     0.2925      0.682  0.000e+00
    385.750 268.696097       1544    177.120     9.7711   3.657151    33.5826  1026.6928    178.631     0.2419      0.658  0.000e+00
    386.000 268.696100       1545    177.271     9.7710   3.657118    33.5823  1026.6933    178.782     0.2501      0.623  0.000e+00
    386.250 268.696102       1546    177.422     9.7709   3.657151    33.5827  1026.6943    178.935     0.2732      0.609  0.000e+00
    386.500 268.696105       1547    177.561     9.7707   3.657118    33.5824  1026.6947    179.076     0.2464      0.587  0.000e+00
    386.750 268.696108       1548    177.701     9.7705   3.657118    33.5826  1026.6955    179.216     0.2719      0.563  0.000e+00
    387.000 268.696111       1549    177.832     9.7704   3.657085    33.5823  1026.6959    179.349     0.2505      0.546  0.000e+00
    387.250 268.696114       1550    177.951     9.7703   3.657151    33.5830  1026.6970    179.469     0.2435      0.505  0.000e+00
    387.500 268.696117       1551    177.989     9.7703   3.657118    33.5827  1026.6969    179.507     0.2686      0.316  0.000e+00
    387.750 268.696120       1552    178.003     9.7700   3.657257    33.5843  1026.6983    179.522     0.2501      0.105  0.000e+00
    388.000 268.696123       1553    178.021     9.7701   3.657224    33.5839  1026.6980    179.540     0.2456      0.066  0.000e+00
    388.250 268.696126       1554    178.058     9.7703   3.657224    33.5837  1026.6981    179.576     0.2682      0.109  0.000e+00
    388.500 268.696128       1555    178.107     9.7703   3.657151    33.5829  1026.6977    179.626     0.2703      0.172  0.000e+00
    388.750 268.696131       1556    178.125     9.7705   3.657151    33.5827  1026.6976    179.644     0.2674      0.135  0.000e+00
    389.000 268.696134       1557    178.103     9.7704   3.657224    33.5836  1026.6982    179.623     0.2715     -0.007  0.000e+00
    389.250 268.696137       1558    178.053     9.7704   3.657296    33.5843  1026.6985    179.572     0.2769     -0.144  0.000e+00
    389.500 268.696140       1559    177.967     9.7707   3.657322    33.5844  1026.6981    179.485     0.3164     -0.275  0.000e+00
    389.750 268.696143       1560    177.865     9.7710   3.657256    33.5835  1026.6969    179.382     0.2633     -0.381  0.000e+00
    390.000 268.696146       1561    177.745     9.7713   3.657224    33.5829  1026.6958    179.261     0.2674     -0.447  0.000e+00
    390.250 268.696149       1562    177.618     9.7714   3.657256    33.5832  1026.6955    179.133     0.2530     -0.497  0.000e+00
    390.500 268.696152       1563    177.497     9.7716   3.657322    33.5837  1026.6953    179.011     0.2703     -0.501  0.000e+00
