Raw_Data/Cage/SBE19/2020-09-24_SBE19_006_027_processed.cnv
* Sea-Bird SBE19plus Data File:
* FileName = C:\cruises\2020_barkerboys\leg2\data\cage\SBE19\2020-09-25_SBE19_004_027.hex
* Software Version 1.59
* Temperature SN =  4881
* Conductivity SN =  4881
* System UpLoad Time = Sep 25 2020 12:47:08
* ds
* SeacatPlus V 1.5  SERIAL NO. 4881    25 Sep 2020  12:15:39
# nquan = 12
# nvalues = 2627                                  
# units = specified
# name 0 = timeS: Time, Elapsed [seconds]
# name 1 = timeJ: Julian Days
# name 2 = scan: Scan Count
# name 3 = depSM: Depth [salt water, m], lat = 44.00
# name 4 = tv290C: Temperature [ITS-90, deg C]
# name 5 = c0S/m: Conductivity [S/m]
# name 6 = sal00: Salinity, Practical [PSU]
# name 7 = density00: Density [density, kg/m^3]
# name 8 = prdM: Pressure, Strain Gauge [db]
# name 9 = wetStar: Fluorescence, WET Labs WETstar [mg/m^3]
# name 10 = dz/dtM: Descent Rate [m/s]
# name 11 = flag:  0.000e+00
# span 0 =      0.000,    656.500                 
# span 1 = 268.751100, 268.758698                 
# span 2 =          1,       2627                 
# span 3 =     -0.105,    163.757                 
# span 4 =     9.9149,    15.2551                 
# span 5 =   0.051843,   3.882479                 
# span 6 =     0.3119,    33.5155                 
# span 7 =   999.3039,  1026.5548                 
# span 8 =     -0.106,    165.148                 
# span 9 =     0.1224,     3.4983                 
# span 10 =     -1.325,      1.123                
# span 11 = 0.0000e+00, 0.0000e+00                
# interval = seconds: 0.25
# start_time = Sep 24 2020 18:01:35 [Instrument's time stamp, header]
# bad_flag = -9.990e-29
*END*
[from data line 1444]
    361.000 268.755278       1445    146.409     9.9281   3.663093    33.5111  1026.4702    147.646     0.1380      0.526  0.000e+00
    361.250 268.755281       1446    146.514     9.9282   3.663126    33.5112  1026.4708    147.752     0.1389      0.445  0.000e+00
    361.500 268.755284       1447    146.608     9.9285   3.663159    33.5113  1026.4713    147.847     0.1582      0.402  0.000e+00
    361.750 268.755286       1448    146.716     9.9284   3.663192    33.5117  1026.4721    147.956     0.1483      0.408  0.000e+00
    362.000 268.755289       1449    146.842     9.9287   3.663159    33.5110  1026.4721    148.083     0.1525      0.471  0.000e+00
    362.250 268.755292       1450    146.989     9.9287   3.663192    33.5113  1026.4729    148.231     0.1755      0.550  0.000e+00
    362.500 268.755295       1451    147.160     9.9289   3.663126    33.5103  1026.4729    148.404     0.1545      0.642  0.000e+00
    362.750 268.755298       1452    147.338     9.9286   3.663086    33.5101  1026.4737    148.584     0.1389      0.705  0.000e+00
    363.000 268.755301       1453    147.503     9.9284   3.663126    33.5106  1026.4748    148.750     0.1335      0.692  0.000e+00
    363.250 268.755304       1454    147.661     9.9281   3.663060    33.5102  1026.4752    148.909     0.1537      0.651  0.000e+00
    363.500 268.755307       1455    147.810     9.9276   3.663027    33.5103  1026.4761    149.060     0.1504      0.619  0.000e+00
    363.750 268.755310       1456    147.946     9.9273   3.663126    33.5115  1026.4777    149.197     0.1483      0.576  0.000e+00
    364.000 268.755313       1457    148.089     9.9273   3.663126    33.5114  1026.4783    149.341     0.1438      0.563  0.000e+00
    364.250 268.755315       1458    148.242     9.9272   3.663054    33.5107  1026.4785    149.496     0.1327      0.598  0.000e+00
    364.500 268.755318       1459    148.438     9.9272   3.663028    33.5103  1026.4791    149.694     0.1401      0.705  0.000e+00
    364.750 268.755321       1460    148.626     9.9269   3.663028    33.5105  1026.4801    149.883     0.1384      0.774  0.000e+00
    365.000 268.755324       1461    148.822     9.9264   3.663028    33.5109  1026.4814    150.081     0.1467      0.774  0.000e+00
    365.250 268.755327       1462    149.017     9.9261   3.663061    33.5114  1026.4827    150.277     0.1442      0.789  0.000e+00
    365.500 268.755330       1463    149.199     9.9260   3.663028    33.5111  1026.4833    150.461     0.1516      0.761  0.000e+00
    365.750 268.755333       1464    149.365     9.9261   3.663054    33.5113  1026.4842    150.629     0.1389      0.703  0.000e+00
    366.000 268.755336       1465    149.505     9.9261   3.663127    33.5119  1026.4854    150.769     0.1446      0.617  0.000e+00
    366.250 268.755339       1466    149.612     9.9263   3.663094    33.5114  1026.4854    150.878     0.1430      0.499  0.000e+00
    366.500 268.755341       1467    149.716     9.9264   3.663160    33.5118  1026.4862    150.982     0.1442      0.426  0.000e+00
    366.750 268.755344       1468    149.819     9.9265   3.663160    33.5117  1026.4866    151.086     0.1331      0.417  0.000e+00
    367.000 268.755347       1469    149.939     9.9266   3.663160    33.5116  1026.4870    151.208     0.1541      0.451  0.000e+00
    367.250 268.755350       1470    150.083     9.9267   3.663160    33.5114  1026.4875    151.353     0.1496      0.533  0.000e+00
    367.500 268.755353       1471    150.255     9.9267   3.663127    33.5110  1026.4879    151.526     0.1405      0.636  0.000e+00
    367.750 268.755356       1472    150.453     9.9267   3.663127    33.5109  1026.4888    151.726     0.1331      0.746  0.000e+00
    368.000 268.755359       1473    150.645     9.9265   3.663061    33.5104  1026.4893    151.919     0.1380      0.787  0.000e+00
    368.250 268.755362       1474    150.827     9.9262   3.663061    33.5106  1026.4903    152.103     0.1450      0.755  0.000e+00
    368.500 268.755365       1475    150.984     9.9256   3.663029    33.5107  1026.4912    152.262     0.1347      0.686  0.000e+00
    368.750 268.755367       1476    151.130     9.9251   3.662811    33.5089  1026.4906    152.409     0.1545      0.613  0.000e+00
    369.000 268.755370       1477    151.260     9.9237   3.662825    33.5103  1026.4925    152.541     0.1422      0.557  0.000e+00
    369.250 268.755373       1478    151.381     9.9225   3.662897    33.5121  1026.4947    152.662     0.1479      0.505  0.000e+00
    369.500 268.755376       1479    151.520     9.9218   3.662996    33.5137  1026.4966    152.803     0.1393      0.525  0.000e+00
    369.750 268.755379       1480    151.668     9.9225   3.663062    33.5136  1026.4972    152.952     0.1467      0.580  0.000e+00
    370.000 268.755382       1481    151.828     9.9229   3.662963    33.5122  1026.4967    153.113     0.1471      0.621  0.000e+00
    370.250 268.755385       1482    152.003     9.9231   3.662950    33.5117  1026.4971    153.290     0.1937      0.675  0.000e+00
    370.500 268.755388       1483    152.176     9.9227   3.662897    33.5115  1026.4978    153.465     0.1430      0.703  0.000e+00
    370.750 268.755391       1484    152.363     9.9226   3.662963    33.5122  1026.4992    153.653     0.2052      0.727  0.000e+00
    371.000 268.755394       1485    152.546     9.9225   3.662996    33.5126  1026.5004    153.838     0.1677      0.746  0.000e+00
    371.250 268.755396       1486    152.726     9.9227   3.663062    33.5130  1026.5014    154.019     0.1533      0.733  0.000e+00
    371.500 268.755399       1487    152.901     9.9228   3.662963    33.5118  1026.5013    154.196     0.1681      0.716  0.000e+00
    371.750 268.755402       1488    153.060     9.9226   3.662950    33.5118  1026.5021    154.356     0.1471      0.673  0.000e+00
    372.000 268.755405       1489    153.199     9.9220   3.662865    33.5113  1026.5024    154.497     0.1475      0.602  0.000e+00
    372.250 268.755408       1490    153.319     9.9212   3.662931    33.5127  1026.5042    154.617     0.1430      0.522  0.000e+00
    372.500 268.755411       1491    153.438     9.9210   3.662931    33.5129  1026.5049    154.737     0.1512      0.481  0.000e+00
    372.750 268.755414       1492    153.561     9.9208   3.662931    33.5130  1026.5056    154.862     0.1492      0.490  0.000e+00
    373.000 268.755417       1493    153.704     9.9207   3.662964    33.5134  1026.5065    155.006     0.1475      0.537  0.000e+00
    373.250 268.755420       1494    153.853     9.9208   3.662918    33.5128  1026.5067    155.156     0.1619      0.589  0.000e+00
    373.500 268.755422       1495    154.025     9.9210   3.662931    33.5127  1026.5074    155.329     0.1479      0.647  0.000e+00
    373.750 268.755425       1496    154.223     9.9209   3.662760    33.5109  1026.5069    155.529     0.1422      0.746  0.000e+00
    374.000 268.755428       1497    154.410     9.9201   3.662727    33.5112  1026.5082    155.718     0.1496      0.778  0.000e+00
    374.250 268.755431       1498    154.599     9.9189   3.662760    33.5126  1026.5103    155.909     0.1533      0.759  0.000e+00
    374.500 268.755434       1499    154.784     9.9184   3.662793    33.5133  1026.5118    156.096     0.1492      0.755  0.000e+00
    374.750 268.755437       1500    154.970     9.9181   3.662773    33.5132  1026.5127    156.283     0.1553      0.748  0.000e+00
    375.000 268.755440       1501    155.150     9.9180   3.662793    33.5135  1026.5137    156.464     0.1492      0.737  0.000e+00
    375.250 268.755443       1502    155.330     9.9179   3.662899    33.5146  1026.5154    156.646     0.1570      0.726  0.000e+00
    375.500 268.755446       1503    155.503     9.9182   3.662826    33.5135  1026.5153    156.821     0.1685      0.714  0.000e+00
    375.750 268.755448       1504    155.678     9.9187   3.662866    33.5134  1026.5159    156.997     0.1558      0.703  0.000e+00
    376.000 268.755451       1505    155.848     9.9187   3.662866    33.5132  1026.5166    157.168     0.1516      0.694  0.000e+00
    376.250 268.755454       1506    156.006     9.9184   3.662846    33.5132  1026.5173    157.328     0.1656      0.662  0.000e+00
    376.500 268.755457       1507    156.146     9.9182   3.662866    33.5136  1026.5183    157.469     0.1590      0.602  0.000e+00
    376.750 268.755460       1508    156.261     9.9182   3.662899    33.5138  1026.5190    157.585     0.1681      0.514  0.000e+00
    377.000 268.755463       1509    156.366     9.9182   3.662899    33.5138  1026.5194    157.692     0.1735      0.445  0.000e+00
    377.250 268.755466       1510    156.452     9.9183   3.662899    33.5137  1026.5198    157.778     0.1570      0.385  0.000e+00
    377.500 268.755469       1511    156.529     9.9182   3.662899    33.5137  1026.5201    157.856     0.1525      0.329  0.000e+00
    377.750 268.755472       1512    156.612     9.9187   3.663024    33.5145  1026.5210    157.940     0.1450      0.324  0.000e+00
    378.000 268.755475       1513    156.723     9.9190   3.662998    33.5139  1026.5210    158.052     0.1422      0.391  0.000e+00
    378.250 268.755477       1514    156.880     9.9193   3.663031    33.5140  1026.5217    158.210     0.1537      0.540  0.000e+00
    378.500 268.755480       1515    157.089     9.9195   3.662965    33.5130  1026.5219    158.420     0.1677      0.737  0.000e+00
    378.750 268.755483       1516    157.314     9.9195   3.662827    33.5115  1026.5218    158.648     0.1487      0.877  0.000e+00
    379.000 268.755486       1517    157.561     9.9184   3.662827    33.5124  1026.5237    158.897     0.1590      0.952  0.000e+00
    379.250 268.755489       1518    157.798     9.9176   3.662774    33.5124  1026.5250    159.136     0.1533      0.976  0.000e+00
    379.500 268.755492       1519    158.017     9.9169   3.662827    33.5136  1026.5271    159.357     0.1525      0.920  0.000e+00
    379.750 268.755495       1520    158.203     9.9166   3.662794    33.5135  1026.5279    159.545     0.1537      0.817  0.000e+00
    380.000 268.755498       1521    158.358     9.9163   3.662827    33.5140  1026.5290    159.701     0.1590      0.690  0.000e+00
    380.250 268.755501       1522    158.481     9.9160   3.662761    33.5135  1026.5293    159.825     0.1549      0.561  0.000e+00
    380.500 268.755503       1523    158.576     9.9156   3.662761    33.5139  1026.5300    159.921     0.1632      0.439  0.000e+00
    380.750 268.755506       1524    158.677     9.9152   3.662775    33.5143  1026.5309    160.023     0.1751      0.395  0.000e+00
    381.000 268.755509       1525    158.785     9.9150   3.662794    33.5147  1026.5317    160.131     0.1817      0.421  0.000e+00
    381.250 268.755512       1526    158.911     9.9149   3.662827    33.5150  1026.5326    160.259     0.1582      0.473  0.000e+00
    381.500 268.755515       1527    159.067     9.9151   3.662795    33.5144  1026.5328    160.416     0.1607      0.570  0.000e+00
    381.750 268.755518       1528    159.248     9.9152   3.662867    33.5150  1026.5340    160.599     0.1994      0.679  0.000e+00
    382.000 268.755521       1529    159.430     9.9155   3.662828    33.5143  1026.5343    160.783     0.1912      0.733  0.000e+00
    382.250 268.755524       1530    159.605     9.9155   3.662814    33.5140  1026.5348    160.959     0.1755      0.720  0.000e+00
    382.500 268.755527       1531    159.775     9.9154   3.662795    33.5139  1026.5356    161.131     0.1570      0.697  0.000e+00
    382.750 268.755530       1532    159.934     9.9152   3.662828    33.5143  1026.5366    161.291     0.1504      0.664  0.000e+00
    383.000 268.755532       1533    160.085     9.9152   3.662828    33.5142  1026.5372    161.444     0.1652      0.625  0.000e+00
    383.250 268.755535       1534    160.239     9.9153   3.662900    33.5148  1026.5384    161.599     0.1714      0.615  0.000e+00
    383.500 268.755538       1535    160.394     9.9155   3.662867    33.5142  1026.5386    161.755     0.1632      0.623  0.000e+00
    383.750 268.755541       1536    160.556     9.9154   3.662920    33.5148  1026.5398    161.919     0.1471      0.641  0.000e+00
    384.000 268.755544       1537    160.729     9.9155   3.662900    33.5144  1026.5403    162.093     0.1632      0.675  0.000e+00
    384.250 268.755547       1538    160.901     9.9155   3.662901    33.5143  1026.5410    162.267     0.1590      0.696  0.000e+00
    384.500 268.755550       1539    161.080     9.9156   3.662901    33.5142  1026.5417    162.448     0.1698      0.709  0.000e+00
    384.750 268.755553       1540    161.263     9.9157   3.662901    33.5140  1026.5424    162.631     0.1669      0.729  0.000e+00
    385.000 268.755556       1541    161.435     9.9154   3.662901    33.5142  1026.5433    162.805     0.1615      0.716  0.000e+00
    385.250 268.755558       1542    161.600     9.9151   3.662881    33.5142  1026.5442    162.972     0.1586      0.681  0.000e+00
    385.500 268.755561       1543    161.749     9.9150   3.662934    33.5147  1026.5453    163.123     0.1586      0.634  0.000e+00
    385.750 268.755564       1544    161.874     9.9151   3.662934    33.5146  1026.5458    163.248     0.1726      0.552  0.000e+00
    386.000 268.755567       1545    161.990     9.9149   3.662934    33.5147  1026.5464    163.365     0.1702      0.486  0.000e+00
    386.250 268.755570       1546    162.097     9.9150   3.662901    33.5143  1026.5465    163.473     0.1669      0.449  0.000e+00
    386.500 268.755573       1547    162.204     9.9151   3.662967    33.5148  1026.5474    163.581     0.1636      0.432  0.000e+00
    386.750 268.755576       1548    162.323     9.9152   3.662934    33.5143  1026.5475    163.701     0.1722      0.456  0.000e+00
    387.000 268.755579       1549    162.451     9.9155   3.663026    33.5149  1026.5486    163.831     0.1747      0.499  0.000e+00
    387.250 268.755582       1550    162.604     9.9155   3.662967    33.5143  1026.5487    163.985     0.1545      0.568  0.000e+00
    387.500 268.755584       1551    162.777     9.9155   3.662967    33.5142  1026.5495    164.160     0.1858      0.658  0.000e+00
    387.750 268.755587       1552    162.970     9.9155   3.663000    33.5144  1026.5505    164.354     0.1829      0.739  0.000e+00
    388.000 268.755590       1553    163.164     9.9153   3.662967    33.5142  1026.5513    164.550     0.1640      0.780  0.000e+00
    388.250 268.755593       1554    163.360     9.9151   3.662967    33.5143  1026.5522    164.748     0.1669      0.787  0.000e+00
    388.500 268.755596       1555    163.533     9.9152   3.662954    33.5139  1026.5528    164.922     0.1792      0.744  0.000e+00
    388.750 268.755599       1556    163.614     9.9151   3.663066    33.5151  1026.5541    165.003     0.1751      0.512  0.000e+00
    389.000 268.755602       1557    163.672     9.9151   3.662967    33.5141  1026.5536    165.062     0.1858      0.282  0.000e+00
    389.250 268.755605       1558    163.712     9.9153   3.663033    33.5146  1026.5541    165.102     0.1846      0.198  0.000e+00
    389.500 268.755608       1559    163.745     9.9152   3.663033    33.5147  1026.5543    165.136     0.1726      0.146  0.000e+00
    389.750 268.755611       1560    163.757     9.9152   3.663000    33.5143  1026.5541    165.148     0.1669      0.092  0.000e+00
    390.000 268.755613       1561    163.719     9.9154   3.663132    33.5155  1026.5548    165.110     0.1665     -0.052  0.000e+00
    390.250 268.755616       1562    163.634     9.9157   3.663132    33.5153  1026.5542    165.024     0.1788     -0.249  0.000e+00
    390.500 268.755619       1563    163.514     9.9158   3.663066    33.5145  1026.5530    164.903     0.1735     -0.413  0.000e+00
