Raw_Data/Cage/SBE19/2020-09-20_SBE19_004_012_processed.cnv
* Sea-Bird SBE19plus Data File:
* FileName = C:\cruises\2020_barkerboys\leg2\data\cage\SBE19\2020-09-25_SBE19_004_012.hex
* Software Version 1.59
* Temperature SN =  4881
* Conductivity SN =  4881
* System UpLoad Time = Sep 25 2020 12:24:10
* ds
* SeacatPlus V 1.5  SERIAL NO. 4881    25 Sep 2020  12:15:39
# nquan = 12
# nvalues = 3077                                  
# units = specified
# name 0 = timeS: Time, Elapsed [seconds]
# name 1 = timeJ: Julian Days
# name 2 = scan: Scan Count
# name 3 = depSM: Depth [salt water, m], lat = 44.00
# name 4 = tv290C: Temperature [ITS-90, deg C]
# name 5 = c0S/m: Conductivity [S/m]
# name 6 = sal00: Salinity, Practical [PSU]
# name 7 = density00: Density [density, kg/m^3]
# name 8 = prdM: Pressure, Strain Gauge [db]
# name 9 = wetStar: Fluorescence, WET Labs WETstar [mg/m^3]
# name 10 = dz/dtM: Descent Rate [m/s]
# name 11 = flag:  0.000e+00
# span 0 =      0.000,    769.000                 
# span 1 = 264.544583, 264.553484                 
# span 2 =          1,       3077                 
# span 3 =      0.121,    109.271                 
# span 4 =     8.6303,    13.0623                 
# span 5 =   0.044646,   3.819556                 
# span 6 =     0.3137,    34.8576                 
# span 7 =  1000.0314,  1026.8517                 
# span 8 =      0.122,    110.184                 
# span 9 =     0.1471,     5.9253                 
# span 10 =     -1.534,      1.304                
# span 11 = 0.0000e+00, 0.0000e+00                
# interval = seconds: 0.25
# start_time = Sep 20 2020 13:04:12 [Instrument's time stamp, header]
# bad_flag = -9.990e-29
*END*
[from data line 722]
    180.500 264.546672        723      0.130     8.9050   0.051850     0.3672  1000.0813      0.131     0.1652     -0.002  0.000e+00
    180.750 264.546675        724      0.132     8.9051   0.051834     0.3671  1000.0812      0.133     0.1640      0.004  0.000e+00
    181.000 264.546678        725      0.131     8.9049   0.051819     0.3670  1000.0811      0.132     0.1665      0.002  0.000e+00
    181.250 264.546681        726      0.129     8.9050   0.051825     0.3671  1000.0811      0.130     0.1640     -0.006  0.000e+00
    181.500 264.546684        727      0.131     8.9049   0.051809     0.3669  1000.0811      0.132     0.1648      0.000  0.000e+00
    181.750 264.546687        728      0.131     8.9051   0.051806     0.3669  1000.0810      0.132     0.1644      0.004  0.000e+00
    182.000 264.546690        729      0.132     8.9049   0.051809     0.3669  1000.0811      0.133     0.1652      0.002  0.000e+00
    182.250 264.546693        730      0.130     8.9048   0.051815     0.3670  1000.0811      0.131     0.1652     -0.002  0.000e+00
    182.500 264.546696        731      0.131     8.9047   0.051825     0.3671  1000.0812      0.132     0.1681     -0.002  0.000e+00
    182.750 264.546698        732      0.132     8.9049   0.051825     0.3671  1000.0811      0.133     0.1661      0.004  0.000e+00
    183.000 264.546701        733      0.130     8.9047   0.051809     0.3669  1000.0811      0.131     0.1661     -0.002  0.000e+00
    183.250 264.546704        734      0.130     8.9048   0.051797     0.3669  1000.0810      0.131     0.1677     -0.004  0.000e+00
    183.500 264.546707        735      0.130     8.9047   0.051784     0.3668  1000.0809      0.131     0.1665      0.000  0.000e+00
    183.750 264.546710        736      0.130     8.9046   0.051762     0.3666  1000.0808      0.131     0.1636     -0.000  0.000e+00
    184.000 264.546713        737      0.131     8.9046   0.051743     0.3665  1000.0807      0.132     0.1640      0.002  0.000e+00
    184.250 264.546716        738      0.131     8.9045   0.051734     0.3664  1000.0806      0.132     0.1689      0.002  0.000e+00
    184.500 264.546719        739      0.132     8.9045   0.051712     0.3662  1000.0805      0.133     0.1669      0.002  0.000e+00
    184.750 264.546722        740      0.129     8.9046   0.051696     0.3661  1000.0804      0.130     0.1677     -0.004  0.000e+00
    185.000 264.546725        741      0.131     8.9045   0.051696     0.3661  1000.0804      0.132     0.1628     -0.002  0.000e+00
    185.250 264.546727        742      0.130     8.9045   0.051702     0.3662  1000.0805      0.131     0.1623      0.002  0.000e+00
    185.500 264.546730        743      0.131     8.9046   0.051705     0.3662  1000.0805      0.132     0.1619      0.000  0.000e+00
    185.750 264.546733        744      0.132     8.9045   0.051712     0.3662  1000.0805      0.133     0.1689      0.004  0.000e+00
    186.000 264.546736        745      0.132     8.9046   0.051715     0.3663  1000.0805      0.133     0.1656      0.002  0.000e+00
    186.250 264.546739        746      0.129     8.9046   0.051721     0.3663  1000.0806      0.130     0.1661     -0.006  0.000e+00
    186.500 264.546742        747      0.131     8.9044   0.051705     0.3662  1000.0805      0.132     0.1619     -0.002  0.000e+00
    186.750 264.546745        748      0.131     8.9044   0.051671     0.3659  1000.0803      0.132     0.1677      0.004  0.000e+00
    187.000 264.546748        749      0.131     8.9046   0.051643     0.3657  1000.0801      0.132     0.1632     -0.000  0.000e+00
    187.250 264.546751        750      0.130     8.9044   0.051605     0.3654  1000.0799      0.131     0.1648     -0.002  0.000e+00
    187.500 264.546753        751      0.130     8.9045   0.051567     0.3652  1000.0797      0.131     0.1632     -0.002  0.000e+00
    187.750 264.546756        752      0.131     8.9044   0.051533     0.3649  1000.0795      0.132     0.1656      0.002  0.000e+00
    188.000 264.546759        753      0.131     8.9045   0.051530     0.3649  1000.0795      0.132     0.1611      0.002  0.000e+00
    188.250 264.546762        754      0.131     8.9046   0.051539     0.3650  1000.0795      0.132     0.1661      0.000  0.000e+00
    188.500 264.546765        755      0.132     8.9045   0.051548     0.3650  1000.0796      0.133     0.1619      0.002  0.000e+00
    188.750 264.546768        756      0.130     8.9045   0.051564     0.3651  1000.0797      0.131     0.1648     -0.002  0.000e+00
    189.000 264.546771        757      0.131     8.9045   0.051567     0.3652  1000.0797      0.132     0.1628     -0.002  0.000e+00
    189.250 264.546774        758      0.130     8.9046   0.051564     0.3651  1000.0797      0.131     0.1628     -0.000  0.000e+00
    189.500 264.546777        759      0.131     8.9046   0.051558     0.3651  1000.0796      0.132     0.1673      0.000  0.000e+00
    189.750 264.546780        760      0.131     8.9046   0.051539     0.3650  1000.0795      0.132     0.1652      0.002  0.000e+00
    190.000 264.546782        761      0.129     8.9046   0.051495     0.3646  1000.0792      0.130     0.1636     -0.004  0.000e+00
    190.250 264.546785        762      0.132     8.9045   0.051442     0.3642  1000.0790      0.133     0.1640      0.002  0.000e+00
    190.500 264.546788        763      0.130     8.9046   0.051401     0.3639  1000.0787      0.131     0.1656      0.002  0.000e+00
    190.750 264.546791        764      0.131     8.9046   0.051376     0.3638  1000.0786      0.132     0.1669     -0.002  0.000e+00
    191.000 264.546794        765      0.131     8.9045   0.051357     0.3636  1000.0785      0.132     0.1656      0.002  0.000e+00
    191.250 264.546797        766      0.132     8.9047   0.051347     0.3636  1000.0784      0.133     0.1640      0.002  0.000e+00
    191.500 264.546800        767      0.130     8.9047   0.051335     0.3635  1000.0783      0.131     0.1640     -0.002  0.000e+00
    191.750 264.546803        768      0.131     8.9049   0.051329     0.3634  1000.0783      0.132     0.1665     -0.002  0.000e+00
    192.000 264.546806        769      0.131     8.9048   0.051329     0.3634  1000.0783      0.132     0.1681      0.002  0.000e+00
    192.250 264.546808        770      0.131     8.9049   0.051338     0.3635  1000.0783      0.132     0.1640      0.000  0.000e+00
    192.500 264.546811        771      0.132     8.9049   0.051329     0.3634  1000.0783      0.133     0.1665      0.002  0.000e+00
    192.750 264.546814        772      0.132     8.9051   0.051310     0.3633  1000.0781      0.133     0.1673      0.002  0.000e+00
    193.000 264.546817        773      0.132     8.9052   0.051278     0.3630  1000.0780      0.133     0.1599      0.000  0.000e+00
    193.250 264.546820        774      0.133     8.9052   0.051256     0.3629  1000.0778      0.134     0.1656      0.002  0.000e+00
    193.500 264.546823        775      0.130     8.9052   0.051212     0.3626  1000.0776      0.131     0.1652     -0.004  0.000e+00
    193.750 264.546826        776      0.131     8.9052   0.051181     0.3623  1000.0774      0.132     0.1677     -0.004  0.000e+00
    194.000 264.546829        777      0.131     8.9053   0.051156     0.3621  1000.0772      0.132     0.1669      0.002  0.000e+00
    194.250 264.546832        778      0.132     8.9053   0.051143     0.3620  1000.0772      0.133     0.1652      0.002  0.000e+00
    194.500 264.546834        779      0.131     8.9056   0.051131     0.3620  1000.0771      0.132     0.1665      0.000  0.000e+00
    194.750 264.546837        780      0.131     8.9056   0.051128     0.3619  1000.0770      0.132     0.1619     -0.002  0.000e+00
    195.000 264.546840        781      0.132     8.9057   0.051090     0.3617  1000.0768      0.133     0.1656      0.002  0.000e+00
    195.250 264.546843        782      0.132     8.9059   0.051071     0.3615  1000.0767      0.133     0.1644      0.002  0.000e+00
    195.500 264.546846        783      0.129     8.9061   0.051059     0.3614  1000.0766      0.130     0.1656     -0.006  0.000e+00
    195.750 264.546849        784      0.132     8.9062   0.051033     0.3612  1000.0765      0.133     0.1677      0.000  0.000e+00
    196.000 264.546852        785      0.131     8.9061   0.051008     0.3610  1000.0763      0.132     0.1656      0.004  0.000e+00
    196.250 264.546855        786      0.130     8.9064   0.050989     0.3609  1000.0762      0.131     0.1665     -0.004  0.000e+00
    196.500 264.546858        787      0.131     8.9064   0.050961     0.3607  1000.0760      0.132     0.1661      0.000  0.000e+00
    196.750 264.546861        788      0.131     8.9066   0.050933     0.3605  1000.0758      0.132     0.1661      0.002  0.000e+00
    197.000 264.546863        789      0.131     8.9067   0.050914     0.3604  1000.0757      0.132     0.1681     -0.000  0.000e+00
    197.250 264.546866        790      0.131     8.9067   0.050895     0.3602  1000.0756      0.132     0.1669      0.000  0.000e+00
    197.500 264.546869        791      0.130     8.9068   0.050886     0.3601  1000.0755      0.131     0.1632     -0.002  0.000e+00
    197.750 264.546872        792      0.131     8.9069   0.050861     0.3600  1000.0754      0.132     0.1661 -1.516e-13  0.000e+00
    198.000 264.546875        793      0.133     8.9070   0.050842     0.3598  1000.0753      0.134     0.1640      0.006  0.000e+00
    198.250 264.546878        794      0.132     8.9070   0.050829     0.3597  1000.0752      0.133     0.1640      0.002  0.000e+00
    198.500 264.546881        795      0.130     8.9072   0.050804     0.3595  1000.0750      0.131     0.1615     -0.006  0.000e+00
    198.750 264.546884        796      0.131     8.9073   0.050773     0.3593  1000.0749      0.132     0.1640     -0.002  0.000e+00
    199.000 264.546887        797      0.131     8.9072   0.050751     0.3591  1000.0747      0.132     0.1665      0.002  0.000e+00
    199.250 264.546889        798      0.129     8.9073   0.050732     0.3590  1000.0746      0.130     0.1648     -0.004  0.000e+00
    199.500 264.546892        799      0.132     8.9074   0.050704     0.3588  1000.0744      0.133     0.1648      0.002  0.000e+00
    199.750 264.546895        800      0.131     8.9076   0.050682     0.3586  1000.0743      0.132     0.1661      0.004  0.000e+00
    200.000 264.546898        801      0.131     8.9076   0.050657     0.3585  1000.0742      0.132     0.1648     -0.002  0.000e+00
    200.250 264.546901        802      0.131     8.9077   0.050641     0.3583  1000.0741      0.132     0.1632      0.000  0.000e+00
    200.500 264.546904        803      0.130     8.9077   0.050631     0.3583  1000.0740      0.131     0.1669     -0.002  0.000e+00
    200.750 264.546907        804      0.130     8.9079   0.050616     0.3582  1000.0739      0.131     0.1644     -0.002  0.000e+00
    201.000 264.546910        805      0.131     8.9079   0.050613     0.3581  1000.0739      0.132     0.1628      0.002  0.000e+00
    201.250 264.546913        806      0.133     8.9081   0.050600     0.3580  1000.0738      0.134     0.1640      0.006  0.000e+00
    201.500 264.546916        807      0.131     8.9082   0.050613     0.3581  1000.0738      0.132     0.1698      0.000  0.000e+00
    201.750 264.546918        808      0.131     8.9083   0.050610     0.3581  1000.0738      0.132     0.1673     -0.004  0.000e+00
    202.000 264.546921        809      0.134     8.9084   0.050594     0.3580  1000.0737      0.135     0.1702      0.006  0.000e+00
    202.250 264.546924        810      0.132     8.9085   0.050566     0.3578  1000.0736      0.133     0.1706      0.002  0.000e+00
    202.500 264.546927        811      0.130     8.9087   0.050518     0.3574  1000.0733      0.131     0.1665     -0.009  0.000e+00
    202.750 264.546930        812      0.131     8.9087   0.050484     0.3572  1000.0731      0.132     0.1603     -0.002  0.000e+00
    203.000 264.546933        813      0.132     8.9088   0.050446     0.3569  1000.0728      0.133     0.1702      0.004  0.000e+00
    203.250 264.546936        814      0.132     8.9090   0.050437     0.3568  1000.0728      0.133     0.1656      0.002  0.000e+00
    203.500 264.546939        815      0.130     8.9092   0.050427     0.3568  1000.0727      0.131     0.1706     -0.004  0.000e+00
    203.750 264.546942        816      0.133     8.9094   0.050437     0.3568  1000.0727      0.134     0.1677      0.002  0.000e+00
    204.000 264.546944        817      0.131     8.9098   0.050453     0.3569  1000.0728      0.132     0.1648      0.002  0.000e+00
    204.250 264.546947        818      0.132     8.9099   0.050446     0.3569  1000.0728      0.133     0.1656     -0.002  0.000e+00
    204.500 264.546950        819      0.130     8.9103   0.050427     0.3567  1000.0726      0.131     0.1689     -0.002  0.000e+00
    204.750 264.546953        820      0.132     8.9105   0.050399     0.3565  1000.0724      0.133     0.1681     -0.000  0.000e+00
    205.000 264.546956        821      0.133     8.9108   0.050365     0.3563  1000.0722      0.134     0.1685      0.006  0.000e+00
    205.250 264.546959        822      0.133     8.9110   0.050346     0.3561  1000.0721      0.134     0.1586      0.002  0.000e+00
    205.500 264.546962        823      0.132     8.9113   0.050330     0.3560  1000.0720      0.133     0.1640     -0.002  0.000e+00
    205.750 264.546965        824      0.131     8.9116   0.050318     0.3559  1000.0719      0.132     0.1648     -0.004  0.000e+00
    206.000 264.546968        825      0.132     8.9121   0.050340     0.3561  1000.0720      0.133     0.1582 -7.579e-14  0.000e+00
    206.250 264.546970        826      0.130     8.9124   0.050437     0.3568  1000.0725      0.131     0.1652     -0.002  0.000e+00
    206.500 264.546973        827      0.132     8.9128   0.050657     0.3584  1000.0737      0.133     0.1689     -0.000  0.000e+00
    206.750 264.546976        828      0.131     8.9132   0.050880     0.3600  1000.0750      0.132     0.1702      0.002  0.000e+00
    207.000 264.546979        829      0.132     8.9136   0.051015     0.3610  1000.0757      0.133     0.1656      0.000  0.000e+00
    207.250 264.546982        830      0.132     8.9143   0.051084     0.3615  1000.0761      0.133     0.1685      0.002  0.000e+00
    207.500 264.546985        831      0.132     8.9150   0.051118     0.3618  1000.0762      0.133     0.1689     -0.000  0.000e+00
    207.750 264.546988        832      0.131     8.9158   0.051090     0.3616  1000.0760      0.132     0.1640     -0.002  0.000e+00
    208.000 264.546991        833      0.131     8.9166   0.051143     0.3619  1000.0762      0.132     0.1623     -0.002  0.000e+00
    208.250 264.546994        834      0.130     8.9170   0.051451     0.3642  1000.0780      0.131     0.1636     -0.002  0.000e+00
    208.500 264.546997        835      0.133     8.9173   0.051797     0.3667  1000.0800      0.134     0.1648      0.004  0.000e+00
    208.750 264.546999        836      0.131     8.9175   0.052161     0.3694  1000.0821      0.132     0.1685      0.002  0.000e+00
    209.000 264.547002        837      0.129     8.9177   0.052645     0.3730  1000.0848      0.130     0.1636     -0.009  0.000e+00
    209.250 264.547005        838      0.130     8.9178   0.052890     0.3748  1000.0863      0.131     0.1677     -0.002  0.000e+00
    209.500 264.547008        839      0.130     8.9179   0.053107     0.3763  1000.0875      0.131     0.1640      0.002  0.000e+00
    209.750 264.547011        840      0.131     8.9181   0.053170     0.3768  1000.0879      0.132     0.1652      0.002  0.000e+00
    210.000 264.547014        841      0.130     8.9184   0.053060     0.3760  1000.0872      0.131     0.1615     -0.000  0.000e+00
    210.250 264.547017        842      0.130     8.9187   0.052947     0.3752  1000.0865      0.131     0.1665     -0.002  0.000e+00
