Raw_Data/Cage/SBE19/2020-09-20_SBE19_004_013_processed.cnv
* Sea-Bird SBE19plus Data File:
* FileName = C:\cruises\2020_barkerboys\leg2\data\cage\SBE19\2020-09-25_SBE19_004_013.hex
* Software Version 1.59
* Temperature SN =  4881
* Conductivity SN =  4881
* System UpLoad Time = Sep 25 2020 12:25:15
* ds
* SeacatPlus V 1.5  SERIAL NO. 4881    25 Sep 2020  12:15:39
# nquan = 12
# nvalues = 3757                                  
# units = specified
# name 0 = timeS: Time, Elapsed [seconds]
# name 1 = timeJ: Julian Days
# name 2 = scan: Scan Count
# name 3 = depSM: Depth [salt water, m], lat = 44.00
# name 4 = tv290C: Temperature [ITS-90, deg C]
# name 5 = c0S/m: Conductivity [S/m]
# name 6 = sal00: Salinity, Practical [PSU]
# name 7 = density00: Density [density, kg/m^3]
# name 8 = prdM: Pressure, Strain Gauge [db]
# name 9 = wetStar: Fluorescence, WET Labs WETstar [mg/m^3]
# name 10 = dz/dtM: Descent Rate [m/s]
# name 11 = flag:  0.000e+00
# span 0 =      0.000,    939.000                 
# span 1 = 264.570220, 264.581088                 
# span 2 =          1,       3757                 
# span 3 =      0.125,    133.709                 
# span 4 =     8.7593,    12.9204                 
# span 5 =   0.048824,   3.809801                 
# span 6 =     0.3455,    32.9295                 
# span 7 =  1000.0678,  1025.7108                 
# span 8 =      0.126,    134.835                 
# span 9 =     0.1516,     3.2943                 
# span 10 =     -1.534,      1.070                
# span 11 = 0.0000e+00, 0.0000e+00                
# interval = seconds: 0.25
# start_time = Sep 20 2020 13:41:07 [Instrument's time stamp, header]
# bad_flag = -9.990e-29
*END*
[from data line 2166]
    541.500 264.576487       2167    100.180    11.5786   3.735931    32.7630  1025.3851    101.016     0.5723      0.303  0.000e+00
    541.750 264.576490       2168    100.231    11.5786   3.735891    32.7626  1025.3850    101.066     0.5752      0.236  0.000e+00
    542.000 264.576493       2169    100.277    11.5781   3.735791    32.7621  1025.3849    101.114     0.5183      0.196  0.000e+00
    542.250 264.576496       2170    100.340    11.5775   3.735825    32.7629  1025.3859    101.177     0.5356      0.221  0.000e+00
    542.500 264.576499       2171    100.433    11.5775   3.735825    32.7628  1025.3863    101.270     0.5406      0.314  0.000e+00
    542.750 264.576502       2172    100.562    11.5772   3.735792    32.7627  1025.3869    101.400     0.5896      0.447  0.000e+00
    543.000 264.576505       2173    100.721    11.5769   3.735685    32.7619  1025.3870    101.560     0.4849      0.580  0.000e+00
    543.250 264.576508       2174    100.885    11.5767   3.735586    32.7610  1025.3871    101.726     0.5187      0.651  0.000e+00
    543.500 264.576510       2175    101.031    11.5759   3.735274    32.7587  1025.3861    101.873     1.0683      0.625  0.000e+00
    543.750 264.576513       2176    101.158    11.5735   3.735241    32.7604  1025.3884    102.002     0.5875      0.552  0.000e+00
    544.000 264.576516       2177    101.262    11.5711   3.735414    32.7642  1025.3923    102.106     0.5883      0.466  0.000e+00
    544.250 264.576519       2178    101.328    11.5703   3.735586    32.7665  1025.3946    102.173     0.6065      0.342  0.000e+00
    544.500 264.576522       2179    101.344    11.5711   3.735480    32.7648  1025.3931    102.189     0.5921      0.165  0.000e+00
    544.750 264.576525       2180    101.333    11.5714   3.735314    32.7629  1025.3916    102.178     0.5385      0.011  0.000e+00
    545.000 264.576528       2181    101.315    11.5708   3.735208    32.7624  1025.3912    102.160     0.5752     -0.058  0.000e+00
    545.250 264.576531       2182    101.321    11.5697   3.735142    32.7627  1025.3917    102.166     0.5216     -0.024  0.000e+00
    545.500 264.576534       2183    101.376    11.5687   3.735069    32.7628  1025.3922    102.221     0.5509      0.123  0.000e+00
    545.750 264.576536       2184    101.492    11.5675   3.734969    32.7629  1025.3930    102.338     0.6254      0.344  0.000e+00
    546.000 264.576539       2185    101.654    11.5662   3.734936    32.7636  1025.3945    102.502     0.5525      0.561  0.000e+00
    546.250 264.576542       2186    101.835    11.5651   3.734830    32.7635  1025.3955    102.684     0.5620      0.692  0.000e+00
    546.500 264.576545       2187    102.008    11.5635   3.734658    32.7632  1025.3963    102.859     0.5187      0.716  0.000e+00
    546.750 264.576548       2188    102.161    11.5615   3.734658    32.7648  1025.3986    103.013     0.6106      0.658  0.000e+00
    547.000 264.576551       2189    102.277    11.5600   3.734658    32.7662  1025.4005    103.130     0.5702      0.541  0.000e+00
    547.250 264.576554       2190    102.346    11.5590   3.734698    32.7674  1025.4019    103.200     0.5059      0.374  0.000e+00
    547.500 264.576557       2191    102.360    11.5585   3.734797    32.7688  1025.4032    103.214     0.5179      0.168  0.000e+00
    547.750 264.576560       2192    102.317    11.5591   3.734864    32.7689  1025.4030    103.171     0.5422     -0.058  0.000e+00
    548.000 264.576563       2193    102.252    11.5598   3.734864    32.7684  1025.4021    103.105     0.6106     -0.217  0.000e+00
    548.250 264.576565       2194    102.200    11.5603   3.734937    32.7686  1025.4020    103.053     0.6357     -0.236  0.000e+00
    548.500 264.576568       2195    102.191    11.5613   3.735003    32.7684  1025.4016    103.043     0.5084     -0.125  0.000e+00
    548.750 264.576571       2196    102.243    11.5624   3.735036    32.7678  1025.4011    103.096     0.5756      0.086  0.000e+00
    549.000 264.576574       2197    102.369    11.5631   3.734937    32.7661  1025.4003    103.223     0.5043      0.359  0.000e+00
    549.250 264.576577       2198    102.538    11.5636   3.735003    32.7663  1025.4011    103.393     0.6386      0.595  0.000e+00
    549.500 264.576580       2199    102.713    11.5638   3.734937    32.7654  1025.4012    103.570     0.5224      0.694  0.000e+00
    549.750 264.576583       2200    102.879    11.5637   3.734904    32.7650  1025.4017    103.737     0.5509      0.688  0.000e+00
    550.000 264.576586       2201    103.041    11.5631   3.734764    32.7642  1025.4018    103.900     0.5793      0.662  0.000e+00
    550.250 264.576589       2202    103.178    11.5614   3.734798    32.7659  1025.4041    104.039     0.5224      0.604  0.000e+00
    550.500 264.576591       2203    103.285    11.5607   3.734765    32.7661  1025.4049    104.147     0.5298      0.492  0.000e+00
    550.750 264.576594       2204    103.345    11.5602   3.734904    32.7679  1025.4066    104.208     0.6390      0.337  0.000e+00
    551.000 264.576597       2205    103.358    11.5602   3.734937    32.7682  1025.4070    104.221     0.5059      0.148  0.000e+00
    551.250 264.576600       2206    103.356    11.5606   3.734831    32.7669  1025.4058    104.219     0.4882      0.022  0.000e+00
    551.500 264.576603       2207    103.346    11.5607   3.734937    32.7678  1025.4065    104.209     0.4928     -0.024  0.000e+00
    551.750 264.576606       2208    103.344    11.5609   3.734798    32.7663  1025.4052    104.207     0.4907     -0.024  0.000e+00
    552.000 264.576609       2209    103.367    11.5605   3.734698    32.7656  1025.4049    104.229     0.5121      0.041  0.000e+00
    552.250 264.576612       2210    103.417    11.5594   3.734698    32.7666  1025.4061    104.280     0.5690      0.146  0.000e+00
    552.500 264.576615       2211    103.504    11.5583   3.734559    32.7662  1025.4064    104.368     0.5682      0.277  0.000e+00
    552.750 264.576617       2212    103.628    11.5574   3.734592    32.7673  1025.4079    104.492     0.5459      0.425  0.000e+00
    553.000 264.576620       2213    103.785    11.5567   3.734526    32.7672  1025.4087    104.652     0.6407      0.567  0.000e+00
    553.250 264.576623       2214    103.946    11.5565   3.734493    32.7669  1025.4093    104.814     0.5842      0.643  0.000e+00
    553.500 264.576626       2215    104.103    11.5557   3.734420    32.7669  1025.4101    104.972     0.4948      0.640  0.000e+00
    553.750 264.576629       2216    104.265    11.5549   3.734420    32.7675  1025.4115    105.135     0.5142      0.642  0.000e+00
    554.000 264.576632       2217    104.422    11.5544   3.734493    32.7686  1025.4131    105.294     0.5249      0.645  0.000e+00
    554.250 264.576635       2218    104.558    11.5542   3.734526    32.7691  1025.4142    105.430     0.5294      0.591  0.000e+00
    554.500 264.576638       2219    104.649    11.5542   3.734560    32.7693  1025.4148    105.523     0.5723      0.458  0.000e+00
    554.750 264.576641       2220    104.678    11.5545   3.734560    32.7690  1025.4146    105.552     0.6922      0.243  0.000e+00
    555.000 264.576644       2221    104.667    11.5549   3.734453    32.7676  1025.4134    105.541     0.5430      0.036  0.000e+00
    555.250 264.576646       2222    104.631    11.5545   3.734526    32.7687  1025.4141    105.505     0.5974     -0.095  0.000e+00
    555.500 264.576649       2223    104.604    11.5544   3.734387    32.7675  1025.4131    105.478     0.5496     -0.127  0.000e+00
    555.750 264.576652       2224    104.619    11.5542   3.734453    32.7683  1025.4139    105.493     0.5925     -0.024  0.000e+00
    556.000 264.576655       2225    104.715    11.5537   3.734493    32.7691  1025.4150    105.589     0.5488      0.223  0.000e+00
    556.250 264.576658       2226    104.888    11.5533   3.734354    32.7680  1025.4150    105.764     0.5216      0.542  0.000e+00
    556.500 264.576661       2227    105.082    11.5530   3.734387    32.7685  1025.4164    105.959     0.4615      0.739  0.000e+00
    556.750 264.576664       2228    105.259    11.5524   3.734387    32.7690  1025.4176    106.137     0.8281      0.748  0.000e+00
    557.000 264.576667       2229    105.416    11.5522   3.734354    32.7687  1025.4182    106.297     0.6905      0.675  0.000e+00
    557.250 264.576670       2230    105.530    11.5520   3.734354    32.7689  1025.4188    106.411     0.7095      0.548  0.000e+00
    557.500 264.576672       2231    105.593    11.5517   3.734387    32.7694  1025.4196    106.475     0.5434      0.357  0.000e+00
    557.750 264.576675       2232    105.602    11.5516   3.734454    32.7701  1025.4202    106.483     0.5027      0.144  0.000e+00
    558.000 264.576678       2233    105.570    11.5519   3.734454    32.7699  1025.4199    106.451     0.5216     -0.047  0.000e+00
    558.250 264.576681       2234    105.546    11.5521   3.734454    32.7697  1025.4195    106.428     0.6411     -0.112  0.000e+00
    558.500 264.576684       2235    105.559    11.5525   3.734494    32.7698  1025.4196    106.440     0.5220     -0.022  0.000e+00
    558.750 264.576687       2236    105.643    11.5525   3.734454    32.7693  1025.4196    106.525     0.4973      0.195  0.000e+00
    559.000 264.576690       2237    105.792    11.5528   3.734421    32.7687  1025.4197    106.676     0.5949      0.471  0.000e+00
    559.250 264.576693       2238    105.970    11.5526   3.734421    32.7688  1025.4207    106.855     0.6024      0.660  0.000e+00
    559.500 264.576696       2239    106.120    11.5527   3.734388    32.7683  1025.4210    107.007     0.5492      0.662  0.000e+00
    559.750 264.576698       2240    106.258    11.5526   3.734255    32.7670  1025.4206    107.145     0.5031      0.580  0.000e+00
    560.000 264.576701       2241    106.379    11.5519   3.734355    32.7686  1025.4225    107.268     0.4989      0.522  0.000e+00
    560.250 264.576704       2242    106.468    11.5514   3.734355    32.7690  1025.4233    107.357     0.5179      0.423  0.000e+00
    560.500 264.576707       2243    106.510    11.5513   3.734388    32.7695  1025.4239    107.400     0.5459      0.264  0.000e+00
    560.750 264.576710       2244    106.528    11.5513   3.734355    32.7691  1025.4236    107.418     0.6044      0.122  0.000e+00
    561.000 264.576713       2245    106.550    11.5515   3.734255    32.7679  1025.4228    107.440     0.5109      0.080  0.000e+00
    561.250 264.576716       2246    106.596    11.5514   3.734322    32.7687  1025.4236    107.487     0.5315      0.138  0.000e+00
    561.500 264.576719       2247    106.693    11.5514   3.734215    32.7676  1025.4232    107.585     0.5665      0.290  0.000e+00
    561.750 264.576722       2248    106.834    11.5509   3.734116    32.7669  1025.4234    107.727     0.4870      0.479  0.000e+00
    562.000 264.576725       2249    106.991    11.5500   3.734149    32.7680  1025.4252    107.885     0.6732      0.600  0.000e+00
    562.250 264.576727       2250    107.132    11.5487   3.733566    32.7634  1025.4225    108.027     0.5443      0.602  0.000e+00
    562.500 264.576730       2251    107.255    11.5452   3.733499    32.7658  1025.4255    108.151     0.6522      0.533  0.000e+00
    562.750 264.576733       2252    107.355    11.5415   3.733466    32.7687  1025.4290    108.252     0.5084      0.449  0.000e+00
    563.000 264.576736       2253    107.419    11.5388   3.733672    32.7731  1025.4331    108.316     0.5228      0.331  0.000e+00
    563.250 264.576739       2254    107.437    11.5388   3.733772    32.7741  1025.4340    108.335     0.5278      0.165  0.000e+00
    563.500 264.576742       2255    107.430    11.5402   3.733639    32.7715  1025.4317    108.327     0.4734      0.022  0.000e+00
    563.750 264.576745       2256    107.436    11.5401   3.733566    32.7709  1025.4313    108.334     0.4985     -0.002  0.000e+00
    564.000 264.576748       2257    107.492    11.5392   3.733705    32.7730  1025.4333    108.391     0.5381      0.127  0.000e+00
    564.250 264.576751       2258    107.609    11.5394   3.733772    32.7735  1025.4342    108.508     0.8063      0.348  0.000e+00
    564.500 264.576753       2259    107.788    11.5399   3.733705    32.7723  1025.4340    108.688     0.5220      0.595  0.000e+00
    564.750 264.576756       2260    107.965    11.5400   3.733394    32.7691  1025.4322    108.868     0.6048      0.720  0.000e+00
    565.000 264.576759       2261    108.142    11.5388   3.733089    32.7671  1025.4317    109.046     0.5150      0.715  0.000e+00
    565.250 264.576762       2262    108.285    11.5357   3.733195    32.7708  1025.4359    109.190     0.5233      0.645  0.000e+00
    565.500 264.576765       2263    108.406    11.5334   3.733261    32.7734  1025.4389    109.312     0.5125      0.533  0.000e+00
    565.750 264.576768       2264    108.484    11.5324   3.733195    32.7736  1025.4396    109.391     0.5517      0.402  0.000e+00
    566.000 264.576771       2265    108.512    11.5316   3.733434    32.7767  1025.4422    109.419     0.5146      0.213  0.000e+00
    566.250 264.576774       2266    108.500    11.5319   3.733328    32.7753  1025.4410    109.407     0.4730      0.032  0.000e+00
    566.500 264.576777       2267    108.474    11.5326   3.733394    32.7754  1025.4409    109.380     0.4413     -0.077  0.000e+00
    566.750 264.576780       2268    108.464    11.5335   3.733394    32.7747  1025.4401    109.370     0.5504     -0.073  0.000e+00
    567.000 264.576782       2269    108.505    11.5337   3.733394    32.7745  1025.4401    109.412     0.4849      0.064  0.000e+00
    567.250 264.576785       2270    108.607    11.5336   3.733295    32.7735  1025.4398    109.514     0.5385      0.288  0.000e+00
    567.500 264.576788       2271    108.753    11.5334   3.733328    32.7739  1025.4408    109.662     0.6143      0.499  0.000e+00
    567.750 264.576791       2272    108.929    11.5331   3.733328    32.7741  1025.4418    109.840     0.5883      0.651  0.000e+00
    568.000 264.576794       2273    109.087    11.5325   3.733089    32.7722  1025.4412    109.999     0.5348      0.675  0.000e+00
    568.250 264.576797       2274    109.229    11.5306   3.733122    32.7742  1025.4437    110.142     0.5290      0.604  0.000e+00
    568.500 264.576800       2275    109.344    11.5289   3.733089    32.7753  1025.4454    110.258     0.6761      0.518  0.000e+00
    568.750 264.576803       2276    109.428    11.5279   3.733056    32.7759  1025.4464    110.343     0.5121      0.402  0.000e+00
    569.000 264.576806       2277    109.468    11.5274   3.733156    32.7773  1025.4478    110.384     0.6559      0.251  0.000e+00
    569.250 264.576808       2278    109.474    11.5276   3.733229    32.7778  1025.4482    110.389     0.4961      0.092  0.000e+00
    569.500 264.576811       2279    109.472    11.5282   3.733195    32.7770  1025.4474    110.387     0.4783      0.006  0.000e+00
    569.750 264.576814       2280    109.490    11.5283   3.733229    32.7772  1025.4476    110.405     0.6011      0.032  0.000e+00
    570.000 264.576817       2281    109.554    11.5281   3.732817    32.7733  1025.4449    110.470     0.5265      0.165  0.000e+00
    570.250 264.576820       2282    109.663    11.5282   3.733123    32.7762  1025.4477    110.580     0.4956      0.350  0.000e+00
    570.500 264.576823       2283    109.821    11.5278   3.733156    32.7768  1025.4489    110.739     0.6481      0.539  0.000e+00
    570.750 264.576826       2284    109.997    11.5277   3.733090    32.7762  1025.4493    110.917     0.7647      0.673  0.000e+00
    571.000 264.576829       2285    110.159    11.5273   3.733156    32.7771  1025.4508    111.080     0.5541      0.681  0.000e+00
