Raw_Data/Cage/SBE19/2020-09-21_SBE19_005_020_processed.cnv
* Sea-Bird SBE19plus Data File:
* FileName = C:\cruises\2020_barkerboys\leg2\data\cage\SBE19\2020-09-25_SBE19_004_020.hex
* Software Version 1.59
* Temperature SN =  4881
* Conductivity SN =  4881
* System UpLoad Time = Sep 25 2020 12:39:38
* ds
* SeacatPlus V 1.5  SERIAL NO. 4881    25 Sep 2020  12:15:39
# nquan = 12
# nvalues = 2704                                  
# units = specified
# name 0 = timeS: Time, Elapsed [seconds]
# name 1 = timeJ: Julian Days
# name 2 = scan: Scan Count
# name 3 = depSM: Depth [salt water, m], lat = 44.00
# name 4 = tv290C: Temperature [ITS-90, deg C]
# name 5 = c0S/m: Conductivity [S/m]
# name 6 = sal00: Salinity, Practical [PSU]
# name 7 = density00: Density [density, kg/m^3]
# name 8 = prdM: Pressure, Strain Gauge [db]
# name 9 = wetStar: Fluorescence, WET Labs WETstar [mg/m^3]
# name 10 = dz/dtM: Descent Rate [m/s]
# name 11 = flag:  0.000e+00
# span 0 =      0.000,    675.750                 
# span 1 = 265.696979, 265.704800                 
# span 2 =          1,       2704                 
# span 3 =      0.144,    167.233                 
# span 4 =     9.8411,    13.4028                 
# span 5 =   0.050684,   3.877029                 
# span 6 =     0.3190,    33.5384                 
# span 7 =   999.5768,  1026.6009                 
# span 8 =      0.145,    168.655                 
# span 9 =     0.0948,     4.0981                 
# span 10 =     -1.441,      1.348                
# span 11 = 0.0000e+00, 0.0000e+00                
# interval = seconds: 0.25
# start_time = Sep 21 2020 16:43:39 [Instrument's time stamp, header]
# bad_flag = -9.990e-29
*END*
[from data line 1204]
    301.000 265.700463       1205    108.513    10.0031   3.662947    33.4571  1026.2425    109.420     0.1150      0.397  0.000e+00
    301.250 265.700466       1206    108.688    10.0024   3.662881    33.4570  1026.2433    109.597     0.1211      0.604  0.000e+00
    301.500 265.700469       1207    108.901    10.0015   3.662828    33.4572  1026.2446    109.812     0.1125      0.784  0.000e+00
    301.750 265.700472       1208    109.134    10.0007   3.662776    33.4573  1026.2459    110.046     0.1236      0.898  0.000e+00
    302.000 265.700475       1209    109.378     9.9998   3.662776    33.4580  1026.2476    110.292     0.1335      0.961  0.000e+00
    302.250 265.700477       1210    109.627     9.9988   3.662743    33.4585  1026.2494    110.543     0.1162      0.995  0.000e+00
    302.500 265.700480       1211    109.858     9.9979   3.662677    33.4586  1026.2506    110.777     0.1150      0.969  0.000e+00
    302.750 265.700483       1212    110.062     9.9971   3.662678    33.4592  1026.2522    110.983     0.1327      0.879  0.000e+00
    303.000 265.700486       1213    110.219     9.9959   3.662684    33.4603  1026.2540    111.141     0.1203      0.728  0.000e+00
    303.250 265.700489       1214    110.329     9.9948   3.662645    33.4609  1026.2551    111.251     0.1319      0.537  0.000e+00
    303.500 265.700492       1215    110.400     9.9938   3.662711    33.4625  1026.2568    111.323     0.1203      0.365  0.000e+00
    303.750 265.700495       1216    110.440     9.9934   3.662809    33.4638  1026.2581    111.363     0.1158      0.223  0.000e+00
    304.000 265.700498       1217    110.477     9.9939   3.662882    33.4641  1026.2584    111.401     0.1183      0.155  0.000e+00
    304.250 265.700501       1218    110.549     9.9948   3.662849    33.4629  1026.2577    111.474     0.1199      0.221  0.000e+00
    304.500 265.700503       1219    110.674     9.9951   3.662684    33.4608  1026.2566    111.599     0.1150      0.397  0.000e+00
    304.750 265.700506       1220    110.869     9.9944   3.662645    33.4610  1026.2577    111.796     0.1117      0.645  0.000e+00
    305.000 265.700509       1221    111.112     9.9931   3.662612    33.4618  1026.2597    112.041     0.1150      0.883  0.000e+00
    305.250 265.700512       1222    111.365     9.9917   3.662481    33.4616  1026.2609    112.297     0.1240      1.001  0.000e+00
    305.500 265.700515       1223    111.623     9.9901   3.662375    33.4620  1026.2627    112.557     0.1178      1.031  0.000e+00
    305.750 265.700518       1224    111.839     9.9872   3.662376    33.4645  1026.2661    112.775     0.1232      0.956  0.000e+00
    306.000 265.700521       1225    112.003     9.9847   3.662409    33.4671  1026.2693    112.940     0.1121      0.767  0.000e+00
    306.250 265.700524       1226    112.127     9.9834   3.662376    33.4679  1026.2707    113.065     0.1207      0.580  0.000e+00
    306.500 265.700527       1227    112.205     9.9828   3.662547    33.4701  1026.2729    113.143     0.1183      0.406  0.000e+00
    306.750 265.700530       1228    112.264     9.9828   3.662547    33.4702  1026.2732    113.204     0.1158      0.277  0.000e+00
    307.000 265.700532       1229    112.329     9.9833   3.662514    33.4693  1026.2728    113.269     0.1487      0.251  0.000e+00
    307.250 265.700535       1230    112.426     9.9837   3.662481    33.4685  1026.2725    113.367     0.1216      0.327  0.000e+00
    307.500 265.700538       1231    112.572     9.9835   3.662369    33.4676  1026.2725    113.514     0.1393      0.490  0.000e+00
    307.750 265.700541       1232    112.766     9.9828   3.662409    33.4685  1026.2742    113.710     0.1368      0.685  0.000e+00
    308.000 265.700544       1233    112.992     9.9820   3.662343    33.4685  1026.2754    113.937     0.1417      0.847  0.000e+00
    308.250 265.700547       1234    113.216     9.9812   3.662376    33.4695  1026.2773    114.164     0.1450      0.909  0.000e+00
    308.500 265.700550       1235    113.431     9.9804   3.662277    33.4691  1026.2782    114.380     0.1092      0.885  0.000e+00
    308.750 265.700553       1236    113.624     9.9793   3.662310    33.4703  1026.2801    114.576     0.1129      0.823  0.000e+00
    309.000 265.700556       1237    113.784     9.9786   3.662304    33.4709  1026.2814    114.737     0.1158      0.714  0.000e+00
    309.250 265.700558       1238    113.911     9.9781   3.662343    33.4717  1026.2827    114.865     0.1067      0.578  0.000e+00
    309.500 265.700561       1239    114.016     9.9776   3.662376    33.4724  1026.2838    114.971     0.1154      0.468  0.000e+00
    309.750 265.700564       1240    114.115     9.9773   3.662278    33.4717  1026.2838    115.071     0.1166      0.412  0.000e+00
    310.000 265.700567       1241    114.231     9.9772   3.662311    33.4721  1026.2846    115.187     0.1178      0.432  0.000e+00
    310.250 265.700570       1242    114.369     9.9770   3.662311    33.4722  1026.2854    115.327     0.1661      0.512  0.000e+00
    310.500 265.700573       1243    114.528     9.9766   3.662232    33.4717  1026.2857    115.487     0.1261      0.599  0.000e+00
    310.750 265.700576       1244    114.699     9.9763   3.662245    33.4720  1026.2869    115.660     0.1479      0.666  0.000e+00
    311.000 265.700579       1245    114.877     9.9755   3.662245    33.4726  1026.2883    115.839     0.1125      0.705  0.000e+00
    311.250 265.700582       1246    115.043     9.9752   3.662245    33.4729  1026.2893    116.007     0.1232      0.694  0.000e+00
    311.500 265.700584       1247    115.196     9.9744   3.662179    33.4729  1026.2901    116.160     0.1211      0.643  0.000e+00
    311.750 265.700587       1248    115.328     9.9734   3.662081    33.4727  1026.2908    116.294     0.1174      0.574  0.000e+00
    312.000 265.700590       1249    115.457     9.9716   3.662087    33.4745  1026.2930    116.423     0.1080      0.526  0.000e+00
    312.250 265.700593       1250    115.573     9.9700   3.662081    33.4758  1026.2949    116.541     0.1352      0.494  0.000e+00
    312.500 265.700596       1251    115.694     9.9690   3.662081    33.4766  1026.2962    116.663     0.1417      0.479  0.000e+00
    312.750 265.700599       1252    115.814     9.9685   3.662081    33.4770  1026.2972    116.785     0.1121      0.488  0.000e+00
    313.000 265.700602       1253    115.943     9.9682   3.662114    33.4776  1026.2983    116.914     0.1133      0.503  0.000e+00
    313.250 265.700605       1254    116.079     9.9679   3.662042    33.4771  1026.2985    117.051     0.1166      0.533  0.000e+00
    313.500 265.700608       1255    116.228     9.9678   3.662055    33.4773  1026.2994    117.201     0.1121      0.574  0.000e+00
    313.750 265.700611       1256    116.388     9.9675   3.662009    33.4770  1026.2999    117.363     0.1450      0.623  0.000e+00
    314.000 265.700613       1257    116.559     9.9672   3.661976    33.4769  1026.3007    117.536     0.1104      0.668  0.000e+00
    314.250 265.700616       1258    116.739     9.9662   3.662009    33.4781  1026.3026    117.717     0.1162      0.709  0.000e+00
    314.500 265.700619       1259    116.925     9.9654   3.661910    33.4777  1026.3033    117.905     0.1343      0.739  0.000e+00
    314.750 265.700622       1260    117.109     9.9647   3.661943    33.4786  1026.3049    118.090     0.1207      0.746  0.000e+00
    315.000 265.700625       1261    117.284     9.9640   3.661917    33.4789  1026.3061    118.267     0.1178      0.724  0.000e+00
    315.250 265.700628       1262    117.438     9.9634   3.661911    33.4793  1026.3072    118.422     0.1183      0.664  0.000e+00
    315.500 265.700631       1263    117.572     9.9629   3.661911    33.4797  1026.3082    118.557     0.1162      0.580  0.000e+00
    315.750 265.700634       1264    117.689     9.9624   3.661944    33.4805  1026.3095    118.675     0.1158      0.507  0.000e+00
    316.000 265.700637       1265    117.803     9.9622   3.661944    33.4806  1026.3101    118.790     0.1294      0.466  0.000e+00
    316.250 265.700639       1266    117.922     9.9619   3.661911    33.4805  1026.3106    118.911     0.1113      0.471  0.000e+00
    316.500 265.700642       1267    118.069     9.9615   3.661878    33.4805  1026.3114    119.059     0.1092      0.537  0.000e+00
    316.750 265.700645       1268    118.255     9.9611   3.661911    33.4811  1026.3127    119.246     0.1154      0.670  0.000e+00
    317.000 265.700648       1269    118.469     9.9609   3.661911    33.4811  1026.3138    119.462     0.1166      0.806  0.000e+00
    317.250 265.700651       1270    118.686     9.9602   3.661812    33.4808  1026.3146    119.681     0.1113      0.870  0.000e+00
    317.500 265.700654       1271    118.903     9.9591   3.661780    33.4813  1026.3163    119.900     0.1092      0.877  0.000e+00
    317.750 265.700657       1272    119.111     9.9578   3.661641    33.4810  1026.3172    120.110     0.1195      0.857  0.000e+00
    318.000 265.700660       1273    119.304     9.9561   3.661668    33.4828  1026.3197    120.304     0.1047      0.808  0.000e+00
    318.250 265.700663       1274    119.469     9.9544   3.661642    33.4840  1026.3217    120.471     0.1216      0.722  0.000e+00
    318.500 265.700666       1275    119.611     9.9532   3.661444    33.4831  1026.3218    120.614     0.1108      0.619  0.000e+00
    318.750 265.700668       1276    119.738     9.9514   3.661444    33.4847  1026.3240    120.742     0.1253      0.542  0.000e+00
    319.000 265.700671       1277    119.860     9.9498   3.661444    33.4861  1026.3259    120.865     0.1335      0.503  0.000e+00
    319.250 265.700674       1278    119.995     9.9490   3.661510    33.4875  1026.3278    121.002     0.1092      0.520  0.000e+00
    319.500 265.700677       1279    120.160     9.9483   3.661175    33.4846  1026.3264    121.168     0.1257      0.606  0.000e+00
    319.750 265.700680       1280    120.363     9.9456   3.660977    33.4850  1026.3281    121.372     0.1207      0.741  0.000e+00
    320.000 265.700683       1281    120.594     9.9423   3.661010    33.4883  1026.3322    121.606     0.1113      0.875  0.000e+00
    320.250 265.700686       1282    120.846     9.9402   3.660978    33.4898  1026.3350    121.860     0.1487      0.976  0.000e+00
    320.500 265.700689       1283    121.097     9.9387   3.660879    33.4901  1026.3365    122.113     0.1162      1.014  0.000e+00
    320.750 265.700692       1284    121.325     9.9371   3.660879    33.4915  1026.3389    122.343     0.1240      0.965  0.000e+00
    321.000 265.700694       1285    121.528     9.9353   3.660787    33.4921  1026.3406    122.548     0.1092      0.870  0.000e+00
    321.250 265.700697       1286    121.700     9.9341   3.660774    33.4930  1026.3424    122.721     0.1162      0.756  0.000e+00
    321.500 265.700700       1287    121.856     9.9335   3.660840    33.4942  1026.3441    122.879     0.1125      0.662  0.000e+00
    321.750 265.700703       1288    121.992     9.9333   3.660807    33.4939  1026.3446    123.015     0.1129      0.589  0.000e+00
    322.000 265.700706       1289    122.131     9.9323   3.660643    33.4931  1026.3447    123.156     0.1232      0.554  0.000e+00
    322.250 265.700709       1290    122.281     9.9310   3.660676    33.4947  1026.3468    123.308     0.1121      0.584  0.000e+00
    322.500 265.700712       1291    122.457     9.9299   3.660649    33.4953  1026.3483    123.485     0.1232      0.658  0.000e+00
    322.750 265.700715       1292    122.647     9.9293   3.660643    33.4957  1026.3496    123.676     0.1166      0.737  0.000e+00
    323.000 265.700718       1293    122.840     9.9286   3.660676    33.4966  1026.3513    123.871     0.1154      0.771  0.000e+00
    323.250 265.700720       1294    123.020     9.9284   3.660643    33.4964  1026.3520    124.052     0.1236      0.752  0.000e+00
    323.500 265.700723       1295    123.178     9.9280   3.660643    33.4967  1026.3530    124.212     0.1401      0.683  0.000e+00
    323.750 265.700726       1296    123.314     9.9279   3.660643    33.4967  1026.3537    124.349     0.1314      0.593  0.000e+00
    324.000 265.700729       1297    123.434     9.9276   3.660683    33.4973  1026.3547    124.470     0.1096      0.516  0.000e+00
    324.250 265.700732       1298    123.563     9.9275   3.660643    33.4970  1026.3551    124.600     0.1150      0.503  0.000e+00
    324.500 265.700735       1299    123.722     9.9275   3.660610    33.4965  1026.3555    124.760     0.1298      0.580  0.000e+00
    324.750 265.700738       1300    123.924     9.9272   3.660545    33.4961  1026.3561    124.964     0.1146      0.729  0.000e+00
    325.000 265.700741       1301    124.152     9.9265   3.660512    33.4963  1026.3574    125.194     0.1141      0.868  0.000e+00
    325.250 265.700744       1302    124.386     9.9258   3.660578    33.4975  1026.3596    125.431     0.1100      0.933  0.000e+00
    325.500 265.700747       1303    124.601     9.9255   3.660545    33.4974  1026.3605    125.648     0.1150      0.907  0.000e+00
    325.750 265.700749       1304    124.771     9.9251   3.660545    33.4976  1026.3615    125.819     0.1178      0.776  0.000e+00
    326.000 265.700752       1305    124.894     9.9244   3.660479    33.4976  1026.3621    125.943     0.1203      0.591  0.000e+00
    326.250 265.700755       1306    124.968     9.9240   3.660545    33.4986  1026.3634    126.017     0.1125      0.397  0.000e+00
    326.500 265.700758       1307    125.005     9.9235   3.660644    33.5000  1026.3647    126.055     0.1211      0.223  0.000e+00
    326.750 265.700761       1308    125.023     9.9235   3.660683    33.5004  1026.3651    126.073     0.1236      0.112  0.000e+00
    327.000 265.700764       1309    125.062     9.9242   3.660677    33.4997  1026.3646    126.112     0.1088      0.114  0.000e+00
    327.250 265.700767       1310    125.146     9.9247   3.660578    33.4982  1026.3637    126.197     0.1129      0.247  0.000e+00
    327.500 265.700770       1311    125.288     9.9245   3.660545    33.4980  1026.3642    126.341     0.1117      0.458  0.000e+00
    327.750 265.700773       1312    125.496     9.9240   3.660341    33.4963  1026.3640    126.550     0.1092      0.707  0.000e+00
    328.000 265.700775       1313    125.747     9.9227   3.660177    33.4957  1026.3648    126.803     0.1380      0.924  0.000e+00
    328.250 265.700778       1314    126.031     9.9202   3.660124    33.4973  1026.3678    127.090     0.1314      1.079  0.000e+00
    328.500 265.700781       1315    126.312     9.9179   3.660006    33.4981  1026.3701    127.373     0.1150      1.141  0.000e+00
    328.750 265.700784       1316    126.554     9.9160   3.659973    33.4995  1026.3726    127.617     0.1088      1.055  0.000e+00
    329.000 265.700787       1317    126.745     9.9145   3.660046    33.5015  1026.3754    127.810     0.1063      0.872  0.000e+00
    329.250 265.700790       1318    126.909     9.9137   3.660046    33.5022  1026.3768    127.975     0.1113      0.716  0.000e+00
    329.500 265.700793       1319    127.026     9.9134   3.660046    33.5024  1026.3775    128.093     0.1084      0.567  0.000e+00
    329.750 265.700796       1320    127.111     9.9131   3.660125    33.5035  1026.3788    128.179     0.1063      0.408  0.000e+00
    330.000 265.700799       1321    127.190     9.9131   3.660046    33.5026  1026.3784    128.259     0.1211      0.331  0.000e+00
    330.250 265.700802       1322    127.287     9.9131   3.660046    33.5025  1026.3788    128.357     0.1043      0.355  0.000e+00
    330.500 265.700804       1323    127.435     9.9127   3.659974    33.5022  1026.3793    128.506     0.1137      0.494  0.000e+00
