Raw_Data/Cage/SBE19/2020-09-24_SBE19_006_028_processed.cnv
* Sea-Bird SBE19plus Data File:
* FileName = C:\cruises\2020_barkerboys\leg2\data\cage\SBE19\2020-09-25_SBE19_004_028.hex
* Software Version 1.59
* Temperature SN =  4881
* Conductivity SN =  4881
* System UpLoad Time = Sep 25 2020 12:48:05
* ds
* SeacatPlus V 1.5  SERIAL NO. 4881    25 Sep 2020  12:15:39
# nquan = 12
# nvalues = 3037                                  
# units = specified
# name 0 = timeS: Time, Elapsed [seconds]
# name 1 = timeJ: Julian Days
# name 2 = scan: Scan Count
# name 3 = depSM: Depth [salt water, m], lat = 44.00
# name 4 = tv290C: Temperature [ITS-90, deg C]
# name 5 = c0S/m: Conductivity [S/m]
# name 6 = sal00: Salinity, Practical [PSU]
# name 7 = density00: Density [density, kg/m^3]
# name 8 = prdM: Pressure, Strain Gauge [db]
# name 9 = wetStar: Fluorescence, WET Labs WETstar [mg/m^3]
# name 10 = dz/dtM: Descent Rate [m/s]
# name 11 = flag:  0.000e+00
# span 0 =      0.000,    759.000                 
# span 1 = 268.779803, 268.788588                 
# span 2 =          1,       3037                 
# span 3 =     -0.105,    162.288                 
# span 4 =     9.9556,    14.7263                 
# span 5 =   0.048252,   3.869666                 
# span 6 =     0.2934,    33.5041                 
# span 7 =   999.3691,  1026.5308                 
# span 8 =     -0.106,    163.666                 
# span 9 =     0.1183,     3.0879                 
# span 10 =     -1.339,      1.062                
# span 11 = 0.0000e+00, 0.0000e+00                
# interval = seconds: 0.25
# start_time = Sep 24 2020 18:42:55 [Instrument's time stamp, header]
# bad_flag = -9.990e-29
*END*
[from data line 2407]
    601.750 268.786768       2408    108.924    10.0146   3.666495    33.4823  1026.2620    109.835     0.1450     -0.533  0.000e+00
    602.000 268.786771       2409    108.751    10.0144   3.666455    33.4822  1026.2611    109.660     0.1450     -0.634  0.000e+00
    602.250 268.786774       2410    108.546    10.0146   3.666462    33.4822  1026.2602    109.453     0.1615     -0.763  0.000e+00
    602.500 268.786777       2411    108.328    10.0147   3.666396    33.4815  1026.2587    109.233     0.1570     -0.853  0.000e+00
    602.750 268.786780       2412    108.093    10.0147   3.666429    33.4820  1026.2579    108.997     0.1549     -0.913  0.000e+00
    603.000 268.786782       2413    107.857    10.0146   3.666396    33.4818  1026.2567    108.758     0.1500     -0.950  0.000e+00
    603.250 268.786785       2414    107.629    10.0147   3.666396    33.4818  1026.2557    108.528     0.1512     -0.937  0.000e+00
    603.500 268.786788       2415    107.410    10.0147   3.666349    33.4815  1026.2544    108.307     0.1533     -0.903  0.000e+00
    603.750 268.786791       2416    107.196    10.0147   3.666395    33.4820  1026.2539    108.092     0.1928     -0.873  0.000e+00
    604.000 268.786794       2417    106.993    10.0147   3.666330    33.4814  1026.2525    107.887     0.1562     -0.840  0.000e+00
    604.250 268.786797       2418    106.800    10.0146   3.666330    33.4816  1026.2518    107.692     0.1479     -0.799  0.000e+00
    604.500 268.786800       2419    106.624    10.0147   3.666257    33.4809  1026.2504    107.515     0.1623     -0.744  0.000e+00
    604.750 268.786803       2420    106.459    10.0143   3.666296    33.4817  1026.2503    107.349     0.1492     -0.688  0.000e+00
    605.000 268.786806       2421    106.304    10.0143   3.666296    33.4818  1026.2497    107.192     0.1582     -0.647  0.000e+00
    605.250 268.786808       2422    106.161    10.0141   3.666244    33.4815  1026.2489    107.048     0.1656     -0.602  0.000e+00
    605.500 268.786811       2423    106.020    10.0139   3.666191    33.4812  1026.2480    106.906     0.1574     -0.572  0.000e+00
    605.750 268.786814       2424    105.875    10.0138   3.666191    33.4813  1026.2475    106.760     0.1529     -0.576  0.000e+00
    606.000 268.786817       2425    105.718    10.0138   3.666191    33.4814  1026.2469    106.601     0.1467     -0.610  0.000e+00
    606.250 268.786820       2426    105.545    10.0138   3.666224    33.4819  1026.2464    106.427     0.1508     -0.666  0.000e+00
    606.500 268.786823       2427    105.353    10.0138   3.666158    33.4813  1026.2451    106.233     0.1512     -0.735  0.000e+00
    606.750 268.786826       2428    105.148    10.0139   3.666210    33.4818  1026.2445    106.026     0.1434     -0.802  0.000e+00
    607.000 268.786829       2429    104.934    10.0140   3.666158    33.4812  1026.2431    105.810     0.1582     -0.847  0.000e+00
    607.250 268.786832       2430    104.727    10.0141   3.666191    33.4816  1026.2424    105.601     0.1578     -0.849  0.000e+00
    607.500 268.786834       2431    104.537    10.0142   3.666158    33.4812  1026.2412    105.410     0.1496     -0.800  0.000e+00
    607.750 268.786837       2432    104.349    10.0141   3.666125    33.4811  1026.2402    105.220     0.1529     -0.763  0.000e+00
    608.000 268.786840       2433    104.156    10.0141   3.666190    33.4818  1026.2400    105.026     0.1541     -0.769  0.000e+00
    608.250 268.786843       2434    103.961    10.0144   3.666138    33.4811  1026.2385    104.829     0.1796     -0.782  0.000e+00
    608.500 268.786846       2435    103.762    10.0144   3.666157    33.4814  1026.2378    104.628     0.1825     -0.795  0.000e+00
    608.750 268.786849       2436    103.559    10.0144   3.666157    33.4815  1026.2370    104.424     0.1566     -0.810  0.000e+00
    609.000 268.786852       2437    103.367    10.0145   3.666124    33.4812  1026.2358    104.229     0.1685     -0.797  0.000e+00
    609.250 268.786855       2438    103.193    10.0145   3.665755    33.4775  1026.2321    104.054     0.1525     -0.739  0.000e+00
    609.500 268.786858       2439    103.045    10.0146   3.666124    33.4812  1026.2344    103.905     0.1512     -0.649  0.000e+00
    609.750 268.786861       2440    102.922    10.0147   3.666157    33.4815  1026.2340    103.781     0.1644     -0.546  0.000e+00
    610.000 268.786863       2441    102.827    10.0147   3.666177    33.4817  1026.2337    103.685     0.1570     -0.441  0.000e+00
    610.250 268.786866       2442    102.741    10.0149   3.666124    33.4810  1026.2328    103.599     0.1739     -0.365  0.000e+00
    610.500 268.786869       2443    102.642    10.0148   3.666124    33.4812  1026.2325    103.499     0.1516     -0.372  0.000e+00
    610.750 268.786872       2444    102.514    10.0149   3.666124    33.4811  1026.2318    103.370     0.1529     -0.458  0.000e+00
    611.000 268.786875       2445    102.343    10.0150   3.666157    33.4815  1026.2313    103.197     0.1525     -0.604  0.000e+00
    611.250 268.786878       2446    102.136    10.0151   3.666091    33.4808  1026.2298    102.988     0.1858     -0.763  0.000e+00
    611.500 268.786881       2447    101.899    10.0152   3.666032    33.4802  1026.2282    102.749     0.1570     -0.896  0.000e+00
    611.750 268.786884       2448    101.644    10.0155   3.666124    33.4810  1026.2277    102.492     0.1673     -0.993  0.000e+00
    612.000 268.786887       2449    101.387    10.0155   3.666091    33.4808  1026.2263    102.233     0.1508     -1.031  0.000e+00
    612.250 268.786889       2450    101.143    10.0158   3.666090    33.4806  1026.2250    101.987     0.1492     -1.010  0.000e+00
    612.500 268.786892       2451    100.922    10.0159   3.666025    33.4800  1026.2234    101.763     0.1525     -0.939  0.000e+00
    612.750 268.786895       2452    100.712    10.0160   3.666057    33.4803  1026.2227    101.552     0.1755     -0.870  0.000e+00
    613.000 268.786898       2453    100.507    10.0161   3.665998    33.4797  1026.2213    101.345     0.1525     -0.836  0.000e+00
    613.250 268.786901       2454    100.308    10.0160   3.666024    33.4801  1026.2207    101.145     0.1525     -0.814  0.000e+00
    613.500 268.786904       2455    100.110    10.0159   3.666024    33.4803  1026.2200    100.945     0.1467     -0.801  0.000e+00
    613.750 268.786907       2456     99.916    10.0161   3.666057    33.4806  1026.2193    100.749     0.1537     -0.791  0.000e+00
    614.000 268.786910       2457     99.724    10.0159   3.666024    33.4805  1026.2184    100.556     0.1475     -0.778  0.000e+00
    614.250 268.786913       2458     99.538    10.0161   3.665991    33.4800  1026.2171    100.368     0.1467     -0.763  0.000e+00
    614.500 268.786916       2459     99.359    10.0161   3.665958    33.4798  1026.2161    100.187     0.1846     -0.737  0.000e+00
    614.750 268.786918       2460     99.178    10.0163   3.666031    33.4804  1026.2158    100.005     0.1751     -0.726  0.000e+00
    615.000 268.786921       2461     98.982    10.0163   3.665958    33.4798  1026.2144     99.807     0.1673     -0.761  0.000e+00
    615.250 268.786924       2462     98.784    10.0163   3.665958    33.4798  1026.2135     99.607     0.1582     -0.795  0.000e+00
    615.500 268.786927       2463     98.587    10.0164   3.665958    33.4799  1026.2126     99.408     0.1520     -0.797  0.000e+00
    615.750 268.786930       2464     98.397    10.0165   3.665958    33.4798  1026.2117     99.217     0.1599     -0.780  0.000e+00
    616.000 268.786933       2465     98.219    10.0165   3.665925    33.4796  1026.2107     99.038     0.1590     -0.741  0.000e+00
    616.250 268.786936       2466     98.067    10.0165   3.665892    33.4793  1026.2098     98.884     0.1566     -0.666  0.000e+00
    616.500 268.786939       2467     97.925    10.0164   3.665885    33.4794  1026.2092     98.741     0.1525     -0.593  0.000e+00
    616.750 268.786942       2468     97.785    10.0164   3.665925    33.4799  1026.2090     98.599     0.1492     -0.569  0.000e+00
    617.000 268.786944       2469     97.633    10.0164   3.665925    33.4799  1026.2083     98.447     0.1710     -0.589  0.000e+00
    617.250 268.786947       2470     97.453    10.0164   3.665925    33.4800  1026.2076     98.265     0.1718     -0.668  0.000e+00
    617.500 268.786950       2471     97.233    10.0165   3.665885    33.4796  1026.2063     98.043     0.1496     -0.808  0.000e+00
    617.750 268.786953       2472     96.977    10.0164   3.665852    33.4795  1026.2050     97.785     0.1578     -0.961  0.000e+00
    618.000 268.786956       2473     96.692    10.0164   3.665885    33.4799  1026.2040     97.497     0.1516     -1.091  0.000e+00
    618.250 268.786959       2474     96.396    10.0165   3.665852    33.4796  1026.2024     97.198     0.1710     -1.173  0.000e+00
    618.500 268.786962       2475     96.110    10.0165   3.665852    33.4797  1026.2012     96.910     0.1611     -1.173  0.000e+00
    618.750 268.786965       2476     95.849    10.0165   3.665852    33.4799  1026.2001     96.647     0.1611     -1.102  0.000e+00
    619.000 268.786968       2477     95.626    10.0165   3.665852    33.4800  1026.1992     96.423     0.1549     -0.976  0.000e+00
    619.250 268.786970       2478     95.452    10.0166   3.665819    33.4796  1026.1981     96.246     0.1537     -0.801  0.000e+00
    619.500 268.786973       2479     95.301    10.0166   3.665786    33.4794  1026.1972     96.095     0.1545     -0.655  0.000e+00
    619.750 268.786976       2480     95.171    10.0167   3.665818    33.4797  1026.1969     95.964     0.2040     -0.565  0.000e+00
    620.000 268.786979       2481     95.051    10.0167   3.665818    33.4798  1026.1964     95.842     0.1574     -0.505  0.000e+00
    620.250 268.786982       2482     94.920    10.0167   3.665785    33.4795  1026.1956     95.710     0.1525     -0.507  0.000e+00
    620.500 268.786985       2483     94.775    10.0167   3.665752    33.4792  1026.1947     95.564     0.1492     -0.557  0.000e+00
    620.750 268.786988       2484     94.626    10.0168   3.665719    33.4788  1026.1937     95.414     0.1586     -0.593  0.000e+00
    621.000 268.786991       2485     94.474    10.0167   3.665785    33.4796  1026.1936     95.260     0.1459     -0.608  0.000e+00
    621.250 268.786994       2486     94.320    10.0167   3.665752    33.4794  1026.1927     95.105     0.1463     -0.617  0.000e+00
    621.500 268.786997       2487     94.164    10.0167   3.665621    33.4781  1026.1910     94.948     0.2048     -0.625  0.000e+00
    621.750 268.786999       2488     93.995    10.0167   3.665752    33.4796  1026.1914     94.778     0.1541     -0.655  0.000e+00
    622.000 268.787002       2489     93.807    10.0167   3.665752    33.4796  1026.1906     94.588     0.1430     -0.720  0.000e+00
    622.250 268.787005       2490     93.603    10.0169   3.665752    33.4796  1026.1896     94.382     0.1619     -0.791  0.000e+00
    622.500 268.787008       2491     93.389    10.0167   3.665680    33.4791  1026.1883     94.166     0.1632     -0.842  0.000e+00
    622.750 268.787011       2492     93.172    10.0168   3.665686    33.4792  1026.1873     93.947     0.1595     -0.870  0.000e+00
    623.000 268.787014       2493     92.957    10.0167   3.665653    33.4790  1026.1862     93.730     0.1455     -0.872  0.000e+00
    623.250 268.787017       2494     92.754    10.0169   3.665653    33.4789  1026.1852     93.526     0.2068     -0.842  0.000e+00
    623.500 268.787020       2495     92.560    10.0167   3.665653    33.4791  1026.1845     93.330     0.1603     -0.801  0.000e+00
    623.750 268.787023       2496     92.365    10.0169   3.665620    33.4788  1026.1833     93.133     0.1479     -0.786  0.000e+00
    624.000 268.787025       2497     92.164    10.0167   3.665587    33.4787  1026.1824     92.931     0.1475     -0.797  0.000e+00
    624.250 268.787028       2498     91.948    10.0167   3.665534    33.4782  1026.1810     92.713     0.1549     -0.840  0.000e+00
    624.500 268.787031       2499     91.721    10.0167   3.665620    33.4792  1026.1808     92.484     0.1430     -0.894  0.000e+00
    624.750 268.787034       2500     91.489    10.0167   3.665554    33.4787  1026.1793     92.250     0.1595     -0.926  0.000e+00
    625.000 268.787037       2501     91.262    10.0166   3.665554    33.4788  1026.1784     92.021     0.1455     -0.926  0.000e+00
    625.250 268.787040       2502     91.052    10.0166   3.665554    33.4789  1026.1775     91.809     0.1669     -0.881  0.000e+00
    625.500 268.787043       2503     90.868    10.0165   3.665554    33.4791  1026.1767     91.623     0.1644     -0.795  0.000e+00
    625.750 268.787046       2504     90.708    10.0165   3.665461    33.4782  1026.1753     91.462     0.1566     -0.694  0.000e+00
    626.000 268.787049       2505     90.563    10.0165   3.665382    33.4775  1026.1741     91.316     0.1718     -0.615  0.000e+00
    626.250 268.787052       2506     90.425    10.0167   3.665448    33.4780  1026.1739     91.177     0.1615     -0.572  0.000e+00
    626.500 268.787054       2507     90.291    10.0169   3.665415    33.4776  1026.1729     91.041     0.1685     -0.550  0.000e+00
    626.750 268.787057       2508     90.152    10.0169   3.665382    33.4773  1026.1720     90.902     0.1887     -0.550  0.000e+00
    627.000 268.787060       2509     90.004    10.0172   3.665382    33.4771  1026.1712     90.752     0.1623     -0.578  0.000e+00
    627.250 268.787063       2510     89.847    10.0178   3.665395    33.4767  1026.1701     90.594     0.1529     -0.615  0.000e+00
    627.500 268.787066       2511     89.670    10.0186   3.665448    33.4766  1026.1690     90.415     0.1512     -0.675  0.000e+00
    627.750 268.787069       2512     89.465    10.0197   3.665448    33.4757  1026.1672     90.209     0.1492     -0.771  0.000e+00
    628.000 268.787072       2513     89.217    10.0211   3.665513    33.4751  1026.1654     89.958     0.1553     -0.913  0.000e+00
    628.250 268.787075       2514     88.930    10.0223   3.665447    33.4735  1026.1626     89.669     0.1669     -1.079  0.000e+00
    628.500 268.787078       2515     88.617    10.0235   3.665553    33.4736  1026.1611     89.353     0.1479     -1.210  0.000e+00
    628.750 268.787080       2516     88.295    10.0255   3.665605    33.4725  1026.1583     89.029     0.1673     -1.281  0.000e+00
    629.000 268.787083       2517     87.991    10.0275   3.665651    33.4712  1026.1556     88.722     0.1504     -1.263  0.000e+00
    629.250 268.787086       2518     87.742    10.0296   3.665651    33.4694  1026.1527     88.470     0.1541     -1.117  0.000e+00
    629.500 268.787089       2519     87.548    10.0315   3.665750    33.4687  1026.1510     88.275     0.1529     -0.894  0.000e+00
    629.750 268.787092       2520     87.415    10.0335   3.665921    33.4686  1026.1500     88.141     0.1504     -0.660  0.000e+00
    630.000 268.787095       2521     87.313    10.0361   3.666020    33.4673  1026.1481     88.039     0.1492     -0.473  0.000e+00
    630.250 268.787098       2522     87.231    10.0392   3.666151    33.4658  1026.1460     87.956     0.1492     -0.370  0.000e+00
    630.500 268.787101       2523     87.148    10.0417   3.666026    33.4622  1026.1424     87.872     0.1483     -0.333  0.000e+00
    630.750 268.787104       2524     87.044    10.0430   3.666019    33.4610  1026.1407     87.767     0.1640     -0.378  0.000e+00
    631.000 268.787106       2525     86.913    10.0435   3.666118    33.4616  1026.1405     87.635     0.1450     -0.475  0.000e+00
    631.250 268.787109       2526     86.740    10.0442   3.666151    33.4614  1026.1394     87.461     0.1438     -0.612  0.000e+00
