Raw_Data/Cage/SBE19/2020-09-26_SBE19_008_038_processed.cnv
* Sea-Bird SBE19plus Data File:
* FileName = C:\cruises\2020_barkerboys\leg2\data\cage\SBE19\2020-09-25_SBE19_008_037038.hex
* Software Version 1.59
* Temperature SN =  4881
* Conductivity SN =  4881
* System UpLoad Time = Sep 26 2020 18:13:27
* ds
* SeacatPlus V 1.5  SERIAL NO. 4881    26 Sep 2020  18:11:53
# nquan = 12
# nvalues = 2227                                  
# units = specified
# name 0 = timeS: Time, Elapsed [seconds]
# name 1 = timeJ: Julian Days
# name 2 = scan: Scan Count
# name 3 = depSM: Depth [salt water, m], lat = 44.00
# name 4 = tv290C: Temperature [ITS-90, deg C]
# name 5 = c0S/m: Conductivity [S/m]
# name 6 = sal00: Salinity, Practical [PSU]
# name 7 = density00: Density [density, kg/m^3]
# name 8 = prdM: Pressure, Strain Gauge [db]
# name 9 = wetStar: Fluorescence, WET Labs WETstar [mg/m^3]
# name 10 = dz/dtM: Descent Rate [m/s]
# name 11 = flag:  0.000e+00
# span 0 =      0.000,    556.500                 
# span 1 = 270.543148, 270.549589                 
# span 2 =          1,       2227                 
# span 3 =     -0.003,    147.956                 
# span 4 =    10.1657,    13.4063                 
# span 5 =   0.050088,   3.824412                 
# span 6 =     0.3150,    33.4123                 
# span 7 =   999.5723,  1026.3582                 
# span 8 =     -0.003,    149.207                 
# span 9 =     0.1698,    13.9839                 
# span 10 =     -1.052,      1.022                
# span 11 = 0.0000e+00, 0.0000e+00                
# interval = seconds: 0.25
# start_time = Sep 26 2020 13:02:08 [Instrument's time stamp, header]
# bad_flag = -9.990e-29
*END*
[from data line 241]
     60.250 270.543845        242      2.663    12.5362   3.798673    32.5715  1024.6142      2.685     2.1939      0.054  0.000e+00
     60.500 270.543848        243      2.673    12.5375   3.799300    32.5764  1024.6178      2.695     1.2657      0.045  0.000e+00
     60.750 270.543851        244      2.676    12.5385   3.799861    32.5809  1024.6210      2.698     1.1804      0.026  0.000e+00
     61.000 270.543854        245      2.673    12.5393   3.800422    32.5855  1024.6245      2.695     1.1342      0.000  0.000e+00
     61.250 270.543857        246      2.663    12.5399   3.801030    32.5908  1024.6285      2.685     1.1392     -0.026  0.000e+00
     61.500 270.543860        247      2.653    12.5395   3.801150    32.5923  1024.6296      2.674     1.0098     -0.041  0.000e+00
     61.750 270.543863        248      2.639    12.5382   3.800142    32.5838  1024.6232      2.660     1.2430     -0.049  0.000e+00
     62.000 270.543866        249      2.632    12.5369   3.799407    32.5780  1024.6189      2.653     1.2537     -0.043  0.000e+00
     62.250 270.543869        250      2.632    12.5354   3.799300    32.5782  1024.6193      2.653     1.4976     -0.015  0.000e+00
     62.500 270.543872        251      2.629    12.5345   3.799547    32.5813  1024.6219      2.651     1.1944     -0.004  0.000e+00
     62.750 270.543874        252      2.624    12.5344   3.799995    32.5857  1024.6253      2.645     1.1466     -0.015  0.000e+00
     63.000 270.543877        253      2.619    12.5358   3.800422    32.5886  1024.6273      2.640     1.1211     -0.021  0.000e+00
     63.250 270.543880        254      2.623    12.5368   3.800736    32.5907  1024.6288      2.644     1.2863     -0.002  0.000e+00
     63.500 270.543883        255      2.638    12.5367   3.799754    32.5814  1024.6217      2.659     1.2867      0.039  0.000e+00
     63.750 270.543886        256      2.668    12.5355   3.799193    32.5771  1024.6186      2.689     1.2236      0.090  0.000e+00
     64.000 270.543889        257      2.700    12.5346   3.799300    32.5789  1024.6204      2.722     1.2212      0.125  0.000e+00
     64.250 270.543892        258      2.733    12.5345   3.800035    32.5859  1024.6260      2.755     1.2096      0.131  0.000e+00
     64.500 270.543895        259      2.754    12.5360   3.803094    32.6138  1024.6474      2.776     1.1866      0.110  0.000e+00
     64.750 270.543898        260      2.766    12.5393   3.806435    32.6429  1024.6693      2.788     1.5953      0.067  0.000e+00
     65.000 270.543900        261      2.757    12.5406   3.807732    32.6542  1024.6778      2.780     1.3740      0.006  0.000e+00
     65.250 270.543903        262      2.739    12.5421   3.809664    32.6713  1024.6908      2.761     1.1243     -0.054  0.000e+00
     65.500 270.543906        263      2.707    12.5522   3.810606    32.6715  1024.6888      2.729     1.1116     -0.101  0.000e+00
     65.750 270.543909        264      2.660    12.5722   3.810994    32.6579  1024.6742      2.682     1.0860     -0.159  0.000e+00
     66.000 270.543912        265      2.609    12.5914   3.811101    32.6423  1024.6582      2.630     1.1499     -0.198  0.000e+00
     66.250 270.543915        266      2.584    12.6080   3.811274    32.6296  1024.6450      2.605     1.1820     -0.155  0.000e+00
     66.500 270.543918        267      2.587    12.6224   3.811308    32.6173  1024.6328      2.608     1.1915     -0.045  0.000e+00
     66.750 270.543921        268      2.596    12.6336   3.811448    32.6090  1024.6242      2.617     1.0939      0.026  0.000e+00
     67.000 270.543924        269      2.594    12.6406   3.811481    32.6033  1024.6184      2.615     1.1009      0.015  0.000e+00
     67.250 270.543927        270      2.583    12.6427   3.809482    32.5824  1024.6018      2.603     1.1618     -0.028  0.000e+00
     67.500 270.543929        271      2.559    12.6415   3.808325    32.5725  1024.5942      2.580     1.2698     -0.071  0.000e+00
     67.750 270.543932        272      2.534    12.6413   3.805699    32.5476  1024.5749      2.554     1.0840     -0.099  0.000e+00
     68.000 270.543935        273      2.517    12.6367   3.802659    32.5226  1024.5563      2.537     1.1466     -0.086  0.000e+00
     68.250 270.543938        274      2.482    12.6198   3.800000    32.5120  1024.5512      2.503     1.1520     -0.103  0.000e+00
     68.500 270.543941        275      2.432    12.6028   3.799406    32.5210  1024.5612      2.452     0.9872     -0.170  0.000e+00
     68.750 270.543944        276      2.378    12.5895   3.799406    32.5325  1024.5724      2.397     1.0494     -0.210  0.000e+00
     69.000 270.543947        277      2.321    12.5793   3.800562    32.5523  1024.5895      2.339     0.9633     -0.226  0.000e+00
     69.250 270.543950        278      2.268    12.5738   3.800943    32.5608  1024.5968      2.287     1.0135     -0.221  0.000e+00
     69.500 270.543953        279      2.193    12.5704   3.802025    32.5741  1024.6074      2.211     0.9649     -0.258  0.000e+00
     69.750 270.543955        280      2.089    12.5676   3.806542    32.6197  1024.6429      2.106     1.1033     -0.361  0.000e+00
     70.000 270.543958        281      1.965    12.5642   3.808119    32.6377  1024.6569      1.981     1.6105     -0.460  0.000e+00
     70.250 270.543961        282      1.832    12.5621   3.809202    32.6499  1024.6662      1.847     1.1829     -0.520  0.000e+00
     70.500 270.543964        283      1.692    12.5642   3.809596    32.6519  1024.6667      1.706     1.0679     -0.550  0.000e+00
     70.750 270.543967        284      1.562    12.5713   3.809275    32.6427  1024.6576      1.575     1.0139     -0.543  0.000e+00
     71.000 270.543970        285      1.433    12.5897   3.809275    32.6268  1024.6412      1.445     1.0621     -0.522  0.000e+00
     71.250 270.543973        286      1.304    12.6117   3.810043    32.6151  1024.6273      1.314     1.3229     -0.522  0.000e+00
     71.500 270.543976        287      1.180    12.6325   3.810605    32.6025  1024.6129      1.190     1.1993     -0.511  0.000e+00
     71.750 270.543979        288      1.060    12.6521   3.810571    32.5853  1024.5953      1.068     1.1165     -0.492  0.000e+00
     72.000 270.543981        289      0.949    12.6671   3.810464    32.5713  1024.5811      0.957     1.2896     -0.466  0.000e+00
     72.250 270.543984        290      0.849    12.6779   3.810290    32.5604  1024.5700      0.856     1.4968     -0.425  0.000e+00
     72.500 270.543987        291      0.766    12.6853   3.809902    32.5503  1024.5605      0.772     2.3636     -0.369  0.000e+00
     72.750 270.543990        292      0.706    12.6923   3.809026    32.5360  1024.5477      0.712     1.4535     -0.288  0.000e+00
     73.000 270.543993        293      0.676    12.6982   3.808785    32.5286  1024.5407      0.682     1.1812     -0.180  0.000e+00
     73.250 270.543996        294      0.650    12.6986   3.809340    32.5335  1024.5444      0.655     1.0819     -0.114  0.000e+00
     73.500 270.543999        295      0.614    12.6924   3.810463    32.5496  1024.5579      0.619     1.0168     -0.125  0.000e+00
     73.750 270.544002        296      0.564    12.6852   3.811727    32.5678  1024.5731      0.569     1.3678     -0.172  0.000e+00
     74.000 270.544005        297      0.495    12.6839   3.812918    32.5804  1024.5828      0.499     0.9950     -0.240  0.000e+00
     74.250 270.544008        298      0.430    12.6924   3.813901    32.5824  1024.5824      0.434     1.0139     -0.271  0.000e+00
     74.500 270.544010        299      0.407    12.7148   3.814007    32.5640  1024.5637      0.410     1.0864     -0.178  0.000e+00
     74.750 270.544013        300      0.439    12.7320   3.813238    32.5419  1024.5434      0.442     1.1367      0.017  0.000e+00
     75.000 270.544016        301      0.489    12.7382   3.813693    32.5408  1024.5416      0.493     1.2092      0.165  0.000e+00
     75.250 270.544019        302      0.530    12.7398   3.814816    32.5501  1024.5487      0.535     1.1903      0.185  0.000e+00
     75.500 270.544022        303      0.557    12.7401   3.815833    32.5595  1024.5561      0.562     1.1120      0.137  0.000e+00
     75.750 270.544025        304      0.556    12.7427   3.816817    32.5666  1024.5610      0.560     3.3302      0.052  0.000e+00
     76.000 270.544028        305      0.533    12.7437   3.817131    32.5688  1024.5624      0.537     1.1989     -0.049  0.000e+00
     76.250 270.544031        306      0.513    12.7474   3.817820    32.5721  1024.5642      0.517     1.0943     -0.086  0.000e+00
     76.500 270.544034        307      0.524    12.7546   3.818610    32.5733  1024.5638      0.528     1.0362     -0.017  0.000e+00
     76.750 270.544036        308      0.567    12.7614   3.819105    32.5722  1024.5618      0.571     1.1132      0.107  0.000e+00
     77.000 270.544039        309      0.633    12.7700   3.819734    32.5707  1024.5593      0.638     0.9237      0.219  0.000e+00
     77.250 270.544042        310      0.702    12.7836   3.819908    32.5606  1024.5491      0.708     1.1075      0.273  0.000e+00
     77.500 270.544045        311      0.771    12.8045   3.820363    32.5468  1024.5347      0.777     1.3250      0.279  0.000e+00
     77.750 270.544048        312      0.833    12.8198   3.821460    32.5441  1024.5298      0.840     1.0197      0.264  0.000e+00
     78.000 270.544051        313      0.884    12.8263   3.821989    32.5435  1024.5283      0.891     1.0679      0.228  0.000e+00
     78.250 270.544054        314      0.920    12.8396   3.822370    32.5356  1024.5198      0.928     1.0955      0.176  0.000e+00
     78.500 270.544057        315      0.950    12.8605   3.822973    32.5233  1024.5064      0.958     1.2459      0.133  0.000e+00
     78.750 270.544060        316      0.974    12.8792   3.823682    32.5139  1024.4956      0.982     1.3209      0.109  0.000e+00
     79.000 270.544063        317      1.011    12.8941   3.824131    32.5053  1024.4862      1.019     1.2067      0.122  0.000e+00
     79.250 270.544065        318      1.050    12.9050   3.824412    32.4986  1024.4790      1.059     1.2026      0.152  0.000e+00
     79.500 270.544068        319      1.095    12.9121   3.823956    32.4882  1024.4698      1.104     1.5413      0.170  0.000e+00
     79.750 270.544071        320      1.143    12.9141   3.822129    32.4691  1024.4549      1.152     1.9096      0.187  0.000e+00
     80.000 270.544074        321      1.192    12.9107   3.820395    32.4556  1024.4453      1.201     1.2603      0.195  0.000e+00
     80.250 270.544077        322      1.230    12.9059   3.819732    32.4535  1024.4447      1.240     1.2632      0.176  0.000e+00
     80.500 270.544080        323      1.271    12.9001   3.819840    32.4595  1024.4507      1.281     1.0972      0.159  0.000e+00
     80.750 270.544083        324      1.312    12.8821   3.820790    32.4839  1024.4733      1.323     1.0663      0.165  0.000e+00
     81.000 270.544086        325      1.363    12.8428   3.818642    32.4973  1024.4916      1.374     1.1268      0.187  0.000e+00
     81.250 270.544089        326      1.416    12.7914   3.814843    32.5055  1024.5082      1.428     1.0061      0.210  0.000e+00
     81.500 270.544091        327      1.454    12.7448   3.816255    32.5590  1024.5588      1.465     1.0650      0.183  0.000e+00
     81.750 270.544094        328      1.455    12.7186   3.820478    32.6219  1024.6126      1.467     1.0477      0.077  0.000e+00
     82.000 270.544097        329      1.429    12.6983   3.823323    32.6665  1024.6510      1.441     1.7127     -0.049  0.000e+00
     82.250 270.544100        330      1.424    12.7022   3.820438    32.6357  1024.6263      1.435     1.3341     -0.062  0.000e+00
     82.500 270.544103        331      1.459    12.7220   3.816918    32.5850  1024.5834      1.471     1.2138      0.060  0.000e+00
     82.750 270.544106        332      1.496    12.7322   3.817801    32.5846  1024.5813      1.508     1.1330      0.146  0.000e+00
     83.000 270.544109        333      1.517    12.7343   3.819949    32.6032  1024.5954      1.529     1.1993      0.116  0.000e+00
     83.250 270.544112        334      1.533    12.7346   3.821107    32.6140  1024.6037      1.545     1.2302      0.073  0.000e+00
     83.500 270.544115        335      1.555    12.7335   3.821810    32.6216  1024.6099      1.568     1.6142      0.077  0.000e+00
     83.750 270.544117        336      1.578    12.7334   3.822807    32.6312  1024.6174      1.591     1.2208      0.092  0.000e+00
     84.000 270.544120        337      1.603    12.7388   3.823463    32.6327  1024.6177      1.616     1.1342      0.097  0.000e+00
     84.250 270.544123        338      1.632    12.7533   3.823289    32.6185  1024.6040      1.645     1.2236      0.107  0.000e+00
     84.500 270.544126        339      1.688    12.7726   3.820899    32.5791  1024.5700      1.702     1.1017      0.172  0.000e+00
     84.750 270.544129        340      1.780    12.7858   3.818543    32.5453  1024.5417      1.794     1.1524      0.298  0.000e+00
     85.000 270.544132        341      1.907    12.7887   3.816281    32.5212  1024.5231      1.923     1.1561      0.442  0.000e+00
     85.250 270.544135        342      2.048    12.7667   3.810323    32.4836  1024.4989      2.065     1.1248      0.541  0.000e+00
     85.500 270.544138        343      2.191    12.7202   3.794931    32.3774  1024.4262      2.208     1.0980      0.571  0.000e+00
     85.750 270.544141        344      2.326    12.6559   3.792983    32.4140  1024.4676      2.345     0.9793      0.560  0.000e+00
     86.000 270.544144        345      2.461    12.5972   3.792804    32.4629  1024.5174      2.481     1.0704      0.545  0.000e+00
     86.250 270.544146        346      2.609    12.5608   3.792704    32.4933  1024.5486      2.630     1.1726      0.571  0.000e+00
     86.500 270.544149        347      2.765    12.5412   3.792531    32.5086  1024.5649      2.787     1.7053      0.612  0.000e+00
     86.750 270.544152        348      2.900    12.5305   3.792384    32.5163  1024.5736      2.923     1.4494      0.586  0.000e+00
     87.000 270.544155        349      3.031    12.5245   3.792491    32.5225  1024.5801      3.055     1.1767      0.537  0.000e+00
     87.250 270.544158        350      3.157    12.5217   3.792425    32.5242  1024.5825      3.182     1.1363      0.517  0.000e+00
     87.500 270.544161        351      3.271    12.5202   3.792318    32.5244  1024.5835      3.297     1.0168      0.483  0.000e+00
     87.750 270.544164        352      3.380    12.5192   3.792358    32.5256  1024.5851      3.408     1.1627      0.451  0.000e+00
     88.000 270.544167        353      3.490    12.5185   3.792318    32.5258  1024.5859      3.518     1.1548      0.442  0.000e+00
     88.250 270.544170        354      3.609    12.5183   3.792391    32.5266  1024.5871      3.638     1.1029      0.462  0.000e+00
     88.500 270.544172        355      3.743    12.5182   3.792391    32.5267  1024.5878      3.774     1.2764      0.511  0.000e+00
     88.750 270.544175        356      3.884    12.5179   3.792251    32.5255  1024.5876      3.915     1.8280      0.554  0.000e+00
     89.000 270.544178        357      3.989    12.5174   3.792145    32.5249  1024.5876      4.022     1.1272      0.496  0.000e+00
     89.250 270.544181        358      4.046    12.5169   3.792318    32.5270  1024.5897      4.079     1.4675      0.326  0.000e+00
     89.500 270.544184        359      4.074    12.5170   3.792492    32.5285  1024.5910      4.107     1.8977      0.170  0.000e+00
     89.750 270.544187        360      4.093    12.5180   3.792251    32.5254  1024.5884      4.126     1.9178      0.094  0.000e+00
