Raw_Data/Cage/SBE19/2020-09-19_SBE19_003_010_processed.cnv
* Sea-Bird SBE19plus Data File:
* FileName = C:\cruises\2020_barkerboys\leg2\data\cage\SBE19\2020-09-25_SBE19_004_010.hex
* Software Version 1.59
* Temperature SN =  4881
* Conductivity SN =  4881
* System UpLoad Time = Sep 25 2020 12:22:46
* ds
* SeacatPlus V 1.5  SERIAL NO. 4881    25 Sep 2020  12:15:39
# nquan = 12
# nvalues = 1285                                  
# units = specified
# name 0 = timeS: Time, Elapsed [seconds]
# name 1 = timeJ: Julian Days
# name 2 = scan: Scan Count
# name 3 = depSM: Depth [salt water, m], lat = 44.00
# name 4 = tv290C: Temperature [ITS-90, deg C]
# name 5 = c0S/m: Conductivity [S/m]
# name 6 = sal00: Salinity, Practical [PSU]
# name 7 = density00: Density [density, kg/m^3]
# name 8 = prdM: Pressure, Strain Gauge [db]
# name 9 = wetStar: Fluorescence, WET Labs WETstar [mg/m^3]
# name 10 = dz/dtM: Descent Rate [m/s]
# name 11 = flag:  0.000e+00
# span 0 =      0.000,    321.000                 
# span 1 = 263.843958, 263.847674                 
# span 2 =          1,       1285                 
# span 3 =      0.040,      5.446                 
# span 4 =    12.8848,    13.4204                 
# span 5 =   0.057105,   3.859350                 
# span 6 =     0.3654,    32.5780                 
# span 7 =   999.6750,  1024.4960                 
# span 8 =      0.041,      5.490                 
# span 9 =     0.1450,    12.7875                 
# span 10 =     -0.421,      0.810                
# span 11 = 0.0000e+00, 0.0000e+00                
# interval = seconds: 0.25
# start_time = Sep 19 2020 20:15:18 [Instrument's time stamp, header]
# bad_flag = -9.990e-29
*END*
[from data line 843]
    210.750 263.846398        844      0.047    12.9031   0.058283     0.3731   999.6823      0.047     0.1607      0.002  0.000e+00
    211.000 263.846400        845      0.045    12.9030   0.058286     0.3731   999.6824      0.045     0.1603     -0.004  0.000e+00
    211.250 263.846403        846      0.046    12.9026   0.058258     0.3730   999.6823      0.046     0.1599     -0.002  0.000e+00
    211.500 263.846406        847      0.047    12.9024   0.058248     0.3729   999.6823      0.047     0.1623      0.004  0.000e+00
    211.750 263.846409        848      0.046    12.9020   0.058210     0.3726   999.6821      0.046     0.1607 3.7896e-14  0.000e+00
    212.000 263.846412        849      0.046    12.9018   0.058176     0.3724   999.6820      0.046     0.1607     -0.002  0.000e+00
    212.250 263.846415        850      0.046    12.9014   0.058150     0.3723   999.6819      0.046     0.1611      0.000  0.000e+00
    212.500 263.846418        851      0.045    12.9012   0.058128     0.3721   999.6818      0.045     0.1582     -0.002  0.000e+00
    212.750 263.846421        852      0.044    12.9010   0.058103     0.3719   999.6817      0.044     0.1615     -0.004  0.000e+00
    213.000 263.846424        853      0.045    12.9008   0.058081     0.3718   999.6816      0.045     0.1607     -0.000  0.000e+00
    213.250 263.846427        854      0.047    12.9005   0.058084     0.3718   999.6817      0.047     0.1607      0.006  0.000e+00
    213.500 263.846429        855      0.044    12.9003   0.058072     0.3717   999.6816      0.044     0.1615     -0.002  0.000e+00
    213.750 263.846432        856      0.046    12.9001   0.058078     0.3718   999.6817      0.046     0.1673     -0.002  0.000e+00
    214.000 263.846435        857      0.046    12.9001   0.058062     0.3717   999.6816      0.046     0.1611      0.004  0.000e+00
    214.250 263.846438        858      0.045    12.9001   0.058043     0.3716   999.6815      0.045     0.1628     -0.002  0.000e+00
    214.500 263.846441        859      0.044    12.9001   0.058034     0.3715   999.6814      0.044     0.1611     -0.004  0.000e+00
    214.750 263.846444        860      0.046    12.9001   0.057987     0.3712   999.6812      0.046     0.1574      0.002  0.000e+00
    215.000 263.846447        861      0.045    12.9003   0.057952     0.3709   999.6810      0.045     0.1628      0.002  0.000e+00
    215.250 263.846450        862      0.046    12.9005   0.057930     0.3708   999.6809      0.046     0.1665      0.000  0.000e+00
    215.500 263.846453        863      0.046    12.9007   0.057914     0.3707   999.6808      0.046     0.1607      0.002  0.000e+00
    215.750 263.846455        864      0.046    12.9010   0.057895     0.3706   999.6806      0.046     0.1623      0.000  0.000e+00
    216.000 263.846458        865      0.046    12.9013   0.057886     0.3705   999.6805      0.046     0.1607     -0.000  0.000e+00
    216.250 263.846461        866      0.046    12.9016   0.057870     0.3704   999.6804      0.046     0.1595     -0.000  0.000e+00
    216.500 263.846464        867      0.046    12.9017   0.057839     0.3702   999.6802      0.046     0.1632      0.000  0.000e+00
    216.750 263.846467        868      0.046    12.9020   0.057823     0.3701   999.6801      0.046     0.1590      0.000  0.000e+00
    217.000 263.846470        869      0.045    12.9022   0.057813     0.3700   999.6800      0.045     0.1623     -0.002  0.000e+00
    217.250 263.846473        870      0.046    12.9027   0.057788     0.3698   999.6798      0.046     0.1590 -3.790e-14  0.000e+00
    217.500 263.846476        871      0.045    12.9032   0.057766     0.3697   999.6796      0.045     0.1615 3.7896e-14  0.000e+00
    217.750 263.846479        872      0.043    12.9037   0.057747     0.3696   999.6795      0.043     0.1623     -0.006  0.000e+00
    218.000 263.846481        873      0.046    12.9044   0.057747     0.3696   999.6794      0.046     0.1619      0.002  0.000e+00
    218.250 263.846484        874      0.046    12.9051   0.057732     0.3694   999.6792      0.046     0.1586      0.006  0.000e+00
    218.500 263.846487        875      0.046    12.9058   0.057728     0.3694   999.6791      0.046     0.1656     -0.000  0.000e+00
    218.750 263.846490        876      0.045    12.9061   0.057722     0.3694   999.6790      0.045     0.1578     -0.002  0.000e+00
    219.000 263.846493        877      0.045    12.9061   0.057700     0.3692   999.6789      0.045     0.1615     -0.002  0.000e+00
    219.250 263.846496        878      0.045    12.9060   0.057672     0.3690   999.6788      0.045     0.1595     -0.000  0.000e+00
    219.500 263.846499        879      0.046    12.9056   0.057656     0.3689   999.6788      0.046     0.1619      0.002  0.000e+00
    219.750 263.846502        880      0.043    12.9053   0.057615     0.3687   999.6786      0.043     0.1615     -0.004  0.000e+00
    220.000 263.846505        881      0.046    12.9051   0.057590     0.3685   999.6785      0.046     0.1599      0.000  0.000e+00
    220.250 263.846508        882      0.047    12.9049   0.057565     0.3683   999.6784      0.047     0.1619      0.009  0.000e+00
    220.500 263.846510        883      0.047    12.9047   0.057552     0.3683   999.6784      0.047     0.1574      0.002  0.000e+00
    220.750 263.846513        884      0.043    12.9045   0.057549     0.3682   999.6783      0.043     0.1599     -0.009  0.000e+00
    221.000 263.846516        885      0.045    12.9047   0.057543     0.3682   999.6783      0.045     0.1619     -0.004  0.000e+00
    221.250 263.846519        886      0.046    12.9056   0.057549     0.3682   999.6782      0.046     0.1611      0.006  0.000e+00
    221.500 263.846522        887      0.045    12.9068   0.057524     0.3680   999.6779      0.045     0.1644      0.000  0.000e+00
    221.750 263.846525        888      0.045    12.9081   0.057524     0.3680   999.6777      0.045     0.1648     -0.002  0.000e+00
    222.000 263.846528        889      0.045    12.9095   0.057492     0.3678   999.6774      0.045     0.1599     -0.000  0.000e+00
    222.250 263.846531        890      0.045    12.9108   0.057470     0.3677   999.6771      0.045     0.1628      0.000  0.000e+00
    222.500 263.846534        891      0.045    12.9123   0.057457     0.3676   999.6768      0.045     0.1595     -0.000  0.000e+00
    222.750 263.846536        892      0.044    12.9132   0.057432     0.3674   999.6766      0.044     0.1562     -0.002  0.000e+00
    223.000 263.846539        893      0.044    12.9137   0.057426     0.3673   999.6765      0.044     0.1595     -0.002  0.000e+00
    223.250 263.846542        894      0.046    12.9135   0.057442     0.3674   999.6766      0.046     0.1619      0.004  0.000e+00
    223.500 263.846545        895      0.045    12.9136   0.057457     0.3675   999.6767      0.045     0.1603      0.002  0.000e+00
    223.750 263.846548        896      0.046    12.9138   0.057413     0.3673   999.6764      0.046     0.1578      0.000  0.000e+00
    224.000 263.846551        897      0.047    12.9139   0.057426     0.3673   999.6765      0.047     0.1603      0.004  0.000e+00
    224.250 263.846554        898      0.046    12.9141   0.057423     0.3673   999.6764      0.046     0.1607     -0.000  0.000e+00
    224.500 263.846557        899      0.045    12.9146   0.057410     0.3672   999.6763      0.045     0.1636     -0.004  0.000e+00
    224.750 263.846560        900      0.045    12.9150   0.057395     0.3671   999.6762      0.045     0.1628     -0.002  0.000e+00
    225.000 263.846563        901      0.046    12.9156   0.057376     0.3670   999.6760      0.046     0.1611      0.002  0.000e+00
    225.250 263.846565        902      0.045    12.9155   0.057357     0.3669   999.6759      0.045     0.1628 3.7896e-14  0.000e+00
    225.500 263.846568        903      0.045    12.9157   0.057350     0.3668   999.6758      0.045     0.1636     -0.002  0.000e+00
    225.750 263.846571        904      0.046    12.9156   0.057338     0.3667   999.6758      0.046     0.1599      0.002  0.000e+00
    226.000 263.846574        905      0.046    12.9154   0.057335     0.3667   999.6758      0.046     0.1615      0.002  0.000e+00
    226.250 263.846577        906      0.048    12.9150   0.057332     0.3667   999.6758      0.048     0.1586      0.004  0.000e+00
    226.500 263.846580        907      0.045    12.9146   0.057319     0.3666   999.6758      0.045     0.1582     -0.002  0.000e+00
    226.750 263.846583        908      0.046    12.9140   0.057313     0.3666   999.6759      0.046     0.1636     -0.004  0.000e+00
    227.000 263.846586        909      0.044    12.9139   0.057303     0.3665   999.6758      0.044     0.1623     -0.002  0.000e+00
    227.250 263.846589        910      0.046    12.9134   0.057303     0.3665   999.6759      0.046     0.1595     -0.000  0.000e+00
    227.500 263.846591        911      0.047    12.9129   0.057294     0.3665   999.6759      0.047     0.1611      0.006  0.000e+00
    227.750 263.846594        912      0.047    12.9123   0.057284     0.3664   999.6759      0.047     0.1611      0.002  0.000e+00
    228.000 263.846597        913      0.046    12.9119   0.057284     0.3664   999.6760      0.046     0.1623     -0.002  0.000e+00
    228.250 263.846600        914      0.046    12.9112   0.057275     0.3664   999.6760      0.046     0.1640     -0.002  0.000e+00
    228.500 263.846603        915      0.046    12.9108   0.057278     0.3664   999.6761      0.046     0.1578 -3.790e-14  0.000e+00
    228.750 263.846606        916      0.046    12.9102   0.057275     0.3664   999.6762      0.046     0.1574      0.000  0.000e+00
    229.000 263.846609        917      0.047    12.9098   0.057278     0.3664   999.6763      0.047     0.1607      0.002  0.000e+00
    229.250 263.846612        918      0.045    12.9093   0.057265     0.3663   999.6762      0.045     0.1619     -0.002  0.000e+00
    229.500 263.846615        919      0.044    12.9089   0.057278     0.3664   999.6764      0.044     0.1632     -0.006  0.000e+00
    229.750 263.846617        920      0.045    12.9085   0.057275     0.3664   999.6764      0.045     0.1590      0.000  0.000e+00
    230.000 263.846620        921      0.043    12.9081   0.057278     0.3664   999.6765      0.043     0.1611     -0.002  0.000e+00
    230.250 263.846623        922      0.045    12.9076   0.057265     0.3663   999.6765      0.045     0.1640     -0.000  0.000e+00
    230.500 263.846626        923      0.043    12.9071   0.057269     0.3664   999.6766      0.043     0.1640     -0.000  0.000e+00
    230.750 263.846629        924      0.046    12.9068   0.057265     0.3663   999.6766      0.046     0.1586      0.002  0.000e+00
    231.000 263.846632        925      0.045    12.9064   0.057243     0.3662   999.6765      0.045     0.1615      0.004  0.000e+00
    231.250 263.846635        926      0.047    12.9061   0.057237     0.3662   999.6765      0.047     0.1599      0.002  0.000e+00
    231.500 263.846638        927      0.044    12.9058   0.057243     0.3662   999.6766      0.044     0.1595     -0.002  0.000e+00
    231.750 263.846641        928      0.045    12.9053   0.057218     0.3660   999.6765      0.045     0.1582     -0.004  0.000e+00
    232.000 263.846644        929      0.046    12.9050   0.057237     0.3662   999.6767      0.046     0.1582      0.004  0.000e+00
    232.250 263.846646        930      0.044    12.9045   0.057228     0.3661   999.6767      0.044     0.1619     -0.002  0.000e+00
    232.500 263.846649        931      0.044    12.9043   0.057237     0.3662   999.6768      0.044     0.1640     -0.004  0.000e+00
    232.750 263.846652        932      0.047    12.9039   0.057246     0.3662   999.6769      0.047     0.1615      0.006  0.000e+00
    233.000 263.846655        933      0.044    12.9036   0.057228     0.3661   999.6768      0.044     0.1607     -0.000  0.000e+00
    233.250 263.846658        934      0.044    12.9031   0.057237     0.3662   999.6769      0.044     0.1628     -0.006  0.000e+00
    233.500 263.846661        935      0.045    12.9030   0.057243     0.3662   999.6770      0.045     0.1582      0.002  0.000e+00
    233.750 263.846664        936      0.046    12.9026   0.057246     0.3663   999.6771      0.046     0.1656      0.004  0.000e+00
    234.000 263.846667        937      0.043    12.9022   0.057243     0.3662   999.6771      0.043     0.1669     -0.004  0.000e+00
    234.250 263.846670        938      0.046    12.9020   0.057237     0.3662   999.6771      0.046     0.1590      0.000  0.000e+00
    234.500 263.846672        939      0.046    12.9017   0.057228     0.3661   999.6771      0.046     0.1574      0.006  0.000e+00
    234.750 263.846675        940      0.047    12.9016   0.057218     0.3661   999.6770      0.047     0.1656      0.002  0.000e+00
    235.000 263.846678        941      0.047    12.9012   0.057202     0.3660   999.6770      0.047     0.1619      0.002  0.000e+00
    235.250 263.846681        942      0.045    12.9008   0.057218     0.3661   999.6771      0.045     0.1603     -0.004  0.000e+00
    235.500 263.846684        943      0.045    12.9008   0.057228     0.3661   999.6772      0.045     0.1611     -0.004  0.000e+00
    235.750 263.846687        944      0.047    12.9005   0.057228     0.3661   999.6772      0.047     0.1619      0.004  0.000e+00
    236.000 263.846690        945      0.043    12.9001   0.057243     0.3663   999.6774      0.043     0.1590     -0.004  0.000e+00
    236.250 263.846693        946      0.047    12.8998   0.057237     0.3662   999.6774      0.047     0.1648      0.000  0.000e+00
    236.500 263.846696        947      0.044    12.8996   0.057228     0.3662   999.6773      0.044     0.1615      0.002  0.000e+00
    236.750 263.846698        948      0.045    12.8995   0.057209     0.3660   999.6773      0.045     0.1595     -0.004  0.000e+00
    237.000 263.846701        949      0.045    12.8991   0.057202     0.3660   999.6773      0.045     0.1623      0.002  0.000e+00
    237.250 263.846704        950      0.045    12.8990   0.057190     0.3659   999.6772      0.045     0.1615     -0.000  0.000e+00
    237.500 263.846707        951      0.048    12.8987   0.057187     0.3659   999.6773      0.048     0.1636      0.006  0.000e+00
    237.750 263.846710        952      0.046    12.8985   0.057171     0.3658   999.6772      0.046     0.1648      0.002  0.000e+00
    238.000 263.846713        953      0.046    12.8983   0.057180     0.3659   999.6773      0.046     0.1566     -0.004  0.000e+00
    238.250 263.846716        954      0.046    12.8981   0.057187     0.3659   999.6773      0.046     0.1619      0.000  0.000e+00
    238.500 263.846719        955      0.046    12.8979   0.057209     0.3660   999.6775      0.046     0.1619      0.000  0.000e+00
    238.750 263.846722        956      0.046    12.8977   0.057221     0.3661   999.6776      0.046     0.1599      0.000  0.000e+00
    239.000 263.846725        957      0.046    12.8975   0.057218     0.3661   999.6776      0.046     0.1623      0.000  0.000e+00
    239.250 263.846727        958      0.044    12.8972   0.057196     0.3660   999.6775      0.044     0.1582     -0.004  0.000e+00
    239.500 263.846730        959      0.045    12.8971   0.057190     0.3659   999.6775      0.045     0.1615     -0.002  0.000e+00
    239.750 263.846733        960      0.043    12.8969   0.057171     0.3658   999.6774      0.043     0.1603     -0.002  0.000e+00
    240.000 263.846736        961      0.045    12.8966   0.057165     0.3658   999.6774      0.045     0.1615      0.000  0.000e+00
    240.250 263.846739        962      0.047    12.8966   0.057171     0.3658   999.6775      0.047     0.1644      0.009  0.000e+00
