Raw_Data/Cage/SBE19/2020-09-21_SBE19_005_018_processed.cnv
* Sea-Bird SBE19plus Data File:
* FileName = C:\cruises\2020_barkerboys\leg2\data\cage\SBE19\2020-09-25_SBE19_004_018.hex
* Software Version 1.59
* Temperature SN =  4881
* Conductivity SN =  4881
* System UpLoad Time = Sep 25 2020 12:37:22
* ds
* SeacatPlus V 1.5  SERIAL NO. 4881    25 Sep 2020  12:15:39
# nquan = 12
# nvalues = 3193                                  
# units = specified
# name 0 = timeS: Time, Elapsed [seconds]
# name 1 = timeJ: Julian Days
# name 2 = scan: Scan Count
# name 3 = depSM: Depth [salt water, m], lat = 44.00
# name 4 = tv290C: Temperature [ITS-90, deg C]
# name 5 = c0S/m: Conductivity [S/m]
# name 6 = sal00: Salinity, Practical [PSU]
# name 7 = density00: Density [density, kg/m^3]
# name 8 = prdM: Pressure, Strain Gauge [db]
# name 9 = wetStar: Fluorescence, WET Labs WETstar [mg/m^3]
# name 10 = dz/dtM: Descent Rate [m/s]
# name 11 = flag:  0.000e+00
# span 0 =      0.000,    798.000                 
# span 1 = 265.610104, 265.619340                 
# span 2 =          1,       3193                 
# span 3 =      0.160,    171.983                 
# span 4 =     9.8261,    13.2594                 
# span 5 =   0.050411,   3.861743                 
# span 6 =     0.3326,    33.5412                 
# span 7 =   999.8130,  1026.6272                 
# span 8 =      0.161,    173.447                 
# span 9 =     0.1022,     3.3977                 
# span 10 =     -1.590,      1.240                
# span 11 = 0.0000e+00, 0.0000e+00                
# interval = seconds: 0.25
# start_time = Sep 21 2020 14:38:33 [Instrument's time stamp, header]
# bad_flag = -9.990e-29
*END*
[from data line 2046]
    511.500 265.616024       2047    133.759     9.8536   3.658141    33.5355  1026.4442    134.885     0.1281     -0.888  0.000e+00
    511.750 265.616027       2048    133.620     9.8561   3.658680    33.5387  1026.4456    134.746     0.1125     -0.656  0.000e+00
    512.000 265.616030       2049    133.516     9.8613   3.658805    33.5352  1026.4416    134.640     0.1224     -0.490  0.000e+00
    512.250 265.616033       2050    133.418     9.8665   3.658674    33.5291  1026.4354    134.541     0.1319     -0.408  0.000e+00
    512.500 265.616036       2051    133.300     9.8686   3.658706    33.5275  1026.4333    134.422     0.1207     -0.436  0.000e+00
    512.750 265.616039       2052    133.137     9.8695   3.658910    33.5288  1026.4334    134.258     0.1269     -0.568  0.000e+00
    513.000 265.616042       2053    132.924     9.8712   3.658943    33.5277  1026.4313    134.043     0.1261     -0.759  0.000e+00
    513.250 265.616045       2054    132.664     9.8728   3.659107    33.5280  1026.4301    133.780     0.1244     -0.954  0.000e+00
    513.500 265.616047       2055    132.354     9.8745   3.659173    33.5272  1026.4278    133.468     0.1265     -1.150  0.000e+00
    513.750 265.616050       2056    132.019     9.8764   3.659278    33.5266  1026.4255    133.130     0.1170     -1.300  0.000e+00
    514.000 265.616053       2057    131.687     9.8786   3.659344    33.5254  1026.4227    132.795     0.1199     -1.345  0.000e+00
    514.250 265.616056       2058    131.377     9.8807   3.659475    33.5250  1026.4205    132.482     0.1244     -1.296  0.000e+00
    514.500 265.616059       2059    131.105     9.8822   3.659475    33.5237  1026.4180    132.208     0.1277     -1.174  0.000e+00
    514.750 265.616062       2060    130.874     9.8838   3.659495    33.5225  1026.4158    131.975     0.1187     -1.014  0.000e+00
    515.000 265.616065       2061    130.690     9.8849   3.659442    33.5210  1026.4136    131.789     0.1656     -0.838  0.000e+00
    515.250 265.616068       2062    130.551     9.8856   3.659475    33.5208  1026.4127    131.649     0.1302     -0.651  0.000e+00
    515.500 265.616071       2063    130.436     9.8858   3.659475    33.5206  1026.4120    131.533     0.1170     -0.512  0.000e+00
    515.750 265.616073       2064    130.314     9.8858   3.659442    33.5204  1026.4112    131.411     0.1228     -0.477  0.000e+00
    516.000 265.616076       2065    130.163     9.8856   3.659422    33.5204  1026.4106    131.258     0.1240     -0.550  0.000e+00
    516.250 265.616079       2066    129.976     9.8857   3.659475    33.5210  1026.4101    131.069     0.1096     -0.684  0.000e+00
    516.500 265.616082       2067    129.746     9.8857   3.659442    33.5207  1026.4089    130.837     0.1224     -0.842  0.000e+00
    516.750 265.616085       2068    129.474     9.8860   3.659376    33.5199  1026.4070    130.563     0.1273     -1.012  0.000e+00
    517.000 265.616088       2069    129.171     9.8860   3.659409    33.5204  1026.4060    130.257     0.1216     -1.159  0.000e+00
    517.250 265.616091       2070    128.855     9.8856   3.659310    33.5198  1026.4042    129.938     0.1158     -1.249  0.000e+00
    517.500 265.616094       2071    128.534     9.8852   3.659316    33.5205  1026.4033    129.615     0.1294     -1.285  0.000e+00
    517.750 265.616097       2072    128.221     9.8849   3.659277    33.5205  1026.4019    129.299     0.1970     -1.279  0.000e+00
    518.000 265.616100       2073    127.926     9.8846   3.659244    33.5206  1026.4007    129.001     0.1335     -1.227  0.000e+00
    518.250 265.616102       2074    127.656     9.8841   3.659171    33.5204  1026.3994    128.729     0.1273     -1.139  0.000e+00
    518.500 265.616105       2075    127.426     9.8835   3.659105    33.5204  1026.3985    128.497     0.1273     -1.008  0.000e+00
    518.750 265.616108       2076    127.227     9.8826   3.659105    33.5213  1026.3984    128.296     0.1249     -0.866  0.000e+00
    519.000 265.616111       2077    127.051     9.8822   3.659066    33.5213  1026.3977    128.119     0.1232     -0.757  0.000e+00
    519.250 265.616114       2078    126.867     9.8818   3.659040    33.5215  1026.3971    127.933     0.1137     -0.727  0.000e+00
    519.500 265.616117       2079    126.661     9.8812   3.659007    33.5219  1026.3965    127.726     0.1269     -0.787  0.000e+00
    519.750 265.616120       2080    126.418     9.8805   3.658974    33.5222  1026.3958    127.481     0.1244     -0.905  0.000e+00
    520.000 265.616123       2081    126.133     9.8804   3.658973    33.5225  1026.3947    127.193     0.1150     -1.066  0.000e+00
    520.250 265.616126       2082    125.804     9.8803   3.659033    33.5233  1026.3939    126.860     0.1384     -1.240  0.000e+00
    520.500 265.616128       2083    125.452     9.8804   3.658973    33.5228  1026.3918    126.506     0.1166     -1.374  0.000e+00
    520.750 265.616131       2084    125.089     9.8810   3.659039    33.5231  1026.3903    126.139     0.1257     -1.442  0.000e+00
    521.000 265.616134       2085    124.728     9.8816   3.659105    33.5234  1026.3888    125.775     0.1158     -1.462  0.000e+00
    521.250 265.616137       2086    124.383     9.8822   3.659072    33.5226  1026.3865    125.428     0.1269     -1.423  0.000e+00
    521.500 265.616140       2087    124.060     9.8824   3.659006    33.5219  1026.3844    125.101     0.1154     -1.347  0.000e+00
    521.750 265.616143       2088    123.737     9.8825   3.658927    33.5211  1026.3823    124.776     0.1265     -1.304  0.000e+00
    522.000 265.616146       2089    123.424     9.8825   3.658538    33.5174  1026.3780    124.460     0.1170     -1.283  0.000e+00
    522.250 265.616149       2090    123.109     9.8834   3.659275    33.5242  1026.3817    124.143     0.1191     -1.266  0.000e+00
    522.500 265.616152       2091    122.787     9.8850   3.659439    33.5244  1026.3802    123.817     0.1178     -1.285  0.000e+00
    522.750 265.616155       2092    122.465     9.8874   3.659538    33.5234  1026.3775    123.493     0.1364     -1.300  0.000e+00
    523.000 265.616157       2093    122.147     9.8900   3.659676    33.5225  1026.3749    123.172     0.1207     -1.289  0.000e+00
    523.250 265.616160       2094    121.828     9.8926   3.659702    33.5206  1026.3715    122.850     0.1253     -1.285  0.000e+00
    523.500 265.616163       2095    121.509     9.8947   3.659774    33.5195  1026.3688    122.529     0.1450     -1.287  0.000e+00
    523.750 265.616166       2096    121.194     9.8966   3.659873    33.5189  1026.3666    122.211     0.1257     -1.279  0.000e+00
    524.000 265.616169       2097    120.870     9.8983   3.659939    33.5180  1026.3642    121.884     0.1174     -1.290  0.000e+00
    524.250 265.616172       2098    120.543     9.9002   3.660077    33.5179  1026.3622    121.554     0.1183     -1.313  0.000e+00
    524.500 265.616175       2099    120.216     9.9027   3.660241    33.5173  1026.3599    121.224     0.1335     -1.320  0.000e+00
    524.750 265.616178       2100    119.886     9.9054   3.660300    33.5156  1026.3566    120.891     0.1232     -1.326  0.000e+00
    525.000 265.616181       2101    119.556     9.9081   3.660405    33.5143  1026.3536    120.559     0.1286     -1.330  0.000e+00
    525.250 265.616183       2102    119.223     9.9112   3.660773    33.5153  1026.3524    120.223     0.1574     -1.337  0.000e+00
    525.500 265.616186       2103    118.911     9.9163   3.661142    33.5145  1026.3494    119.908     0.1294     -1.302  0.000e+00
    525.750 265.616189       2104    118.600     9.9223   3.661240    33.5100  1026.3435    119.594     0.1220     -1.257  0.000e+00
    526.000 265.616192       2105    118.309     9.9279   3.661543    33.5081  1026.3397    119.301     0.1319     -1.214  0.000e+00
    526.250 265.616195       2106    118.026     9.9334   3.661668    33.5044  1026.3346    119.015     0.1174     -1.158  0.000e+00
    526.500 265.616198       2107    117.759     9.9381   3.661911    33.5026  1026.3312    118.746     0.1356     -1.109  0.000e+00
    526.750 265.616201       2108    117.485     9.9432   3.662042    33.4993  1026.3265    118.470     0.1306     -1.090  0.000e+00
    527.000 265.616204       2109    117.199     9.9474   3.662312    33.4984  1026.3237    118.181     0.1178     -1.131  0.000e+00
    527.250 265.616207       2110    116.891     9.9519   3.662450    33.4957  1026.3195    117.870     0.1178     -1.199  0.000e+00
    527.500 265.616209       2111    116.559     9.9555   3.662450    33.4925  1026.3149    117.535     0.1405     -1.292  0.000e+00
    527.750 265.616212       2112    116.208     9.9583   3.662476    33.4904  1026.3111    117.182     0.1298     -1.378  0.000e+00
    528.000 265.616215       2113    115.853     9.9603   3.662548    33.4894  1026.3084    116.824     0.1537     -1.423  0.000e+00
    528.250 265.616218       2114    115.506     9.9622   3.662614    33.4885  1026.3058    116.473     0.1413     -1.416  0.000e+00
    528.500 265.616221       2115    115.177     9.9640   3.662647    33.4873  1026.3031    116.141     0.1281     -1.365  0.000e+00
    528.750 265.616224       2116    114.871     9.9654   3.662745    33.4871  1026.3013    115.833     0.1257     -1.281  0.000e+00
    529.000 265.616227       2117    114.594     9.9672   3.662745    33.4856  1026.2985    115.554     0.1265     -1.176  0.000e+00
    529.250 265.616230       2118    114.335     9.9690   3.662831    33.4849  1026.2965    115.293     0.1413     -1.081  0.000e+00
    529.500 265.616233       2119    114.080     9.9708   3.662850    33.4836  1026.2940    115.035     0.1224     -1.038  0.000e+00
    529.750 265.616236       2120    113.822     9.9721   3.662883    33.4828  1026.2920    114.775     0.1430     -1.036  0.000e+00
    530.000 265.616238       2121    113.554     9.9737   3.662916    33.4818  1026.2897    114.505     0.1426     -1.059  0.000e+00
    530.250 265.616241       2122    113.272     9.9749   3.662949    33.4811  1026.2877    114.220     0.1352     -1.109  0.000e+00
    530.500 265.616244       2123    112.962     9.9764   3.662949    33.4799  1026.2851    113.908     0.1401     -1.195  0.000e+00
    530.750 265.616247       2124    112.637     9.9779   3.663008    33.4792  1026.2828    113.580     0.1380     -1.281  0.000e+00
    531.000 265.616250       2125    112.301     9.9793   3.663014    33.4781  1026.2801    113.240     0.1302     -1.335  0.000e+00
    531.250 265.616253       2126    111.953     9.9807   3.663047    33.4773  1026.2777    112.890     0.2369     -1.380  0.000e+00
    531.500 265.616256       2127    111.599     9.9821   3.663080    33.4765  1026.2752    112.532     0.1356     -1.416  0.000e+00
    531.750 265.616259       2128    111.243     9.9837   3.663112    33.4755  1026.2726    112.173     0.1290     -1.433  0.000e+00
    532.000 265.616262       2129    110.886     9.9852   3.663112    33.4743  1026.2697    111.813     0.1352     -1.438  0.000e+00
    532.250 265.616264       2130    110.536     9.9864   3.663145    33.4737  1026.2675    111.461     0.1343     -1.425  0.000e+00
    532.500 265.616267       2131    110.185     9.9878   3.663145    33.4726  1026.2647    111.106     0.1397     -1.414  0.000e+00
    532.750 265.616270       2132    109.839     9.9885   3.663112    33.4717  1026.2624    110.757     0.1265     -1.408  0.000e+00
    533.000 265.616273       2133    109.493     9.9895   3.663112    33.4710  1026.2600    110.408     0.1339     -1.397  0.000e+00
    533.250 265.616276       2134    109.157     9.9904   3.663112    33.4703  1026.2578    110.069     0.1417     -1.375  0.000e+00
    533.500 265.616279       2135    108.844     9.9912   3.663177    33.4703  1026.2563    109.753     0.1347     -1.309  0.000e+00
    533.750 265.616282       2136    108.533     9.9921   3.663144    33.4693  1026.2539    109.440     0.1306     -1.259  0.000e+00
    534.000 265.616285       2137    108.230     9.9933   3.663177    33.4686  1026.2518    109.135     0.1298     -1.238  0.000e+00
    534.250 265.616288       2138    107.929     9.9942   3.663210    33.4683  1026.2500    108.831     0.1768     -1.218  0.000e+00
    534.500 265.616291       2139    107.603     9.9951   3.663249    33.4680  1026.2482    108.502     0.1393     -1.266  0.000e+00
    534.750 265.616293       2140    107.273     9.9960   3.663282    33.4676  1026.2462    108.170     0.1335     -1.322  0.000e+00
    535.000 265.616296       2141    106.933     9.9971   3.663381    33.4678  1026.2446    107.826     0.1310     -1.352  0.000e+00
    535.250 265.616299       2142    106.575     9.9980   3.663282    33.4661  1026.2415    107.465     0.1314     -1.410  0.000e+00
    535.500 265.616302       2143    106.200     9.9988   3.663315    33.4658  1026.2394    107.087     0.1364     -1.479  0.000e+00
    535.750 265.616305       2144    105.817    10.0001   3.663413    33.4658  1026.2374    106.701     0.1352     -1.528  0.000e+00
    536.000 265.616308       2145    105.424    10.0021   3.663512    33.4651  1026.2348    106.305     0.1290     -1.564  0.000e+00
    536.250 265.616311       2146    105.029    10.0043   3.663577    33.4640  1026.2317    105.906     0.1216     -1.590  0.000e+00
    536.500 265.616314       2147    104.640    10.0068   3.663682    33.4629  1026.2287    105.514     0.1290     -1.582  0.000e+00
    536.750 265.616317       2148    104.263    10.0095   3.663774    33.4615  1026.2253    105.133     0.1380     -1.545  0.000e+00
    537.000 265.616319       2149    103.897    10.0129   3.663814    33.4589  1026.2211    104.764     0.1244     -1.500  0.000e+00
    537.250 265.616322       2150    103.524    10.0161   3.663912    33.4571  1026.2175    104.388     0.1356     -1.491  0.000e+00
    537.500 265.616325       2151    103.164    10.0190   3.663912    33.4546  1026.2134    104.025     0.1343     -1.478  0.000e+00
    537.750 265.616328       2152    102.815    10.0220   3.664017    33.4531  1026.2101    103.673     0.1405     -1.429  0.000e+00
    538.000 265.616331       2153    102.493    10.0248   3.664083    33.4513  1026.2068    103.348     0.1422     -1.354  0.000e+00
    538.250 265.616334       2154    102.186    10.0274   3.664162    33.4498  1026.2037    103.038     0.1376     -1.270  0.000e+00
    538.500 265.616337       2155    101.895    10.0306   3.664280    33.4482  1026.2006    102.745     0.1533     -1.205  0.000e+00
    538.750 265.616340       2156    101.617    10.0339   3.664379    33.4463  1026.1973    102.465     0.1496     -1.148  0.000e+00
    539.000 265.616343       2157    101.342    10.0374   3.664517    33.4446  1026.1941    102.187     0.1331     -1.115  0.000e+00
    539.250 265.616345       2158    101.067    10.0409   3.664517    33.4414  1026.1898    101.910     0.1459     -1.109  0.000e+00
    539.500 265.616348       2159    100.779    10.0438   3.663944    33.4330  1026.1814    101.619     0.1368     -1.137  0.000e+00
    539.750 265.616351       2160    100.481    10.0464   3.664694    33.4384  1026.1839    101.319     0.1368     -1.182  0.000e+00
    540.000 265.616354       2161    100.170    10.0492   3.664786    33.4369  1026.1807    101.006     0.1269     -1.227  0.000e+00
    540.250 265.616357       2162     99.837    10.0518   3.664786    33.4347  1026.1771    100.669     0.1405     -1.300  0.000e+00
    540.500 265.616360       2163     99.499    10.0543   3.664885    33.4335  1026.1742    100.329     0.1310     -1.354  0.000e+00
    540.750 265.616363       2164     99.166    10.0566   3.664885    33.4315  1026.1707     99.992     0.1290     -1.354  0.000e+00
    541.000 265.616366       2165     98.848    10.0585   3.664884    33.4299  1026.1677     99.672     0.1290     -1.313  0.000e+00
