Raw_Data/Cage/SBE19/2020-09-19_SBE19_003_009_processed.cnv
* Sea-Bird SBE19plus Data File:
* FileName = C:\cruises\2020_barkerboys\leg2\data\cage\SBE19\2020-09-25_SBE19_004_009.hex
* Software Version 1.59
* Temperature SN =  4881
* Conductivity SN =  4881
* System UpLoad Time = Sep 25 2020 12:22:30
* ds
* SeacatPlus V 1.5  SERIAL NO. 4881    25 Sep 2020  12:15:39
# nquan = 12
# nvalues = 518                                   
# units = specified
# name 0 = timeS: Time, Elapsed [seconds]
# name 1 = timeJ: Julian Days
# name 2 = scan: Scan Count
# name 3 = depSM: Depth [salt water, m], lat = 44.00
# name 4 = tv290C: Temperature [ITS-90, deg C]
# name 5 = c0S/m: Conductivity [S/m]
# name 6 = sal00: Salinity, Practical [PSU]
# name 7 = density00: Density [density, kg/m^3]
# name 8 = prdM: Pressure, Strain Gauge [db]
# name 9 = wetStar: Fluorescence, WET Labs WETstar [mg/m^3]
# name 10 = dz/dtM: Descent Rate [m/s]
# name 11 = flag:  0.000e+00
# span 0 =      0.000,    129.250                 
# span 1 = 263.815995, 263.817491                 
# span 2 =          1,        518                 
# span 3 =      0.041,      5.512                 
# span 4 =    13.2956,    14.3215                 
# span 5 =  -0.272258,   3.858753                 
# span 6 =     0.0000,    32.4513                 
# span 7 =   999.2015,  1024.3759                 
# span 8 =      0.041,      5.557                 
# span 9 =     0.1343,     5.4734                 
# span 10 =     -0.356,      0.831                
# span 11 = 0.0000e+00, 0.0000e+00                
# interval = seconds: 0.25
# start_time = Sep 19 2020 19:35:02 [Instrument's time stamp, header]
# bad_flag = -9.990e-29
*END*
      0.000 263.815995          1      0.044    14.2975   0.004065     0.0274   999.2256      0.044     0.1352      0.000  0.000e+00
      0.250 263.815998          2      0.045    14.2977   0.004058     0.0273   999.2256      0.045     0.1343      0.002  0.000e+00
      0.500 263.816001          3      0.044    14.2978   0.004049     0.0273   999.2255      0.044     0.1405      0.000  0.000e+00
      0.750 263.816004          4      0.044    14.2978   0.004046     0.0273   999.2255      0.044     0.1384     -0.002  0.000e+00
      1.000 263.816007          5      0.044    14.2978   0.004031     0.0272   999.2254      0.044     0.1422      0.000  0.000e+00
      1.250 263.816010          6      0.046    14.2978   0.004040     0.0272   999.2255      0.046     0.1422      0.004  0.000e+00
      1.500 263.816013          7      0.042    14.2978   0.004040     0.0272   999.2254      0.042     0.1450     -0.004  0.000e+00
      1.750 263.816016          8      0.045    14.2980   0.004037     0.0272   999.2254      0.045     0.1459     -0.002  0.000e+00
      2.000 263.816019          9      0.044    14.2980   0.004040     0.0272   999.2254      0.044     0.1442      0.004  0.000e+00
      2.250 263.816021         10      0.046    14.2982   0.004040     0.0272   999.2254      0.047     0.1446      0.002  0.000e+00
      2.500 263.816024         11      0.045    14.2982   0.004049     0.0273   999.2254      0.045     0.1508      0.002  0.000e+00
      2.750 263.816027         12      0.043    14.2983   0.004046     0.0273   999.2254      0.043     0.1475     -0.006  0.000e+00
      3.000 263.816030         13      0.045    14.2982   0.004049     0.0273   999.2254      0.045     0.1467     -0.000  0.000e+00
      3.250 263.816033         14      0.045    14.2984   0.004040     0.0272   999.2254      0.045     0.1487      0.004  0.000e+00
      3.500 263.816036         15      0.044    14.2983   0.004040     0.0272   999.2254      0.044     0.1455     -0.002  0.000e+00
      3.750 263.816039         16      0.045    14.2985   0.004037     0.0272   999.2254      0.045     0.1483      0.000  0.000e+00
      4.000 263.816042         17      0.044    14.2984   0.004031     0.0272   999.2253      0.044     0.1479      0.000  0.000e+00
      4.250 263.816045         18      0.044    14.2984   0.004040     0.0272   999.2254      0.044     0.1496     -0.002  0.000e+00
      4.500 263.816047         19      0.044    14.2986   0.004040     0.0272   999.2253      0.044     0.1496      0.000  0.000e+00
      4.750 263.816050         20      0.045    14.2987   0.004037     0.0272   999.2253      0.045     0.1463      0.002  0.000e+00
      5.000 263.816053         21      0.047    14.2989   0.004040     0.0272   999.2253      0.048     0.1479      0.006  0.000e+00
      5.250 263.816056         22      0.045    14.2987   0.004022     0.0271   999.2253      0.045     0.1504      0.000  0.000e+00
      5.500 263.816059         23      0.045    14.2989   0.004022     0.0271   999.2252      0.045     0.1479     -0.004  0.000e+00
      5.750 263.816062         24      0.043    14.2989   0.004031     0.0272   999.2253      0.043     0.1471     -0.004  0.000e+00
      6.000 263.816065         25      0.045    14.2990   0.004040     0.0272   999.2253      0.045     0.1520      0.000  0.000e+00
      6.250 263.816068         26      0.042    14.2991   0.004040     0.0272   999.2253      0.042     0.1471     -0.002  0.000e+00
      6.500 263.816071         27      0.044    14.2991   0.004040     0.0272   999.2253      0.044     0.1483     -0.002  0.000e+00
      6.750 263.816073         28      0.043    14.2991   0.004052     0.0273   999.2253      0.043     0.1508      0.002  0.000e+00
      7.000 263.816076         29      0.043    14.2992   0.004049     0.0273   999.2253      0.043     0.1492     -0.002  0.000e+00
      7.250 263.816079         30      0.044    14.2992   0.004031     0.0272   999.2252      0.044     0.1541      0.002  0.000e+00
      7.500 263.816082         31      0.043    14.2993   0.004040     0.0272   999.2252      0.043     0.1500 2.3685e-15  0.000e+00
      7.750 263.816085         32      0.043    14.2993   0.004037     0.0272   999.2252      0.043     0.1487     -0.002  0.000e+00
      8.000 263.816088         33      0.044    14.2993   0.004040     0.0272   999.2253      0.044     0.1504      0.002  0.000e+00
      8.250 263.816091         34      0.043    14.2994   0.004049     0.0273   999.2253      0.043     0.1512      0.000  0.000e+00
      8.500 263.816094         35      0.044    14.2993   0.004049     0.0273   999.2253      0.044     0.1529     -0.000  0.000e+00
      8.750 263.816097         36      0.045    14.2995   0.004052     0.0273   999.2253      0.045     0.1496      0.004  0.000e+00
      9.000 263.816100         37      0.042    14.2995   0.004049     0.0273   999.2252      0.042     0.1508     -0.004  0.000e+00
      9.250 263.816102         38      0.043    14.2995   0.004049     0.0273   999.2253      0.043     0.1496     -0.004  0.000e+00
      9.500 263.816105         39      0.042    14.2997   0.004040     0.0272   999.2252      0.042     0.1504     -0.000  0.000e+00
      9.750 263.816108         40      0.042    14.2997   0.004046     0.0273   999.2252      0.042     0.1508     -0.002  0.000e+00
     10.000 263.816111         41      0.042    14.2998   0.004031     0.0272   999.2251      0.042     0.1545 1.1842e-15  0.000e+00
     10.250 263.816114         42      0.043    14.2997   0.004031     0.0272   999.2251      0.043     0.1520      0.002  0.000e+00
     10.500 263.816117         43      0.044    14.2997   0.004040     0.0272   999.2252      0.044     0.1508      0.004  0.000e+00
     10.750 263.816120         44      0.043    14.2997   0.004031     0.0272   999.2251      0.043     0.1492     -0.000  0.000e+00
     11.000 263.816123         45      0.045    14.2999   0.004031     0.0272   999.2251      0.046     0.1500      0.002  0.000e+00
     11.250 263.816126         46      0.043    14.2999   0.004040     0.0272   999.2252      0.043     0.1479      0.000  0.000e+00
     11.500 263.816128         47      0.044    14.2999   0.004040     0.0272   999.2252      0.044     0.1450     -0.002  0.000e+00
     11.750 263.816131         48      0.044    14.2999   0.004037     0.0272   999.2251      0.044     0.1512      0.002  0.000e+00
     12.000 263.816134         49      0.042    14.3001   0.004031     0.0272   999.2251      0.042     0.1471     -0.004  0.000e+00
     12.250 263.816137         50      0.043    14.3002   0.004040     0.0272   999.2251      0.043     0.1545     -0.002  0.000e+00
     12.500 263.816140         51      0.044    14.3001   0.004040     0.0272   999.2251      0.044     0.1558      0.004  0.000e+00
     12.750 263.816143         52      0.044    14.3002   0.004031     0.0272   999.2251      0.044     0.1487      0.002  0.000e+00
     13.000 263.816146         53      0.043    14.3002   0.004031     0.0272   999.2251      0.043     0.1525     -0.002  0.000e+00
     13.250 263.816149         54      0.043    14.3002   0.004031     0.0272   999.2251      0.043     0.1483     -0.002  0.000e+00
     13.500 263.816152         55      0.041    14.3004   0.004031     0.0272   999.2250      0.041     0.1512     -0.004  0.000e+00
     13.750 263.816155         56      0.043    14.3004   0.004022     0.0271   999.2250      0.043     0.1504      0.000  0.000e+00
     14.000 263.816157         57      0.041    14.3002   0.004031     0.0272   999.2251      0.041     0.1479 2.3685e-15  0.000e+00
     14.250 263.816160         58      0.042    14.3003   0.004022     0.0271   999.2250      0.042     0.1516     -0.002  0.000e+00
     14.500 263.816163         59      0.043    14.3004   0.004015     0.0271   999.2250      0.043     0.1496      0.004  0.000e+00
     14.750 263.816166         60      0.042    14.3004   0.004015     0.0271   999.2250      0.042     0.1537      0.000  0.000e+00
     15.000 263.816169         61      0.044    14.3004   0.004015     0.0271   999.2250      0.044     0.1500      0.002  0.000e+00
     15.250 263.816172         62      0.043    14.3004   0.004006     0.0270   999.2249      0.043     0.1459      0.002  0.000e+00
     15.500 263.816175         63      0.042    14.3006   0.004006     0.0270   999.2249      0.042     0.1487     -0.004  0.000e+00
     15.750 263.816178         64      0.043    14.3007   0.003997     0.0270   999.2249      0.043     0.1537      0.000  0.000e+00
     16.000 263.816181         65      0.044    14.3007   0.004000     0.0270   999.2249      0.044     0.1512      0.004  0.000e+00
     16.250 263.816183         66      0.043    14.3006   0.003988     0.0269   999.2248      0.043     0.1529      0.000  0.000e+00
     16.500 263.816186         67      0.043    14.3008   0.003988     0.0269   999.2248      0.043     0.1512     -0.002  0.000e+00
     16.750 263.816189         68      0.044    14.3008   0.003979     0.0269   999.2248      0.044     0.1553      0.002  0.000e+00
     17.000 263.816192         69      0.043    14.3008   0.003991     0.0270   999.2248      0.043     0.1496      0.000  0.000e+00
     17.250 263.816195         70      0.043    14.3009   0.003997     0.0270   999.2248      0.043     0.1562     -0.002  0.000e+00
     17.500 263.816198         71      0.043    14.3010   0.003997     0.0270   999.2248      0.043     0.1549     -0.000  0.000e+00
     17.750 263.816201         72      0.043    14.3010   0.004006     0.0270   999.2249      0.043     0.1500      0.000  0.000e+00
     18.000 263.816204         73      0.043    14.3008   0.004000     0.0270   999.2248      0.043     0.1496 2.3685e-15  0.000e+00
     18.250 263.816207         74      0.044    14.3010   0.003988     0.0269   999.2248      0.044     0.1520      0.002  0.000e+00
     18.500 263.816209         75      0.042    14.3010   0.003988     0.0269   999.2248      0.042     0.1549     -0.002  0.000e+00
     18.750 263.816212         76      0.043    14.3010   0.003988     0.0269   999.2248      0.043     0.1533     -0.002  0.000e+00
     19.000 263.816215         77      0.044    14.3011   0.003985     0.0269   999.2247      0.044     0.1504      0.004  0.000e+00
     19.250 263.816218         78      0.043    14.3012   0.003972     0.0269   999.2247      0.043     0.1516      0.000  0.000e+00
     19.500 263.816221         79      0.043    14.3013   0.003972     0.0269   999.2247      0.043     0.1520     -0.002  0.000e+00
     19.750 263.816224         80      0.045    14.3013   0.003963     0.0268   999.2246      0.046     0.1545      0.004  0.000e+00
     20.000 263.816227         81      0.043    14.3014   0.003960     0.0268   999.2246      0.043     0.1516      0.000  0.000e+00
     20.250 263.816230         82      0.042    14.3013   0.003963     0.0268   999.2246      0.042     0.1512     -0.006  0.000e+00
     20.500 263.816233         83      0.042    14.3013   0.003963     0.0268   999.2246      0.042     0.1525     -0.002  0.000e+00
     20.750 263.816236         84      0.043    14.3013   0.003954     0.0268   999.2246      0.043     0.1529      0.002  0.000e+00
     21.000 263.816238         85      0.044    14.3015   0.003960     0.0268   999.2246      0.044     0.1541      0.004  0.000e+00
     21.250 263.816241         86      0.042    14.3015   0.003963     0.0268   999.2246      0.042     0.1508     -0.002  0.000e+00
     21.500 263.816244         87      0.042    14.3015   0.003954     0.0268   999.2246      0.042     0.1529     -0.004  0.000e+00
     21.750 263.816247         88      0.043    14.3017   0.003963     0.0268   999.2246      0.043     0.1533      0.002  0.000e+00
     22.000 263.816250         89      0.044    14.3017   0.003960     0.0268   999.2246      0.044     0.1516      0.004  0.000e+00
     22.250 263.816253         90      0.043    14.3016   0.003963     0.0268   999.2246      0.043     0.1516      0.000  0.000e+00
     22.500 263.816256         91      0.044    14.3015   0.003954     0.0268   999.2246      0.044     0.1549      0.000  0.000e+00
     22.750 263.816259         92      0.045    14.3016   0.003945     0.0267   999.2245      0.046     0.1541      0.004  0.000e+00
     23.000 263.816262         93      0.044    14.3015   0.003945     0.0267   999.2245      0.044     0.1537      0.000  0.000e+00
     23.250 263.816264         94      0.043    14.3016   0.003936     0.0267   999.2245      0.043     0.1500     -0.004  0.000e+00
     23.500 263.816267         95      0.043    14.3017   0.003929     0.0266   999.2244      0.043     0.1529     -0.002  0.000e+00
     23.750 263.816270         96      0.043    14.3017   0.003929     0.0266   999.2244      0.043     0.1537      0.000  0.000e+00
     24.000 263.816273         97      0.043    14.3017   0.003923     0.0266   999.2244      0.043     0.1529 4.7370e-15  0.000e+00
     24.250 263.816276         98      0.043    14.3017   0.003920     0.0266   999.2244      0.043     0.1500     -0.000  0.000e+00
     24.500 263.816279         99      0.044    14.3017   0.003920     0.0266   999.2244      0.045     0.1520      0.002  0.000e+00
     24.750 263.816282        100      0.043    14.3018   0.003920     0.0266   999.2244      0.043     0.1508      0.000  0.000e+00
     25.000 263.816285        101      0.043    14.3019   0.003914     0.0265   999.2243      0.043     0.1512     -0.002  0.000e+00
     25.250 263.816288        102      0.042    14.3019   0.003911     0.0265   999.2243      0.042     0.1525     -0.002  0.000e+00
     25.500 263.816291        103      0.043    14.3020   0.003902     0.0265   999.2243      0.043     0.1541 4.7370e-15  0.000e+00
     25.750 263.816293        104      0.043    14.3020   0.003911     0.0265   999.2243      0.043     0.1504      0.002  0.000e+00
     26.000 263.816296        105      0.044    14.3019   0.003908     0.0265   999.2243      0.045     0.1570      0.002  0.000e+00
     26.250 263.816299        106      0.044    14.3020   0.003911     0.0265   999.2243      0.044     0.1558      0.002  0.000e+00
     26.500 263.816302        107      0.043    14.3021   0.003920     0.0266   999.2243      0.043     0.1512     -0.002  0.000e+00
     26.750 263.816305        108      0.044    14.3021   0.003920     0.0266   999.2243      0.045     0.1549      0.000  0.000e+00
     27.000 263.816308        109      0.041    14.3021   0.003914     0.0265   999.2243      0.041     0.1545     -0.004  0.000e+00
     27.250 263.816311        110      0.043    14.3022   0.003911     0.0265   999.2243      0.043     0.1533     -0.002  0.000e+00
     27.500 263.816314        111      0.044    14.3021   0.003902     0.0265   999.2243      0.044     0.1541      0.006  0.000e+00
     27.750 263.816317        112      0.043    14.3021   0.003893     0.0264   999.2242      0.043     0.1541     -0.000  0.000e+00
     28.000 263.816319        113      0.045    14.3021   0.003886     0.0264   999.2242      0.046     0.1558      0.002  0.000e+00
     28.250 263.816322        114      0.045    14.3021   0.003877     0.0263   999.2241      0.046     0.1512      0.004  0.000e+00
     28.500 263.816325        115      0.044    14.3021   0.003886     0.0264   999.2242      0.045     0.1533     -0.002  0.000e+00
     28.750 263.816328        116      0.043    14.3021   0.003893     0.0264   999.2242      0.043     0.1529     -0.004  0.000e+00
     29.000 263.816331        117      0.042    14.3023   0.003902     0.0265   999.2242      0.042     0.1553     -0.004  0.000e+00
     29.250 263.816334        118      0.044    14.3021   0.003914     0.0265   999.2243      0.045     0.1545      0.002  0.000e+00
     29.500 263.816337        119      0.044    14.3022   0.003920     0.0266   999.2243      0.045     0.1520      0.004  0.000e+00
     29.750 263.816340        120      0.042    14.3021   0.003920     0.0266   999.2243      0.042     0.1516     -0.004  0.000e+00
