Raw_Data/Cage/SBE19/2020-09-26_SBE19_008_037_processed.cnv
* Sea-Bird SBE19plus Data File:
* FileName = C:\cruises\2020_barkerboys\leg2\data\cage\SBE19\2020-09-25_SBE19_008_037037.hex
* Software Version 1.59
* Temperature SN =  4881
* Conductivity SN =  4881
* System UpLoad Time = Sep 26 2020 18:12:39
* ds
* SeacatPlus V 1.5  SERIAL NO. 4881    26 Sep 2020  18:11:53
# nquan = 12
# nvalues = 2205                                  
# units = specified
# name 0 = timeS: Time, Elapsed [seconds]
# name 1 = timeJ: Julian Days
# name 2 = scan: Scan Count
# name 3 = depSM: Depth [salt water, m], lat = 44.00
# name 4 = tv290C: Temperature [ITS-90, deg C]
# name 5 = c0S/m: Conductivity [S/m]
# name 6 = sal00: Salinity, Practical [PSU]
# name 7 = density00: Density [density, kg/m^3]
# name 8 = prdM: Pressure, Strain Gauge [db]
# name 9 = wetStar: Fluorescence, WET Labs WETstar [mg/m^3]
# name 10 = dz/dtM: Descent Rate [m/s]
# name 11 = flag:  0.000e+00
# span 0 =      0.000,    551.000                 
# span 1 = 270.516134, 270.522512                 
# span 2 =          1,       2205                 
# span 3 =     -0.001,    137.281                 
# span 4 =    10.6693,    13.3505                 
# span 5 =   0.000695,   3.802133                 
# span 6 =     0.0094,    33.2123                 
# span 7 =   999.3410,  1026.0661                 
# span 8 =     -0.001,    138.438                 
# span 9 =     0.1801,     6.9986                 
# span 10 =     -1.112,      1.025                
# span 11 = 0.0000e+00, 0.0000e+00                
# interval = seconds: 0.25
# start_time = Sep 26 2020 12:23:14 [Instrument's time stamp, header]
# bad_flag = -9.990e-29
*END*
[from data line 121]
     30.250 270.516484        122      0.001    13.3336   0.000711     0.0095   999.3432      0.001     0.1937     -0.004  0.000e+00
     30.500 270.516487        123      0.001    13.3338   0.000714     0.0095   999.3432      0.001     0.1879     -0.002  0.000e+00
     30.750 270.516490        124      0.004    13.3340   0.000705     0.0094   999.3432      0.004     0.1908      0.006  0.000e+00
     31.000 270.516493        125      0.002    13.3340   0.000711     0.0095   999.3432      0.002     0.1904      0.002  0.000e+00
     31.250 270.516496        126      0.002    13.3341   0.000720     0.0095   999.3432      0.002     0.1891     -0.004  0.000e+00
     31.500 270.516499        127      0.001    13.3345   0.000711     0.0095   999.3431      0.001     0.1867     -0.002  0.000e+00
     31.750 270.516502        128      0.002    13.3347   0.000714     0.0095   999.3431      0.002     0.1920     -0.000  0.000e+00
     32.000 270.516505        129      0.001    13.3347   0.000711     0.0095   999.3431      0.001     0.1916 1.4803e-16  0.000e+00
     32.250 270.516508        130      0.002    13.3348   0.000711     0.0095   999.3431      0.002     0.1949      0.000  0.000e+00
     32.500 270.516510        131      0.001    13.3348   0.000711     0.0095   999.3431      0.001     0.1937      0.000  0.000e+00
     32.750 270.516513        132      0.004    13.3348   0.000705     0.0094   999.3431      0.004     0.1867      0.004  0.000e+00
     33.000 270.516516        133      0.002    13.3348   0.000711     0.0095   999.3431      0.002     0.1871      0.002  0.000e+00
     33.250 270.516519        134      0.003    13.3347   0.000705     0.0094   999.3431      0.003     0.1883     -0.002  0.000e+00
     33.500 270.516522        135      0.001    13.3348   0.000711     0.0095   999.3431      0.001     0.1891     -0.002  0.000e+00
     33.750 270.516525        136      0.001    13.3350   0.000705     0.0094   999.3430      0.001     0.1875     -0.004  0.000e+00
     34.000 270.516528        137      0.000    13.3348   0.000714     0.0095   999.3431      0.000     0.1904     -0.002  0.000e+00
     34.250 270.516531        138      0.001    13.3350   0.000711     0.0095   999.3431      0.001     0.1879     -0.000  0.000e+00
     34.500 270.516534        139      0.002    13.3350   0.000711     0.0095   999.3431      0.002     0.1867      0.004  0.000e+00
     34.750 270.516536        140      0.003    13.3350   0.000711     0.0095   999.3431      0.003     0.1879      0.004  0.000e+00
     35.000 270.516539        141      0.003    13.3348   0.000720     0.0095   999.3431      0.003     0.1895      0.002  0.000e+00
     35.250 270.516542        142      0.002    13.3348   0.000711     0.0095   999.3431      0.002     0.1887     -0.002  0.000e+00
     35.500 270.516545        143      0.000    13.3348   0.000711     0.0095   999.3431      0.000     0.1891     -0.006  0.000e+00
     35.750 270.516548        144      0.001    13.3347   0.000711     0.0095   999.3431      0.001     0.1883     -0.002  0.000e+00
     36.000 270.516551        145      0.001    13.3350   0.000714     0.0095   999.3431      0.001     0.1887      0.002  0.000e+00
     36.250 270.516554        146      0.000    13.3356   0.000720     0.0095   999.3430      0.000     0.1904     -0.002  0.000e+00
     36.500 270.516557        147      0.001    13.3364   0.000711     0.0095   999.3429      0.001     0.1908     -0.000  0.000e+00
     36.750 270.516560        148      0.003    13.3369   0.000711     0.0095   999.3428      0.003     0.1871      0.006  0.000e+00
     37.000 270.516563        149      0.003    13.3374   0.000711     0.0095   999.3428      0.003     0.1854      0.004  0.000e+00
     37.250 270.516565        150      0.001    13.3378   0.000714     0.0095   999.3427      0.001     0.1854     -0.004  0.000e+00
     37.500 270.516568        151      0.002    13.3380   0.000711     0.0095   999.3427      0.002     0.1875     -0.002  0.000e+00
     37.750 270.516571        152      0.000    13.3380   0.000711     0.0095   999.3427      0.000     0.1920     -0.002  0.000e+00
     38.000 270.516574        153      0.001    13.3382   0.000711     0.0095   999.3426      0.001     0.1924     -0.002  0.000e+00
     38.250 270.516577        154      0.001    13.3384   0.000714     0.0095   999.3426      0.001     0.1887      0.002  0.000e+00
     38.500 270.516580        155      0.000    13.3386   0.000711     0.0095   999.3426      0.000     0.1932     -0.002  0.000e+00
     38.750 270.516583        156      0.002    13.3384   0.000720     0.0095   999.3427      0.002     0.1887      0.002  0.000e+00
     39.000 270.516586        157      0.002    13.3382   0.000720     0.0095   999.3427      0.002     0.1854      0.004  0.000e+00
     39.250 270.516589        158      0.002    13.3381   0.000714     0.0095   999.3427      0.002     0.1887 -2.961e-16  0.000e+00
     39.500 270.516591        159      0.002    13.3381   0.000711     0.0095   999.3427      0.002     0.1854      0.000  0.000e+00
     39.750 270.516594        160      0.004    13.3384   0.000711     0.0095   999.3426      0.004     0.1908      0.004  0.000e+00
     40.000 270.516597        161      0.000    13.3385   0.000711     0.0095   999.3426      0.000     0.1858     -0.004  0.000e+00
     40.250 270.516600        162      0.001    13.3386   0.000705     0.0094   999.3426      0.001     0.1904     -0.006  0.000e+00
     40.500 270.516603        163      0.005    13.3387   0.000720     0.0095   999.3426      0.005     0.1895      0.011  0.000e+00
     40.750 270.516606        164      0.002    13.3388   0.000711     0.0095   999.3426      0.002     0.1920      0.002  0.000e+00
     41.000 270.516609        165      0.002    13.3388   0.000711     0.0095   999.3426      0.002     0.1895     -0.006  0.000e+00
     41.250 270.516612        166      0.002    13.3388   0.000720     0.0095   999.3426      0.002     0.1899      0.000  0.000e+00
     41.500 270.516615        167      0.002    13.3388   0.000714     0.0095   999.3426      0.002     0.1891      0.000  0.000e+00
     41.750 270.516617        168      0.001    13.3390   0.000711     0.0095   999.3425      0.001     0.1875     -0.002  0.000e+00
     42.000 270.516620        169      0.002    13.3394   0.000711     0.0095   999.3425      0.002     0.1891      0.000  0.000e+00
     42.250 270.516623        170      0.003    13.3400   0.000711     0.0095   999.3424      0.003     0.1891      0.004  0.000e+00
     42.500 270.516626        171      0.003    13.3402   0.000714     0.0095   999.3424      0.003     0.1924      0.002  0.000e+00
     42.750 270.516629        172      0.003    13.3404   0.000705     0.0094   999.3423      0.003     0.1895     -0.000  0.000e+00
     43.000 270.516632        173      0.004    13.3406   0.000711     0.0095   999.3423      0.004     0.1875      0.002  0.000e+00
     43.250 270.516635        174      0.001    13.3404   0.000720     0.0095   999.3424      0.001     0.1862     -0.004  0.000e+00
     43.500 270.516638        175      0.003    13.3408   0.000711     0.0095   999.3423      0.003     0.1916     -0.002  0.000e+00
     43.750 270.516641        176      0.001    13.3409   0.000705     0.0094   999.3423      0.001     0.1941      0.000  0.000e+00
     44.000 270.516644        177      0.000    13.3412   0.000711     0.0095   999.3422      0.000     0.1862     -0.006  0.000e+00
     44.250 270.516646        178      0.003    13.3414   0.000711     0.0095   999.3422      0.003     0.1891      0.004  0.000e+00
     44.500 270.516649        179      0.003    13.3418   0.000711     0.0095   999.3422      0.003     0.1937      0.006  0.000e+00
     44.750 270.516652        180      0.001    13.3422   0.000714     0.0095   999.3421      0.001     0.1908     -0.004  0.000e+00
     45.000 270.516655        181      0.002    13.3423   0.000711     0.0095   999.3421      0.002     0.1904     -0.002  0.000e+00
     45.250 270.516658        182      0.002    13.3424   0.000711     0.0095   999.3421      0.002     0.1879      0.002  0.000e+00
     45.500 270.516661        183      0.003    13.3424   0.000711     0.0095   999.3421      0.003     0.1957      0.002  0.000e+00
     45.750 270.516664        184      0.002    13.3422   0.000720     0.0095   999.3422      0.002     0.1862      0.000  0.000e+00
     46.000 270.516667        185      0.002    13.3423   0.000711     0.0095   999.3421      0.002     0.1891     -0.002  0.000e+00
     46.250 270.516670        186      0.002    13.3423   0.000720     0.0095   999.3421      0.002     0.1887     -0.000  0.000e+00
     46.500 270.516672        187      0.004    13.3424   0.000720     0.0095   999.3421      0.004     0.1928      0.004  0.000e+00
     46.750 270.516675        188      0.001    13.3426   0.000705     0.0094   999.3420      0.001     0.1899     -0.002  0.000e+00
     47.000 270.516678        189      0.003    13.3429   0.000705     0.0094   999.3420      0.003     0.1883     -0.002  0.000e+00
     47.250 270.516681        190      0.002    13.3431   0.000711     0.0095   999.3420      0.002     0.1862      0.002  0.000e+00
     47.500 270.516684        191      0.001    13.3433   0.000711     0.0095   999.3420      0.001     0.1883     -0.004  0.000e+00
     47.750 270.516687        192      0.002    13.3432   0.000711     0.0095   999.3420      0.002     0.1891      0.000  0.000e+00
     48.000 270.516690        193      0.001    13.3433   0.000714     0.0095   999.3420      0.001     0.1908 2.9606e-16  0.000e+00
     48.250 270.516693        194      0.003    13.3433   0.000711     0.0095   999.3420      0.003     0.1912      0.002  0.000e+00
     48.500 270.516696        195      0.002    13.3433   0.000711     0.0095   999.3420      0.002     0.1883      0.002  0.000e+00
     48.750 270.516698        196      0.003    13.3435   0.000705     0.0094   999.3419      0.003     0.1867      0.000  0.000e+00
     49.000 270.516701        197      0.003    13.3436   0.000714     0.0095   999.3420      0.003     0.1879      0.002  0.000e+00
     49.250 270.516704        198      0.000    13.3440   0.000711     0.0095   999.3419      0.000     0.1908     -0.006  0.000e+00
     49.500 270.516707        199      0.001    13.3442   0.000711     0.0095   999.3419      0.001     0.1908     -0.004  0.000e+00
     49.750 270.516710        200      0.002    13.3446   0.000711     0.0095   999.3418      0.002     0.1883      0.004  0.000e+00
     50.000 270.516713        201      0.001    13.3448   0.000711     0.0095   999.3418      0.001     0.1920      0.000  0.000e+00
     50.250 270.516716        202      0.002    13.3451   0.000705     0.0094   999.3417      0.002     0.1871      0.000  0.000e+00
     50.500 270.516719        203      0.002    13.3456   0.000705     0.0094   999.3417      0.002     0.1920      0.002  0.000e+00
     50.750 270.516722        204      0.001    13.3459   0.000711     0.0095   999.3416      0.001     0.1916     -0.002  0.000e+00
     51.000 270.516725        205      0.002    13.3464   0.000711     0.0095   999.3416      0.002     0.1928      0.000  0.000e+00
     51.250 270.516727        206      0.004    13.3467   0.000705     0.0094   999.3415      0.004     0.1908      0.006  0.000e+00
     51.500 270.516730        207      0.002    13.3471   0.000705     0.0094   999.3415      0.002     0.1879     -0.000  0.000e+00
     51.750 270.516733        208      0.003    13.3475   0.000711     0.0095   999.3414      0.003     0.1883     -0.002  0.000e+00
     52.000 270.516736        209      0.001    13.3481   0.000711     0.0095   999.3414      0.001     0.1887     -0.002  0.000e+00
     52.250 270.516739        210      0.003    13.3483   0.000711     0.0095   999.3413      0.003     0.1920     -0.000  0.000e+00
     52.500 270.516742        211      0.002    13.3485   0.000705     0.0094   999.3413      0.002     0.1895      0.002  0.000e+00
     52.750 270.516745        212      0.002    13.3487   0.000711     0.0095   999.3413      0.002     0.1875     -0.002  0.000e+00
     53.000 270.516748        213      0.001    13.3493   0.000711     0.0095   999.3412      0.001     0.1883     -0.002  0.000e+00
     53.250 270.516751        214      0.002    13.3499   0.000711     0.0095   999.3411      0.002     0.1904     -0.000  0.000e+00
     53.500 270.516753        215      0.001    13.3505   0.000714     0.0095   999.3410      0.001     0.1920      0.000  0.000e+00
     53.750 270.516756        216      0.001    13.3505   0.000711     0.0095   999.3410      0.001     0.1887     -0.002  0.000e+00
     54.000 270.516759        217      0.001    13.3493   0.000711     0.0095   999.3412      0.001     0.1904      0.000  0.000e+00
     54.250 270.516762        218      0.001    13.3484   0.000695     0.0094   999.3413      0.001     0.1916 -2.961e-16  0.000e+00
     54.500 270.516765        219      0.003    13.3471   0.000714     0.0095   999.3415      0.003     0.1899      0.004  0.000e+00
     54.750 270.516768        220      0.001    13.3453   0.000705     0.0094   999.3417      0.001     0.1941      0.000  0.000e+00
     55.000 270.516771        221      0.001    13.3437   0.000711     0.0095   999.3419      0.001     0.1904     -0.004  0.000e+00
     55.250 270.516774        222      0.001    13.3422   0.000711     0.0095   999.3421      0.001     0.1858      0.000  0.000e+00
     55.500 270.516777        223      0.001    13.3387   0.000705     0.0094   999.3426      0.001     0.1899      0.000  0.000e+00
     55.750 270.516780        224      0.000    13.3332   0.000705     0.0094   999.3433      0.000     0.1945     -0.002  0.000e+00
     56.000 270.516782        225      0.001    13.3298   0.000711     0.0095   999.3437      0.001     0.1883 -1.480e-16  0.000e+00
     56.250 270.516785        226      0.002    13.3293   0.000711     0.0095   999.3438      0.002     0.1899      0.004  0.000e+00
     56.500 270.516788        227      0.002    13.3293   0.000711     0.0095   999.3438      0.002     0.1916      0.002  0.000e+00
     56.750 270.516791        228      0.002    13.3294   0.000705     0.0094   999.3438      0.002     0.1871      0.000  0.000e+00
     57.000 270.516794        229      0.001    13.3290   0.000711     0.0095   999.3438      0.001     0.1883     -0.002  0.000e+00
     57.250 270.516797        230      0.000    13.3286   0.000711     0.0095   999.3439      0.000     0.1883     -0.004  0.000e+00
     57.500 270.516800        231      0.001    13.3285   0.000711     0.0095   999.3439      0.001     0.1891      0.000  0.000e+00
     57.750 270.516803        232      0.001    13.3280   0.000705     0.0094   999.3440      0.001     0.1891      0.002  0.000e+00
     58.000 270.516806        233      0.002    13.3242   0.000711     0.0095   999.3445      0.002     0.1912      0.002  0.000e+00
     58.250 270.516808        234      0.002    13.3189   0.000711     0.0094   999.3452      0.002     0.1899      0.002  0.000e+00
     58.500 270.516811        235      0.001    13.3133   0.000711     0.0094   999.3459      0.001     0.1920     -0.002  0.000e+00
     58.750 270.516814        236      0.002    13.3069   0.000711     0.0094   999.3467      0.002     0.1904      0.000  0.000e+00
     59.000 270.516817        237      0.001    13.2996   0.000714     0.0095   999.3477      0.001     0.1891      0.000  0.000e+00
     59.250 270.516820        238      0.001    13.2956   0.000711     0.0094   999.3482      0.001     0.1928     -0.002  0.000e+00
     59.500 270.516823        239      0.001    13.2947   0.000705     0.0094   999.3483      0.001     0.1908 -2.961e-16  0.000e+00
     59.750 270.516826        240      0.004    13.2941   0.000705     0.0094   999.3484      0.004     0.1908      0.006  0.000e+00
