Raw_Data/Cage/SBE19/2020-09-20_SBE19_004_011_processed.cnv
* Sea-Bird SBE19plus Data File:
* FileName = C:\cruises\2020_barkerboys\leg2\data\cage\SBE19\2020-09-25_SBE19_004_011.hex
* Software Version 1.59
* Temperature SN =  4881
* Conductivity SN =  4881
* System UpLoad Time = Sep 25 2020 12:23:18
* ds
* SeacatPlus V 1.5  SERIAL NO. 4881    25 Sep 2020  12:15:39
# nquan = 12
# nvalues = 2357                                  
# units = specified
# name 0 = timeS: Time, Elapsed [seconds]
# name 1 = timeJ: Julian Days
# name 2 = scan: Scan Count
# name 3 = depSM: Depth [salt water, m], lat = 44.00
# name 4 = tv290C: Temperature [ITS-90, deg C]
# name 5 = c0S/m: Conductivity [S/m]
# name 6 = sal00: Salinity, Practical [PSU]
# name 7 = density00: Density [density, kg/m^3]
# name 8 = prdM: Pressure, Strain Gauge [db]
# name 9 = wetStar: Fluorescence, WET Labs WETstar [mg/m^3]
# name 10 = dz/dtM: Descent Rate [m/s]
# name 11 = flag:  0.000e+00
# span 0 =      0.000,    589.000                 
# span 1 = 264.513843, 264.520660                 
# span 2 =          1,       2357                 
# span 3 =      0.120,    104.862                 
# span 4 =     9.2869,    13.0509                 
# span 5 =   0.004823,   3.818681                 
# span 6 =     0.0334,    32.9612                 
# span 7 =   999.7623,  1025.6643                 
# span 8 =      0.121,    105.738                 
# span 9 =     0.1496,     4.5064                 
# span 10 =     -1.553,      1.310                
# span 11 = 0.0000e+00, 0.0000e+00                
# interval = seconds: 0.25
# start_time = Sep 20 2020 12:19:56 [Instrument's time stamp, header]
# bad_flag = -9.990e-29
*END*
[from data line 241]
     60.250 264.514540        242      0.124     9.5984   0.006511     0.0443   999.7718      0.125     0.1673     -0.002  0.000e+00
     60.500 264.514543        243      0.122     9.5980   0.006486     0.0441   999.7717      0.123     0.1640     -0.000  0.000e+00
     60.750 264.514546        244      0.122     9.5975   0.006449     0.0439   999.7715      0.123     0.1615     -0.004  0.000e+00
     61.000 264.514549        245      0.124     9.5971   0.006400     0.0436   999.7713      0.125     0.1648      0.004  0.000e+00
     61.250 264.514552        246      0.123     9.5967   0.006357     0.0433   999.7711      0.124     0.1656      0.002  0.000e+00
     61.500 264.514554        247      0.123     9.5964   0.006301     0.0429   999.7709      0.124     0.1673     -0.002  0.000e+00
     61.750 264.514557        248      0.122     9.5958   0.006243     0.0425   999.7706      0.123     0.1685     -0.002  0.000e+00
     62.000 264.514560        249      0.126     9.5957   0.006194     0.0422   999.7704      0.127     0.1661      0.004  0.000e+00
     62.250 264.514563        250      0.121     9.5953   0.006142     0.0419   999.7701      0.122     0.1665     -0.002  0.000e+00
     62.500 264.514566        251      0.124     9.5949   0.006089     0.0415   999.7699      0.125     0.1636     -0.002  0.000e+00
     62.750 264.514569        252      0.123     9.5944   0.006056     0.0413   999.7698      0.124     0.1644      0.004  0.000e+00
     63.000 264.514572        253      0.124     9.5940   0.006019     0.0411   999.7696      0.125     0.1656     -0.000  0.000e+00
     63.250 264.514575        254      0.123     9.5935   0.006003     0.0410   999.7696      0.124     0.1656     -0.000  0.000e+00
     63.500 264.514578        255      0.123     9.5932   0.005997     0.0409   999.7696      0.124     0.1689     -0.002  0.000e+00
     63.750 264.514580        256      0.124     9.5929   0.006003     0.0410   999.7696      0.125     0.1656      0.002  0.000e+00
     64.000 264.514583        257      0.123     9.5925   0.006013     0.0410   999.7697      0.124     0.1628      0.000  0.000e+00
     64.250 264.514586        258      0.123     9.5922   0.006175     0.0421   999.7706      0.124     0.1698     -0.002  0.000e+00
     64.500 264.514589        259      0.123     9.5918   0.006578     0.0447   999.7727      0.124     0.1644      0.000  0.000e+00
     64.750 264.514592        260      0.123     9.5914   0.006987     0.0474   999.7748      0.124     0.1669      0.000  0.000e+00
     65.000 264.514595        261      0.123     9.5910   0.007341     0.0497   999.7767      0.124     0.1677      0.000  0.000e+00
     65.250 264.514598        262      0.122     9.5907   0.007627     0.0516   999.7782      0.123     0.1685     -0.002  0.000e+00
     65.500 264.514601        263      0.123     9.5904   0.007569     0.0512   999.7779      0.124     0.1665      0.000  0.000e+00
     65.750 264.514604        264      0.124     9.5901   0.007365     0.0499   999.7769      0.125     0.1623      0.004  0.000e+00
     66.000 264.514606        265      0.123     9.5898   0.007236     0.0491   999.7763      0.124     0.1632     -0.000  0.000e+00
     66.250 264.514609        266      0.122     9.5896   0.007193     0.0488   999.7761      0.123     0.1648     -0.004  0.000e+00
     66.500 264.514612        267      0.122     9.5892   0.007199     0.0488   999.7761      0.123     0.1673     -0.002  0.000e+00
     66.750 264.514615        268      0.123     9.5887   0.007236     0.0491   999.7763      0.124     0.1669      0.002  0.000e+00
     67.000 264.514618        269      0.122     9.5884   0.007270     0.0493   999.7766      0.123     0.1628     -0.000  0.000e+00
     67.250 264.514621        270      0.126     9.5880   0.007279     0.0493   999.7766      0.127     0.1652      0.004  0.000e+00
     67.500 264.514624        271      0.124     9.5878   0.007270     0.0493   999.7766      0.125     0.1665      0.004  0.000e+00
     67.750 264.514627        272      0.123     9.5875   0.007227     0.0490   999.7764      0.124     0.1652     -0.004  0.000e+00
     68.000 264.514630        273      0.122     9.5872   0.007098     0.0481   999.7758      0.123     0.1652     -0.004  0.000e+00
     68.250 264.514633        274      0.123     9.5869   0.006941     0.0471   999.7750      0.124     0.1578      0.000  0.000e+00
     68.500 264.514635        275      0.124     9.5866   0.006797     0.0462   999.7742      0.125     0.1615      0.004  0.000e+00
     68.750 264.514638        276      0.123     9.5864   0.006701     0.0455   999.7738      0.124     0.1661     -0.000  0.000e+00
     69.000 264.514641        277      0.124     9.5861   0.006658     0.0453   999.7736      0.125     0.1665     -0.000  0.000e+00
     69.250 264.514644        278      0.121     9.5858   0.006634     0.0451   999.7735      0.122     0.1685     -0.004  0.000e+00
     69.500 264.514647        279      0.122     9.5856   0.006606     0.0449   999.7733      0.123     0.1685     -0.004  0.000e+00
     69.750 264.514650        280      0.123     9.5852   0.006606     0.0449   999.7734      0.124     0.1648      0.004  0.000e+00
     70.000 264.514653        281      0.123     9.5849   0.006597     0.0449   999.7734      0.124     0.1628      0.002  0.000e+00
     70.250 264.514656        282      0.121     9.5846   0.006594     0.0448   999.7734      0.122     0.1693     -0.004  0.000e+00
     70.500 264.514659        283      0.123     9.5843   0.006547     0.0445   999.7731      0.124     0.1652      0.000  0.000e+00
     70.750 264.514661        284      0.123     9.5840   0.006486     0.0441   999.7729      0.124     0.1636      0.004  0.000e+00
     71.000 264.514664        285      0.123     9.5837   0.006391     0.0435   999.7724      0.124     0.1693      0.000  0.000e+00
     71.250 264.514667        286      0.122     9.5834   0.006286     0.0428   999.7719      0.123     0.1636     -0.002  0.000e+00
     71.500 264.514670        287      0.122     9.5832   0.006185     0.0422   999.7714      0.123     0.1661     -0.002  0.000e+00
     71.750 264.514673        288      0.122     9.5828   0.006089     0.0415   999.7709      0.123     0.1656      0.000  0.000e+00
     72.000 264.514676        289      0.122     9.5826   0.006013     0.0410   999.7705      0.123     0.1640      0.000  0.000e+00
     72.250 264.514679        290      0.123     9.5823   0.005951     0.0406   999.7702      0.124     0.1652      0.002  0.000e+00
     72.500 264.514682        291      0.122     9.5819   0.005917     0.0404   999.7701      0.123     0.1685      0.000  0.000e+00
     72.750 264.514685        292      0.123     9.5818   0.005899     0.0403   999.7700      0.124     0.1656      0.000  0.000e+00
     73.000 264.514687        293      0.122     9.5815   0.005908     0.0404   999.7701      0.123     0.1632     -0.000  0.000e+00
     73.250 264.514690        294      0.124     9.5812   0.005920     0.0404   999.7702      0.126     0.1661      0.002  0.000e+00
     73.500 264.514693        295      0.121     9.5812   0.005917     0.0404   999.7702      0.122     0.1677     -0.002  0.000e+00
     73.750 264.514696        296      0.122     9.5809   0.005899     0.0403   999.7701      0.123     0.1661     -0.004  0.000e+00
     74.000 264.514699        297      0.123     9.5807   0.005917     0.0404   999.7702      0.124     0.1681      0.004  0.000e+00
     74.250 264.514702        298      0.124     9.5805   0.005982     0.0408   999.7706      0.125     0.1685      0.004  0.000e+00
     74.500 264.514705        299      0.123     9.5802   0.006046     0.0413   999.7709      0.124     0.1677     -0.000  0.000e+00
     74.750 264.514708        300      0.123     9.5799   0.006123     0.0418   999.7713      0.124     0.1644     -0.002  0.000e+00
     75.000 264.514711        301      0.123     9.5798   0.006200     0.0423   999.7717      0.124     0.1656      0.000  0.000e+00
     75.250 264.514714        302      0.124     9.5795   0.006280     0.0428   999.7722      0.126     0.1681      0.002  0.000e+00
     75.500 264.514716        303      0.122     9.5793   0.006375     0.0434   999.7727      0.123     0.1698     -0.002  0.000e+00
     75.750 264.514719        304      0.124     9.5790   0.006452     0.0439   999.7731      0.126     0.1652 -3.790e-14  0.000e+00
     76.000 264.514722        305      0.124     9.5787   0.006511     0.0443   999.7734      0.125     0.1640      0.004  0.000e+00
     76.250 264.514725        306      0.123     9.5785   0.006468     0.0440   999.7732      0.124     0.1644     -0.002  0.000e+00
     76.500 264.514728        307      0.122     9.5781   0.006409     0.0436   999.7729      0.123     0.1640     -0.004  0.000e+00
     76.750 264.514731        308      0.123     9.5781   0.006329     0.0431   999.7725      0.124     0.1665 -3.790e-14  0.000e+00
     77.000 264.514734        309      0.122     9.5779   0.006243     0.0426   999.7721      0.123     0.1673 -3.790e-14  0.000e+00
     77.250 264.514737        310      0.123     9.5776   0.006166     0.0421   999.7717      0.124     0.1632 -3.790e-14  0.000e+00
     77.500 264.514740        311      0.124     9.5772   0.006132     0.0418   999.7716      0.126     0.1648      0.004  0.000e+00
     77.750 264.514742        312      0.123     9.5771   0.006089     0.0416   999.7714      0.124     0.1656      0.000  0.000e+00
     78.000 264.514745        313      0.121     9.5768   0.006089     0.0416   999.7714      0.122     0.1722     -0.006  0.000e+00
     78.250 264.514748        314      0.121     9.5766   0.006099     0.0416   999.7715      0.122     0.1636     -0.004  0.000e+00
     78.500 264.514751        315      0.123     9.5763   0.006108     0.0417   999.7715      0.124     0.1656      0.004  0.000e+00
     78.750 264.514754        316      0.122     9.5761   0.006123     0.0418   999.7716      0.123     0.1681      0.002  0.000e+00
     79.000 264.514757        317      0.122     9.5757   0.006126     0.0418   999.7717      0.123     0.1652     -0.002  0.000e+00
     79.250 264.514760        318      0.121     9.5756   0.006132     0.0418   999.7717      0.122     0.1599     -0.002  0.000e+00
     79.500 264.514763        319      0.126     9.5753   0.006142     0.0419   999.7718      0.127     0.1619      0.006  0.000e+00
     79.750 264.514766        320      0.123     9.5750   0.006157     0.0420   999.7719      0.124     0.1665      0.004  0.000e+00
     80.000 264.514769        321      0.123     9.5747   0.006166     0.0421   999.7720      0.124     0.1628     -0.004  0.000e+00
     80.250 264.514771        322      0.125     9.5744   0.006151     0.0420   999.7719      0.126     0.1644      0.002  0.000e+00
     80.500 264.514774        323      0.122     9.5743   0.006114     0.0417   999.7717      0.123     0.1640     -0.002  0.000e+00
     80.750 264.514777        324      0.123     9.5739   0.006071     0.0414   999.7716      0.124     0.1619     -0.002  0.000e+00
     81.000 264.514780        325      0.122     9.5738   0.006028     0.0412   999.7713      0.123     0.1611      0.000  0.000e+00
     81.250 264.514783        326      0.125     9.5734   0.005976     0.0408   999.7711      0.126     0.1615      0.002  0.000e+00
     81.500 264.514786        327      0.123     9.5732   0.005942     0.0406   999.7710      0.124     0.1632      0.002  0.000e+00
     81.750 264.514789        328      0.123     9.5729   0.005926     0.0405   999.7709      0.124     0.1656     -0.002  0.000e+00
     82.000 264.514792        329      0.125     9.5726   0.005920     0.0405   999.7709      0.126     0.1632      0.002  0.000e+00
     82.250 264.514795        330      0.121     9.5723   0.005908     0.0404   999.7708      0.122     0.1673     -0.004  0.000e+00
     82.500 264.514797        331      0.122     9.5722   0.005890     0.0403   999.7708      0.123     0.1640     -0.004  0.000e+00
     82.750 264.514800        332      0.122     9.5719   0.005847     0.0400   999.7706      0.123     0.1628      0.002  0.000e+00
     83.000 264.514803        333      0.123     9.5716   0.005797     0.0397   999.7703      0.124     0.1661      0.002  0.000e+00
     83.250 264.514806        334      0.123     9.5713   0.005754     0.0394   999.7701      0.124     0.1648      0.002  0.000e+00
     83.500 264.514809        335      0.122     9.5710   0.005736     0.0393   999.7701      0.123     0.1652     -0.002  0.000e+00
     83.750 264.514812        336      0.122     9.5709   0.005702     0.0390   999.7699      0.123     0.1648     -0.002  0.000e+00
     84.000 264.514815        337      0.124     9.5705   0.005674     0.0389   999.7698      0.125     0.1648      0.002  0.000e+00
     84.250 264.514818        338      0.122     9.5703   0.005702     0.0390   999.7700      0.123     0.1632     -0.000  0.000e+00
     84.500 264.514821        339      0.125     9.5700   0.005650     0.0387   999.7697      0.126     0.1648      0.002  0.000e+00
     84.750 264.514823        340      0.125     9.5698   0.005641     0.0386   999.7697      0.126     0.1632      0.004  0.000e+00
     85.000 264.514826        341      0.126     9.5695   0.005622     0.0385   999.7696      0.127     0.1656      0.002  0.000e+00
     85.250 264.514829        342      0.122     9.5692   0.005598     0.0384   999.7695      0.123     0.1636     -0.004  0.000e+00
     85.500 264.514832        343      0.122     9.5691   0.005564     0.0381   999.7693      0.123     0.1661     -0.006  0.000e+00
     85.750 264.514835        344      0.122     9.5687   0.005536     0.0380   999.7692      0.123     0.1636     -0.000  0.000e+00
     86.000 264.514838        345      0.123     9.5686   0.005515     0.0378   999.7691      0.124     0.1673      0.002  0.000e+00
     86.250 264.514841        346      0.125     9.5683   0.005487     0.0376   999.7690      0.126     0.1693      0.004  0.000e+00
     86.500 264.514844        347      0.123     9.5680   0.005469     0.0375   999.7689      0.124     0.1673      0.000  0.000e+00
     86.750 264.514847        348      0.123     9.5678   0.005444     0.0374   999.7688      0.124     0.1665     -0.002  0.000e+00
     87.000 264.514850        349      0.123     9.5675   0.005425     0.0372   999.7688      0.124     0.1665      0.000  0.000e+00
     87.250 264.514852        350      0.123     9.5671   0.005425     0.0372   999.7688      0.124     0.1665      0.000  0.000e+00
     87.500 264.514855        351      0.125     9.5670   0.005416     0.0372   999.7688      0.126     0.1698      0.002  0.000e+00
     87.750 264.514858        352      0.123     9.5667   0.005429     0.0373   999.7688      0.124     0.1669     -0.000  0.000e+00
     88.000 264.514861        353      0.122     9.5666   0.005444     0.0374   999.7689      0.123     0.1693     -0.004  0.000e+00
     88.250 264.514864        354      0.121     9.5663   0.005450     0.0374   999.7690      0.122     0.1669     -0.004  0.000e+00
     88.500 264.514867        355      0.125     9.5661   0.005502     0.0377   999.7693      0.126     0.1623      0.004  0.000e+00
     88.750 264.514870        356      0.122     9.5659   0.005653     0.0387   999.7701      0.123     0.1632      0.002  0.000e+00
     89.000 264.514873        357      0.123     9.5656   0.005770     0.0395   999.7707      0.124     0.1685     -0.002  0.000e+00
     89.250 264.514876        358      0.126     9.5654   0.005865     0.0401   999.7712      0.127     0.1656      0.006  0.000e+00
     89.500 264.514878        359      0.125     9.5650   0.005960     0.0407   999.7717      0.126     0.1689      0.002  0.000e+00
     89.750 264.514881        360      0.123     9.5649   0.006043     0.0413   999.7722      0.124     0.1623     -0.004  0.000e+00
