Raw_Data/Cage/SBE19/2020-09-24_SBE19_006_026_processed.cnv
* Sea-Bird SBE19plus Data File:
* FileName = C:\cruises\2020_barkerboys\leg2\data\cage\SBE19\2020-09-25_SBE19_004_026.hex
* Software Version 1.59
* Temperature SN =  4881
* Conductivity SN =  4881
* System UpLoad Time = Sep 25 2020 12:46:04
* ds
* SeacatPlus V 1.5  SERIAL NO. 4881    25 Sep 2020  12:15:39
# nquan = 12
# nvalues = 2972                                  
# units = specified
# name 0 = timeS: Time, Elapsed [seconds]
# name 1 = timeJ: Julian Days
# name 2 = scan: Scan Count
# name 3 = depSM: Depth [salt water, m], lat = 44.00
# name 4 = tv290C: Temperature [ITS-90, deg C]
# name 5 = c0S/m: Conductivity [S/m]
# name 6 = sal00: Salinity, Practical [PSU]
# name 7 = density00: Density [density, kg/m^3]
# name 8 = prdM: Pressure, Strain Gauge [db]
# name 9 = wetStar: Fluorescence, WET Labs WETstar [mg/m^3]
# name 10 = dz/dtM: Descent Rate [m/s]
# name 11 = flag:  0.000e+00
# span 0 =      0.000,    742.750                 
# span 1 = 268.726273, 268.734870                 
# span 2 =          1,       2972                 
# span 3 =     -0.097,    168.637                 
# span 4 =     9.8262,    15.7959                 
# span 5 =   0.052578,   3.926497                 
# span 6 =     0.3130,    33.5450                 
# span 7 =   999.2349,  1026.6146                 
# span 8 =     -0.098,    170.072                 
# span 9 =     0.0882,     3.4010                 
# span 10 =     -1.392,      1.212                
# span 11 = 0.0000e+00, 0.0000e+00                
# interval = seconds: 0.25
# start_time = Sep 24 2020 17:25:50 [Instrument's time stamp, header]
# bad_flag = -9.990e-29
*END*
[from data line 2527]
    631.750 268.733585       2528     56.902    10.5167   3.685900    33.2399  1025.7494     57.371     0.1360     -0.969  0.000e+00
    632.000 268.733588       2529     56.729    10.5311   3.686336    33.2312  1025.7393     57.196     0.1648     -0.793  0.000e+00
    632.250 268.733591       2530     56.590    10.5418   3.686738    33.2256  1025.7324     57.056     0.1430     -0.629  0.000e+00
    632.500 268.733594       2531     56.466    10.5499   3.686909    33.2200  1025.7260     56.930     0.1298     -0.531  0.000e+00
    632.750 268.733597       2532     56.331    10.5560   3.687081    33.2162  1025.7215     56.795     0.1455     -0.522  0.000e+00
    633.000 268.733600       2533     56.170    10.5612   3.687417    33.2149  1025.7188     56.632     0.1483     -0.597  0.000e+00
    633.250 268.733602       2534     55.976    10.5663   3.687384    33.2100  1025.7132     56.436     0.1541     -0.717  0.000e+00
    633.500 268.733605       2535     55.753    10.5706   3.687344    33.2058  1025.7082     56.212     0.1689     -0.840  0.000e+00
    633.750 268.733608       2536     55.493    10.5728   3.687668    33.2071  1025.7077     55.950     0.1916     -0.973  0.000e+00
    634.000 268.733611       2537     55.205    10.5754   3.687753    33.2058  1025.7048     55.659     0.1743     -1.106  0.000e+00
    634.250 268.733614       2538     54.895    10.5780   3.687852    33.2045  1025.7020     55.346     0.1640     -1.207  0.000e+00
    634.500 268.733617       2539     54.584    10.5803   3.687951    33.2036  1025.6994     55.033     0.1537     -1.252  0.000e+00
    634.750 268.733620       2540     54.284    10.5826   3.688222    33.2043  1025.6983     54.731     0.1628     -1.231  0.000e+00
    635.000 268.733623       2541     54.018    10.5853   3.688327    33.2030  1025.6955     54.462     0.1537     -1.141  0.000e+00
    635.250 268.733626       2542     53.795    10.5882   3.688426    33.2015  1025.6928     54.237     0.1508     -0.988  0.000e+00
    635.500 268.733628       2543     53.619    10.5905   3.688525    33.2004  1025.6908     54.060     0.1574     -0.805  0.000e+00
    635.750 268.733631       2544     53.473    10.5923   3.688729    33.2010  1025.6902     53.913     0.1628     -0.649  0.000e+00
    636.000 268.733634       2545     53.348    10.5945   3.689336    33.2051  1025.6925     53.787     0.1978     -0.546  0.000e+00
    636.250 268.733637       2546     53.223    10.5989   3.689086    33.1986  1025.6861     53.660     0.1825     -0.505  0.000e+00
    636.500 268.733640       2547     53.086    10.6010   3.689033    33.1962  1025.6833     53.523     0.1801     -0.528  0.000e+00
    636.750 268.733643       2548     52.938    10.6012   3.689303    33.1988  1025.6846     53.373     0.1619     -0.573  0.000e+00
    637.000 268.733646       2549     52.769    10.6029   3.689098    33.1953  1025.6807     53.203     0.1640     -0.640  0.000e+00
    637.250 268.733649       2550     52.580    10.6046   3.689402    33.1969  1025.6808     53.013     0.1768     -0.722  0.000e+00
    637.500 268.733652       2551     52.384    10.6063   3.689706    33.1984  1025.6808     52.815     0.1681     -0.775  0.000e+00
    637.750 268.733655       2552     52.169    10.6087   3.689606    33.1954  1025.6771     52.598     0.1549     -0.829  0.000e+00
    638.000 268.733657       2553     51.936    10.6106   3.689639    33.1941  1025.6747     52.363     0.1578     -0.904  0.000e+00
    638.250 268.733660       2554     51.696    10.6126   3.690114    33.1971  1025.6755     52.121     0.1640     -0.954  0.000e+00
    638.500 268.733663       2555     51.452    10.6165   3.690616    33.1987  1025.6751     51.875     0.1722     -0.975  0.000e+00
    638.750 268.733666       2556     51.205    10.6220   3.690992    33.1975  1025.6720     51.626     0.1665     -0.990  0.000e+00
    639.000 268.733669       2557     50.970    10.6287   3.691461    33.1962  1025.6688     51.389     0.2011     -0.973  0.000e+00
    639.250 268.733672       2558     50.729    10.6361   3.691903    33.1941  1025.6647     51.146     0.1731     -0.960  0.000e+00
    639.500 268.733675       2559     50.496    10.6445   3.692444    33.1920  1025.6605     50.911     0.1801     -0.956  0.000e+00
    639.750 268.733678       2560     50.262    10.6548   3.695145    33.2097  1025.6715     50.675     0.1813     -0.943  0.000e+00
    640.000 268.733681       2561     50.031    10.6776   3.696056    33.1982  1025.6575     50.442     0.1623     -0.939  0.000e+00
    640.250 268.733683       2562     49.810    10.7044   3.696835    33.1817  1025.6389     50.219     0.1669     -0.911  0.000e+00
    640.500 268.733686       2563     49.604    10.7262   3.698427    33.1779  1025.6312     50.011     0.1714     -0.861  0.000e+00
    640.750 268.733689       2564     49.412    10.7513   3.699986    33.1708  1025.6204     49.818     0.3358     -0.803  0.000e+00
    641.000 268.733692       2565     49.230    10.7787   3.700732    33.1535  1025.6012     49.634     0.1899     -0.754  0.000e+00
    641.250 268.733695       2566     49.054    10.8030   3.701650    33.1407  1025.5862     49.457     0.1895     -0.722  0.000e+00
    641.500 268.733698       2567     48.874    10.8248   3.702053    33.1250  1025.5693     49.275     0.1978     -0.717  0.000e+00
    641.750 268.733701       2568     48.680    10.8414   3.702998    33.1195  1025.5612     49.080     0.2023     -0.754  0.000e+00
    642.000 268.733704       2569     48.475    10.8576   3.704187    33.1168  1025.5553     48.873     0.2208     -0.806  0.000e+00
    642.250 268.733707       2570     48.252    10.8767   3.706118    33.1189  1025.5525     48.648     0.2431     -0.863  0.000e+00
    642.500 268.733709       2571     48.016    10.9034   3.707169    33.1052  1025.5361     48.410     0.2262     -0.926  0.000e+00
    642.750 268.733712       2572     47.775    10.9297   3.707816    33.0880  1025.5169     48.167     0.2126     -0.962  0.000e+00
    643.000 268.733715       2573     47.533    10.9514   3.708491    33.0752  1025.5020     47.923     0.2316     -0.973  0.000e+00
    643.250 268.733718       2574     47.307    10.9692   3.709509    33.0695  1025.4933     47.696     0.2493     -0.943  0.000e+00
    643.500 268.733721       2575     47.097    10.9848   3.710091    33.0612  1025.4832     47.483     0.2431     -0.881  0.000e+00
    643.750 268.733724       2576     46.903    11.0003   3.711281    33.0591  1025.4779     47.288     0.2480     -0.816  0.000e+00
    644.000 268.733727       2577     46.723    11.0173   3.711757    33.0486  1025.4659     47.106     0.2456     -0.754  0.000e+00
    644.250 268.733730       2578     46.542    11.0322   3.711757    33.0353  1025.4521     46.924     0.2489     -0.728  0.000e+00
    644.500 268.733733       2579     46.350    11.0425   3.712333    33.0319  1025.4467     46.730     0.3131     -0.752  0.000e+00
    644.750 268.733736       2580     46.145    11.0512   3.712703    33.0278  1025.4410     46.524     0.2691     -0.799  0.000e+00
    645.000 268.733738       2581     45.915    11.0597   3.713861    33.0317  1025.4414     46.292     0.2629     -0.876  0.000e+00
    645.250 268.733741       2582     45.674    11.0713   3.714953    33.0322  1025.4387     46.048     0.2744     -0.951  0.000e+00
    645.500 268.733744       2583     45.422    11.0856   3.715085    33.0207  1025.4261     45.795     0.3675     -0.994  0.000e+00
    645.750 268.733747       2584     45.170    11.0975   3.715978    33.0190  1025.4215     45.540     0.3333     -1.016  0.000e+00
    646.000 268.733750       2585     44.935    11.1095   3.716785    33.0163  1025.4161     45.303     0.3037     -0.984  0.000e+00
    646.250 268.733753       2586     44.729    11.1234   3.720294    33.0386  1025.4300     45.096     0.2942     -0.889  0.000e+00
    646.500 268.733756       2587     44.550    11.1500   3.723400    33.0455  1025.4298     44.915     0.2962     -0.775  0.000e+00
    646.750 268.733759       2588     44.389    11.1893   3.724937    33.0255  1025.4065     44.753     0.3234     -0.685  0.000e+00
    647.000 268.733762       2589     44.248    11.2263   3.724559    32.9886  1025.3705     44.610     0.3259     -0.610  0.000e+00
    647.250 268.733764       2590     44.096    11.2483   3.725002    32.9734  1025.3539     44.458     0.3461     -0.591  0.000e+00
    647.500 268.733767       2591     43.931    11.2611   3.725791    32.9698  1025.3481     44.292     0.3160     -0.638  0.000e+00
    647.750 268.733770       2592     43.739    11.2724   3.726029    32.9621  1025.3393     44.097     0.3210     -0.722  0.000e+00
    648.000 268.733773       2593     43.518    11.2821   3.728216    32.9751  1025.3466     43.875     0.3568     -0.833  0.000e+00
    648.250 268.733776       2594     43.273    11.2981   3.729236    32.9709  1025.3393     43.628     0.3585     -0.938  0.000e+00
    648.500 268.733779       2595     43.012    11.3177   3.730230    32.9633  1025.3286     43.365     0.3914     -1.020  0.000e+00
    648.750 268.733782       2596     42.737    11.3360   3.730773    32.9524  1025.3156     43.088     0.4104     -1.080  0.000e+00
    649.000 268.733785       2597     42.462    11.3518   3.731529    32.9459  1025.3064     42.810     0.4355     -1.110  0.000e+00
    649.250 268.733788       2598     42.203    11.3656   3.732590    32.9440  1025.3013     42.549     0.4404     -1.078  0.000e+00
    649.500 268.733791       2599     41.957    11.3806   3.733272    32.9375  1025.2924     42.301     0.4441     -1.018  0.000e+00
    649.750 268.733793       2600     41.727    11.3941   3.733650    32.9292  1025.2824     42.069     0.4685     -0.960  0.000e+00
    650.000 268.733796       2601     41.505    11.4056   3.733650    32.9191  1025.2715     41.845     0.4532     -0.911  0.000e+00
    650.250 268.733799       2602     41.290    11.4129   3.734094    32.9170  1025.2675     41.628     0.4565     -0.881  0.000e+00
    650.500 268.733802       2603     41.067    11.4188   3.735122    32.9219  1025.2693     41.403     0.4833     -0.885  0.000e+00
    650.750 268.733805       2604     40.839    11.4280   3.735944    32.9220  1025.2666     41.173     0.4726     -0.911  0.000e+00
    651.000 268.733808       2605     40.601    11.4394   3.737178    32.9240  1025.2650     40.934     0.5323     -0.939  0.000e+00
    651.250 268.733811       2606     40.359    11.4524   3.738166    32.9222  1025.2601     40.690     0.5241     -0.966  0.000e+00
    651.500 268.733814       2607     40.123    11.4668   3.739812    32.9256  1025.2591     40.452     0.4952     -0.964  0.000e+00
    651.750 268.733817       2608     39.908    11.4837   3.741909    32.9312  1025.2594     40.235     0.5698     -0.911  0.000e+00
    652.000 268.733819       2609     39.719    11.5048   3.742048    32.9139  1025.2412     40.045     0.5311     -0.814  0.000e+00
    652.250 268.733822       2610     39.566    11.5215   3.744245    32.9206  1025.2427     39.890     0.5562     -0.689  0.000e+00
    652.500 268.733825       2611     39.448    11.5390   3.744245    32.9051  1025.2269     39.771     0.5612     -0.548  0.000e+00
    652.750 268.733828       2612     39.340    11.5517   3.745718    32.9083  1025.2265     39.662     0.5636     -0.455  0.000e+00
    653.000 268.733831       2613     39.226    11.5650   3.746615    32.9053  1025.2213     39.547     0.5797     -0.447  0.000e+00
    653.250 268.733834       2614     39.082    11.5788   3.747644    32.9031  1025.2164     39.402     0.7049     -0.520  0.000e+00
    653.500 268.733837       2615     38.900    11.5927   3.747504    32.8894  1025.2024     39.219     0.5850     -0.657  0.000e+00
    653.750 268.733840       2616     38.673    11.6008   3.748779    32.8949  1025.2041     38.990     0.7058     -0.825  0.000e+00
    654.000 268.733843       2617     38.414    11.6102   3.749031    32.8891  1025.1967     38.728     0.6444     -0.981  0.000e+00
    654.250 268.733845       2618     38.121    11.6197   3.749742    32.8877  1025.1925     38.433     0.6819     -1.115  0.000e+00
    654.500 268.733848       2619     37.816    11.6289   3.750426    32.8864  1025.1884     38.126     0.6637     -1.205  0.000e+00
    654.750 268.733851       2620     37.506    11.6371   3.750499    32.8800  1025.1805     37.813     0.6819     -1.239  0.000e+00
    655.000 268.733854       2621     37.209    11.6433   3.751635    32.8856  1025.1824     37.514     0.7000     -1.224  0.000e+00
    655.250 268.733857       2622     36.951    11.6525   3.752113    32.8823  1025.1770     37.254     0.7247     -1.119  0.000e+00
    655.500 268.733860       2623     36.742    11.6613   3.752459    32.8779  1025.1710     37.042     0.7556     -0.943  0.000e+00
    655.750 268.733863       2624     36.585    11.6696   3.753661    32.8824  1025.1723     36.884     0.7606     -0.739  0.000e+00
    656.000 268.733866       2625     36.483    11.6794   3.753867    32.8757  1025.1648     36.781     0.7672     -0.522  0.000e+00
    656.250 268.733869       2626     36.400    11.6882   3.754419    32.8733  1025.1609     36.698     0.7779     -0.374  0.000e+00
    656.500 268.733872       2627     36.324    11.6960   3.755216    32.8742  1025.1598     36.621     0.7758     -0.320  0.000e+00
    656.750 268.733874       2628     36.219    11.7053   3.755867    32.8724  1025.1562     36.515     0.8277     -0.365  0.000e+00
    657.000 268.733877       2629     36.060    11.7149   3.756279    32.8680  1025.1503     36.355     0.8129     -0.533  0.000e+00
    657.250 268.733880       2630     35.837    11.7228   3.755940    32.8578  1025.1399     36.131     0.8219     -0.769  0.000e+00
    657.500 268.733883       2631     35.564    11.7269   3.757695    32.8714  1025.1485     35.855     0.8252     -1.001  0.000e+00
    657.750 268.733886       2632     35.247    11.7366   3.760215    32.8875  1025.1577     35.536     0.8327     -1.190  0.000e+00
    658.000 268.733889       2633     34.904    11.7566   3.762942    32.8965  1025.1595     35.189     0.8434     -1.331  0.000e+00
    658.250 268.733892       2634     34.557    11.7809   3.763567    32.8812  1025.1415     34.840     0.8895     -1.392  0.000e+00
    658.500 268.733895       2635     34.240    11.8029   3.766228    32.8877  1025.1410     34.520     0.9031     -1.338  0.000e+00
    658.750 268.733898       2636     33.960    11.8267   3.767193    32.8762  1025.1264     34.238     0.8932     -1.205  0.000e+00
    659.000 268.733900       2637     33.720    11.8479   3.767066    32.8563  1025.1060     33.996     0.9039     -1.048  0.000e+00
    659.250 268.733903       2638     33.525    11.8605   3.767951    32.8538  1025.1008     33.799     0.8800     -0.876  0.000e+00
    659.500 268.733906       2639     33.366    11.8704   3.769129    32.8566  1025.1004     33.638     0.9262     -0.715  0.000e+00
    659.750 268.733909       2640     33.226    11.8823   3.769129    32.8462  1025.0894     33.498     1.0003     -0.603  0.000e+00
    660.000 268.733912       2641     33.113    11.8902   3.769302    32.8409  1025.0833     33.384     1.0209     -0.509  0.000e+00
    660.250 268.733915       2642     33.004    11.8959   3.769681    32.8396  1025.0808     33.273     1.1116     -0.449  0.000e+00
    660.500 268.733918       2643     32.876    11.9017   3.770134    32.8389  1025.0786     33.144     1.1672     -0.479  0.000e+00
    660.750 268.733921       2644     32.729    11.9075   3.770100    32.8336  1025.0727     32.996     1.1544     -0.554  0.000e+00
    661.000 268.733924       2645     32.546    11.9119   3.770027    32.8291  1025.0676     32.812     1.2908     -0.666  0.000e+00
    661.250 268.733927       2646     32.342    11.9140   3.770373    32.8307  1025.0675     32.607     1.2442     -0.780  0.000e+00
