Raw_Data/Cage/SBE19/2020-09-20_SBE19_004_016_processed.cnv
* Sea-Bird SBE19plus Data File:
* FileName = C:\cruises\2020_barkerboys\leg2\data\cage\SBE19\2020-09-25_SBE19_004_016.hex
* Software Version 1.59
* Temperature SN =  4881
* Conductivity SN =  4881
* System UpLoad Time = Sep 25 2020 12:32:34
* ds
* SeacatPlus V 1.5  SERIAL NO. 4881    25 Sep 2020  12:15:39
# nquan = 12
# nvalues = 3210                                  
# units = specified
# name 0 = timeS: Time, Elapsed [seconds]
# name 1 = timeJ: Julian Days
# name 2 = scan: Scan Count
# name 3 = depSM: Depth [salt water, m], lat = 44.00
# name 4 = tv290C: Temperature [ITS-90, deg C]
# name 5 = c0S/m: Conductivity [S/m]
# name 6 = sal00: Salinity, Practical [PSU]
# name 7 = density00: Density [density, kg/m^3]
# name 8 = prdM: Pressure, Strain Gauge [db]
# name 9 = wetStar: Fluorescence, WET Labs WETstar [mg/m^3]
# name 10 = dz/dtM: Descent Rate [m/s]
# name 11 = flag:  0.000e+00
# span 0 =      0.000,    802.250                 
# span 1 = 264.718588, 264.727873                 
# span 2 =          1,       3210                 
# span 3 =      0.115,    130.380                 
# span 4 =    10.9344,    13.0787                 
# span 5 =   0.044611,   3.827900                 
# span 6 =     0.2834,    32.9824                 
# span 7 =   999.5993,  1025.8088                 
# span 8 =      0.116,    131.477                 
# span 9 =     0.1512,     3.6515                 
# span 10 =     -1.585,      1.158                
# span 11 = 0.0000e+00, 0.0000e+00                
# interval = seconds: 0.25
# start_time = Sep 20 2020 17:14:46 [Instrument's time stamp, header]
# bad_flag = -9.990e-29
*END*
[from data line 963]
    240.750 264.721374        964      5.049    12.6930   3.810572    32.5483  1024.5768      5.090     0.8767     -0.000  0.000e+00
    241.000 264.721377        965      5.033    12.6906   3.811802    32.5621  1024.5879      5.074     1.0794     -0.054  0.000e+00
    241.250 264.721380        966      5.019    12.6882   3.812712    32.5728  1024.5965      5.060     1.0864     -0.060  0.000e+00
    241.500 264.721383        967      5.017    12.6929   3.813414    32.5754  1024.5977      5.058     0.8936     -0.032  0.000e+00
    241.750 264.721386        968      5.022    12.7034   3.813708    32.5692  1024.5908      5.063     0.9225      0.006  0.000e+00
    242.000 264.721389        969      5.030    12.7195   3.814149    32.5594  1024.5802      5.071     1.2484      0.026  0.000e+00
    242.250 264.721392        970      5.039    12.7340   3.814397    32.5493  1024.5696      5.080     1.2801      0.034  0.000e+00
    242.500 264.721395        971      5.051    12.7449   3.813554    32.5319  1024.5540      5.092     1.0836      0.043  0.000e+00
    242.750 264.721398        972      5.069    12.7492   3.811200    32.5058  1024.5331      5.110     1.0016      0.060  0.000e+00
    243.000 264.721400        973      5.088    12.7517   3.809695    32.4893  1024.5199      5.130     0.9303      0.075  0.000e+00
    243.250 264.721403        974      5.110    12.7518   3.809228    32.4848  1024.5165      5.151     0.9196      0.082  0.000e+00
    243.500 264.721406        975      5.128    12.7475   3.809201    32.4883  1024.5201      5.169     0.9587      0.079  0.000e+00
    243.750 264.721409        976      5.141    12.7447   3.809555    32.4940  1024.5252      5.182     0.8413      0.062  0.000e+00
    244.000 264.721412        977      5.143    12.7449   3.810083    32.4989  1024.5289      5.184     0.8697      0.030  0.000e+00
    244.250 264.721415        978      5.137    12.7464   3.810993    32.5062  1024.5343      5.179     0.8574     -0.006  0.000e+00
    244.500 264.721418        979      5.126    12.7475   3.813039    32.5247  1024.5483      5.167     0.7647     -0.034  0.000e+00
    244.750 264.721421        980      5.111    12.7476   3.814992    32.5432  1024.5626      5.152     0.8726     -0.054  0.000e+00
    245.000 264.721424        981      5.104    12.7465   3.815694    32.5508  1024.5687      5.146     1.1660     -0.043  0.000e+00
    245.250 264.721427        982      5.102    12.7442   3.815908    32.5548  1024.5722      5.144     1.0535     -0.017  0.000e+00
    245.500 264.721429        983      5.100    12.7420   3.816116    32.5587  1024.5756      5.141     1.0547     -0.009  0.000e+00
    245.750 264.721432        984      5.098    12.7425   3.816290    32.5599  1024.5764      5.139     1.1301     -0.009  0.000e+00
    246.000 264.721435        985      5.099    12.7446   3.816584    32.5609  1024.5768      5.140     1.2142     -0.002  0.000e+00
    246.250 264.721438        986      5.105    12.7463   3.816644    32.5600  1024.5758      5.147     1.2100      0.015  0.000e+00
    246.500 264.721441        987      5.122    12.7469   3.815942    32.5528  1024.5702      5.164     0.8207      0.047  0.000e+00
    246.750 264.721444        988      5.151    12.7456   3.814604    32.5412  1024.5616      5.193     0.8121      0.092  0.000e+00
    247.000 264.721447        989      5.183    12.7434   3.814885    32.5457  1024.5657      5.225     0.7952      0.122  0.000e+00
    247.250 264.721450        990      5.204    12.7418   3.817588    32.5728  1024.5871      5.247     0.7626      0.107  0.000e+00
    247.500 264.721453        991      5.202    12.7417   3.818645    32.5829  1024.5949      5.244     1.0424      0.039  0.000e+00
    247.750 264.721455        992      5.169    12.7429   3.817909    32.5749  1024.5883      5.211     1.0362     -0.071  0.000e+00
    248.000 264.721458        993      5.114    12.7557   3.816537    32.5509  1024.5669      5.155     1.0691     -0.178  0.000e+00
    248.250 264.721461        994      5.058    12.7783   3.816611    32.5321  1024.5477      5.098     1.3505     -0.225  0.000e+00
    248.500 264.721464        995      5.022    12.7946   3.816717    32.5190  1024.5343      5.063     0.9542     -0.185  0.000e+00
    248.750 264.721467        996      5.028    12.8074   3.816363    32.5047  1024.5207      5.068     0.9723     -0.060  0.000e+00
    249.000 264.721470        997      5.080    12.8170   3.813941    32.4734  1024.4949      5.121     1.1169      0.116  0.000e+00
    249.250 264.721473        998      5.167    12.8233   3.813272    32.4617  1024.4850      5.209     1.0836      0.281  0.000e+00
    249.500 264.721476        999      5.268    12.8233   3.813025    32.4593  1024.4836      5.311     1.0551      0.380  0.000e+00
    249.750 264.721479       1000      5.365    12.8119   3.811520    32.4547  1024.4827      5.409     1.2117      0.399  0.000e+00
    250.000 264.721481       1001      5.423    12.7988   3.811935    32.4700  1024.4973      5.467     1.2611      0.311  0.000e+00
    250.250 264.721484       1002      5.434    12.7899   3.815273    32.5093  1024.5296      5.479     1.3806      0.140  0.000e+00
    250.500 264.721487       1003      5.387    12.7839   3.816470    32.5258  1024.5433      5.430     1.0621     -0.073  0.000e+00
    250.750 264.721490       1004      5.284    12.7836   3.816537    32.5267  1024.5436      5.327     1.0065     -0.303  0.000e+00
    251.000 264.721493       1005      5.146    12.7963   3.816570    32.5161  1024.5323      5.188     1.1182     -0.485  0.000e+00
    251.250 264.721496       1006      5.005    12.8106   3.816483    32.5031  1024.5188      5.046     1.1075     -0.563  0.000e+00
    251.500 264.721499       1007      4.901    12.8212   3.814817    32.4782  1024.4970      4.941     1.1182     -0.494  0.000e+00
    251.750 264.721502       1008      4.871    12.8283   3.812637    32.4514  1024.4747      4.911     1.0415     -0.271  0.000e+00
    252.000 264.721505       1009      4.915    12.8304   3.811132    32.4354  1024.4621      4.955     1.3415      0.028  0.000e+00
    252.250 264.721508       1010      5.019    12.8173   3.805945    32.3974  1024.4357      5.060     1.1136      0.298  0.000e+00
    252.500 264.721510       1011      5.142    12.7963   3.804161    32.3984  1024.4411      5.183     1.1911      0.457  0.000e+00
    252.750 264.721513       1012      5.266    12.7762   3.803560    32.4100  1024.4546      5.309     1.0152      0.498  0.000e+00
    253.000 264.721516       1013      5.335    12.7593   3.804128    32.4299  1024.4735      5.379     0.9859      0.391  0.000e+00
    253.250 264.721519       1014      5.354    12.7486   3.809341    32.4886  1024.5212      5.397     1.0127      0.176  0.000e+00
    253.500 264.721522       1015      5.309    12.7425   3.812397    32.5228  1024.5487      5.352     1.0593     -0.054  0.000e+00
    253.750 264.721525       1016      5.213    12.7414   3.812919    32.5288  1024.5531      5.255     1.1108     -0.283  0.000e+00
    254.000 264.721528       1017      5.097    12.7551   3.812852    32.5164  1024.5403      5.138     1.0036     -0.427  0.000e+00
    254.250 264.721531       1018      4.994    12.7728   3.811701    32.4902  1024.5161      5.034     1.1672     -0.442  0.000e+00
    254.500 264.721534       1019      4.926    12.7853   3.809695    32.4604  1024.4903      4.966     1.1631     -0.343  0.000e+00
    254.750 264.721536       1020      4.917    12.7920   3.808044    32.4390  1024.4724      4.957     0.9488     -0.155  0.000e+00
    255.000 264.721539       1021      4.956    12.7904   3.807068    32.4311  1024.4668      4.996     1.1923      0.060  0.000e+00
    255.250 264.721542       1022      5.037    12.7802   3.804649    32.4169  1024.4581      5.078     0.9699      0.243  0.000e+00
    255.500 264.721545       1023      5.132    12.7711   3.804054    32.4191  1024.4620      5.174     1.4614      0.354  0.000e+00
    255.750 264.721548       1024      5.208    12.7633   3.803994    32.4251  1024.4685      5.250     1.2166      0.344  0.000e+00
    256.000 264.721551       1025      5.262    12.7565   3.804369    32.4345  1024.4774      5.305     1.5722      0.262  0.000e+00
    256.250 264.721554       1026      5.278    12.7519   3.801569    32.4119  1024.4608      5.321     1.3052      0.142  0.000e+00
    256.500 264.721557       1027      5.259    12.7480   3.801329    32.4130  1024.4623      5.301     1.1161     -0.006  0.000e+00
    256.750 264.721560       1028      5.202    12.7441   3.800875    32.4121  1024.4621      5.244     1.0926     -0.152  0.000e+00
    257.000 264.721563       1029      5.132    12.7417   3.801289    32.4181  1024.4669      5.174     1.5858     -0.256  0.000e+00
    257.250 264.721565       1030      5.061    12.7422   3.802258    32.4269  1024.4733      5.102     1.2434     -0.286  0.000e+00
    257.500 264.721568       1031      5.007    12.7488   3.804055    32.4383  1024.4806      5.048     1.1594     -0.251  0.000e+00
    257.750 264.721571       1032      4.990    12.7646   3.805418    32.4377  1024.4770      5.031     1.3963     -0.142  0.000e+00
    258.000 264.721574       1033      5.010    12.7838   3.807242    32.4384  1024.4739      5.050     1.4700      0.004  0.000e+00
    258.250 264.721577       1034      5.049    12.8054   3.808044    32.4275  1024.4614      5.090     1.6983      0.118  0.000e+00
    258.500 264.721580       1035      5.089    12.8252   3.806887    32.3995  1024.4361      5.131     1.2842      0.161  0.000e+00
    258.750 264.721583       1036      5.121    12.8330   3.806927    32.3932  1024.4298      5.163     1.2385      0.146  0.000e+00
    259.000 264.721586       1037      5.146    12.8346   3.804475    32.3686  1024.4107      5.188     1.0889      0.114  0.000e+00
    259.250 264.721589       1038      5.165    12.8234   3.805631    32.3891  1024.4288      5.207     1.7217      0.088  0.000e+00
    259.500 264.721591       1039      5.180    12.8178   3.806433    32.4016  1024.4396      5.222     1.3476      0.069  0.000e+00
    259.750 264.721594       1040      5.198    12.8214   3.805631    32.3909  1024.4307      5.240     1.3163      0.067  0.000e+00
    260.000 264.721597       1041      5.215    12.8200   3.804227    32.3787  1024.4216      5.257     1.3497      0.071  0.000e+00
    260.250 264.721600       1042      5.224    12.8102   3.804228    32.3872  1024.4301      5.266     1.4799      0.052  0.000e+00
    260.500 264.721603       1043      5.225    12.8033   3.808465    32.4332  1024.4671      5.267     1.2179      0.019  0.000e+00
    260.750 264.721606       1044      5.211    12.8193   3.809167    32.4262  1024.4585      5.253     1.3060     -0.026  0.000e+00
    261.000 264.721609       1045      5.185    12.8395   3.807589    32.3939  1024.4294      5.227     1.1388     -0.079  0.000e+00
    261.250 264.721612       1046      5.160    12.8439   3.808571    32.3994  1024.4327      5.202     1.3398     -0.103  0.000e+00
    261.500 264.721615       1047      5.143    12.8504   3.809621    32.4038  1024.4348      5.184     1.2319     -0.086  0.000e+00
    261.750 264.721617       1048      5.137    12.8601   3.810430    32.4032  1024.4324      5.179     1.3868     -0.045  0.000e+00
    262.000 264.721620       1049      5.144    12.8712   3.810463    32.3940  1024.4231      5.185     1.2566      0.002  0.000e+00
    262.250 264.721623       1050      5.152    12.8807   3.811479    32.3954  1024.4224      5.194     1.1503      0.030  0.000e+00
    262.500 264.721626       1051      5.153    12.8903   3.812429    32.3961  1024.4211      5.195     1.3715      0.019  0.000e+00
    262.750 264.721629       1052      5.151    12.9012   3.812816    32.3905  1024.4147      5.193     1.4305     -0.002  0.000e+00
    263.000 264.721632       1053      5.138    12.9102   3.813164    32.3861  1024.4094      5.180     1.2657     -0.030  0.000e+00
    263.250 264.721635       1054      5.123    12.9177   3.813739    32.3851  1024.4071      5.165     1.4544     -0.056  0.000e+00
    263.500 264.721638       1055      5.115    12.9249   3.813799    32.3795  1024.4013      5.156     1.3975     -0.047  0.000e+00
    263.750 264.721641       1056      5.122    12.9309   3.813692    32.3734  1024.3955      5.164     1.3032     -0.002  0.000e+00
    264.000 264.721644       1057      5.144    12.9331   3.814394    32.3781  1024.3988      5.185     1.2764      0.058  0.000e+00
    264.250 264.721646       1058      5.177    12.9360   3.814428    32.3759  1024.3967      5.219     1.2035      0.110  0.000e+00
    264.500 264.721649       1059      5.207    12.9390   3.814374    32.3729  1024.3939      5.249     1.5215      0.127  0.000e+00
    264.750 264.721652       1060      5.233    12.9406   3.814394    32.3717  1024.3928      5.276     1.2883      0.114  0.000e+00
    265.000 264.721655       1061      5.243    12.9423   3.814040    32.3669  1024.3888      5.285     1.1734      0.073  0.000e+00
    265.250 264.721658       1062      5.233    12.9419   3.813304    32.3602  1024.3836      5.276     1.3996 4.8506e-12  0.000e+00
    265.500 264.721661       1063      5.211    12.9375   3.811940    32.3511  1024.3773      5.253     1.1841     -0.064  0.000e+00
    265.750 264.721664       1064      5.172    12.9280   3.811479    32.3549  1024.3820      5.214     1.3909     -0.122  0.000e+00
    266.000 264.721667       1065      5.139    12.9161   3.809760    32.3489  1024.3794      5.181     1.3345     -0.144  0.000e+00
    266.250 264.721670       1066      5.126    12.9012   3.809199    32.3563  1024.3880      5.167     1.2364     -0.094  0.000e+00
    266.500 264.721672       1067      5.135    12.8869   3.808785    32.3646  1024.3974      5.177     1.3637     -0.009  0.000e+00
    266.750 264.721675       1068      5.168    12.8767   3.809059    32.3759  1024.4082      5.210     1.5372      0.086  0.000e+00
    267.000 264.721678       1069      5.209    12.8718   3.809834    32.3875  1024.4183      5.251     1.2430      0.148  0.000e+00
    267.250 264.721681       1070      5.248    12.8729   3.809727    32.3854  1024.4167      5.291     1.2776      0.161  0.000e+00
    267.500 264.721684       1071      5.260    12.8742   3.809627    32.3834  1024.4149      5.302     1.4535      0.103  0.000e+00
    267.750 264.721687       1072      5.243    12.8737   3.809620    32.3838  1024.4152      5.285     1.2842     -0.011  0.000e+00
    268.000 264.721690       1073      5.194    12.8739   3.808537    32.3734  1024.4069      5.236     1.3015     -0.133  0.000e+00
    268.250 264.721693       1074      5.135    12.8695   3.807348    32.3659  1024.4017      5.177     1.2760     -0.217  0.000e+00
    268.500 264.721696       1075      5.084    12.8580   3.807067    32.3731  1024.4093      5.125     1.4593     -0.221  0.000e+00
    268.750 264.721698       1076      5.063    12.8481   3.806259    32.3739  1024.4118      5.104     1.5116     -0.146  0.000e+00
    269.000 264.721701       1077      5.080    12.8372   3.805357    32.3747  1024.4145      5.121     1.4762     -0.009  0.000e+00
    269.250 264.721704       1078      5.132    12.8260   3.804789    32.3789  1024.4202      5.174     1.2006      0.140  0.000e+00
    269.500 264.721707       1079      5.202    12.8158   3.803847    32.3787  1024.4224      5.244     1.2022      0.247  0.000e+00
    269.750 264.721710       1080      5.264    12.8056   3.806226    32.4100  1024.4489      5.307     1.7345      0.266  0.000e+00
    270.000 264.721713       1081      5.299    12.8077   3.802831    32.3760  1024.4223      5.342     1.3897      0.195  0.000e+00
    270.250 264.721716       1082      5.287    12.7986   3.801328    32.3696  1024.4190      5.330     1.3637      0.047  0.000e+00
