Raw_Data/Cage/SBE19/2020-09-19_SBE19_003_007_processed.cnv
* Sea-Bird SBE19plus Data File:
* FileName = C:\cruises\2020_barkerboys\leg2\data\cage\SBE19\2020-09-25_SBE19_004_007.hex
* Software Version 1.59
* Temperature SN =  4881
* Conductivity SN =  4881
* System UpLoad Time = Sep 25 2020 12:21:10
* ds
* SeacatPlus V 1.5  SERIAL NO. 4881    25 Sep 2020  12:15:39
# nquan = 12
# nvalues = 1014                                  
# units = specified
# name 0 = timeS: Time, Elapsed [seconds]
# name 1 = timeJ: Julian Days
# name 2 = scan: Scan Count
# name 3 = depSM: Depth [salt water, m], lat = 44.00
# name 4 = tv290C: Temperature [ITS-90, deg C]
# name 5 = c0S/m: Conductivity [S/m]
# name 6 = sal00: Salinity, Practical [PSU]
# name 7 = density00: Density [density, kg/m^3]
# name 8 = prdM: Pressure, Strain Gauge [db]
# name 9 = wetStar: Fluorescence, WET Labs WETstar [mg/m^3]
# name 10 = dz/dtM: Descent Rate [m/s]
# name 11 = flag:  0.000e+00
# span 0 =      0.000,    253.250                 
# span 1 = 263.720775, 263.723707                 
# span 2 =          1,       1014                 
# span 3 =      0.042,      5.530                 
# span 4 =    12.7367,    16.0739                 
# span 5 =   0.005631,   3.851219                 
# span 6 =     0.0354,    32.6734                 
# span 7 =   998.9600,  1024.6342                 
# span 8 =      0.042,      5.575                 
# span 9 =     0.1314,     2.6899                 
# span 10 =     -0.348,      0.857                
# span 11 = 0.0000e+00, 0.0000e+00                
# interval = seconds: 0.25
# start_time = Sep 19 2020 17:17:55 [Instrument's time stamp, header]
# bad_flag = -9.990e-29
*END*
[from data line 482]
    120.500 263.722170        483      0.046    16.0459   0.005727     0.0359   998.9649      0.047     0.1537 1.8948e-14  0.000e+00
    120.750 263.722173        484      0.044    16.0459   0.005727     0.0359   998.9649      0.044     0.1525     -0.004  0.000e+00
    121.000 263.722176        485      0.046    16.0458   0.005727     0.0359   998.9649      0.047     0.1520      0.000  0.000e+00
    121.250 263.722179        486      0.046    16.0458   0.005727     0.0359   998.9649      0.047     0.1549      0.004  0.000e+00
    121.500 263.722182        487      0.047    16.0458   0.005727     0.0359   998.9649      0.048     0.1500      0.002  0.000e+00
    121.750 263.722185        488      0.045    16.0458   0.005727     0.0359   998.9649      0.045     0.1541     -0.002  0.000e+00
    122.000 263.722188        489      0.045    16.0457   0.005727     0.0359   998.9649      0.045     0.1533     -0.004  0.000e+00
    122.250 263.722190        490      0.045    16.0457   0.005717     0.0359   998.9649      0.045     0.1520     -0.000  0.000e+00
    122.500 263.722193        491      0.046    16.0458   0.005727     0.0359   998.9649      0.047     0.1562      0.002  0.000e+00
    122.750 263.722196        492      0.047    16.0456   0.005727     0.0359   998.9650      0.048     0.1582      0.004  0.000e+00
    123.000 263.722199        493      0.046    16.0457   0.005717     0.0359   998.9649      0.047     0.1582     -0.000  0.000e+00
    123.250 263.722202        494      0.046    16.0456   0.005717     0.0359   998.9649      0.047     0.1558     -0.002  0.000e+00
    123.500 263.722205        495      0.046    16.0456   0.005727     0.0359   998.9650      0.047     0.1590     -0.000  0.000e+00
    123.750 263.722208        496      0.048    16.0457   0.005727     0.0359   998.9650      0.049     0.1595      0.004  0.000e+00
    124.000 263.722211        497      0.047    16.0456   0.005727     0.0359   998.9650      0.048     0.1520      0.002  0.000e+00
    124.250 263.722214        498      0.045    16.0456   0.005727     0.0359   998.9650      0.045     0.1599     -0.006  0.000e+00
    124.500 263.722216        499      0.046    16.0454   0.005711     0.0358   998.9649      0.047     0.1545     -0.002  0.000e+00
    124.750 263.722219        500      0.046    16.0456   0.005720     0.0359   998.9649      0.047     0.1545      0.002  0.000e+00
    125.000 263.722222        501      0.045    16.0455   0.005727     0.0359   998.9650      0.045     0.1578     -0.002  0.000e+00
    125.250 263.722225        502      0.045    16.0454   0.005717     0.0359   998.9649      0.045     0.1541     -0.002  0.000e+00
    125.500 263.722228        503      0.045    16.0454   0.005717     0.0359   998.9650      0.045     0.1529     -0.000  0.000e+00
    125.750 263.722231        504      0.045    16.0453   0.005727     0.0359   998.9650      0.045     0.1512 1.8948e-14  0.000e+00
    126.000 263.722234        505      0.045    16.0453   0.005711     0.0358   998.9649      0.045     0.1549     -0.000  0.000e+00
    126.250 263.722237        506      0.046    16.0452   0.005717     0.0359   998.9650      0.047     0.1549      0.002  0.000e+00
    126.500 263.722240        507      0.044    16.0454   0.005717     0.0359   998.9649      0.044     0.1558     -0.002  0.000e+00
    126.750 263.722242        508      0.044    16.0452   0.005720     0.0359   998.9650      0.044     0.1541     -0.004  0.000e+00
    127.000 263.722245        509      0.044    16.0452   0.005717     0.0359   998.9650      0.044     0.1533     -0.000  0.000e+00
    127.250 263.722248        510      0.045    16.0452   0.005717     0.0359   998.9650      0.045     0.1533      0.002  0.000e+00
    127.500 263.722251        511      0.045    16.0452   0.005717     0.0359   998.9650      0.045     0.1545      0.002  0.000e+00
    127.750 263.722254        512      0.046    16.0451   0.005720     0.0359   998.9650      0.047     0.1562      0.002  0.000e+00
    128.000 263.722257        513      0.046    16.0451   0.005711     0.0358   998.9650      0.047     0.1562      0.002  0.000e+00
    128.250 263.722260        514      0.047    16.0449   0.005711     0.0358   998.9650      0.048     0.1529      0.002  0.000e+00
    128.500 263.722263        515      0.047    16.0452   0.005711     0.0358   998.9650      0.048     0.1586      0.002  0.000e+00
    128.750 263.722266        516      0.044    16.0449   0.005711     0.0358   998.9650      0.044     0.1529     -0.006  0.000e+00
    129.000 263.722269        517      0.046    16.0447   0.005711     0.0358   998.9650      0.047     0.1529     -0.002  0.000e+00
    129.250 263.722271        518      0.047    16.0449   0.005711     0.0358   998.9650      0.048     0.1545      0.006  0.000e+00
    129.500 263.722274        519      0.045    16.0447   0.005711     0.0358   998.9650      0.045     0.1549     -0.002  0.000e+00
    129.750 263.722277        520      0.044    16.0447   0.005711     0.0358   998.9650      0.044     0.1533     -0.006  0.000e+00
    130.000 263.722280        521      0.045    16.0446   0.005727     0.0359   998.9651      0.045     0.1566      0.000  0.000e+00
    130.250 263.722283        522      0.046    16.0446   0.005717     0.0359   998.9651      0.047     0.1537      0.004  0.000e+00
    130.500 263.722286        523      0.045    16.0446   0.005717     0.0359   998.9651      0.045     0.1500      0.000  0.000e+00
    130.750 263.722289        524      0.046    16.0443   0.005720     0.0359   998.9652      0.047     0.1508 -1.895e-14  0.000e+00
    131.000 263.722292        525      0.046    16.0444   0.005711     0.0358   998.9651      0.046     0.1541      0.002  0.000e+00
    131.250 263.722295        526      0.045    16.0444   0.005717     0.0359   998.9651      0.045     0.1578     -0.002  0.000e+00
    131.500 263.722297        527      0.046    16.0443   0.005717     0.0359   998.9651      0.046     0.1549 3.7896e-14  0.000e+00
    131.750 263.722300        528      0.047    16.0441   0.005711     0.0358   998.9651      0.048     0.1529      0.004  0.000e+00
    132.000 263.722303        529      0.045    16.0441   0.005717     0.0359   998.9652      0.045     0.1562     -0.002  0.000e+00
    132.250 263.722306        530      0.047    16.0441   0.005693     0.0357   998.9651      0.048     0.1537 1.8948e-14  0.000e+00
    132.500 263.722309        531      0.045    16.0440   0.005717     0.0359   998.9652      0.045     0.1533      0.000  0.000e+00
    132.750 263.722312        532      0.045    16.0439   0.005711     0.0358   998.9652      0.045     0.1525     -0.004  0.000e+00
    133.000 263.722315        533      0.046    16.0438   0.005711     0.0358   998.9652      0.046     0.1537      0.002  0.000e+00
    133.250 263.722318        534      0.046    16.0438   0.005711     0.0358   998.9652      0.047     0.1520      0.002  0.000e+00
    133.500 263.722321        535      0.045    16.0437   0.005711     0.0358   998.9652      0.045     0.1541     -0.002  0.000e+00
    133.750 263.722323        536      0.046    16.0436   0.005711     0.0358   998.9652      0.047     0.1562      0.000  0.000e+00
    134.000 263.722326        537      0.045    16.0435   0.005717     0.0359   998.9653      0.045     0.1529      0.000  0.000e+00
    134.250 263.722329        538      0.046    16.0435   0.005717     0.0359   998.9653      0.047     0.1533     -0.000  0.000e+00
    134.500 263.722332        539      0.046    16.0434   0.005720     0.0359   998.9653      0.046     0.1533      0.002  0.000e+00
    134.750 263.722335        540      0.045    16.0432   0.005717     0.0359   998.9653      0.045     0.1590     -0.002  0.000e+00
    135.000 263.722338        541      0.045    16.0431   0.005717     0.0359   998.9653      0.045     0.1562     -0.002  0.000e+00
    135.250 263.722341        542      0.046    16.0431   0.005711     0.0358   998.9653      0.046     0.1586      0.002  0.000e+00
    135.500 263.722344        543      0.044    16.0431   0.005711     0.0358   998.9653      0.044     0.1537     -0.002  0.000e+00
    135.750 263.722347        544      0.046    16.0429   0.005711     0.0358   998.9653      0.046     0.1574      0.000  0.000e+00
    136.000 263.722350        545      0.047    16.0430   0.005711     0.0358   998.9653      0.048     0.1529      0.006  0.000e+00
    136.250 263.722352        546      0.046    16.0430   0.005717     0.0359   998.9654      0.047     0.1537      0.000  0.000e+00
    136.500 263.722355        547      0.046    16.0428   0.005711     0.0358   998.9654      0.047     0.1566     -0.002  0.000e+00
    136.750 263.722358        548      0.048    16.0428   0.005711     0.0358   998.9654      0.049     0.1529      0.004  0.000e+00
    137.000 263.722361        549      0.045    16.0427   0.005711     0.0358   998.9654      0.045     0.1520     -0.002  0.000e+00
    137.250 263.722364        550      0.045    16.0428   0.005717     0.0359   998.9654      0.045     0.1529     -0.006  0.000e+00
    137.500 263.722367        551      0.046    16.0428   0.005711     0.0358   998.9654      0.047     0.1525      0.002  0.000e+00
    137.750 263.722370        552      0.045    16.0428   0.005711     0.0358   998.9654      0.045     0.1529      0.000  0.000e+00
    138.000 263.722373        553      0.045    16.0427   0.005702     0.0358   998.9653      0.045     0.1570     -0.002  0.000e+00
    138.250 263.722376        554      0.047    16.0428   0.005702     0.0358   998.9653      0.048     0.1549      0.004  0.000e+00
    138.500 263.722378        555      0.044    16.0427   0.005705     0.0358   998.9653      0.044     0.1516     -0.002  0.000e+00
    138.750 263.722381        556      0.046    16.0425   0.005711     0.0358   998.9654      0.046     0.1558     -0.002  0.000e+00
    139.000 263.722384        557      0.043    16.0425   0.005711     0.0358   998.9654      0.043     0.1549     -0.002  0.000e+00
    139.250 263.722387        558      0.044    16.0425   0.005702     0.0358   998.9654      0.044     0.1574     -0.004  0.000e+00
    139.500 263.722390        559      0.045    16.0425   0.005696     0.0358   998.9653      0.045     0.1595      0.004  0.000e+00
    139.750 263.722393        560      0.045    16.0421   0.005711     0.0358   998.9655      0.045     0.1512      0.002  0.000e+00
    140.000 263.722396        561      0.045    16.0421   0.005711     0.0358   998.9655      0.045     0.1541 1.8948e-14  0.000e+00
    140.250 263.722399        562      0.045    16.0419   0.005693     0.0357   998.9654      0.045     0.1549 1.8948e-14  0.000e+00
    140.500 263.722402        563      0.046    16.0420   0.005705     0.0358   998.9655      0.046     0.1570      0.002  0.000e+00
    140.750 263.722405        564      0.044    16.0419   0.005711     0.0358   998.9655      0.044     0.1570     -0.002  0.000e+00
    141.000 263.722407        565      0.046    16.0415   0.005702     0.0358   998.9655      0.046     0.1529 1.8948e-14  0.000e+00
    141.250 263.722410        566      0.046    16.0416   0.005702     0.0358   998.9655      0.046     0.1516      0.004  0.000e+00
    141.500 263.722413        567      0.046    16.0415   0.005696     0.0358   998.9655      0.046     0.1533     -0.000  0.000e+00
    141.750 263.722416        568      0.046    16.0412   0.005693     0.0357   998.9655      0.046     0.1582     -0.000  0.000e+00
    142.000 263.722419        569      0.045    16.0410   0.005711     0.0358   998.9657      0.045     0.1533     -0.002  0.000e+00
    142.250 263.722422        570      0.045    16.0408   0.005711     0.0358   998.9657      0.045     0.1566     -0.002  0.000e+00
    142.500 263.722425        571      0.047    16.0405   0.005696     0.0358   998.9657      0.048     0.1508      0.004  0.000e+00
    142.750 263.722428        572      0.045    16.0402   0.005702     0.0358   998.9657      0.045     0.1533      0.000  0.000e+00
    143.000 263.722431        573      0.045    16.0402   0.005702     0.0358   998.9657      0.045     0.1574     -0.004  0.000e+00
    143.250 263.722433        574      0.043    16.0401   0.005693     0.0357   998.9657      0.043     0.1516     -0.004  0.000e+00
    143.500 263.722436        575      0.044    16.0396   0.005690     0.0357   998.9658      0.044     0.1533     -0.002  0.000e+00
    143.750 263.722439        576      0.045    16.0394   0.005702     0.0358   998.9659      0.045     0.1549      0.004  0.000e+00
    144.000 263.722442        577      0.044    16.0394   0.005702     0.0358   998.9659      0.044     0.1541     -0.000  0.000e+00
    144.250 263.722445        578      0.048    16.0391   0.005702     0.0358   998.9659      0.049     0.1520      0.007  0.000e+00
    144.500 263.722448        579      0.047    16.0389   0.005696     0.0358   998.9659      0.048     0.1525      0.006  0.000e+00
    144.750 263.722451        580      0.044    16.0388   0.005693     0.0357   998.9659      0.044     0.1549     -0.009  0.000e+00
    145.000 263.722454        581      0.043    16.0386   0.005693     0.0357   998.9660      0.043     0.1529     -0.009  0.000e+00
    145.250 263.722457        582      0.046    16.0384   0.005693     0.0357   998.9660      0.046     0.1549      0.004  0.000e+00
    145.500 263.722459        583      0.044    16.0382   0.005696     0.0358   998.9660      0.044     0.1533      0.002  0.000e+00
    145.750 263.722462        584      0.046    16.0381   0.005693     0.0357   998.9660      0.046     0.1508      0.000  0.000e+00
    146.000 263.722465        585      0.047    16.0378   0.005693     0.0357   998.9661      0.048     0.1553      0.006  0.000e+00
    146.250 263.722468        586      0.044    16.0379   0.005693     0.0357   998.9661      0.044     0.1508     -0.004  0.000e+00
    146.500 263.722471        587      0.045    16.0377   0.005680     0.0357   998.9661      0.045     0.1533     -0.004  0.000e+00
    146.750 263.722474        588      0.045    16.0376   0.005693     0.0357   998.9661      0.045     0.1533      0.002  0.000e+00
    147.000 263.722477        589      0.043    16.0375   0.005684     0.0357   998.9661      0.043     0.1558     -0.004  0.000e+00
    147.250 263.722480        590      0.046    16.0371   0.005680     0.0357   998.9662      0.046     0.1562      0.002  0.000e+00
    147.500 263.722483        591      0.046    16.0372   0.005693     0.0357   998.9662      0.046     0.1533      0.006  0.000e+00
    147.750 263.722486        592      0.046    16.0371   0.005702     0.0358   998.9662      0.046     0.1529      0.000  0.000e+00
    148.000 263.722488        593      0.045    16.0371   0.005684     0.0357   998.9662      0.045     0.1574     -0.002  0.000e+00
    148.250 263.722491        594      0.045    16.0370   0.005690     0.0357   998.9662      0.045     0.1500     -0.002  0.000e+00
    148.500 263.722494        595      0.046    16.0370   0.005684     0.0357   998.9662      0.046     0.1578      0.002  0.000e+00
    148.750 263.722497        596      0.047    16.0370   0.005693     0.0357   998.9662      0.048     0.1545      0.004  0.000e+00
    149.000 263.722500        597      0.046    16.0369   0.005693     0.0357   998.9662      0.046     0.1558      0.000  0.000e+00
    149.250 263.722503        598      0.045    16.0368   0.005690     0.0357   998.9662      0.045     0.1566     -0.004  0.000e+00
    149.500 263.722506        599      0.046    16.0368   0.005684     0.0357   998.9662      0.046     0.1553      0.000  0.000e+00
    149.750 263.722509        600      0.047    16.0368   0.005684     0.0357   998.9662      0.048     0.1516      0.004  0.000e+00
    150.000 263.722512        601      0.046    16.0368   0.005674     0.0356   998.9662      0.046     0.1520     -0.000  0.000e+00
