Raw_Data/Cage/SBE19/2020-09-20_SBE19_004_011_processed.cnv
* Sea-Bird SBE19plus Data File:
* FileName = C:\cruises\2020_barkerboys\leg2\data\cage\SBE19\2020-09-25_SBE19_004_011.hex
* Software Version 1.59
* Temperature SN =  4881
* Conductivity SN =  4881
* System UpLoad Time = Sep 25 2020 12:23:18
* ds
* SeacatPlus V 1.5  SERIAL NO. 4881    25 Sep 2020  12:15:39
# nquan = 12
# nvalues = 2357                                  
# units = specified
# name 0 = timeS: Time, Elapsed [seconds]
# name 1 = timeJ: Julian Days
# name 2 = scan: Scan Count
# name 3 = depSM: Depth [salt water, m], lat = 44.00
# name 4 = tv290C: Temperature [ITS-90, deg C]
# name 5 = c0S/m: Conductivity [S/m]
# name 6 = sal00: Salinity, Practical [PSU]
# name 7 = density00: Density [density, kg/m^3]
# name 8 = prdM: Pressure, Strain Gauge [db]
# name 9 = wetStar: Fluorescence, WET Labs WETstar [mg/m^3]
# name 10 = dz/dtM: Descent Rate [m/s]
# name 11 = flag:  0.000e+00
# span 0 =      0.000,    589.000                 
# span 1 = 264.513843, 264.520660                 
# span 2 =          1,       2357                 
# span 3 =      0.120,    104.862                 
# span 4 =     9.2869,    13.0509                 
# span 5 =   0.004823,   3.818681                 
# span 6 =     0.0334,    32.9612                 
# span 7 =   999.7623,  1025.6643                 
# span 8 =      0.121,    105.738                 
# span 9 =     0.1496,     4.5064                 
# span 10 =     -1.553,      1.310                
# span 11 = 0.0000e+00, 0.0000e+00                
# interval = seconds: 0.25
# start_time = Sep 20 2020 12:19:56 [Instrument's time stamp, header]
# bad_flag = -9.990e-29
*END*
      0.000 264.513843          1      0.124     9.2971   0.200471     1.4940  1000.9371      0.125     0.1496      0.000  0.000e+00
      0.250 264.513845          2      0.124     9.2972   0.200327     1.4929  1000.9362      0.125     0.1525      0.000  0.000e+00
      0.500 264.513848          3      0.124     9.2969   0.200354     1.4931  1000.9364      0.125     0.1529      0.000  0.000e+00
      0.750 264.513851          4      0.123     9.2965   0.200448     1.4938  1000.9370      0.124     0.1570     -0.002  0.000e+00
      1.000 264.513854          5      0.122     9.2966   0.200589     1.4949  1000.9379      0.123     0.1533     -0.004  0.000e+00
      1.250 264.513857          6      0.123     9.2966   0.200726     1.4960  1000.9387      0.124     0.1541      0.000  0.000e+00
      1.500 264.513860          7      0.124     9.2970   0.200847     1.4970  1000.9394      0.125     0.1574      0.004  0.000e+00
      1.750 264.513863          8      0.125     9.2977   0.200904     1.4974  1000.9397      0.126     0.1578      0.004  0.000e+00
      2.000 264.513866          9      0.122     9.2985   0.200907     1.4974  1000.9396      0.123     0.1586     -0.004  0.000e+00
      2.250 264.513869         10      0.124     9.2992   0.200857     1.4969  1000.9392      0.125     0.1623     -0.002  0.000e+00
      2.500 264.513872         11      0.123     9.2999   0.200776     1.4963  1000.9386      0.124     0.1619      0.002  0.000e+00
      2.750 264.513874         12      0.124     9.3006   0.200656     1.4953  1000.9378      0.125     0.1636      0.000  0.000e+00
      3.000 264.513877         13      0.122     9.3011   0.200558     1.4945  1000.9372      0.123     0.1611     -0.002  0.000e+00
      3.250 264.513880         14      0.124     9.3014   0.200317     1.4926  1000.9356      0.125     0.1611      0.000  0.000e+00
      3.500 264.513883         15      0.122     9.3011   0.199406     1.4855  1000.9301      0.123     0.1574      0.000  0.000e+00
      3.750 264.513886         16      0.122     9.2987   0.198147     1.4757  1000.9226      0.123     0.1599     -0.004  0.000e+00
      4.000 264.513889         17      0.122     9.2897   0.200615     1.4954  1000.9388      0.123     0.1595     -0.000  0.000e+00
      4.250 264.513892         18      0.122     9.2869   0.203928     1.5216  1000.9596      0.123     0.1595      0.000  0.000e+00
      4.500 264.513895         19      0.120     9.3492   0.200589     1.4928  1000.9318      0.121     0.1578     -0.004  0.000e+00
      4.750 264.513898         20      0.124     9.6706   0.199647     1.4723  1000.8882      0.125     0.1623      0.004  0.000e+00
      5.000 264.513900         21      0.123    10.0455   0.187508     1.3640  1000.7696      0.124     0.1648      0.006  0.000e+00
      5.250 264.513903         22      0.124    10.2442   0.038940     0.2635   999.8880      0.125     0.1619      0.000  0.000e+00
      5.500 264.513906         23      0.122    10.3202   0.028872     0.1933   999.8258      0.123     0.1661     -0.002  0.000e+00
      5.750 264.513909         24      0.123    10.3435   0.029593     0.1982   999.8274      0.124     0.1590     -0.002  0.000e+00
      6.000 264.513912         25      0.124    10.3473   0.031235     0.2094   999.8360      0.125     0.1611      0.004  0.000e+00
      6.250 264.513915         26      0.124    10.3440   0.030940     0.2074   999.8347      0.125     0.1681      0.002  0.000e+00
      6.500 264.513918         27      0.123    10.3371   0.028987     0.1940   999.8248      0.124     0.1636     -0.002  0.000e+00
      6.750 264.513921         28      0.121    10.3277   0.027021     0.1806   999.8151      0.122     0.1632     -0.006  0.000e+00
      7.000 264.513924         29      0.121    10.3164   0.025593     0.1709   999.8085      0.122     0.1611     -0.004  0.000e+00
      7.250 264.513927         30      0.123    10.3041   0.024473     0.1633   999.8037      0.124     0.1623      0.004  0.000e+00
      7.500 264.513929         31      0.123    10.2907   0.023438     0.1563   999.7994      0.124     0.1648      0.004  0.000e+00
      7.750 264.513932         32      0.123    10.2770   0.022421     0.1494   999.7953      0.124     0.1640      0.000  0.000e+00
      8.000 264.513935         33      0.123    10.2633   0.021504     0.1433   999.7917      0.124     0.1648      0.000  0.000e+00
      8.250 264.513938         34      0.122    10.2493   0.020845     0.1388   999.7895      0.123     0.1582     -0.002  0.000e+00
      8.500 264.513941         35      0.124    10.2355   0.020439     0.1361   999.7886      0.125     0.1611      0.002  0.000e+00
      8.750 264.513944         36      0.124    10.2217   0.020077     0.1337   999.7880      0.125     0.1681      0.004  0.000e+00
      9.000 264.513947         37      0.124    10.2080   0.019780     0.1318   999.7877      0.125     0.1615     -0.000  0.000e+00
      9.250 264.513950         38      0.122    10.1942   0.019353     0.1289   999.7867      0.123     0.1640     -0.004  0.000e+00
      9.500 264.513953         39      0.122    10.1805   0.018778     0.1251   999.7849      0.123     0.1619     -0.004  0.000e+00
      9.750 264.513955         40      0.123    10.1669   0.018085     0.1204   999.7825      0.124     0.1619      0.002  0.000e+00
     10.000 264.513958         41      0.123    10.1535   0.017269     0.1150   999.7794      0.124     0.1611      0.002  0.000e+00
     10.250 264.513961         42      0.122    10.1401   0.016438     0.1094   999.7763      0.123     0.1611     -0.002  0.000e+00
     10.500 264.513964         43      0.123    10.1272   0.015693     0.1045   999.7735      0.124     0.1599 4.7370e-15  0.000e+00
     10.750 264.513967         44      0.122    10.1145   0.015023     0.1000   999.7711      0.123     0.1656      0.000  0.000e+00
     11.000 264.513970         45      0.124    10.1024   0.014582     0.0971   999.7699      0.125     0.1628      0.002  0.000e+00
     11.250 264.513973         46      0.123    10.0906   0.014495     0.0965   999.7705      0.124     0.1661      0.002  0.000e+00
     11.500 264.513976         47      0.122    10.0794   0.014937     0.0995   999.7739      0.123     0.1661     -0.004  0.000e+00
     11.750 264.513979         48      0.123    10.0685   0.015764     0.1051   999.7793      0.124     0.1656 -4.737e-15  0.000e+00
     12.000 264.513981         49      0.125    10.0580   0.016629     0.1109   999.7848      0.126     0.1640      0.006  0.000e+00
     12.250 264.513984         50      0.121    10.0481   0.017015     0.1136   999.7878      0.122     0.1623     -0.004  0.000e+00
     12.500 264.513987         51      0.122    10.0382   0.016663     0.1112   999.7868      0.123     0.1636     -0.006  0.000e+00
     12.750 264.513990         52      0.122    10.0283   0.015860     0.1058   999.7834      0.123     0.1607      0.002  0.000e+00
     13.000 264.513993         53      0.122    10.0188   0.014915     0.0995   999.7793      0.123     0.1652 4.7370e-15  0.000e+00
     13.250 264.513996         54      0.122    10.0093   0.014036     0.0936   999.7755      0.123     0.1685      0.000  0.000e+00
     13.500 264.513999         55      0.123     9.9998   0.013267     0.0885   999.7723      0.124     0.1599      0.002  0.000e+00
     13.750 264.514002         56      0.123     9.9907   0.012580     0.0839   999.7695      0.124     0.1611      0.002  0.000e+00
     14.000 264.514005         57      0.123     9.9817   0.011867     0.0792   999.7666      0.124     0.1623 -4.737e-15  0.000e+00
     14.250 264.514008         58      0.122     9.9730   0.011239     0.0750   999.7640      0.123     0.1607     -0.002  0.000e+00
     14.500 264.514010         59      0.122     9.9647   0.010770     0.0719   999.7623      0.123     0.1661     -0.002  0.000e+00
     14.750 264.514013         60      0.124     9.9565   0.011917     0.0796   999.7691      0.125     0.1669      0.004  0.000e+00
     15.000 264.514016         61      0.123     9.9487   0.013625     0.0910   999.7788      0.124     0.1656      0.002  0.000e+00
     15.250 264.514019         62      0.123     9.9409   0.013746     0.0918   999.7801      0.124     0.1665     -0.002  0.000e+00
     15.500 264.514022         63      0.120     9.9335   0.014060     0.0939   999.7824      0.121     0.1623     -0.006  0.000e+00
     15.750 264.514025         64      0.121     9.9261   0.013943     0.0932   999.7825      0.122     0.1595     -0.004  0.000e+00
     16.000 264.514028         65      0.123     9.9189   0.013178     0.0881   999.7791      0.124     0.1689      0.006  0.000e+00
     16.250 264.514031         66      0.123     9.9121   0.012490     0.0835   999.7760      0.124     0.1656      0.004  0.000e+00
     16.500 264.514034         67      0.123     9.9053   0.011907     0.0796   999.7736      0.124     0.1652      0.000  0.000e+00
     16.750 264.514036         68      0.123     9.8987   0.011390     0.0762   999.7714      0.124     0.1665      0.000  0.000e+00
     17.000 264.514039         69      0.120     9.8920   0.010971     0.0734   999.7698      0.121     0.1669     -0.006  0.000e+00
     17.250 264.514042         70      0.122     9.8857   0.010598     0.0709   999.7684      0.123     0.1673     -0.002  0.000e+00
     17.500 264.514045         71      0.123     9.8795   0.010247     0.0686   999.7671      0.124     0.1632      0.006  0.000e+00
     17.750 264.514048         72      0.122     9.8733   0.009902     0.0663   999.7659      0.123     0.1665      0.000  0.000e+00
     18.000 264.514051         73      0.122     9.8671   0.009658     0.0647   999.7651      0.123     0.1669     -0.002  0.000e+00
     18.250 264.514054         74      0.122     9.8614   0.010188     0.0682   999.7684      0.123     0.1677     -0.000  0.000e+00
     18.500 264.514057         75      0.123     9.8558   0.010995     0.0736   999.7731      0.124     0.1628      0.002  0.000e+00
     18.750 264.514060         76      0.123     9.8503   0.011491     0.0769   999.7762      0.124     0.1677      0.002  0.000e+00
     19.000 264.514063         77      0.123     9.8449   0.011562     0.0774   999.7771      0.124     0.1656     -0.000  0.000e+00
     19.250 264.514065         78      0.122     9.8396   0.011722     0.0785   999.7784      0.123     0.1644     -0.002  0.000e+00
     19.500 264.514068         79      0.123     9.8345   0.011892     0.0796   999.7797      0.124     0.1673      0.000  0.000e+00
     19.750 264.514071         80      0.123     9.8296   0.011969     0.0801   999.7806      0.124     0.1636      0.002  0.000e+00
     20.000 264.514074         81      0.122     9.8249   0.011759     0.0787   999.7799      0.123     0.1652     -0.002  0.000e+00
     20.250 264.514077         82      0.123     9.8201   0.011399     0.0763   999.7784      0.124     0.1681     -0.000  0.000e+00
     20.500 264.514080         83      0.121     9.8157   0.010995     0.0737   999.7766      0.122     0.1644     -0.002  0.000e+00
     20.750 264.514083         84      0.125     9.8114   0.010579     0.0709   999.7748      0.126     0.1632      0.004  0.000e+00
     21.000 264.514086         85      0.122     9.8070   0.010163     0.0681   999.7730      0.123     0.1656      0.002  0.000e+00
     21.250 264.514089         86      0.123     9.8026   0.009778     0.0656   999.7714      0.124     0.1632     -0.004  0.000e+00
     21.500 264.514091         87      0.124     9.7987   0.009424     0.0633   999.7699      0.125     0.1677      0.004  0.000e+00
     21.750 264.514094         88      0.122     9.7945   0.009184     0.0617   999.7690      0.123     0.1619     -0.002  0.000e+00
     22.000 264.514097         89      0.122     9.7902   0.009738     0.0653   999.7723      0.123     0.1628     -0.004  0.000e+00
     22.250 264.514100         90      0.121     9.7860   0.010431     0.0700   999.7763      0.122     0.1640     -0.002  0.000e+00
     22.500 264.514103         91      0.122     9.7818   0.010770     0.0722   999.7784      0.123     0.1661      0.000  0.000e+00
     22.750 264.514106         92      0.121     9.7779   0.010502     0.0704   999.7773      0.122     0.1615 -9.474e-15  0.000e+00
     23.000 264.514109         93      0.121     9.7739   0.010287     0.0690   999.7765      0.122     0.1607     -0.002  0.000e+00
     23.250 264.514112         94      0.122     9.7704   0.010284     0.0690   999.7768      0.123     0.1665      0.002  0.000e+00
     23.500 264.514115         95      0.123     9.7667   0.010327     0.0693   999.7774      0.124     0.1677      0.004  0.000e+00
     23.750 264.514117         96      0.123     9.7633   0.010354     0.0695   999.7778      0.124     0.1652      0.002  0.000e+00
     24.000 264.514120         97      0.121     9.7599   0.010068     0.0676   999.7766      0.122     0.1685     -0.004  0.000e+00
     24.250 264.514123         98      0.124     9.7565   0.009738     0.0654   999.7752      0.125     0.1640      0.002  0.000e+00
     24.500 264.514126         99      0.120     9.7536   0.009424     0.0633   999.7738      0.121     0.1669     -0.002  0.000e+00
     24.750 264.514129        100      0.122     9.7505   0.009116     0.0613   999.7724      0.123     0.1640     -0.004  0.000e+00
     25.000 264.514132        101      0.121     9.7473   0.008812     0.0593   999.7711      0.122     0.1656      0.002  0.000e+00
     25.250 264.514135        102      0.122     9.7444   0.008602     0.0579   999.7703      0.123     0.1603      0.000  0.000e+00
     25.500 264.514138        103      0.121     9.7415   0.009009     0.0606   999.7726      0.122     0.1636      0.000  0.000e+00
     25.750 264.514141        104      0.123     9.7386   0.009594     0.0645   999.7760      0.124     0.1652      0.002  0.000e+00
     26.000 264.514144        105      0.123     9.7357   0.009954     0.0669   999.7781      0.124     0.1661      0.004  0.000e+00
     26.250 264.514146        106      0.122     9.7330   0.009834     0.0661   999.7777      0.123     0.1665     -0.002  0.000e+00
     26.500 264.514149        107      0.123     9.7301   0.009554     0.0642   999.7765      0.124     0.1656      0.000  0.000e+00
     26.750 264.514152        108      0.122     9.7274   0.009477     0.0637   999.7763      0.123     0.1689      0.000  0.000e+00
     27.000 264.514155        109      0.122     9.7248   0.009495     0.0638   999.7766      0.123     0.1628     -0.002  0.000e+00
     27.250 264.514158        110      0.123     9.7222   0.009566     0.0643   999.7772      0.124     0.1693      0.002  0.000e+00
     27.500 264.514161        111      0.124     9.7197   0.009477     0.0637   999.7770      0.125     0.1665      0.004  0.000e+00
     27.750 264.514164        112      0.122     9.7172   0.009166     0.0616   999.7756      0.123     0.1665     -0.002  0.000e+00
     28.000 264.514167        113      0.122     9.7149   0.008864     0.0597   999.7742      0.123     0.1632     -0.004  0.000e+00
     28.250 264.514170        114      0.122     9.7127   0.008593     0.0579   999.7729      0.123     0.1698     -0.000  0.000e+00
     28.500 264.514172        115      0.122     9.7105   0.008353     0.0563   999.7719      0.123     0.1628 -1.895e-14  0.000e+00
     28.750 264.514175        116      0.122     9.7083   0.008135     0.0548   999.7709      0.123     0.1689      0.000  0.000e+00
     29.000 264.514178        117      0.122     9.7061   0.007972     0.0538   999.7703      0.123     0.1661     -0.000  0.000e+00
     29.250 264.514181        118      0.123     9.7041   0.007842     0.0529   999.7698      0.124     0.1652      0.002  0.000e+00
     29.500 264.514184        119      0.124     9.7022   0.007855     0.0530   999.7700      0.125     0.1661      0.004  0.000e+00
     29.750 264.514187        120      0.123     9.7003   0.008110     0.0547   999.7715      0.124     0.1632      0.000  0.000e+00
