Raw_Data/Cage/SBE19/2020-09-20_SBE19_004_013_processed.cnv
* Sea-Bird SBE19plus Data File:
* FileName = C:\cruises\2020_barkerboys\leg2\data\cage\SBE19\2020-09-25_SBE19_004_013.hex
* Software Version 1.59
* Temperature SN =  4881
* Conductivity SN =  4881
* System UpLoad Time = Sep 25 2020 12:25:15
* ds
* SeacatPlus V 1.5  SERIAL NO. 4881    25 Sep 2020  12:15:39
# nquan = 12
# nvalues = 3757                                  
# units = specified
# name 0 = timeS: Time, Elapsed [seconds]
# name 1 = timeJ: Julian Days
# name 2 = scan: Scan Count
# name 3 = depSM: Depth [salt water, m], lat = 44.00
# name 4 = tv290C: Temperature [ITS-90, deg C]
# name 5 = c0S/m: Conductivity [S/m]
# name 6 = sal00: Salinity, Practical [PSU]
# name 7 = density00: Density [density, kg/m^3]
# name 8 = prdM: Pressure, Strain Gauge [db]
# name 9 = wetStar: Fluorescence, WET Labs WETstar [mg/m^3]
# name 10 = dz/dtM: Descent Rate [m/s]
# name 11 = flag:  0.000e+00
# span 0 =      0.000,    939.000                 
# span 1 = 264.570220, 264.581088                 
# span 2 =          1,       3757                 
# span 3 =      0.125,    133.709                 
# span 4 =     8.7593,    12.9204                 
# span 5 =   0.048824,   3.809801                 
# span 6 =     0.3455,    32.9295                 
# span 7 =  1000.0678,  1025.7108                 
# span 8 =      0.126,    134.835                 
# span 9 =     0.1516,     3.2943                 
# span 10 =     -1.534,      1.070                
# span 11 = 0.0000e+00, 0.0000e+00                
# interval = seconds: 0.25
# start_time = Sep 20 2020 13:41:07 [Instrument's time stamp, header]
# bad_flag = -9.990e-29
*END*
[from data line 1083]
    270.750 264.573354       1084      3.036    12.9018   3.808710    32.3520  1024.3751      3.060     1.6443     -0.316  0.000e+00
    271.000 264.573356       1085      2.918    12.9022   3.808917    32.3536  1024.3758      2.942     1.4947     -0.425  0.000e+00
    271.250 264.573359       1086      2.764    12.9035   3.808884    32.3523  1024.3738      2.786     1.9846     -0.547  0.000e+00
    271.500 264.573362       1087      2.587    12.9047   3.809024    32.3527  1024.3731      2.608     1.5405     -0.668  0.000e+00
    271.750 264.573365       1088      2.389    12.9065   3.808957    32.3506  1024.3702      2.409     1.7485     -0.756  0.000e+00
    272.000 264.573368       1089      2.175    12.9070   3.808817    32.3489  1024.3679      2.193     1.7341     -0.831  0.000e+00
    272.250 264.573371       1090      1.959    12.9066   3.808817    32.3494  1024.3673      1.975     1.3954     -0.867  0.000e+00
    272.500 264.573374       1091      1.761    12.9061   3.808850    32.3502  1024.3671      1.775     1.8593     -0.835  0.000e+00
    272.750 264.573377       1092      1.595    12.9055   3.808817    32.3504  1024.3667      1.608     1.7864     -0.734  0.000e+00
    273.000 264.573380       1093      1.471    12.9050   3.808783    32.3506  1024.3664      1.483     1.7625     -0.584  0.000e+00
    273.250 264.573383       1094      1.399    12.9047   3.808823    32.3512  1024.3666      1.410     1.4070     -0.395  0.000e+00
    273.500 264.573385       1095      1.377    12.9047   3.808850    32.3516  1024.3667      1.388     1.1454     -0.191  0.000e+00
    273.750 264.573388       1096      1.431    12.9051   3.808883    32.3515  1024.3668      1.442     1.1919      0.064  0.000e+00
    274.000 264.573391       1097      1.528    12.9056   3.808850    32.3507  1024.3666      1.540     1.4502      0.305  0.000e+00
    274.250 264.573394       1098      1.648    12.9059   3.808850    32.3504  1024.3668      1.662     1.3073      0.438  0.000e+00
    274.500 264.573397       1099      1.734    12.9058   3.808883    32.3507  1024.3675      1.748     1.2492      0.417  0.000e+00
    274.750 264.573400       1100      1.778    12.9058   3.808890    32.3508  1024.3677      1.792     1.4387      0.262  0.000e+00
    275.000 264.573403       1101      1.770    12.9058   3.808783    32.3498  1024.3669      1.784     1.4247      0.071  0.000e+00
    275.250 264.573406       1102      1.714    12.9054   3.808883    32.3511  1024.3678      1.728     1.1013     -0.129  0.000e+00
    275.500 264.573409       1103      1.627    12.9054   3.808883    32.3512  1024.3674      1.640     1.1870     -0.288  0.000e+00
    275.750 264.573411       1104      1.540    12.9055   3.808917    32.3514  1024.3672      1.552     1.1000     -0.352  0.000e+00
    276.000 264.573414       1105      1.509    12.9057   3.809024    32.3522  1024.3677      1.521     0.9884     -0.238  0.000e+00
    276.250 264.573417       1106      1.525    12.9060   3.809024    32.3520  1024.3674      1.537     1.1437     -0.030  0.000e+00
    276.500 264.573420       1107      1.629    12.9069   3.809131    32.3522  1024.3679      1.642     1.2970      0.243  0.000e+00
    276.750 264.573423       1108      1.787    12.9077   3.809057    32.3507  1024.3673      1.801     1.0794      0.528  0.000e+00
    277.000 264.573426       1109      1.948    12.9079   3.809131    32.3512  1024.3684      1.964     0.9229      0.644  0.000e+00
    277.250 264.573429       1110      2.114    12.9079   3.809057    32.3504  1024.3685      2.131     0.9674      0.659  0.000e+00
    277.500 264.573432       1111      2.266    12.9081   3.809024    32.3499  1024.3688      2.284     0.9122      0.640  0.000e+00
    277.750 264.573435       1112      2.401    12.9078   3.809124    32.3510  1024.3704      2.420     1.0139      0.580  0.000e+00
    278.000 264.573438       1113      2.516    12.9081   3.809164    32.3511  1024.3709      2.536     1.2311      0.505  0.000e+00
    278.250 264.573440       1114      2.612    12.9087   3.809198    32.3509  1024.3711      2.633     0.9719      0.425  0.000e+00
    278.500 264.573443       1115      2.702    12.9090   3.809165    32.3503  1024.3709      2.724     0.9859      0.376  0.000e+00
    278.750 264.573446       1116      2.792    12.9093   3.809131    32.3496  1024.3708      2.815     0.9830      0.363  0.000e+00
    279.000 264.573449       1117      2.887    12.9094   3.809098    32.3492  1024.3709      2.910     0.9142      0.371  0.000e+00
    279.250 264.573452       1118      2.990    12.9091   3.809125    32.3497  1024.3717      3.014     0.9291      0.399  0.000e+00
    279.500 264.573455       1119      3.108    12.9089   3.809058    32.3492  1024.3719      3.133     0.9711      0.447  0.000e+00
    279.750 264.573458       1120      3.240    12.9089   3.809198    32.3504  1024.3735      3.266     0.9488      0.505  0.000e+00
    280.000 264.573461       1121      3.369    12.9092   3.809198    32.3502  1024.3738      3.396     1.1816      0.526  0.000e+00
    280.250 264.573464       1122      3.489    12.9094   3.809131    32.3493  1024.3736      3.518     0.9892      0.502  0.000e+00
    280.500 264.573466       1123      3.600    12.9094   3.809125    32.3492  1024.3741      3.629     0.8912      0.466  0.000e+00
    280.750 264.573469       1124      3.694    12.9095   3.809238    32.3501  1024.3752      3.724     0.9958      0.412  0.000e+00
    281.000 264.573472       1125      3.776    12.9103   3.809238    32.3494  1024.3748      3.806     1.1882      0.354  0.000e+00
    281.250 264.573475       1126      3.859    12.9107   3.809305    32.3497  1024.3753      3.890     1.0193      0.333  0.000e+00
    281.500 264.573478       1127      3.962    12.9111   3.809272    32.3490  1024.3752      3.994     0.9731      0.376  0.000e+00
    281.750 264.573481       1128      4.094    12.9114   3.809305    32.3490  1024.3758      4.127     1.0086      0.474  0.000e+00
    282.000 264.573484       1129      4.257    12.9120   3.809392    32.3492  1024.3765      4.292     1.0193      0.595  0.000e+00
    282.250 264.573487       1130      4.440    12.9127   3.809586    32.3504  1024.3781      4.476     0.9933      0.698  0.000e+00
    282.500 264.573490       1131      4.614    12.9139   3.809693    32.3503  1024.3787      4.651     1.1668      0.719  0.000e+00
    282.750 264.573492       1132      4.763    12.9158   3.809620    32.3480  1024.3771      4.802     1.0506      0.651  0.000e+00
    283.000 264.573495       1133      4.885    12.9166   3.809660    32.3476  1024.3772      4.925     0.9859      0.547  0.000e+00
    283.250 264.573498       1134      4.992    12.9173   3.809693    32.3473  1024.3773      5.032     1.1866      0.462  0.000e+00
    283.500 264.573501       1135      5.077    12.9173   3.809627    32.3465  1024.3771      5.118     1.6822      0.386  0.000e+00
    283.750 264.573504       1136      5.138    12.9171   3.809586    32.3464  1024.3773      5.180     1.2525      0.294  0.000e+00
    284.000 264.573507       1137      5.201    12.9166   3.809587    32.3468  1024.3780      5.243     1.1956      0.249  0.000e+00
    284.250 264.573510       1138      5.280    12.9162   3.809587    32.3470  1024.3787      5.322     1.2208      0.286  0.000e+00
    284.500 264.573513       1139      5.382    12.9162   3.809660    32.3478  1024.3797      5.425     1.4729      0.365  0.000e+00
    284.750 264.573516       1140      5.515    12.9164   3.809760    32.3485  1024.3808      5.560     1.6591      0.475  0.000e+00
    285.000 264.573519       1141      5.688    12.9164   3.809727    32.3480  1024.3812      5.735     1.8898      0.618  0.000e+00
    285.250 264.573521       1142      5.883    12.9168   3.809801    32.3484  1024.3823      5.931     1.3419      0.743  0.000e+00
    285.500 264.573524       1143      6.068    12.9173   3.809660    32.3465  1024.3816      6.117     1.3703      0.764  0.000e+00
    285.750 264.573527       1144      6.244    12.9158   3.809025    32.3417  1024.3790      6.295     1.4004      0.728  0.000e+00
    286.000 264.573530       1145      6.403    12.9115   3.809620    32.3510  1024.3877      6.455     1.7481      0.676  0.000e+00
    286.250 264.573533       1146      6.546    12.9120   3.809620    32.3505  1024.3878      6.599     1.5343      0.608  0.000e+00
    286.500 264.573536       1147      6.659    12.9138   3.809761    32.3502  1024.3878      6.713     1.7514      0.515  0.000e+00
    286.750 264.573539       1148      6.731    12.9152   3.809694    32.3483  1024.3864      6.786     1.4609      0.374  0.000e+00
    287.000 264.573542       1149      6.763    12.9156   3.809340    32.3447  1024.3837      6.818     1.4408      0.210  0.000e+00
    287.250 264.573545       1150      6.773    12.9140   3.808919    32.3420  1024.3820      6.827     1.2756      0.084  0.000e+00
    287.500 264.573547       1151      6.784    12.9099   3.807869    32.3357  1024.3779      6.839     1.5256      0.043  0.000e+00
    287.750 264.573550       1152      6.824    12.9000   3.807722    32.3427  1024.3854      6.879     1.4770      0.103  0.000e+00
    288.000 264.573553       1153      6.908    12.8913   3.807763    32.3505  1024.3936      6.964     1.9261      0.249  0.000e+00
    288.250 264.573556       1154      7.047    12.8867   3.807836    32.3550  1024.3986      7.104     2.2565      0.451  0.000e+00
    288.500 264.573559       1155      7.242    12.8845   3.807208    32.3509  1024.3967      7.301     2.0633      0.674  0.000e+00
    288.750 264.573562       1156      7.456    12.8792   3.805597    32.3401  1024.3903      7.517     1.6991      0.825  0.000e+00
    289.000 264.573565       1157      7.654    12.8656   3.805491    32.3506  1024.4020      7.716     1.7197      0.831  0.000e+00
    289.250 264.573568       1158      7.846    12.8543   3.805391    32.3593  1024.4118      7.910     2.0719      0.786  0.000e+00
    289.500 264.573571       1159      8.014    12.8474   3.805525    32.3664  1024.4194      8.079     1.8087      0.726  0.000e+00
    289.750 264.573573       1160      8.147    12.8441   3.805805    32.3718  1024.4249      8.213     1.5293      0.608  0.000e+00
    290.000 264.573576       1161      8.253    12.8442   3.805698    32.3707  1024.4245      8.320     1.8709      0.481  0.000e+00
    290.250 264.573579       1162      8.306    12.8448   3.805665    32.3698  1024.4239      8.373     1.8342      0.320  0.000e+00
    290.500 264.573582       1163      8.328    12.8448   3.805805    32.3711  1024.4250      8.396     1.9809      0.152  0.000e+00
    290.750 264.573585       1164      8.340    12.8454   3.805772    32.3704  1024.4243      8.408     2.0073      0.069  0.000e+00
    291.000 264.573588       1165      8.367    12.8458   3.805859    32.3708  1024.4248      8.435     2.0225      0.077  0.000e+00
    291.250 264.573591       1166      8.425    12.8464   3.805946    32.3711  1024.4251      8.494     2.1449      0.172  0.000e+00
    291.500 264.573594       1167      8.519    12.8474   3.806053    32.3712  1024.4254      8.588     2.1205      0.307  0.000e+00
    291.750 264.573597       1168      8.644    12.8488   3.806013    32.3696  1024.4245      8.714     1.9080      0.440  0.000e+00
    292.000 264.573600       1169      8.805    12.8500   3.806120    32.3695  1024.4249      8.877     2.3863      0.578  0.000e+00
    292.250 264.573602       1170      9.000    12.8504   3.805558    32.3638  1024.4213      9.073     2.4316      0.719  0.000e+00
    292.500 264.573605       1171      9.168    12.8477   3.804890    32.3597  1024.4194      9.242     2.3867      0.730  0.000e+00
    292.750 264.573608       1172      9.332    12.8416   3.805244    32.3682  1024.4279      9.407     2.1177      0.668  0.000e+00
    293.000 264.573611       1173      9.486    12.8379   3.804997    32.3690  1024.4299      9.563     1.6900      0.642  0.000e+00
    293.250 264.573614       1174      9.620    12.8351   3.804583    32.3673  1024.4298      9.698     2.3241      0.582  0.000e+00
    293.500 264.573617       1175      9.734    12.8308   3.804262    32.3680  1024.4316      9.813     2.8374      0.500  0.000e+00
    293.750 264.573620       1176      9.830    12.8257   3.804369    32.3733  1024.4372      9.910     2.3323      0.423  0.000e+00
    294.000 264.573623       1177      9.918    12.8228   3.804891    32.3807  1024.4439      9.999     1.9455      0.372  0.000e+00
    294.250 264.573626       1178     10.006    12.8244   3.804510    32.3757  1024.4401     10.087     2.4856      0.354  0.000e+00
    294.500 264.573628       1179     10.108    12.8247   3.804370    32.3740  1024.4392     10.190     2.2120      0.382  0.000e+00
    294.750 264.573631       1180     10.231    12.8233   3.804543    32.3769  1024.4423     10.314     2.0851      0.455  0.000e+00
    295.000 264.573634       1181     10.375    12.8223   3.804303    32.3754  1024.4419     10.459     2.1341      0.539  0.000e+00
    295.250 264.573637       1182     10.530    12.8208   3.804263    32.3762  1024.4435     10.615     1.9455      0.601  0.000e+00
    295.500 264.573640       1183     10.701    12.8193   3.804230    32.3771  1024.4454     10.788     2.1976      0.657  0.000e+00
    295.750 264.573643       1184     10.862    12.8179   3.804263    32.3786  1024.4475     10.950     1.9417      0.670  0.000e+00
    296.000 264.573646       1185     11.028    12.8171   3.804443    32.3809  1024.4502     11.118     2.2919      0.659  0.000e+00
    296.250 264.573649       1186     11.187    12.8178   3.804544    32.3812  1024.4510     11.277     2.2722      0.655  0.000e+00
    296.500 264.573652       1187     11.344    12.8193   3.804544    32.3799  1024.4504     11.436     2.0550      0.638  0.000e+00
    296.750 264.573655       1188     11.487    12.8207   3.804510    32.3783  1024.4496     11.580     2.3867      0.606  0.000e+00
    297.000 264.573657       1189     11.616    12.8208   3.804357    32.3767  1024.4489     11.710     1.8416      0.548  0.000e+00
    297.250 264.573660       1190     11.745    12.8203   3.804444    32.3779  1024.4505     11.840     1.8898      0.520  0.000e+00
    297.500 264.573663       1191     11.877    12.8195   3.804444    32.3785  1024.4517     11.973     1.8787      0.526  0.000e+00
    297.750 264.573666       1192     12.024    12.8195   3.804444    32.3784  1024.4523     12.121     1.9838      0.563  0.000e+00
    298.000 264.573669       1193     12.182    12.8193   3.804404    32.3781  1024.4528     12.281     2.4740      0.616  0.000e+00
    298.250 264.573672       1194     12.345    12.8193   3.804370    32.3778  1024.4533     12.446     2.0802      0.648  0.000e+00
    298.500 264.573675       1195     12.493    12.8188   3.804197    32.3765  1024.4531     12.595     1.7642      0.627  0.000e+00
    298.750 264.573678       1196     12.623    12.8176   3.804163    32.3771  1024.4544     12.726     1.8754      0.560  0.000e+00
    299.000 264.573681       1197     12.740    12.8161   3.804230    32.3790  1024.4567     12.844     1.9850      0.498  0.000e+00
    299.250 264.573683       1198     12.846    12.8157   3.804164    32.3787  1024.4570     12.950     1.8083      0.449  0.000e+00
    299.500 264.573686       1199     12.942    12.8153   3.804164    32.3790  1024.4577     13.047     2.6244      0.406  0.000e+00
    299.750 264.573689       1200     13.047    12.8150   3.804264    32.3802  1024.4592     13.153     2.2833      0.406  0.000e+00
    300.000 264.573692       1201     13.180    12.8150   3.804371    32.3812  1024.4606     13.287     2.1898      0.481  0.000e+00
    300.250 264.573695       1202     13.339    12.8157   3.804424    32.3810  1024.4610     13.447     1.7436      0.588  0.000e+00
    300.500 264.573698       1203     13.532    12.8166   3.803669    32.3730  1024.4555     13.642     2.2355      0.709  0.000e+00
