Raw_Data/Cage/SBE19/2020-09-21_SBE19_005_018_processed.cnv
* Sea-Bird SBE19plus Data File:
* FileName = C:\cruises\2020_barkerboys\leg2\data\cage\SBE19\2020-09-25_SBE19_004_018.hex
* Software Version 1.59
* Temperature SN =  4881
* Conductivity SN =  4881
* System UpLoad Time = Sep 25 2020 12:37:22
* ds
* SeacatPlus V 1.5  SERIAL NO. 4881    25 Sep 2020  12:15:39
# nquan = 12
# nvalues = 3193                                  
# units = specified
# name 0 = timeS: Time, Elapsed [seconds]
# name 1 = timeJ: Julian Days
# name 2 = scan: Scan Count
# name 3 = depSM: Depth [salt water, m], lat = 44.00
# name 4 = tv290C: Temperature [ITS-90, deg C]
# name 5 = c0S/m: Conductivity [S/m]
# name 6 = sal00: Salinity, Practical [PSU]
# name 7 = density00: Density [density, kg/m^3]
# name 8 = prdM: Pressure, Strain Gauge [db]
# name 9 = wetStar: Fluorescence, WET Labs WETstar [mg/m^3]
# name 10 = dz/dtM: Descent Rate [m/s]
# name 11 = flag:  0.000e+00
# span 0 =      0.000,    798.000                 
# span 1 = 265.610104, 265.619340                 
# span 2 =          1,       3193                 
# span 3 =      0.160,    171.983                 
# span 4 =     9.8261,    13.2594                 
# span 5 =   0.050411,   3.861743                 
# span 6 =     0.3326,    33.5412                 
# span 7 =   999.8130,  1026.6272                 
# span 8 =      0.161,    173.447                 
# span 9 =     0.1022,     3.3977                 
# span 10 =     -1.590,      1.240                
# span 11 = 0.0000e+00, 0.0000e+00                
# interval = seconds: 0.25
# start_time = Sep 21 2020 14:38:33 [Instrument's time stamp, header]
# bad_flag = -9.990e-29
*END*
[from data line 602]
    150.500 265.611846        603      3.175    13.2396   3.860285    32.5489  1024.4617      3.201     2.0192     -0.146  0.000e+00
    150.750 265.611849        604      3.189    13.2397   3.860265    32.5486  1024.4615      3.215     2.0291     -0.017  0.000e+00
    151.000 265.611852        605      3.235    13.2399   3.860285    32.5486  1024.4617      3.261     1.9463      0.120  0.000e+00
    151.250 265.611855        606      3.306    13.2398   3.860319    32.5490  1024.4623      3.333     1.9257      0.236  0.000e+00
    151.500 265.611858        607      3.405    13.2397   3.860393    32.5498  1024.4634      3.433     1.9335      0.344  0.000e+00
    151.750 265.611861        608      3.475    13.2402   3.860507    32.5503  1024.4640      3.503     1.9970      0.339  0.000e+00
    152.000 265.611863        609      3.542    13.2411   3.860575    32.5502  1024.4640      3.570     1.9446      0.275  0.000e+00
    152.250 265.611866        610      3.591    13.2415   3.860501    32.5492  1024.4634      3.620     1.8964      0.234  0.000e+00
    152.500 265.611869        611      3.582    13.2420   3.860507    32.5488  1024.4630      3.611     1.9574      0.082  0.000e+00
    152.750 265.611872        612      3.487    13.2421   3.860501    32.5487  1024.4624      3.516     1.9331     -0.208  0.000e+00
    153.000 265.611875        613      3.327    13.2422   3.860642    32.5500  1024.4627      3.354     1.8952     -0.515  0.000e+00
    153.250 265.611878        614      3.101    13.2427   3.860608    32.5493  1024.4611      3.126     1.9422     -0.779  0.000e+00
    153.500 265.611881        615      2.847    13.2432   3.860641    32.5494  1024.4598      2.870     1.8598     -0.966  0.000e+00
    153.750 265.611884        616      2.601    13.2435   3.860715    32.5499  1024.4591      2.622     1.8952     -1.007  0.000e+00
    154.000 265.611887        617      2.386    13.2440   3.860715    32.5495  1024.4577      2.406     1.9286     -0.930  0.000e+00
    154.250 265.611889        618      2.240    13.2444   3.860708    32.5492  1024.4567      2.258     1.9183     -0.728  0.000e+00
    154.500 265.611892        619      2.170    13.2447   3.860782    32.5496  1024.4567      2.188     1.9010     -0.436  0.000e+00
    154.750 265.611895        620      2.155    13.2448   3.860856    32.5502  1024.4571      2.173     1.9376     -0.172  0.000e+00
    155.000 265.611898        621      2.164    13.2451   3.860782    32.5493  1024.4563      2.181     1.9001     -0.013  0.000e+00
    155.250 265.611901        622      2.159    13.2455   3.860809    32.5492  1024.4561      2.177     1.8762      0.009  0.000e+00
    155.500 265.611904        623      2.121    13.2455   3.860749    32.5486  1024.4555      2.138     1.8610     -0.086  0.000e+00
    155.750 265.611907        624      2.014    13.2456   3.860823    32.5493  1024.4555      2.031     1.7922     -0.292  0.000e+00
    156.000 265.611910        625      1.855    13.2457   3.860876    32.5497  1024.4551      1.870     1.7938     -0.537  0.000e+00
    156.250 265.611913        626      1.651    13.2458   3.860748    32.5486  1024.4533      1.665     1.6880     -0.732  0.000e+00
    156.500 265.611916        627      1.417    13.2459   3.860782    32.5489  1024.4525      1.429     1.7119     -0.883  0.000e+00
    156.750 265.611918        628      1.172    13.2459   3.860715    32.5483  1024.4509      1.182     1.6245     -0.966  0.000e+00
    157.000 265.611921        629      0.940    13.2458   3.860742    32.5488  1024.4503      0.948     1.6558     -0.962  0.000e+00
    157.250 265.611924        630      0.739    13.2455   3.860748    32.5492  1024.4497      0.745     1.6204     -0.874  0.000e+00
    157.500 265.611927        631      0.599    13.2456   3.860748    32.5492  1024.4490      0.604     1.6200     -0.687  0.000e+00
    157.750 265.611930        632      0.533    13.2457   3.860741    32.5491  1024.4487      0.537     1.5907     -0.414  0.000e+00
    158.000 265.611933        633      0.549    13.2457   3.860748    32.5491  1024.4488      0.554     1.5763     -0.101  0.000e+00
    158.250 265.611936        634      0.616    13.2458   3.860715    32.5487  1024.4487      0.621     1.6109      0.167  0.000e+00
    158.500 265.611939        635      0.681    13.2459   3.860782    32.5492  1024.4493      0.687     1.5363      0.266  0.000e+00
    158.750 265.611942        636      0.759    13.2459   3.860842    32.5497  1024.4501      0.765     1.5145      0.288  0.000e+00
    159.000 265.611944        637      0.805    13.2458   3.860782    32.5492  1024.4500      0.811     1.4902      0.249  0.000e+00
    159.250 265.611947        638      0.842    13.2460   3.860641    32.5477  1024.4489      0.849     1.4333      0.167  0.000e+00
    159.500 265.611950        639      0.838    13.2462   3.860842    32.5494  1024.4502      0.845     1.4111      0.067  0.000e+00
    159.750 265.611953        640      0.819    13.2464   3.860822    32.5491  1024.4498      0.825     1.4070     -0.047  0.000e+00
    160.000 265.611956        641      0.809    13.2465   3.860856    32.5493  1024.4499      0.816     1.4696     -0.058  0.000e+00
    160.250 265.611959        642      0.825    13.2466   3.860889    32.5495  1024.4502      0.832     1.4420      0.013  0.000e+00
    160.500 265.611962        643      0.880    13.2467   3.860876    32.5493  1024.4502      0.887     1.4214      0.144  0.000e+00
    160.750 265.611965        644      0.975    13.2466   3.860822    32.5489  1024.4503      0.983     1.3876      0.303  0.000e+00
    161.000 265.611968        645      1.085    13.2465   3.860856    32.5492  1024.4511      1.094     1.4272      0.412  0.000e+00
    161.250 265.611970        646      1.187    13.2465   3.860775    32.5484  1024.4510      1.197     1.3942      0.427  0.000e+00
    161.500 265.611973        647      1.274    13.2463   3.860856    32.5493  1024.4521      1.285     1.3954      0.382  0.000e+00
    161.750 265.611976        648      1.357    13.2465   3.860856    32.5491  1024.4523      1.368     1.4115      0.344  0.000e+00
    162.000 265.611979        649      1.430    13.2463   3.860809    32.5488  1024.4524      1.441     1.4057      0.314  0.000e+00
    162.250 265.611982        650      1.489    13.2464   3.860856    32.5491  1024.4529      1.502     1.4235      0.266  0.000e+00
    162.500 265.611985        651      1.542    13.2463   3.860856    32.5492  1024.4532      1.554     1.4024      0.225  0.000e+00
    162.750 265.611988        652      1.609    13.2465   3.860856    32.5490  1024.4533      1.622     1.4111      0.241  0.000e+00
    163.000 265.611991        653      1.711    13.2465   3.860910    32.5494  1024.4541      1.725     1.4165      0.341  0.000e+00
    163.250 265.611994        654      1.852    13.2466   3.860964    32.5498  1024.4550      1.867     1.4140      0.489  0.000e+00
    163.500 265.611997        655      2.032    13.2467   3.860964    32.5497  1024.4557      2.048     1.4123      0.646  0.000e+00
    163.750 265.611999        656      2.226    13.2470   3.861152    32.5511  1024.4576      2.244     1.3868      0.756  0.000e+00
    164.000 265.612002        657      2.413    13.2476   3.861139    32.5504  1024.4578      2.432     1.4482      0.769  0.000e+00
    164.250 265.612005        658      2.602    13.2483   3.861213    32.5504  1024.4586      2.623     1.4445      0.758  0.000e+00
    164.500 265.612008        659      2.759    13.2487   3.861179    32.5497  1024.4586      2.781     1.4329      0.698  0.000e+00
    164.750 265.612011        660      2.897    13.2491   3.861219    32.5497  1024.4591      2.921     1.4457      0.595  0.000e+00
    165.000 265.612014        661      3.008    13.2493   3.861246    32.5497  1024.4596      3.032     1.4601      0.502  0.000e+00
    165.250 265.612017        662      3.094    13.2495   3.861280    32.5499  1024.4601      3.119     1.4506      0.397  0.000e+00
    165.500 265.612020        663      3.184    13.2497   3.861253    32.5494  1024.4601      3.210     1.4371      0.354  0.000e+00
    165.750 265.612023        664      3.278    13.2496   3.861280    32.5497  1024.4607      3.304     1.5166      0.369  0.000e+00
    166.000 265.612025        665      3.381    13.2497   3.861320    32.5499  1024.4614      3.408     1.4589      0.397  0.000e+00
    166.250 265.612028        666      3.501    13.2497   3.861213    32.5488  1024.4611      3.530     1.5116      0.451  0.000e+00
    166.500 265.612031        667      3.632    13.2495   3.861220    32.5490  1024.4619      3.662     1.5911      0.507  0.000e+00
    166.750 265.612034        668      3.761    13.2495   3.861179    32.5486  1024.4621      3.792     1.5479      0.524  0.000e+00
    167.000 265.612037        669      3.877    13.2493   3.861139    32.5483  1024.4625      3.909     1.5780      0.494  0.000e+00
    167.250 265.612040        670      3.982    13.2493   3.861321    32.5501  1024.4643      4.014     1.6039      0.444  0.000e+00
    167.500 265.612043        671      4.086    13.2493   3.861280    32.5496  1024.4644      4.119     1.5883      0.421  0.000e+00
    167.750 265.612046        672      4.193    13.2496   3.861321    32.5497  1024.4649      4.227     1.6356      0.427  0.000e+00
    168.000 265.612049        673      4.314    13.2500   3.861321    32.5493  1024.4651      4.349     1.6377      0.459  0.000e+00
    168.250 265.612052        674      4.454    13.2503   3.861388    32.5496  1024.4658      4.490     1.6760      0.526  0.000e+00
    168.500 265.612054        675      4.623    13.2504   3.861321    32.5488  1024.4660      4.660     1.6830      0.623  0.000e+00
    168.750 265.612057        676      4.806    13.2505   3.861462    32.5500  1024.4677      4.845     1.7168      0.709  0.000e+00
    169.000 265.612060        677      4.975    13.2507   3.861287    32.5481  1024.4670      5.015     1.7329      0.711  0.000e+00
    169.250 265.612063        678      5.121    13.2507   3.861247    32.5477  1024.4673      5.163     1.7971      0.636  0.000e+00
    169.500 265.612066        679      5.240    13.2499   3.861321    32.5490  1024.4690      5.283     1.8173      0.535  0.000e+00
    169.750 265.612069        680      5.328    13.2497   3.861254    32.5485  1024.4691      5.371     1.7959      0.417  0.000e+00
    170.000 265.612072        681      5.394    13.2497   3.861281    32.5488  1024.4696      5.437     1.8004      0.309  0.000e+00
    170.250 265.612075        682      5.446    13.2494   3.861321    32.5494  1024.4703      5.490     1.8186      0.238  0.000e+00
    170.500 265.612078        683      5.505    13.2495   3.861321    32.5493  1024.4705      5.550     1.7943      0.225  0.000e+00
    170.750 265.612080        684      5.596    13.2497   3.861355    32.5493  1024.4709      5.641     1.8548      0.303  0.000e+00
    171.000 265.612083        685      5.727    13.2497   3.861389    32.5496  1024.4718      5.773     1.9928      0.447  0.000e+00
    171.250 265.612086        686      5.898    13.2498   3.861321    32.5488  1024.4719      5.946     2.0447      0.610  0.000e+00
    171.500 265.612089        687      6.102    13.2498   3.861254    32.5481  1024.4723      6.151     2.0859      0.756  0.000e+00
    171.750 265.612092        688      6.304    13.2495   3.861281    32.5486  1024.4736      6.355     2.1045      0.818  0.000e+00
    172.000 265.612095        689      6.491    13.2490   3.861073    32.5469  1024.4733      6.543     2.1865      0.784  0.000e+00
    172.250 265.612098        690      6.646    13.2481   3.860676    32.5439  1024.4718      6.700     2.0897      0.689  0.000e+00
    172.500 265.612101        691      6.760    13.2465   3.860542    32.5440  1024.4727      6.815     2.1370      0.543  0.000e+00
    172.750 265.612104        692      6.831    13.2440   3.860643    32.5470  1024.4759      6.887     2.2540      0.374  0.000e+00
    173.000 265.612106        693      6.885    13.2427   3.860535    32.5471  1024.4764      6.940     2.2281      0.251  0.000e+00
    173.250 265.612109        694      6.924    13.2419   3.860845    32.5507  1024.4795      6.980     2.1440      0.187  0.000e+00
    173.500 265.612112        695      6.982    13.2425   3.860966    32.5513  1024.4802      7.038     2.2425      0.195  0.000e+00
    173.750 265.612115        696      7.071    13.2438   3.860966    32.5502  1024.4794      7.128     2.3315      0.296  0.000e+00
    174.000 265.612118        697      7.196    13.2444   3.860858    32.5486  1024.4787      7.254     2.4584      0.432  0.000e+00
    174.250 265.612121        698      7.353    13.2447   3.860979    32.5494  1024.4799      7.413     2.6104      0.569  0.000e+00
    174.500 265.612124        699      7.521    13.2447   3.860428    32.5442  1024.4766      7.582     2.6767      0.657  0.000e+00
    174.750 265.612127        700      7.681    13.2428   3.858795    32.5304  1024.4670      7.744     2.7769      0.661  0.000e+00
    175.000 265.612130        701      7.825    13.2345   3.858540    32.5350  1024.4729      7.888     2.7299      0.612  0.000e+00
    175.250 265.612133        702      7.957    13.2270   3.859716    32.5525  1024.4885      8.022     2.6380      0.556  0.000e+00
    175.500 265.612135        703      8.078    13.2273   3.859649    32.5515  1024.4883      8.144     2.6133      0.511  0.000e+00
    175.750 265.612138        704      8.183    13.2286   3.859078    32.5450  1024.4835      8.249     2.6734      0.455  0.000e+00
    176.000 265.612141        705      8.284    13.2271   3.859320    32.5485  1024.4869      8.351     2.6636      0.414  0.000e+00
    176.250 265.612144        706      8.397    13.2268   3.859508    32.5505  1024.4891      8.465     2.6718      0.432  0.000e+00
    176.500 265.612147        707      8.517    13.2273   3.859716    32.5520  1024.4906      8.586     2.7880      0.470  0.000e+00
    176.750 265.612150        708      8.652    13.2288   3.859965    32.5529  1024.4917      8.723     2.9577      0.515  0.000e+00
    177.000 265.612153        709      8.807    13.2307   3.860180    32.5533  1024.4923      8.878     3.0006      0.584  0.000e+00
    177.250 265.612156        710      8.960    13.2321   3.857620    32.5280  1024.4731      9.033     2.9157      0.621  0.000e+00
    177.500 265.612159        711      9.118    13.2236   3.855732    32.5174  1024.4673      9.192     2.9375      0.627  0.000e+00
    177.750 265.612161        712      9.255    13.2090   3.856102    32.5334  1024.4832      9.330     3.0273      0.595  0.000e+00
    178.000 265.612164        713      9.382    13.1994   3.856230    32.5427  1024.4929      9.458     3.1275      0.533  0.000e+00
    178.250 265.612167        714      9.499    13.1948   3.856055    32.5450  1024.4961      9.576     3.0179      0.492  0.000e+00
    178.500 265.612170        715      9.596    13.1917   3.855900    32.5461  1024.4980      9.674     3.0698      0.432  0.000e+00
    178.750 265.612173        716      9.677    13.1892   3.856196    32.5511  1024.5027      9.756     2.9643      0.359  0.000e+00
    179.000 265.612176        717      9.756    13.1884   3.856660    32.5560  1024.5071      9.835     2.9829      0.322  0.000e+00
    179.250 265.612179        718      9.843    13.1908   3.855948    32.5473  1024.5002      9.923     3.1003      0.335  0.000e+00
    179.500 265.612182        719      9.960    13.1899   3.855726    32.5459  1024.4999     10.041     3.1868      0.412  0.000e+00
    179.750 265.612185        720     10.111    13.1872   3.855773    32.5486  1024.5032     10.194     3.1691      0.541  0.000e+00
    180.000 265.612188        721     10.300    13.1857   3.855948    32.5514  1024.5065     10.384     3.2671      0.685  0.000e+00
