Raw_Data/Cage/SBE19/2020-09-21_SBE19_005_021_processed.cnv
* Sea-Bird SBE19plus Data File:
* FileName = C:\cruises\2020_barkerboys\leg2\data\cage\SBE19\2020-09-25_SBE19_004_021.hex
* Software Version 1.59
* Temperature SN =  4881
* Conductivity SN =  4881
* System UpLoad Time = Sep 25 2020 12:41:09
* ds
* SeacatPlus V 1.5  SERIAL NO. 4881    25 Sep 2020  12:15:39
# nquan = 12
# nvalues = 2733                                  
# units = specified
# name 0 = timeS: Time, Elapsed [seconds]
# name 1 = timeJ: Julian Days
# name 2 = scan: Scan Count
# name 3 = depSM: Depth [salt water, m], lat = 44.00
# name 4 = tv290C: Temperature [ITS-90, deg C]
# name 5 = c0S/m: Conductivity [S/m]
# name 6 = sal00: Salinity, Practical [PSU]
# name 7 = density00: Density [density, kg/m^3]
# name 8 = prdM: Pressure, Strain Gauge [db]
# name 9 = wetStar: Fluorescence, WET Labs WETstar [mg/m^3]
# name 10 = dz/dtM: Descent Rate [m/s]
# name 11 = flag:  0.000e+00
# span 0 =      0.000,    683.000                 
# span 1 = 265.716597, 265.724502                 
# span 2 =          1,       2733                 
# span 3 =      0.143,    166.104                 
# span 4 =     9.9252,    13.0112                 
# span 5 =   0.058816,   3.844063                 
# span 6 =     0.4003,    34.1543                 
# span 7 =   999.9660,  1026.5648                 
# span 8 =      0.144,    167.516                 
# span 9 =     0.1113,     4.3437                 
# span 10 =     -1.416,      1.324                
# span 11 = 0.0000e+00, 0.0000e+00                
# interval = seconds: 0.25
# start_time = Sep 21 2020 17:11:54 [Instrument's time stamp, header]
# bad_flag = -9.990e-29
*END*
[from data line 1805]
    451.250 265.721820       1806    139.243     9.9333   3.663492    33.5135  1026.4386    140.417     0.1483     -0.449  0.000e+00
    451.500 265.721823       1807    139.054     9.9335   3.663491    33.5134  1026.4376    140.227     0.1446     -0.651  0.000e+00
    451.750 265.721826       1808    138.821     9.9340   3.663524    33.5134  1026.4364    139.991     0.1566     -0.851  0.000e+00
    452.000 265.721829       1809    138.559     9.9346   3.663728    33.5150  1026.4364    139.727     0.1430     -0.999  0.000e+00
    452.250 265.721832       1810    138.268     9.9358   3.663787    33.5146  1026.4345    139.434     0.1545     -1.116  0.000e+00
    452.500 265.721834       1811    137.989     9.9376   3.663794    33.5132  1026.4318    139.152     0.1475     -1.150  0.000e+00
    452.750 265.721837       1812    137.748     9.9387   3.663728    33.5116  1026.4293    138.909     0.1422     -1.049  0.000e+00
    453.000 265.721840       1813    137.569     9.9392   3.663629    33.5102  1026.4273    138.728     0.1384     -0.847  0.000e+00
    453.250 265.721843       1814    137.462     9.9391   3.663590    33.5099  1026.4266    138.621     0.1508     -0.576  0.000e+00
    453.500 265.721846       1815    137.422     9.9388   3.663155    33.5059  1026.4233    138.580     0.1487     -0.297  0.000e+00
    453.750 265.721849       1816    137.415     9.9385   3.663616    33.5108  1026.4272    138.574     0.1628     -0.095  0.000e+00
    454.000 265.721852       1817    137.414     9.9384   3.663629    33.5111  1026.4274    138.573     0.1578     -0.015  0.000e+00
    454.250 265.721855       1818    137.389     9.9382   3.663629    33.5112  1026.4274    138.547     0.1998     -0.054  0.000e+00
    454.500 265.721858       1819    137.310     9.9384   3.663662    33.5114  1026.4272    138.467     0.1508     -0.211  0.000e+00
    454.750 265.721861       1820    137.185     9.9387   3.663662    33.5112  1026.4265    138.342     0.1533     -0.411  0.000e+00
    455.000 265.721863       1821    137.003     9.9387   3.663629    33.5109  1026.4254    138.158     0.1492     -0.619  0.000e+00
    455.250 265.721866       1822    136.776     9.9390   3.663649    33.5110  1026.4244    137.929     0.1496     -0.826  0.000e+00
    455.500 265.721869       1823    136.516     9.9389   3.663629    33.5110  1026.4232    137.666     0.2361     -0.982  0.000e+00
    455.750 265.721872       1824    136.236     9.9388   3.663629    33.5112  1026.4221    137.384     0.1595     -1.090  0.000e+00
    456.000 265.721875       1825    135.955     9.9388   3.663694    33.5119  1026.4214    137.100     0.1442     -1.133  0.000e+00
    456.250 265.721878       1826    135.694     9.9394   3.663628    33.5108  1026.4192    136.837     0.1360     -1.094  0.000e+00
    456.500 265.721881       1827    135.471     9.9399   3.663661    33.5108  1026.4181    136.612     0.1545     -0.976  0.000e+00
    456.750 265.721884       1828    135.294     9.9402   3.663720    33.5112  1026.4176    136.434     0.1549     -0.806  0.000e+00
    457.000 265.721887       1829    135.177     9.9407   3.663661    33.5102  1026.4162    136.316     0.1512     -0.593  0.000e+00
    457.250 265.721889       1830    135.105     9.9411   3.663727    33.5106  1026.4161    136.243     0.1895     -0.381  0.000e+00
    457.500 265.721892       1831    135.047     9.9412   3.663694    33.5102  1026.4154    136.184     0.1656     -0.262  0.000e+00
    457.750 265.721895       1832    134.984     9.9412   3.663628    33.5095  1026.4146    136.121     0.1310     -0.245  0.000e+00
    458.000 265.721898       1833    134.897     9.9412   3.663661    33.5099  1026.4146    136.033     0.1611     -0.303  0.000e+00
    458.250 265.721901       1834    134.776     9.9412   3.663648    33.5098  1026.4139    135.911     0.1487     -0.419  0.000e+00
    458.500 265.721904       1835    134.616     9.9411   3.663694    33.5105  1026.4137    135.750     0.1475     -0.565  0.000e+00
    458.750 265.721907       1836    134.431     9.9412   3.663694    33.5104  1026.4129    135.563     0.1438     -0.696  0.000e+00
    459.000 265.721910       1837    134.229     9.9411   3.663628    33.5100  1026.4116    135.359     0.1430     -0.782  0.000e+00
    459.250 265.721913       1838    134.011     9.9411   3.663588    33.5096  1026.4103    135.140     0.1401     -0.847  0.000e+00
    459.500 265.721916       1839    133.788     9.9412   3.663694    33.5107  1026.4101    134.914     0.2077     -0.890  0.000e+00
    459.750 265.721918       1840    133.559     9.9414   3.663647    33.5101  1026.4086    134.684     0.1413     -0.911  0.000e+00
    460.000 265.721921       1841    133.349     9.9420   3.663726    33.5105  1026.4078    134.471     0.1376     -0.886  0.000e+00
    460.250 265.721924       1842    133.153     9.9426   3.663825    33.5110  1026.4072    134.274     0.1504     -0.821  0.000e+00
    460.500 265.721927       1843    132.988     9.9434   3.663858    33.5107  1026.4061    134.108     0.1796     -0.727  0.000e+00
    460.750 265.721930       1844    132.862     9.9446   3.663891    33.5100  1026.4047    133.980     0.1504     -0.587  0.000e+00
    461.000 265.721933       1845    132.758     9.9460   3.663989    33.5097  1026.4038    133.876     0.1405     -0.464  0.000e+00
    461.250 265.721936       1846    132.673     9.9470   3.664108    33.5100  1026.4035    133.790     0.1450     -0.380  0.000e+00
    461.500 265.721939       1847    132.584     9.9488   3.664193    33.5093  1026.4023    133.700     0.1838     -0.353  0.000e+00
    461.750 265.721942       1848    132.470     9.9507   3.664430    33.5100  1026.4019    133.585     0.1467     -0.411  0.000e+00
    462.000 265.721944       1849    132.313     9.9537   3.664325    33.5063  1026.3978    133.427     0.1516     -0.546  0.000e+00
    462.250 265.721947       1850    132.103     9.9553   3.664292    33.5045  1026.3952    133.215     0.1483     -0.739  0.000e+00
    462.500 265.721950       1851    131.860     9.9562   3.664390    33.5048  1026.3942    132.970     0.1529     -0.913  0.000e+00
    462.750 265.721953       1852    131.601     9.9572   3.664357    33.5037  1026.3919    132.709     0.1467     -1.013  0.000e+00
    463.000 265.721956       1853    131.351     9.9579   3.664384    33.5033  1026.3904    132.456     0.1475     -1.027  0.000e+00
    463.250 265.721959       1854    131.139     9.9582   3.664390    33.5033  1026.3893    132.242     0.1426     -0.933  0.000e+00
    463.500 265.721962       1855    130.979     9.9586   3.664390    33.5029  1026.3883    132.081     0.1438     -0.750  0.000e+00
    463.750 265.721965       1856    130.873     9.9591   3.664462    33.5033  1026.3880    131.974     0.1549     -0.537  0.000e+00
    464.000 265.721968       1857    130.797     9.9593   3.664462    33.5031  1026.3874    131.897     0.1636     -0.368  0.000e+00
    464.250 265.721970       1858    130.729     9.9597   3.664462    33.5027  1026.3868    131.829     0.1504     -0.290  0.000e+00
    464.500 265.721973       1859    130.649     9.9602   3.664489    33.5026  1026.3862    131.748     0.1450     -0.299  0.000e+00
    464.750 265.721976       1860    130.537     9.9603   3.664390    33.5015  1026.3849    131.635     0.1360     -0.387  0.000e+00
    465.000 265.721979       1861    130.391     9.9605   3.664462    33.5022  1026.3847    131.488     0.1347     -0.520  0.000e+00
    465.250 265.721982       1862    130.218     9.9605   3.664390    33.5015  1026.3834    131.314     0.1364     -0.643  0.000e+00
    465.500 265.721985       1863    130.016     9.9605   3.664390    33.5016  1026.3825    131.109     0.1516     -0.757  0.000e+00
    465.750 265.721988       1864    129.809     9.9604   3.664390    33.5018  1026.3817    130.901     0.1455     -0.825  0.000e+00
    466.000 265.721991       1865    129.598     9.9603   3.664317    33.5012  1026.3804    130.688     0.1413     -0.842  0.000e+00
    466.250 265.721994       1866    129.389     9.9601   3.664324    33.5016  1026.3797    130.478     0.1582     -0.847  0.000e+00
    466.500 265.721997       1867    129.192     9.9597   3.664225    33.5010  1026.3784    130.279     0.1368     -0.819  0.000e+00
    466.750 265.721999       1868    129.009     9.9588   3.664192    33.5016  1026.3782    130.094     0.1393     -0.767  0.000e+00
    467.000 265.722002       1869    128.845     9.9578   3.664159    33.5023  1026.3782    129.928     0.1862     -0.701  0.000e+00
    467.250 265.722005       1870    128.710     9.9572   3.664225    33.5036  1026.3787    129.792     0.1562     -0.604  0.000e+00
    467.500 265.722008       1871    128.612     9.9570   3.664212    33.5037  1026.3783    129.693     0.1360     -0.471  0.000e+00
    467.750 265.722011       1872    128.530     9.9569   3.664225    33.5039  1026.3782    129.610     0.1467     -0.363  0.000e+00
    468.000 265.722014       1873    128.449     9.9572   3.664290    33.5043  1026.3781    129.529     0.1352     -0.329  0.000e+00
    468.250 265.722017       1874    128.343     9.9575   3.664290    33.5042  1026.3774    129.422     0.1603     -0.376  0.000e+00
    468.500 265.722020       1875    128.207     9.9579   3.664192    33.5028  1026.3756    129.285     0.1417     -0.488  0.000e+00
    468.750 265.722023       1876    128.037     9.9582   3.664225    33.5030  1026.3750    129.114     0.1459     -0.617  0.000e+00
    469.000 265.722025       1877    127.837     9.9582   3.664211    33.5029  1026.3740    128.912     0.1401     -0.746  0.000e+00
    469.250 265.722028       1878    127.629     9.9584   3.664257    33.5033  1026.3733    128.702     0.1393     -0.823  0.000e+00
    469.500 265.722031       1879    127.405     9.9588   3.664257    33.5030  1026.3720    128.475     0.1974     -0.873  0.000e+00
    469.750 265.722034       1880    127.179     9.9591   3.664257    33.5028  1026.3708    128.248     0.1640     -0.909  0.000e+00
    470.000 265.722037       1881    126.960     9.9592   3.664290    33.5032  1026.3700    128.027     0.1508     -0.896  0.000e+00
    470.250 265.722040       1882    126.753     9.9596   3.664290    33.5029  1026.3688    127.818     0.1520     -0.860  0.000e+00
    470.500 265.722043       1883    126.563     9.9601   3.664277    33.5024  1026.3674    127.626     0.1693     -0.802  0.000e+00
    470.750 265.722046       1884    126.388     9.9606   3.664323    33.5024  1026.3666    127.450     0.1389     -0.735  0.000e+00
    471.000 265.722049       1885    126.220     9.9612   3.664355    33.5023  1026.3656    127.280     0.1343     -0.692  0.000e+00
    471.250 265.722052       1886    126.054     9.9616   3.664355    33.5020  1026.3646    127.113     0.1389     -0.675  0.000e+00
    471.500 265.722054       1887    125.884     9.9620   3.664257    33.5007  1026.3627    126.942     0.1380     -0.677  0.000e+00
    471.750 265.722057       1888    125.710     9.9622   3.664322    33.5013  1026.3623    126.766     0.1376     -0.694  0.000e+00
    472.000 265.722060       1889    125.533     9.9624   3.664322    33.5012  1026.3614    126.587     0.1487     -0.709  0.000e+00
    472.250 265.722063       1890    125.355     9.9628   3.664316    33.5008  1026.3602    126.408     0.1417     -0.716  0.000e+00
    472.500 265.722066       1891    125.192     9.9631   3.664355    33.5010  1026.3596    126.243     0.1636     -0.688  0.000e+00
    472.750 265.722069       1892    125.037     9.9632   3.664355    33.5009  1026.3588    126.088     0.1438     -0.640  0.000e+00
    473.000 265.722072       1893    124.897     9.9632   3.664322    33.5007  1026.3580    125.946     0.1941     -0.595  0.000e+00
    473.250 265.722075       1894    124.755     9.9635   3.664355    33.5008  1026.3574    125.803     0.1615     -0.570  0.000e+00
    473.500 265.722078       1895    124.617     9.9636   3.664355    33.5008  1026.3567    125.664     0.1545     -0.563  0.000e+00
    473.750 265.722080       1896    124.470     9.9636   3.664276    33.5001  1026.3555    125.515     0.1549     -0.576  0.000e+00
    474.000 265.722083       1897    124.315     9.9635   3.664289    33.5003  1026.3550    125.359     0.1500     -0.610  0.000e+00
    474.250 265.722086       1898    124.149     9.9634   3.664289    33.5005  1026.3544    125.191     0.1389     -0.647  0.000e+00
    474.500 265.722089       1899    123.980     9.9634   3.664289    33.5006  1026.3537    125.021     0.1578     -0.675  0.000e+00
    474.750 265.722092       1900    123.820     9.9635   3.664256    33.5003  1026.3527    124.859     0.1327     -0.664  0.000e+00
    475.000 265.722095       1901    123.664     9.9637   3.664256    33.5002  1026.3519    124.702     0.1352     -0.638  0.000e+00
    475.250 265.722098       1902    123.519     9.9637   3.664315    33.5008  1026.3517    124.556     0.1314     -0.606  0.000e+00
    475.500 265.722101       1903    123.381     9.9638   3.664354    33.5011  1026.3513    124.416     0.1743     -0.572  0.000e+00
    475.750 265.722104       1904    123.238     9.9642   3.664354    33.5008  1026.3504    124.272     0.1352     -0.567  0.000e+00
    476.000 265.722106       1905    123.092     9.9645   3.664321    33.5003  1026.3492    124.125     0.1525     -0.582  0.000e+00
    476.250 265.722109       1906    122.938     9.9647   3.664354    33.5005  1026.3486    123.969     0.1442     -0.606  0.000e+00
    476.500 265.722112       1907    122.781     9.9649   3.664288    33.4997  1026.3473    123.811     0.1496     -0.628  0.000e+00
    476.750 265.722115       1908    122.619     9.9649   3.664242    33.4993  1026.3462    123.648     0.1397     -0.643  0.000e+00
    477.000 265.722118       1909    122.457     9.9652   3.664255    33.4993  1026.3454    123.485     0.1434     -0.653  0.000e+00
    477.250 265.722121       1910    122.292     9.9652   3.664255    33.4994  1026.3447    123.318     0.1479     -0.660  0.000e+00
    477.500 265.722124       1911    122.126     9.9656   3.664354    33.5001  1026.3445    123.150     0.1471     -0.668  0.000e+00
    477.750 265.722127       1912    121.966     9.9664   3.664426    33.5001  1026.3436    122.989     0.1541     -0.658  0.000e+00
    478.000 265.722130       1913    121.812     9.9680   3.664492    33.4994  1026.3421    122.835     0.1520     -0.632  0.000e+00
    478.250 265.722133       1914    121.672     9.9693   3.664485    33.4981  1026.3402    122.693     0.1487     -0.593  0.000e+00
    478.500 265.722135       1915    121.544     9.9708   3.664558    33.4976  1026.3390    122.564     0.1430     -0.542  0.000e+00
    478.750 265.722138       1916    121.413     9.9723   3.664591    33.4966  1026.3374    122.432     0.1582     -0.522  0.000e+00
    479.000 265.722141       1917    121.281     9.9738   3.664656    33.4959  1026.3360    122.298     0.1731     -0.531  0.000e+00
    479.250 265.722144       1918    121.126     9.9757   3.664795    33.4957  1026.3347    122.142     0.1623     -0.578  0.000e+00
    479.500 265.722147       1919    120.953     9.9779   3.664827    33.4939  1026.3322    121.967     0.1492     -0.662  0.000e+00
    479.750 265.722150       1920    120.766     9.9799   3.664768    33.4916  1026.3292    121.779     0.1384     -0.727  0.000e+00
    480.000 265.722153       1921    120.584     9.9816   3.664926    33.4917  1026.3282    121.596     0.1360     -0.744  0.000e+00
    480.250 265.722156       1922    120.400     9.9831   3.664959    33.4907  1026.3263    121.410     0.1471     -0.739  0.000e+00
    480.500 265.722159       1923    120.221     9.9849   3.664959    33.4892  1026.3240    121.229     0.1475     -0.733  0.000e+00
    480.750 265.722161       1924    120.049     9.9863   3.665024    33.4886  1026.3226    121.056     0.1693     -0.707  0.000e+00
