Raw_Data/Cage/SBE19/2020-09-24_SBE19_006_030_processed.cnv
* Sea-Bird SBE19plus Data File:
* FileName = C:\cruises\2020_barkerboys\leg2\data\cage\SBE19\2020-09-25_SBE19_004_030.hex
* Software Version 1.59
* Temperature SN =  4881
* Conductivity SN =  4881
* System UpLoad Time = Sep 25 2020 12:52:05
* ds
* SeacatPlus V 1.5  SERIAL NO. 4881    25 Sep 2020  12:15:39
# nquan = 12
# nvalues = 2476                                  
# units = specified
# name 0 = timeS: Time, Elapsed [seconds]
# name 1 = timeJ: Julian Days
# name 2 = scan: Scan Count
# name 3 = depSM: Depth [salt water, m], lat = 44.00
# name 4 = tv290C: Temperature [ITS-90, deg C]
# name 5 = c0S/m: Conductivity [S/m]
# name 6 = sal00: Salinity, Practical [PSU]
# name 7 = density00: Density [density, kg/m^3]
# name 8 = prdM: Pressure, Strain Gauge [db]
# name 9 = wetStar: Fluorescence, WET Labs WETstar [mg/m^3]
# name 10 = dz/dtM: Descent Rate [m/s]
# name 11 = flag:  0.000e+00
# span 0 =      0.000,    618.750                 
# span 1 = 268.825069, 268.832231                 
# span 2 =          1,       2476                 
# span 3 =     -0.106,    164.635                 
# span 4 =     9.9426,    14.3885                 
# span 5 =   0.047578,   3.858832                 
# span 6 =     0.2916,    33.5079                 
# span 7 =   999.4192,  1026.5453                 
# span 8 =     -0.107,    166.034                 
# span 9 =     0.1257,     3.4154                 
# span 10 =     -1.556,      1.217                
# span 11 = 0.0000e+00, 0.0000e+00                
# interval = seconds: 0.25
# start_time = Sep 24 2020 19:48:06 [Instrument's time stamp, header]
# bad_flag = -9.990e-29
*END*
[from data line 602]
    150.500 268.826811        603     29.503    12.0572   3.781335    32.8118  1025.0131     29.743     1.9129      0.260  0.000e+00
    150.750 268.826814        604     29.635    12.0595   3.781475    32.8111  1025.0127     29.876     1.8849      0.425  0.000e+00
    151.000 268.826817        605     29.826    12.0631   3.781822    32.8113  1025.0131     30.070     1.8902      0.653  0.000e+00
    151.250 268.826820        606     30.063    12.0665   3.780782    32.7981  1025.0033     30.308     1.9154      0.863  0.000e+00
    151.500 268.826823        607     30.311    12.0636   3.780609    32.7989  1025.0056     30.558     1.9075      0.977  0.000e+00
    151.750 268.826826        608     30.551    12.0573   3.780296    32.8013  1025.0097     30.800     1.8721      0.984  0.000e+00
    152.000 268.826829        609     30.770    12.0508   3.779949    32.8036  1025.0137     31.021     1.9071      0.926  0.000e+00
    152.250 268.826832        610     30.963    12.0435   3.779670    32.8072  1025.0187     31.216     1.9043      0.831  0.000e+00
    152.500 268.826834        611     31.132    12.0369   3.779670    32.8129  1025.0252     31.386     1.9780      0.730  0.000e+00
    152.750 268.826837        612     31.279    12.0330   3.779870    32.8182  1025.0307     31.534     2.0134      0.638  0.000e+00
    153.000 268.826840        613     31.426    12.0319   3.779497    32.8156  1025.0295     31.683     2.0159      0.593  0.000e+00
    153.250 268.826843        614     31.585    12.0298   3.779497    32.8173  1025.0320     31.843     1.9043      0.616  0.000e+00
    153.500 268.826846        615     31.754    12.0275   3.779150    32.8159  1025.0321     32.013     1.8717      0.662  0.000e+00
    153.750 268.826849        616     31.938    12.0234   3.779011    32.8181  1025.0354     32.199     1.9401      0.713  0.000e+00
    154.000 268.826852        617     32.122    12.0192   3.778977    32.8214  1025.0396     32.385     1.8359      0.743  0.000e+00
    154.250 268.826855        618     32.294    12.0154   3.778977    32.8246  1025.0436     32.558     1.8808      0.717  0.000e+00
    154.500 268.826858        619     32.442    12.0125   3.778838    32.8258  1025.0457     32.707     1.8181      0.644  0.000e+00
    154.750 268.826861        620     32.567    12.0098   3.778838    32.8281  1025.0486     32.833     1.8116      0.550  0.000e+00
    155.000 268.826863        621     32.671    12.0082   3.779011    32.8312  1025.0517     32.938     1.8845      0.462  0.000e+00
    155.250 268.826866        622     32.761    12.0088   3.779044    32.8309  1025.0518     33.029     1.8157      0.393  0.000e+00
    155.500 268.826869        623     32.869    12.0095   3.778978    32.8296  1025.0511     33.138     1.8157      0.399  0.000e+00
    155.750 268.826872        624     32.999    12.0102   3.779111    32.8303  1025.0521     33.269     1.7893      0.479  0.000e+00
    156.000 268.826875        625     33.174    12.0104   3.778978    32.8287  1025.0516     33.445     1.8103      0.614  0.000e+00
    156.250 268.826878        626     33.366    12.0107   3.778765    32.8263  1025.0506     33.639     1.8462      0.741  0.000e+00
    156.500 268.826881        627     33.571    12.0091   3.778625    32.8263  1025.0518     33.845     1.7687      0.801  0.000e+00
    156.750 268.826884        628     33.786    12.0070   3.778765    32.8294  1025.0556     34.062     1.7563      0.846  0.000e+00
    157.000 268.826887        629     33.995    12.0056   3.778698    32.8299  1025.0572     34.273     1.7625      0.855  0.000e+00
    157.250 268.826889        630     34.187    12.0047   3.778698    32.8306  1025.0588     34.466     1.7675      0.808  0.000e+00
    157.500 268.826892        631     34.356    12.0041   3.778678    32.8308  1025.0599     34.637     1.8857      0.728  0.000e+00
    157.750 268.826895        632     34.499    12.0036   3.778699    32.8314  1025.0611     34.781     1.7844      0.629  0.000e+00
    158.000 268.826898        633     34.630    12.0031   3.778665    32.8314  1025.0618     34.913     1.7753      0.552  0.000e+00
    158.250 268.826901        634     34.751    12.0033   3.778805    32.8326  1025.0632     35.035     1.7683      0.509  0.000e+00
    158.500 268.826904        635     34.901    12.0039   3.778872    32.8327  1025.0638     35.187     1.7230      0.548  0.000e+00
    158.750 268.826907        636     35.091    12.0045   3.778665    32.8301  1025.0625     35.378     1.7300      0.685  0.000e+00
    159.000 268.826910        637     35.302    12.0033   3.778106    32.8256  1025.0602     35.590     1.7399      0.807  0.000e+00
    159.250 268.826913        638     35.522    11.9987   3.776687    32.8158  1025.0545     35.813     1.7551      0.870  0.000e+00
    159.500 268.826916        639     35.748    11.9894   3.775921    32.8165  1025.0578     36.040     1.7267      0.900  0.000e+00
    159.750 268.826918        640     35.961    11.9764   3.769095    32.7619  1025.0188     36.255     1.7156      0.885  0.000e+00
    160.000 268.826921        641     36.149    11.9410   3.763459    32.7383  1025.0080     36.445     1.7617      0.810  0.000e+00
    160.250 268.826924        642     36.310    11.8844   3.762981    32.7834  1025.0543     36.607     1.7654      0.704  0.000e+00
    160.500 268.826927        643     36.449    11.8434   3.763321    32.8227  1025.0931     36.747     1.7555      0.604  0.000e+00
    160.750 268.826930        644     36.568    11.8229   3.766089    32.8677  1025.1323     36.867     1.7127      0.520  0.000e+00
    161.000 268.826933        645     36.682    11.8252   3.765809    32.8629  1025.1287     36.982     1.7176      0.470  0.000e+00
    161.250 268.826936        646     36.835    11.8314   3.766056    32.8597  1025.1258     37.137     1.6694      0.539  0.000e+00
    161.500 268.826939        647     37.020    11.8355   3.766402    32.8594  1025.1257     37.322     1.5936      0.681  0.000e+00
    161.750 268.826942        648     37.234    11.8380   3.761904    32.8134  1025.0904     37.538     1.3835      0.803  0.000e+00
    162.000 268.826944        649     37.455    11.8216   3.760488    32.8140  1025.0950     37.762     1.2203      0.878  0.000e+00
    162.250 268.826947        650     37.668    11.7967   3.760149    32.8326  1025.1150     37.976     1.1363      0.876  0.000e+00
    162.500 268.826950        651     37.856    11.7782   3.760249    32.8499  1025.1327     38.165     1.2125      0.808  0.000e+00
    162.750 268.826953        652     38.005    11.7667   3.760389    32.8613  1025.1444     38.316     1.1499      0.679  0.000e+00
    163.000 268.826956        653     38.124    11.7602   3.760389    32.8670  1025.1505     38.436     1.2611      0.541  0.000e+00
    163.250 268.826959        654     38.215    11.7568   3.760628    32.8723  1025.1557     38.527     1.3168      0.423  0.000e+00
    163.500 268.826962        655     38.300    11.7571   3.760701    32.8727  1025.1563     38.613     1.1351      0.354  0.000e+00
    163.750 268.826965        656     38.401    11.7581   3.760835    32.8731  1025.1569     38.715     1.0650      0.376  0.000e+00
    164.000 268.826968        657     38.525    11.7592   3.760914    32.8729  1025.1571     38.840     1.0168      0.453  0.000e+00
    164.250 268.826970        658     38.695    11.7610   3.761254    32.8745  1025.1588     39.012     0.9892      0.593  0.000e+00
    164.500 268.826973        659     38.922    11.7633   3.760529    32.8653  1025.1523     39.240     1.0852      0.801  0.000e+00
    164.750 268.826976        660     39.177    11.7609   3.758627    32.8488  1025.1410     39.498     0.9863      0.973  0.000e+00
    165.000 268.826979        661     39.437    11.7478   3.756832    32.8428  1025.1400     39.760     1.0003      1.040  0.000e+00
    165.250 268.826982        662     39.692    11.7269   3.756247    32.8556  1025.1549     40.017     0.9847      1.037  0.000e+00
    165.500 268.826985        663     39.922    11.7074   3.756281    32.8730  1025.1731     40.249     1.0176      0.977  0.000e+00
    165.750 268.826988        664     40.113    11.6961   3.756354    32.8836  1025.1843     40.441     0.9921      0.848  0.000e+00
    166.000 268.826991        665     40.255    11.6900   3.756181    32.8874  1025.1890     40.585     1.0205      0.672  0.000e+00
    166.250 268.826994        666     40.351    11.6860   3.755942    32.8885  1025.1910     40.682     1.0185      0.481  0.000e+00
    166.500 268.826997        667     40.426    11.6825   3.755902    32.8912  1025.1941     40.757     0.9950      0.344  0.000e+00
    166.750 268.826999        668     40.501    11.6801   3.755902    32.8932  1025.1965     40.833     0.9797      0.303  0.000e+00
    167.000 268.827002        669     40.604    11.6794   3.755770    32.8926  1025.1966     40.936     0.9661      0.359  0.000e+00
    167.250 268.827005        670     40.746    11.6786   3.755770    32.8932  1025.1979     41.080     0.9431      0.494  0.000e+00
    167.500 268.827008        671     40.944    11.6777   3.755943    32.8956  1025.2008     41.280     0.9332      0.687  0.000e+00
    167.750 268.827011        672     41.181    11.6772   3.752945    32.8667  1025.1795     41.518     0.9184      0.876  0.000e+00
    168.000 268.827014        673     41.422    11.6652   3.752221    32.8702  1025.1855     41.761     0.9196      0.962  0.000e+00
    168.250 268.827017        674     41.664    11.6494   3.752115    32.8830  1025.1995     42.006     0.9089      0.975  0.000e+00
    168.500 268.827020        675     41.904    11.6386   3.750394    32.8757  1025.1969     42.247     0.9229      0.973  0.000e+00
    168.750 268.827023        676     42.129    11.6268   3.750361    32.8857  1025.2079     42.474     0.9192      0.936  0.000e+00
    169.000 268.827025        677     42.330    11.6172   3.749225    32.8831  1025.2085     42.677     0.9484      0.859  0.000e+00
    169.250 268.827028        678     42.516    11.6063   3.746888    32.8698  1025.2011     42.865     0.9303      0.782  0.000e+00
    169.500 268.827031        679     42.694    11.5864   3.746516    32.8838  1025.2164     43.044     0.9307      0.735  0.000e+00
    169.750 268.827034        680     42.872    11.5687   3.745753    32.8920  1025.2268     43.224     0.8804      0.717  0.000e+00
    170.000 268.827037        681     43.064    11.5541   3.743967    32.8874  1025.2268     43.417     0.8804      0.745  0.000e+00
    170.250 268.827040        682     43.258    11.5345   3.741358    32.8792  1025.2249     43.612     0.8706      0.777  0.000e+00
    170.500 268.827043        683     43.445    11.5057   3.739401    32.8856  1025.2360     43.801     0.8664      0.769  0.000e+00
    170.750 268.827046        684     43.621    11.4753   3.738512    32.9038  1025.2565     43.979     0.8240      0.732  0.000e+00
    171.000 268.827049        685     43.783    11.4505   3.738035    32.9211  1025.2752     44.142     0.8302      0.681  0.000e+00
    171.250 268.827052        686     43.919    11.4340   3.739813    32.9532  1025.3038     44.279     0.8174      0.601  0.000e+00
    171.500 268.827054        687     44.031    11.4330   3.740331    32.9592  1025.3091     44.392     0.7993      0.500  0.000e+00
    171.750 268.827057        688     44.135    11.4395   3.740364    32.9537  1025.3041     44.497     0.7700      0.436  0.000e+00
    172.000 268.827060        689     44.249    11.4449   3.740364    32.9487  1025.2998     44.612     0.7581      0.440  0.000e+00
    172.250 268.827063        690     44.384    11.4477   3.739475    32.9375  1025.2912     44.747     0.7321      0.501  0.000e+00
    172.500 268.827066        691     44.551    11.4449   3.739853    32.9437  1025.2972     44.916     0.7185      0.608  0.000e+00
    172.750 268.827069        692     44.763    11.4429   3.739269    32.9396  1025.2954     45.130     0.6959      0.765  0.000e+00
    173.000 268.827072        693     44.996    11.4373   3.732484    32.8780  1025.2496     45.365     0.6732      0.898  0.000e+00
    173.250 268.827075        694     45.224    11.3975   3.730674    32.8955  1025.2715     45.595     0.6712      0.930  0.000e+00
    173.500 268.827078        695     45.441    11.3508   3.730847    32.9388  1025.3146     45.814     0.6913      0.898  0.000e+00
    173.750 268.827080        696     45.644    11.3213   3.729170    32.9485  1025.3285     46.018     0.6905      0.846  0.000e+00
    174.000 268.827083        697     45.820    11.2986   3.728316    32.9603  1025.3425     46.196     0.6823      0.765  0.000e+00
    174.250 268.827086        698     45.976    11.2784   3.727971    32.9749  1025.3582     46.353     0.6679      0.670  0.000e+00
    174.500 268.827089        699     46.121    11.2643   3.728522    32.9929  1025.3754     46.499     0.6876      0.606  0.000e+00
    174.750 268.827092        700     46.273    11.2588   3.728661    32.9991  1025.3820     46.653     0.6316      0.599  0.000e+00
    175.000 268.827095        701     46.455    11.2592   3.728012    32.9923  1025.3775     46.836     0.6361      0.674  0.000e+00
    175.250 268.827098        702     46.652    11.2551   3.725586    32.9720  1025.3633     47.035     0.5999      0.765  0.000e+00
    175.500 268.827101        703     46.868    11.2412   3.723811    32.9668  1025.3627     47.253     0.5644      0.833  0.000e+00
    175.750 268.827104        704     47.087    11.2184   3.722817    32.9773  1025.3760     47.473     0.5451      0.876  0.000e+00
    176.000 268.827106        705     47.299    11.1964   3.722758    32.9963  1025.3957     47.687     0.5195      0.868  0.000e+00
    176.250 268.827109        706     47.494    11.1822   3.722513    33.0066  1025.4071     47.883     0.5212      0.820  0.000e+00
    176.500 268.827112        707     47.661    11.1737   3.722308    33.0121  1025.4137     48.052     0.5850      0.730  0.000e+00
    176.750 268.827115        708     47.799    11.1678   3.722547    33.0197  1025.4213     48.192     0.5323      0.616  0.000e+00
    177.000 268.827118        709     47.920    11.1657   3.724017    33.0360  1025.4349     48.313     0.5006      0.522  0.000e+00
    177.250 268.827121        710     48.034    11.1735   3.724117    33.0299  1025.4293     48.428     0.5002      0.473  0.000e+00
    177.500 268.827124        711     48.182    11.1815   3.723978    33.0214  1025.4219     48.577     0.4672      0.528  0.000e+00
    177.750 268.827127        712     48.373    11.1851   3.724117    33.0194  1025.4206     48.770     0.4858      0.685  0.000e+00
    178.000 268.827130        713     48.618    11.1855   3.720812    32.9863  1025.3959     49.017     0.4458      0.881  0.000e+00
    178.250 268.827133        714     48.877    11.1700   3.720024    32.9924  1025.4046     49.278     0.5768      1.016  0.000e+00
    178.500 268.827135        715     49.134    11.1499   3.719991    33.0099  1025.4230     49.537     0.4833      1.040  0.000e+00
    178.750 268.827138        716     49.377    11.1365   3.719614    33.0181  1025.4329     49.782     0.5121      1.007  0.000e+00
    179.000 268.827141        717     49.576    11.1279   3.719415    33.0238  1025.4397     49.983     0.4750      0.892  0.000e+00
    179.250 268.827144        718     49.724    11.1220   3.719449    33.0293  1025.4458     50.132     0.4730      0.700  0.000e+00
    179.500 268.827147        719     49.819    11.1187   3.719515    33.0330  1025.4497     50.228     0.4491      0.490  0.000e+00
    179.750 268.827150        720     49.874    11.1173   3.719581    33.0348  1025.4516     50.284     0.4491      0.303  0.000e+00
    180.000 268.827153        721     49.912    11.1170   3.719581    33.0351  1025.4520     50.322     0.4384      0.189  0.000e+00
