Raw_Data/Cage/SBE19/2020-09-21_SBE19_005_022_processed.cnv
* Sea-Bird SBE19plus Data File:
* FileName = C:\cruises\2020_barkerboys\leg2\data\cage\SBE19\2020-09-25_SBE19_004_022.hex
* Software Version 1.59
* Temperature SN =  4881
* Conductivity SN =  4881
* System UpLoad Time = Sep 25 2020 12:42:10
* ds
* SeacatPlus V 1.5  SERIAL NO. 4881    25 Sep 2020  12:15:39
# nquan = 12
# nvalues = 2593                                  
# units = specified
# name 0 = timeS: Time, Elapsed [seconds]
# name 1 = timeJ: Julian Days
# name 2 = scan: Scan Count
# name 3 = depSM: Depth [salt water, m], lat = 44.00
# name 4 = tv290C: Temperature [ITS-90, deg C]
# name 5 = c0S/m: Conductivity [S/m]
# name 6 = sal00: Salinity, Practical [PSU]
# name 7 = density00: Density [density, kg/m^3]
# name 8 = prdM: Pressure, Strain Gauge [db]
# name 9 = wetStar: Fluorescence, WET Labs WETstar [mg/m^3]
# name 10 = dz/dtM: Descent Rate [m/s]
# name 11 = flag:  0.000e+00
# span 0 =      0.000,    648.000                 
# span 1 = 265.746528, 265.754028                 
# span 2 =          1,       2593                 
# span 3 =      0.131,    166.716                 
# span 4 =     9.9653,    13.2707                 
# span 5 =   0.044702,   3.864669                 
# span 6 =     0.2815,    33.4986                 
# span 7 =   999.5719,  1026.5463                 
# span 8 =      0.132,    168.133                 
# span 9 =     0.1051,     4.2592                 
# span 10 =     -1.543,      1.382                
# span 11 = 0.0000e+00, 0.0000e+00                
# interval = seconds: 0.25
# start_time = Sep 21 2020 17:55:00 [Instrument's time stamp, header]
# bad_flag = -9.990e-29
*END*
[from data line 2527]
    631.750 265.753840       2528      0.148    13.0036   0.325263     2.2558  1001.1310      0.149     0.1628      0.004  0.000e+00
    632.000 265.753843       2529      0.148    13.0012   0.335175     2.3289  1001.1879      0.149     0.1669      0.002  0.000e+00
    632.250 265.753845       2530      0.147    12.9989   0.344187     2.3956  1001.2398      0.148     0.1669     -0.002  0.000e+00
    632.500 265.753848       2531      0.146    12.9967   0.353883     2.4674  1001.2957      0.147     0.1673     -0.004  0.000e+00
    632.750 265.753851       2532      0.146    12.9946   0.361342     2.5228  1001.3388      0.147     0.1636     -0.002  0.000e+00
    633.000 265.753854       2533      0.146    12.9922   0.366625     2.5621  1001.3696      0.147     0.1681      0.000  0.000e+00
    633.250 265.753857       2534      0.146    12.9899   0.378099     2.6475  1001.4360      0.147     0.1603      0.000  0.000e+00
    633.500 265.753860       2535      0.146    12.9875   0.379885     2.6610  1001.4467      0.147     0.1632      0.000  0.000e+00
    633.750 265.753863       2536      0.146    12.9849   0.375651     2.6297  1001.4228      0.147     0.1665      0.000  0.000e+00
    634.000 265.753866       2537      0.147    12.9825   0.371024     2.5954  1001.3967      0.148     0.1619      0.002  0.000e+00
    634.250 265.753869       2538      0.146    12.9798   0.368486     2.5768  1001.3826      0.147     0.1689      0.000  0.000e+00
    634.500 265.753872       2539      0.145    12.9774   0.367889     2.5725  1001.3796      0.146     0.1681     -0.004  0.000e+00
    634.750 265.753874       2540      0.143    12.9748   0.368247     2.5753  1001.3821      0.145     0.1648     -0.004  0.000e+00
    635.000 265.753877       2541      0.146    12.9725   0.369383     2.5839  1001.3891      0.147     0.1619      0.002  0.000e+00
    635.250 265.753880       2542      0.145    12.9700   0.368161     2.5750  1001.3825      0.146     0.1661      0.002  0.000e+00
    635.500 265.753883       2543      0.145    12.9677   0.368329     2.5764  1001.3839      0.146     0.1698     -0.002  0.000e+00
    635.750 265.753886       2544      0.142    12.9654   0.366764     2.5650  1001.3753      0.144     0.1681     -0.004  0.000e+00
    636.000 265.753889       2545      0.143    12.9630   0.361342     2.5249  1001.3446      0.145     0.1611     -0.002  0.000e+00
    636.250 265.753892       2546      0.145    12.9607   0.358970     2.5074  1001.3314      0.146     0.1652      0.004  0.000e+00
    636.500 265.753895       2547      0.145    12.9584   0.358447     2.5037  1001.3288      0.146     0.1607      0.002  0.000e+00
    636.750 265.753898       2548      0.142    12.9560   0.357151     2.4942  1001.3218      0.144     0.1611     -0.004  0.000e+00
    637.000 265.753900       2549      0.145    12.9538   0.353681     2.4687  1001.3023      0.146     0.1648      0.000  0.000e+00
    637.250 265.753903       2550      0.144    12.9512   0.350520     2.4454  1001.2847      0.145     0.1623      0.002  0.000e+00
    637.500 265.753906       2551      0.145    12.9490   0.349654     2.4391  1001.2801      0.146     0.1595      0.000  0.000e+00
    637.750 265.753909       2552      0.145    12.9465   0.349341     2.4370  1001.2788      0.146     0.1619      0.002  0.000e+00
    638.000 265.753912       2553      0.142    12.9443   0.347486     2.4234  1001.2685      0.144     0.1656     -0.004  0.000e+00
    638.250 265.753915       2554      0.144    12.9421   0.344463     2.4012  1001.2516      0.145     0.1640     -0.002  0.000e+00
    638.500 265.753918       2555      0.145    12.9399   0.344729     2.4033  1001.2536      0.146     0.1636      0.004  0.000e+00
    638.750 265.753921       2556      0.144    12.9378   0.351858     2.4562  1001.2948      0.145     0.1599     -0.000  0.000e+00
    639.000 265.753924       2557      0.142    12.9353   0.359088     2.5100  1001.3367      0.144     0.1603     -0.004  0.000e+00
    639.250 265.753927       2558      0.142    12.9331   0.361881     2.5308  1001.3532      0.144     0.1582     -0.002  0.000e+00
    639.500 265.753929       2559      0.144    12.9307   0.358101     2.5029  1001.3319      0.145     0.1590      0.002  0.000e+00
    639.750 265.753932       2560      0.145    12.9285   0.350775     2.4488  1001.2903      0.146     0.1623      0.004  0.000e+00
    640.000 265.753935       2561      0.145    12.9261   0.343376     2.3941  1001.2483      0.146     0.1619      0.002  0.000e+00
    640.250 265.753938       2562      0.144    12.9238   0.337191     2.3485  1001.2133      0.145     0.1640     -0.002  0.000e+00
    640.500 265.753941       2563      0.143    12.9216   0.331651     2.3078  1001.1820      0.144     0.1669     -0.004  0.000e+00
    640.750 265.753944       2564      0.142    12.9194   0.327332     2.2760  1001.1577      0.144     0.1636     -0.002  0.000e+00
    641.000 265.753947       2565      0.144    12.9172   0.326298     2.2685  1001.1522      0.145     0.1656      0.002  0.000e+00
    641.250 265.753950       2566      0.144    12.9153   0.330276     2.2980  1001.1753      0.145     0.1632      0.002  0.000e+00
    641.500 265.753953       2567      0.141    12.9130   0.337936     2.3547  1001.2195      0.143     0.1640     -0.004  0.000e+00
    641.750 265.753955       2568      0.141    12.9108   0.347192     2.4233  1001.2729      0.143     0.1702     -0.004  0.000e+00
    642.000 265.753958       2569      0.141    12.9085   0.353361     2.4692  1001.3087      0.143     0.1652      0.000  0.000e+00
    642.250 265.753961       2570      0.141    12.9062   0.354726     2.4795  1001.3170      0.143     0.1636      0.000  0.000e+00
    642.500 265.753964       2571      0.143    12.9040   0.353968     2.4740  1001.3130      0.144     0.1603      0.002  0.000e+00
    642.750 265.753967       2572      0.143    12.9017   0.348430     2.4331  1001.2817      0.144     0.1636      0.002  0.000e+00
    643.000 265.753970       2573      0.143    12.8997   0.344538     2.4044  1001.2597      0.144     0.1615 3.0316e-13  0.000e+00
    643.250 265.753973       2574      0.144    12.8973   0.336795     2.3472  1001.2158      0.145     0.1578      0.002  0.000e+00
    643.500 265.753976       2575      0.144    12.8951   0.336428     2.3447  1001.2141      0.145     0.1599      0.002  0.000e+00
    643.750 265.753979       2576      0.141    12.8928   0.315164     2.1880  1001.0930      0.143     0.1628     -0.004  0.000e+00
    644.000 265.753981       2577      0.143    12.8907   0.340411     2.3744  1001.2377      0.144     0.1636     -0.002  0.000e+00
    644.250 265.753984       2578      0.145    12.8884   0.367479     2.5754  1001.3936      0.146     0.1599      0.006  0.000e+00
    644.500 265.753987       2579      0.144    12.8860   0.355675     2.4878  1001.3261      0.145     0.1574      0.002  0.000e+00
    644.750 265.753990       2580      0.142    12.8838   0.327621     2.2803  1001.1657      0.143     0.1590     -0.006  0.000e+00
    645.000 265.753993       2581      0.144    12.8819   0.326474     2.2719  1001.1595      0.145     0.1632      0.000  0.000e+00
    645.250 265.753996       2582      0.143    12.8796   0.335319     2.3374  1001.2105      0.144     0.1586      0.002  0.000e+00
    645.500 265.753999       2583      0.143    12.8775   0.319625     2.2217  1001.1211      0.144     0.1648     -0.002  0.000e+00
    645.750 265.754002       2584      0.142    12.8752   0.327269     2.2782  1001.1652      0.143     0.1611     -0.002  0.000e+00
    646.000 265.754005       2585      0.143    12.8731   0.332564     2.3174  1001.1958      0.144     0.1685      0.000  0.000e+00
    646.250 265.754008       2586      0.144    12.8710   0.330569     2.3028  1001.1848      0.145     0.1661      0.004  0.000e+00
    646.500 265.754010       2587      0.142    12.8689   0.329952     2.2984  1001.1816      0.143     0.1669     -0.002  0.000e+00
    646.750 265.754013       2588      0.143    12.8668   0.324036     2.2548  1001.1482      0.144     0.1722     -0.002  0.000e+00
    647.000 265.754016       2589      0.142    12.8646   0.312503     2.1700  1001.0827      0.143     0.1661      0.000  0.000e+00
    647.250 265.754019       2590      0.142    12.8622   0.317211     2.2048  1001.1100      0.143     0.1636     -0.002  0.000e+00
    647.500 265.754022       2591      0.142    12.8599   0.318677     2.2157  1001.1188      0.143     0.1558      0.000  0.000e+00
    647.750 265.754025       2592      0.141    12.8577   0.330840     2.3056  1001.1887      0.142     0.1590     -0.002  0.000e+00
    648.000 265.754028       2593      0.142    12.8552   0.343231     2.3975  1001.2602      0.143     0.1570      0.000  0.000e+00
