Raw_Data/Cage/SBE19/2020-09-19_SBE19_003_008_processed.cnv
* Sea-Bird SBE19plus Data File:
* FileName = C:\cruises\2020_barkerboys\leg2\data\cage\SBE19\2020-09-25_SBE19_004_008.hex
* Software Version 1.59
* Temperature SN =  4881
* Conductivity SN =  4881
* System UpLoad Time = Sep 25 2020 12:21:40
* ds
* SeacatPlus V 1.5  SERIAL NO. 4881    25 Sep 2020  12:15:39
# nquan = 12
# nvalues = 788                                   
# units = specified
# name 0 = timeS: Time, Elapsed [seconds]
# name 1 = timeJ: Julian Days
# name 2 = scan: Scan Count
# name 3 = depSM: Depth [salt water, m], lat = 44.00
# name 4 = tv290C: Temperature [ITS-90, deg C]
# name 5 = c0S/m: Conductivity [S/m]
# name 6 = sal00: Salinity, Practical [PSU]
# name 7 = density00: Density [density, kg/m^3]
# name 8 = prdM: Pressure, Strain Gauge [db]
# name 9 = wetStar: Fluorescence, WET Labs WETstar [mg/m^3]
# name 10 = dz/dtM: Descent Rate [m/s]
# name 11 = flag:  0.000e+00
# span 0 =      0.000,    196.750                 
# span 1 = 263.759005, 263.761282                 
# span 2 =          1,        788                 
# span 3 =      0.035,      5.417                 
# span 4 =    12.5272,    13.0592                 
# span 5 =   0.048146,   3.837720                 
# span 6 =     0.3058,    32.7329                 
# span 7 =   999.6198,  1024.7171                 
# span 8 =      0.035,      5.460                 
# span 9 =     0.1401,     1.9899                 
# span 10 =     -0.337,      0.756                
# span 11 = 0.0000e+00, 0.0000e+00                
# interval = seconds: 0.25
# start_time = Sep 19 2020 18:12:58 [Instrument's time stamp, header]
# bad_flag = -9.990e-29
*END*
[from data line 722]
    180.500 263.761094        723      5.254    12.5754   3.793613    32.4883  1024.5539      5.296     1.2323     -0.163  0.000e+00
    180.750 263.761097        724      5.225    12.5737   3.793753    32.4910  1024.5562      5.267     1.3007     -0.140  0.000e+00
    181.000 263.761100        725      5.212    12.5732   3.793713    32.4912  1024.5564      5.254     1.1165     -0.084  0.000e+00
    181.250 263.761102        726      5.216    12.5730   3.793539    32.4897  1024.5553      5.259     1.1639     -0.017  0.000e+00
    181.500 263.761105        727      5.225    12.5720   3.793119    32.4865  1024.5531      5.267     1.1128      0.026  0.000e+00
    181.750 263.761108        728      5.238    12.5692   3.793019    32.4879  1024.5547      5.280     1.4371      0.043  0.000e+00
    182.000 263.761111        729      5.249    12.5661   3.792598    32.4867  1024.5544      5.292     1.1824      0.049  0.000e+00
    182.250 263.761114        730      5.258    12.5629   3.791971    32.4834  1024.5526      5.300     1.1557      0.041  0.000e+00
    182.500 263.761117        731      5.258    12.5570   3.791451    32.4835  1024.5537      5.300     1.1075      0.017  0.000e+00
    182.750 263.761120        732      5.253    12.5511   3.792038    32.4942  1024.5632      5.295     1.1153     -0.011  0.000e+00
    183.000 263.761123        733      5.243    12.5494   3.792018    32.4955  1024.5644      5.285     1.1293     -0.030  0.000e+00
    183.250 263.761126        734      5.228    12.5497   3.792111    32.4962  1024.5648      5.270     1.3711     -0.049  0.000e+00
    183.500 263.761128        735      5.211    12.5504   3.792318    32.4975  1024.5657      5.253     1.2620     -0.064  0.000e+00
    183.750 263.761131        736      5.205    12.5519   3.792392    32.4970  1024.5649      5.247     1.0716     -0.047  0.000e+00
    184.000 263.761134        737      5.216    12.5534   3.792145    32.4932  1024.5618      5.259     1.1359      0.011  0.000e+00
    184.250 263.761137        738      5.243    12.5533   3.791624    32.4884  1024.5582      5.285     1.0687      0.077  0.000e+00
    184.500 263.761140        739      5.283    12.5505   3.791204    32.4868  1024.5577      5.326     1.0584      0.135  0.000e+00
    184.750 263.761143        740      5.319    12.5459   3.790557    32.4846  1024.5570      5.362     1.1639      0.152  0.000e+00
    185.000 263.761146        741      5.346    12.5399   3.790470    32.4889  1024.5617      5.390     1.3291      0.127  0.000e+00
    185.250 263.761149        742      5.346    12.5346   3.790543    32.4942  1024.5667      5.390     1.2904      0.056  0.000e+00
    185.500 263.761152        743      5.323    12.5319   3.790437    32.4955  1024.5682      5.366     1.3612     -0.047  0.000e+00
    185.750 263.761155        744      5.280    12.5304   3.790650    32.4989  1024.5709      5.323     1.2393     -0.133  0.000e+00
    186.000 263.761157        745      5.229    12.5301   3.790684    32.4995  1024.5711      5.271     1.2302     -0.189  0.000e+00
    186.250 263.761160        746      5.191    12.5308   3.791237    32.5041  1024.5745      5.233     1.2203     -0.180  0.000e+00
    186.500 263.761163        747      5.172    12.5338   3.791137    32.5006  1024.5711      5.214     1.5788     -0.116  0.000e+00
    186.750 263.761166        748      5.173    12.5364   3.791291    32.4998  1024.5700      5.215     1.1116     -0.037  0.000e+00
    187.000 263.761169        749      5.191    12.5380   3.791344    32.4990  1024.5691      5.233     1.1182      0.039  0.000e+00
    187.250 263.761172        750      5.218    12.5392   3.791204    32.4966  1024.5671      5.261     1.1758      0.092  0.000e+00
    187.500 263.761175        751      5.250    12.5397   3.791277    32.4968  1024.5673      5.293     1.1297      0.120  0.000e+00
    187.750 263.761178        752      5.282    12.5400   3.791097    32.4948  1024.5659      5.325     1.1239      0.129  0.000e+00
    188.000 263.761181        753      5.311    12.5397   3.790890    32.4931  1024.5648      5.354     1.0028      0.122  0.000e+00
    188.250 263.761183        754      5.328    12.5376   3.790470    32.4909  1024.5635      5.371     1.0477      0.092  0.000e+00
    188.500 263.761186        755      5.337    12.5347   3.790337    32.4922  1024.5651      5.380     1.0799      0.052  0.000e+00
    188.750 263.761189        756      5.335    12.5319   3.790323    32.4945  1024.5674      5.378     1.1190      0.013  0.000e+00
    189.000 263.761192        757      5.328    12.5302   3.790090    32.4936  1024.5670      5.371     1.0098     -0.017  0.000e+00
    189.250 263.761195        758      5.309    12.5285   3.790157    32.4957  1024.5689      5.352     1.1198     -0.052  0.000e+00
    189.500 263.761198        759      5.288    12.5273   3.790230    32.4975  1024.5704      5.331     1.0724     -0.082  0.000e+00
    189.750 263.761201        760      5.261    12.5272   3.790437    32.4996  1024.5720      5.304     1.1664     -0.097  0.000e+00
    190.000 263.761204        761      5.229    12.5278   3.790650    32.5011  1024.5728      5.271     1.1569     -0.118  0.000e+00
    190.250 263.761207        762      5.196    12.5299   3.791137    32.5040  1024.5745      5.238     1.0469     -0.131  0.000e+00
    190.500 263.761209        763      5.168    12.5333   3.791718    32.5066  1024.5758      5.210     1.6785     -0.122  0.000e+00
    190.750 263.761212        764      5.150    12.5378   3.791865    32.5041  1024.5729      5.192     1.4338     -0.092  0.000e+00
    191.000 263.761215        765      5.155    12.5425   3.791938    32.5007  1024.5694      5.196     1.2422     -0.028  0.000e+00
    191.250 263.761218        766      5.181    12.5456   3.791864    32.4973  1024.5663      5.223     1.1215      0.062  0.000e+00
    191.500 263.761221        767      5.229    12.5471   3.791938    32.4968  1024.5658      5.271     1.0766      0.150  0.000e+00
    191.750 263.761224        768      5.286    12.5482   3.791517    32.4918  1024.5620      5.328     1.1375      0.210  0.000e+00
    192.000 263.761227        769      5.335    12.5477   3.791484    32.4919  1024.5624      5.378     1.0473      0.213  0.000e+00
    192.250 263.761230        770      5.363    12.5467   3.791551    32.4933  1024.5638      5.407     0.9946      0.157  0.000e+00
    192.500 263.761233        771      5.363    12.5460   3.791684    32.4953  1024.5654      5.407     1.1507      0.058  0.000e+00
    192.750 263.761236        772      5.342    12.5460   3.791864    32.4969  1024.5666      5.385     1.0580     -0.043  0.000e+00
    193.000 263.761238        773      5.303    12.5469   3.791864    32.4962  1024.5657      5.346     1.5631     -0.122  0.000e+00
    193.250 263.761241        774      5.268    12.5478   3.791864    32.4954  1024.5648      5.311     1.0753     -0.148  0.000e+00
    193.500 263.761244        775      5.251    12.5487   3.791864    32.4947  1024.5639      5.294     0.9797     -0.103  0.000e+00
    193.750 263.761247        776      5.244    12.5495   3.792111    32.4963  1024.5651      5.286     1.2315     -0.049  0.000e+00
    194.000 263.761250        777      5.247    12.5502   3.792038    32.4950  1024.5639      5.290     1.0242     -0.009  0.000e+00
    194.250 263.761253        778      5.251    12.5508   3.791938    32.4936  1024.5627      5.294     1.2129      0.015  0.000e+00
    194.500 263.761256        779      5.259    12.5506   3.791951    32.4938  1024.5629      5.302     1.2154      0.024  0.000e+00
    194.750 263.761259        780      5.264    12.5503   3.791864    32.4932  1024.5626      5.307     1.1083      0.026  0.000e+00
    195.000 263.761262        781      5.270    12.5501   3.791831    32.4931  1024.5625      5.312     1.1062      0.021  0.000e+00
    195.250 263.761264        782      5.272    12.5497   3.791798    32.4931  1024.5626      5.314     1.1466      0.015  0.000e+00
    195.500 263.761267        783      5.282    12.5495   3.791798    32.4933  1024.5629      5.325     1.2434      0.026  0.000e+00
    195.750 263.761270        784      5.283    12.5493   3.791864    32.4941  1024.5636      5.326     1.1664      0.024  0.000e+00
    196.000 263.761273        785      5.282    12.5499   3.792145    32.4962  1024.5651      5.325     1.1989 4.8506e-12  0.000e+00
    196.250 263.761276        786      5.273    12.5512   3.792151    32.4952  1024.5640      5.315     1.1281     -0.022  0.000e+00
    196.500 263.761279        787      5.268    12.5524   3.792218    32.4948  1024.5634      5.311     1.0976     -0.028  0.000e+00
    196.750 263.761282        788      5.270    12.5540   3.792739    32.4984  1024.5660      5.312     1.2751     -0.006  0.000e+00
