Raw_Data/Cage/SBE19/2020-09-21_SBE19_005_019_processed.cnv
* Sea-Bird SBE19plus Data File:
* FileName = C:\cruises\2020_barkerboys\leg2\data\cage\SBE19\2020-09-25_SBE19_004_019.hex
* Software Version 1.59
* Temperature SN =  4881
* Conductivity SN =  4881
* System UpLoad Time = Sep 25 2020 12:38:29
* ds
* SeacatPlus V 1.5  SERIAL NO. 4881    25 Sep 2020  12:15:39
# nquan = 12
# nvalues = 3260                                  
# units = specified
# name 0 = timeS: Time, Elapsed [seconds]
# name 1 = timeJ: Julian Days
# name 2 = scan: Scan Count
# name 3 = depSM: Depth [salt water, m], lat = 44.00
# name 4 = tv290C: Temperature [ITS-90, deg C]
# name 5 = c0S/m: Conductivity [S/m]
# name 6 = sal00: Salinity, Practical [PSU]
# name 7 = density00: Density [density, kg/m^3]
# name 8 = prdM: Pressure, Strain Gauge [db]
# name 9 = wetStar: Fluorescence, WET Labs WETstar [mg/m^3]
# name 10 = dz/dtM: Descent Rate [m/s]
# name 11 = flag:  0.000e+00
# span 0 =      0.000,    814.750                 
# span 1 = 265.646968, 265.656398                 
# span 2 =          1,       3260                 
# span 3 =      0.153,    158.180                 
# span 4 =     9.8375,    13.1098                 
# span 5 =   0.053069,   3.851257                 
# span 6 =     0.3532,    33.5455                 
# span 7 =   999.8557,  1026.5629                 
# span 8 =      0.154,    159.521                 
# span 9 =     0.1150,     3.2737                 
# span 10 =     -1.362,      1.432                
# span 11 = 0.0000e+00, 0.0000e+00                
# interval = seconds: 0.25
# start_time = Sep 21 2020 15:31:38 [Instrument's time stamp, header]
# bad_flag = -9.990e-29
*END*
[from data line 3128]
    782.000 265.656019       3129      0.200    13.1051   3.849834    32.5671  1024.4890      0.202     1.4090     -0.489  0.000e+00
    782.250 265.656021       3130      0.174    13.1060   3.830993    32.3890  1024.3508      0.176     1.3452     -0.311  0.000e+00
    782.500 265.656024       3131      0.208    13.1063   3.758802    31.7100  1023.8256      0.210     1.3654      0.017  0.000e+00
    782.750 265.656027       3132      0.217    13.1067   3.695910    31.1202  1023.3694      0.219     1.3427      0.086  0.000e+00
    783.000 265.656030       3133      0.200    13.1077   3.609141    30.3086  1022.7416      0.202     1.3176     -0.017  0.000e+00
    783.250 265.656033       3134      0.195    13.1085   3.201058    26.5353  1019.8268      0.196     1.2694     -0.045  0.000e+00
    783.500 265.656036       3135      0.203    13.1093   1.991258    15.7605  1011.5233      0.205     1.2929      0.006  0.000e+00
    783.750 265.656039       3136      0.223    13.1098   3.669910    30.8744  1023.1788      0.225     1.3023      0.058  0.000e+00
    784.000 265.656042       3137      0.217    13.1096   3.849907    32.5640  1024.4857      0.219     1.1919      0.028  0.000e+00
    784.250 265.656045       3138      0.187    13.1060   3.706722    31.2220  1023.4482      0.189     0.6139     -0.073  0.000e+00
    784.500 265.656047       3139      0.166    13.1017   3.849773    32.5695  1024.4913      0.167     0.3111     -0.103  0.000e+00
    784.750 265.656050       3140      0.165    13.1001   3.847598    32.5503  1024.4768      0.166     0.2975     -0.045  0.000e+00
    785.000 265.656053       3141      0.167    13.0996   3.848558    32.5598  1024.4842      0.168     0.2204      0.002  0.000e+00
    785.250 265.656056       3142      0.169    13.0981   3.795593    32.0626  1024.0998      0.171     0.1932      0.009  0.000e+00
    785.500 265.656059       3143      0.167    13.0960   3.841298    32.4945  1024.4344      0.168     0.1850      0.000  0.000e+00
    785.750 265.656062       3144      0.167    13.0947   3.843592    32.5173  1024.4523      0.168     0.1776     -0.004  0.000e+00
    786.000 265.656065       3145      0.168    13.0931   3.848558    32.5654  1024.4898      0.169     0.1731      0.002  0.000e+00
    786.250 265.656068       3146      0.169    13.0904   3.755080    31.6884  1023.8118      0.171     0.1747      0.004  0.000e+00
    786.500 265.656071       3147      0.168    13.0870   2.377013    19.1373  1014.1268      0.169     0.1632      0.000  0.000e+00
    786.750 265.656073       3148      0.157    13.0836   0.664830     4.8220  1003.1033      0.159     0.1640     -0.024  0.000e+00
    787.000 265.656076       3149      0.161    13.0817   0.606733     4.3727  1002.7568      0.162     0.1710     -0.015  0.000e+00
    787.250 265.656079       3150      0.160    13.0810   0.637365     4.6094  1002.9396      0.161     0.1747      0.004  0.000e+00
    787.500 265.656082       3151      0.163    13.0802   0.632452     4.5715  1002.9104      0.164     0.1759      0.004  0.000e+00
    787.750 265.656085       3152      0.162    13.0795   0.616339     4.4470  1002.8145      0.163     0.1772      0.004  0.000e+00
    788.000 265.656088       3153      0.161    13.0783   0.596588     4.2949  1002.6972      0.162     0.1764     -0.004  0.000e+00
    788.250 265.656091       3154      0.161    13.0770   0.568025     4.0756  1002.5281      0.162     0.1764     -0.002  0.000e+00
    788.500 265.656094       3155      0.160    13.0758   0.560825     4.0206  1002.4857      0.161     0.1846     -0.002  0.000e+00
    788.750 265.656097       3156      0.159    13.0742   0.585327     4.2088  1002.6313      0.160     0.1805     -0.004  0.000e+00
    789.000 265.656100       3157      0.160    13.0727   0.599507     4.3180  1002.7158      0.161     0.1743      0.000  0.000e+00
    789.250 265.656102       3158      0.160    13.0711   0.568285     4.0782  1002.5309      0.161     0.1698      0.002  0.000e+00
    789.500 265.656105       3159      0.160    13.0692   0.546241     3.9097  1002.4010      0.161     0.1743      0.000  0.000e+00
    789.750 265.656108       3160      0.156    13.0674   0.528668     3.7757  1002.2977      0.158     0.1731     -0.006  0.000e+00
    790.000 265.656111       3161      0.159    13.0656   0.519225     3.7039  1002.2426      0.160     0.1743     -0.002  0.000e+00
    790.250 265.656114       3162      0.160    13.0637   0.491675     3.4948  1002.0813      0.161     0.1685      0.006  0.000e+00
    790.500 265.656117       3163      0.159    13.0617   0.473885     3.3604  1001.9776      0.160     0.1673      0.000  0.000e+00
    790.750 265.656120       3164      0.162    13.0595   0.472084     3.3469  1001.9676      0.163     0.1702      0.004  0.000e+00
    791.000 265.656123       3165      0.161    13.0576   0.442294     3.1226  1001.7944      0.162     0.1665      0.004  0.000e+00
    791.250 265.656126       3166      0.160    13.0558   0.453736     3.2088  1001.8613      0.161     0.1698     -0.004  0.000e+00
    791.500 265.656128       3167      0.159    13.0538   0.471485     3.3429  1001.9652      0.160     0.1710     -0.004  0.000e+00
    791.750 265.656131       3168      0.161    13.0518   0.460951     3.2636  1001.9042      0.162     0.1628      0.002  0.000e+00
    792.000 265.656134       3169      0.156    13.0499   0.470892     3.3388  1001.9625      0.158     0.1603     -0.004  0.000e+00
    792.250 265.656137       3170      0.158    13.0481   0.470437     3.3355  1001.9602      0.159     0.1656     -0.006  0.000e+00
    792.500 265.656140       3171      0.156    13.0461   0.470726     3.3378  1001.9623      0.158     0.1681      0.000  0.000e+00
    792.750 265.656143       3172      0.155    13.0442   0.469449     3.3284  1001.9553      0.157     0.1652     -0.004  0.000e+00
    793.000 265.656146       3173      0.157    13.0422   0.449305     3.1766  1001.8382      0.158     0.1669      0.000  0.000e+00
    793.250 265.656149       3174      0.159    13.0404   0.462350     3.2751  1001.9146      0.160     0.1648      0.006  0.000e+00
    793.500 265.656152       3175      0.159    13.0386   0.463096     3.2809  1001.9193      0.160     0.1632      0.004  0.000e+00
    793.750 265.656155       3176      0.160    13.0369   0.455997     3.2275  1001.8783      0.161     0.1693      0.002  0.000e+00
    794.000 265.656157       3177      0.160    13.0352   0.442756     3.1279  1001.8015      0.161     0.1698      0.002  0.000e+00
    794.250 265.656160       3178      0.161    13.0336   0.436555     3.0814  1001.7658      0.162     0.1640      0.002  0.000e+00
    794.500 265.656163       3179      0.159    13.0323   0.438183     3.0937  1001.7755      0.160     0.1656     -0.002  0.000e+00
    794.750 265.656166       3180      0.160    13.0311   0.453641     3.2102  1001.8657      0.161     0.1656     -0.002  0.000e+00
    795.000 265.656169       3181      0.159    13.0297   0.434671     3.0676  1001.7556      0.160     0.1656      0.000  0.000e+00
    795.250 265.656172       3182      0.158    13.0284   0.413354     2.9078  1001.6323      0.159     0.1615     -0.004  0.000e+00
    795.500 265.656175       3183      0.158    13.0268   0.423521     2.9841  1001.6915      0.159     0.1681     -0.002  0.000e+00
    795.750 265.656178       3184      0.159    13.0252   0.457710     3.2414  1001.8906      0.160     0.1673      0.002  0.000e+00
    796.000 265.656181       3185      0.158    13.0235   0.393420     2.7593  1001.5180      0.159     0.1698     -0.000  0.000e+00
    796.250 265.656183       3186      0.157    13.0217   0.337297     2.3433  1001.1964      0.158     0.1574     -0.004  0.000e+00
    796.500 265.656186       3187      0.156    13.0199   0.301548     2.0810  1000.9936      0.157     0.1586     -0.004  0.000e+00
    796.750 265.656189       3188      0.155    13.0181   0.274193     1.8819  1000.8395      0.157     0.1623     -0.002  0.000e+00
    797.000 265.656192       3189      0.157    13.0164   0.340011     2.3637  1001.2129      0.158     0.1611      0.002  0.000e+00
    797.250 265.656195       3190      0.159    13.0146   0.352529     2.4562  1001.2847      0.160     0.1652      0.006  0.000e+00
    797.500 265.656198       3191      0.159    13.0130   0.345370     2.4034  1001.2441      0.160     0.1607      0.004  0.000e+00
    797.750 265.656201       3192      0.157    13.0115   0.326597     2.2652  1001.1372      0.158     0.1533     -0.004  0.000e+00
    798.000 265.656204       3193      0.158    13.0100   0.317712     2.2000  1001.0870      0.159     0.1574     -0.002  0.000e+00
    798.250 265.656207       3194      0.159    13.0083   0.309735     2.1416  1001.0420      0.160     0.1525      0.004  0.000e+00
    798.500 265.656209       3195      0.156    13.0068   0.353990     2.4675  1001.2945      0.157     0.1553     -0.004  0.000e+00
    798.750 265.656212       3196      0.157    13.0049   0.388529     2.7242  1001.4933      0.158     0.1549     -0.004  0.000e+00
    799.000 265.656215       3197      0.158    13.0032   0.403563     2.8365  1001.5805      0.159     0.1533      0.004  0.000e+00
    799.250 265.656218       3198      0.158    13.0015   0.383112     2.6840  1001.4628      0.159     0.1562      0.002  0.000e+00
    799.500 265.656221       3199      0.159    12.9996   0.358123     2.4986  1001.3195      0.160     0.1545      0.002  0.000e+00
    799.750 265.656224       3200      0.159    12.9974   0.337746     2.3481  1001.2033      0.160     0.1599      0.002  0.000e+00
    800.000 265.656227       3201      0.159    12.9953   0.322789     2.2381  1001.1185      0.160     0.1562      0.000  0.000e+00
    800.250 265.656230       3202      0.159    12.9933   0.304572     2.1046  1001.0153      0.160     0.1545      0.000  0.000e+00
    800.500 265.656233       3203      0.156    12.9913   0.298869     2.0630  1000.9834      0.157     0.1496     -0.006  0.000e+00
    800.750 265.656236       3204      0.158    12.9892   0.304736     2.1060  1001.0170      0.159     0.1533     -0.002  0.000e+00
    801.000 265.656238       3205      0.158    12.9872   0.299461     2.0675  1000.9874      0.159     0.1541      0.004  0.000e+00
    801.250 265.656241       3206      0.158    12.9851   0.284473     1.9583  1000.9031      0.159     0.1487     -0.000  0.000e+00
    801.500 265.656244       3207      0.157    12.9831   0.298886     2.0636  1000.9849      0.158     0.1500     -0.002  0.000e+00
    801.750 265.656247       3208      0.156    12.9813   0.321981     2.2330  1001.1163      0.157     0.1541     -0.004  0.000e+00
    802.000 265.656250       3209      0.157    12.9792   0.340107     2.3667  1001.2201      0.158     0.1545 6.0633e-13  0.000e+00
    802.250 265.656253       3210      0.158    12.9773   0.317365     2.1993  1001.0908      0.159     0.1525      0.004  0.000e+00
    802.500 265.656256       3211      0.158    12.9754   0.291854     2.0126  1000.9464      0.159     0.1516      0.002  0.000e+00
    802.750 265.656259       3212      0.157    12.9735   0.266322     1.8269  1000.8028      0.158     0.1525     -0.002  0.000e+00
    803.000 265.656262       3213      0.156    12.9716   0.259792     1.7797  1000.7664      0.157     0.1537     -0.004  0.000e+00
    803.250 265.656264       3214      0.153    12.9696   0.269457     1.8498  1000.8211      0.155     0.1504     -0.006  0.000e+00
    803.500 265.656267       3215      0.156    12.9679   0.305445     2.1124  1001.0247      0.157     0.1537      0.000  0.000e+00
    803.750 265.656270       3216      0.155    12.9660   0.331235     2.3020  1001.1718      0.156     0.1586      0.002  0.000e+00
    804.000 265.656273       3217      0.157    12.9641   0.342682     2.3866  1001.2375      0.158     0.1553      0.002  0.000e+00
    804.250 265.656276       3218      0.156    12.9624   0.348834     2.4322  1001.2731      0.157     0.1500      0.002  0.000e+00
    804.500 265.656279       3219      0.158    12.9606   0.342997     2.3892  1001.2400      0.159     0.1545      0.002  0.000e+00
    804.750 265.656282       3220      0.155    12.9589   0.331986     2.3080  1001.1773      0.156     0.1537     -0.002  0.000e+00
    805.000 265.656285       3221      0.156    12.9569   0.317793     2.2036  1001.0968      0.157     0.1504     -0.004  0.000e+00
    805.250 265.656288       3222      0.158    12.9552   0.306321     2.1195  1001.0319      0.159     0.1512      0.006  0.000e+00
    805.500 265.656291       3223      0.156    12.9535   0.302542     2.0919  1001.0107      0.157     0.1525      0.000  0.000e+00
    805.750 265.656293       3224      0.157    12.9519   0.306775     2.1230  1001.0350      0.158     0.1525     -0.002  0.000e+00
    806.000 265.656296       3225      0.155    12.9503   0.309969     2.1465  1001.0534      0.156     0.1574     -0.002  0.000e+00
    806.250 265.656299       3226      0.155    12.9486   0.314439     2.1795  1001.0792      0.156     0.1574     -0.004  0.000e+00
    806.500 265.656302       3227      0.157    12.9471   0.318747     2.2112  1001.1040      0.158     0.1607      0.004  0.000e+00
    806.750 265.656305       3228      0.156    12.9454   0.322241     2.2370  1001.1241      0.157     0.1586      0.002  0.000e+00
    807.000 265.656308       3229      0.158    12.9436   0.322437     2.2386  1001.1256      0.159     0.1500      0.002  0.000e+00
    807.250 265.656311       3230      0.157    12.9420   0.319589     2.2177  1001.1096      0.158     0.1508      0.002  0.000e+00
    807.500 265.656314       3231      0.156    12.9404   0.315697     2.1892  1001.0878      0.157     0.1553     -0.004  0.000e+00
    807.750 265.656317       3232      0.155    12.9387   0.312706     2.1673  1001.0710      0.156     0.1549     -0.004  0.000e+00
    808.000 265.656319       3233      0.158    12.9369   0.312524     2.1660  1001.0703      0.159     0.1578      0.004  0.000e+00
    808.250 265.656322       3234      0.156    12.9352   0.314348     2.1795  1001.0810      0.157     0.1558      0.002  0.000e+00
    808.500 265.656325       3235      0.157    12.9336   0.314145     2.1781  1001.0801      0.158     0.1615     -0.002  0.000e+00
    808.750 265.656328       3236      0.155    12.9319   0.313045     2.1702  1001.0742      0.156     0.1619     -0.002  0.000e+00
    809.000 265.656331       3237      0.155    12.9302   0.310571     2.1521  1001.0604      0.156     0.1665     -0.004  0.000e+00
    809.250 265.656334       3238      0.156    12.9285   0.303463     2.1000  1001.0203      0.157     0.1648      0.002  0.000e+00
    809.500 265.656337       3239      0.155    12.9268   0.294391     2.0337  1000.9691      0.156     0.1582      0.000  0.000e+00
    809.750 265.656340       3240      0.156    12.9250   0.287499     1.9834  1000.9304      0.157     0.1628      0.000  0.000e+00
    810.000 265.656343       3241      0.154    12.9231   0.284401     1.9609  1000.9132      0.155     0.1615     -0.002  0.000e+00
    810.250 265.656345       3242      0.156    12.9213   0.282680     1.9484  1000.9038      0.157     0.1652      0.000  0.000e+00
    810.500 265.656348       3243      0.155    12.9195   0.282538     1.9475  1000.9033      0.156     0.1661      0.002  0.000e+00
    810.750 265.656351       3244      0.156    12.9176   0.285034     1.9658  1000.9177      0.157     0.1681      0.000  0.000e+00
    811.000 265.656354       3245      0.155    12.9160   0.288615     1.9920  1000.9383      0.156     0.1702      0.000  0.000e+00
    811.250 265.656357       3246      0.157    12.9143   0.290153     2.0034  1000.9473      0.158     0.1673      0.002  0.000e+00
    811.500 265.656360       3247      0.154    12.9124   0.289816     2.0010  1000.9457      0.155     0.1656     -0.002  0.000e+00
    811.750 265.656363       3248      0.156    12.9105   0.288310     1.9901  1000.9375      0.157     0.1644     -0.002  0.000e+00
