Raw_Data/Cage/SBE19/2020-09-20_SBE19_004_013_processed.cnv
* Sea-Bird SBE19plus Data File:
* FileName = C:\cruises\2020_barkerboys\leg2\data\cage\SBE19\2020-09-25_SBE19_004_013.hex
* Software Version 1.59
* Temperature SN =  4881
* Conductivity SN =  4881
* System UpLoad Time = Sep 25 2020 12:25:15
* ds
* SeacatPlus V 1.5  SERIAL NO. 4881    25 Sep 2020  12:15:39
# nquan = 12
# nvalues = 3757                                  
# units = specified
# name 0 = timeS: Time, Elapsed [seconds]
# name 1 = timeJ: Julian Days
# name 2 = scan: Scan Count
# name 3 = depSM: Depth [salt water, m], lat = 44.00
# name 4 = tv290C: Temperature [ITS-90, deg C]
# name 5 = c0S/m: Conductivity [S/m]
# name 6 = sal00: Salinity, Practical [PSU]
# name 7 = density00: Density [density, kg/m^3]
# name 8 = prdM: Pressure, Strain Gauge [db]
# name 9 = wetStar: Fluorescence, WET Labs WETstar [mg/m^3]
# name 10 = dz/dtM: Descent Rate [m/s]
# name 11 = flag:  0.000e+00
# span 0 =      0.000,    939.000                 
# span 1 = 264.570220, 264.581088                 
# span 2 =          1,       3757                 
# span 3 =      0.125,    133.709                 
# span 4 =     8.7593,    12.9204                 
# span 5 =   0.048824,   3.809801                 
# span 6 =     0.3455,    32.9295                 
# span 7 =  1000.0678,  1025.7108                 
# span 8 =      0.126,    134.835                 
# span 9 =     0.1516,     3.2943                 
# span 10 =     -1.534,      1.070                
# span 11 = 0.0000e+00, 0.0000e+00                
# interval = seconds: 0.25
# start_time = Sep 20 2020 13:41:07 [Instrument's time stamp, header]
# bad_flag = -9.990e-29
*END*
[from data line 2888]
    722.000 264.578576       2889     91.065    11.7312   3.744706    32.7177  1025.2803     91.823     0.5780      0.073  0.000e+00
    722.250 264.578579       2890     91.039    11.7324   3.744633    32.7160  1025.2787     91.796     0.6069     -0.034  0.000e+00
    722.500 264.578582       2891     90.964    11.7329   3.744805    32.7173  1025.2792     91.720     0.6955     -0.204  0.000e+00
    722.750 264.578585       2892     90.828    11.7333   3.744633    32.7153  1025.2770     91.583     0.6658     -0.425  0.000e+00
    723.000 264.578588       2893     90.631    11.7333   3.744566    32.7148  1025.2757     91.384     0.6419     -0.673  0.000e+00
    723.250 264.578591       2894     90.396    11.7329   3.744705    32.7166  1025.2761     91.148     0.5904     -0.870  0.000e+00
    723.500 264.578594       2895     90.156    11.7329   3.744805    32.7176  1025.2758     90.905     0.6151     -0.958  0.000e+00
    723.750 264.578597       2896     89.944    11.7336   3.744805    32.7170  1025.2743     90.691     0.5673     -0.913  0.000e+00
    724.000 264.578600       2897     89.770    11.7347   3.744878    32.7169  1025.2731     90.516     0.5657     -0.778  0.000e+00
    724.250 264.578602       2898     89.651    11.7354   3.744838    32.7160  1025.2718     90.396     0.6283     -0.591  0.000e+00
    724.500 264.578605       2899     89.579    11.7354   3.744705    32.7147  1025.2704     90.324     0.7235     -0.385  0.000e+00
    724.750 264.578608       2900     89.560    11.7352   3.744838    32.7161  1025.2715     90.304     0.6287     -0.183  0.000e+00
    725.000 264.578611       2901     89.564    11.7356   3.744977    32.7171  1025.2722     90.309     0.8154     -0.030  0.000e+00
    725.250 264.578614       2902     89.569    11.7363   3.744944    32.7162  1025.2714     90.313     0.6250      0.017  0.000e+00
    725.500 264.578617       2903     89.549    11.7376   3.744991    32.7155  1025.2705     90.294     0.6473     -0.030  0.000e+00
    725.750 264.578620       2904     89.484    11.7381   3.745010    32.7153  1025.2700     90.228     0.6637     -0.170  0.000e+00
    726.000 264.578623       2905     89.370    11.7389   3.745117    32.7157  1025.2697     90.113     0.5760     -0.361  0.000e+00
    726.250 264.578626       2906     89.217    11.7395   3.745083    32.7149  1025.2682     89.959     0.5875     -0.539  0.000e+00
    726.500 264.578628       2907     89.024    11.7403   3.745050    32.7139  1025.2664     89.764     0.6225     -0.698  0.000e+00
    726.750 264.578631       2908     88.800    11.7402   3.744977    32.7134  1025.2650     89.537     0.6868     -0.842  0.000e+00
    727.000 264.578634       2909     88.574    11.7402   3.745083    32.7145  1025.2648     89.310     0.8154     -0.909  0.000e+00
    727.250 264.578637       2910     88.365    11.7402   3.744944    32.7133  1025.2630     89.099     0.6089     -0.877  0.000e+00
    727.500 264.578640       2911     88.192    11.7400   3.744877    32.7129  1025.2619     88.925     0.6452     -0.769  0.000e+00
    727.750 264.578643       2912     88.072    11.7398   3.745083    32.7151  1025.2631     88.804     0.6361     -0.591  0.000e+00
    728.000 264.578646       2913     88.001    11.7400   3.745083    32.7150  1025.2627     88.732     0.5727     -0.387  0.000e+00
    728.250 264.578649       2914     87.992    11.7399   3.744877    32.7130  1025.2611     88.723     0.5719     -0.161  0.000e+00
    728.500 264.578652       2915     88.006    11.7393   3.744465    32.7096  1025.2586     88.737     0.6959      0.011  0.000e+00
    728.750 264.578655       2916     88.009    11.7364   3.744565    32.7131  1025.2619     88.740     0.6749      0.034  0.000e+00
    729.000 264.578657       2917     87.977    11.7342   3.744532    32.7148  1025.2635     88.708     0.5896     -0.058  0.000e+00
    729.250 264.578660       2918     87.895    11.7332   3.744631    32.7166  1025.2647     88.625     0.7424     -0.230  0.000e+00
    729.500 264.578663       2919     87.768    11.7331   3.744738    32.7177  1025.2650     88.497     0.6357     -0.421  0.000e+00
    729.750 264.578666       2920     87.610    11.7336   3.744671    32.7168  1025.2635     88.337     0.5900     -0.576  0.000e+00
    730.000 264.578669       2921     87.424    11.7342   3.744671    32.7163  1025.2621     88.150     0.5982     -0.694  0.000e+00
    730.250 264.578672       2922     87.237    11.7345   3.744771    32.7171  1025.2619     87.961     0.6415     -0.752  0.000e+00
    730.500 264.578675       2923     87.050    11.7349   3.744804    32.7171  1025.2610     87.773     0.5665     -0.754  0.000e+00
    730.750 264.578678       2924     86.889    11.7359   3.744976    32.7180  1025.2607     87.610     0.6448     -0.703  0.000e+00
    731.000 264.578681       2925     86.755    11.7376   3.744976    32.7166  1025.2587     87.476     0.6032     -0.595  0.000e+00
    731.250 264.578683       2926     86.666    11.7387   3.744877    32.7146  1025.2566     87.386     0.6584     -0.449  0.000e+00
    731.500 264.578686       2927     86.598    11.7392   3.744804    32.7135  1025.2553     87.317     0.5970     -0.318  0.000e+00
    731.750 264.578689       2928     86.552    11.7389   3.744804    32.7138  1025.2554     87.271     0.6423     -0.230  0.000e+00
    732.000 264.578692       2929     86.511    11.7384   3.745009    32.7163  1025.2572     87.230     0.6514     -0.174  0.000e+00
    732.250 264.578695       2930     86.461    11.7392   3.745009    32.7156  1025.2563     87.179     0.6316     -0.183  0.000e+00
    732.500 264.578698       2931     86.388    11.7404   3.744910    32.7136  1025.2542     87.105     0.6872     -0.249  0.000e+00
    732.750 264.578701       2932     86.286    11.7404   3.744671    32.7113  1025.2520     87.002     0.6691     -0.354  0.000e+00
    733.000 264.578704       2933     86.153    11.7383   3.744047    32.7071  1025.2485     86.869     0.8549     -0.473  0.000e+00
    733.250 264.578707       2934     86.001    11.7335   3.743535    32.7065  1025.2482     86.715     0.7222     -0.574  0.000e+00
    733.500 264.578709       2935     85.840    11.7268   3.743330    32.7104  1025.2518     86.553     0.6337     -0.632  0.000e+00
    733.750 264.578712       2936     85.686    11.7210   3.743157    32.7140  1025.2549     86.397     0.5686     -0.636  0.000e+00
    734.000 264.578715       2937     85.544    11.7154   3.742984    32.7172  1025.2578     86.254     0.6365     -0.597  0.000e+00
    734.250 264.578718       2938     85.409    11.7116   3.742845    32.7193  1025.2595     86.118     0.6098     -0.559  0.000e+00
    734.500 264.578721       2939     85.267    11.7084   3.742779    32.7215  1025.2612     85.975     0.6308     -0.559  0.000e+00
    734.750 264.578724       2940     85.129    11.7060   3.742779    32.7237  1025.2627     85.835     0.6007     -0.565  0.000e+00
    735.000 264.578727       2941     85.003    11.7045   3.742639    32.7237  1025.2624     85.709     0.5669     -0.533  0.000e+00
    735.250 264.578730       2942     84.893    11.7031   3.742506    32.7237  1025.2622     85.598     0.5706     -0.475  0.000e+00
    735.500 264.578733       2943     84.806    11.7016   3.742506    32.7251  1025.2631     85.510     0.6304     -0.398  0.000e+00
    735.750 264.578736       2944     84.743    11.7000   3.742367    32.7251  1025.2632     85.446     0.6543     -0.303  0.000e+00
    736.000 264.578738       2945     84.683    11.6982   3.742367    32.7268  1025.2645     85.386     0.6621     -0.247  0.000e+00
    736.250 264.578741       2946     84.620    11.6972   3.742228    32.7263  1025.2641     85.322     0.5813     -0.249  0.000e+00
    736.500 264.578744       2947     84.542    11.6961   3.741849    32.7236  1025.2618     85.243     0.6810     -0.286  0.000e+00
    736.750 264.578747       2948     84.444    11.6931   3.741511    32.7230  1025.2614     85.145     0.6164     -0.354  0.000e+00
    737.000 264.578750       2949     84.318    11.6894   3.741199    32.7233  1025.2618     85.018     0.6155     -0.451  0.000e+00
    737.250 264.578753       2950     84.170    11.6855   3.741371    32.7285  1025.2659     84.868     0.5818     -0.552  0.000e+00
    737.500 264.578756       2951     84.004    11.6836   3.741404    32.7306  1025.2671     84.701     0.6118     -0.634  0.000e+00
    737.750 264.578759       2952     83.833    11.6825   3.741305    32.7306  1025.2665     84.529     0.5682     -0.679  0.000e+00
    738.000 264.578762       2953     83.667    11.6814   3.741338    32.7320  1025.2670     84.361     0.5929     -0.679  0.000e+00
    738.250 264.578764       2954     83.501    11.6814   3.741371    32.7324  1025.2666     84.194     0.6094     -0.670  0.000e+00
    738.500 264.578767       2955     83.343    11.6822   3.741544    32.7334  1025.2666     84.035     0.5962     -0.653  0.000e+00
    738.750 264.578770       2956     83.185    11.6833   3.741543    32.7325  1025.2649     83.875     0.6633     -0.638  0.000e+00
    739.000 264.578773       2957     83.045    11.6843   3.741437    32.7307  1025.2627     83.734     0.6213     -0.602  0.000e+00
    739.250 264.578776       2958     82.930    11.6841   3.741371    32.7302  1025.2618     83.618     0.5657     -0.513  0.000e+00
    739.500 264.578779       2959     82.838    11.6834   3.741231    32.7295  1025.2610     83.525     0.6691     -0.419  0.000e+00
    739.750 264.578782       2960     82.766    11.6823   3.741371    32.7319  1025.2627     83.453     0.5661     -0.331  0.000e+00
    740.000 264.578785       2961     82.714    11.6826   3.741304    32.7310  1025.2617     83.400     0.5566     -0.249  0.000e+00
    740.250 264.578788       2962     82.645    11.6826   3.741404    32.7320  1025.2622     83.330     0.5900     -0.245  0.000e+00
    740.500 264.578791       2963     82.541    11.6825   3.741610    32.7341  1025.2634     83.226     0.5665     -0.348  0.000e+00
    740.750 264.578793       2964     82.401    11.6842   3.742094    32.7374  1025.2650     83.084     0.5624     -0.492  0.000e+00
    741.000 264.578796       2965     82.212    11.6884   3.742811    32.7407  1025.2659     82.894     0.6077     -0.664  0.000e+00
    741.250 264.578799       2966     81.975    11.6956   3.743468    32.7409  1025.2637     82.654     0.5900     -0.859  0.000e+00
    741.500 264.578802       2967     81.722    11.7047   3.743773    32.7360  1025.2570     82.400     0.5805     -0.988  0.000e+00
    741.750 264.578805       2968     81.475    11.7139   3.743979    32.7300  1025.2495     82.151     0.6019     -1.008  0.000e+00
    742.000 264.578808       2969     81.250    11.7214   3.744218    32.7258  1025.2438     81.924     0.5933     -0.952  0.000e+00
    742.250 264.578811       2970     81.069    11.7272   3.744463    32.7231  1025.2399     81.741     0.5368     -0.819  0.000e+00
    742.500 264.578814       2971     80.950    11.7317   3.744596    32.7205  1025.2364     81.621     0.5385     -0.606  0.000e+00
    742.750 264.578817       2972     80.884    11.7347   3.744423    32.7162  1025.2323     81.554     0.6073     -0.374  0.000e+00
    743.000 264.578819       2973     80.856    11.7365   3.744463    32.7150  1025.2309     81.527     0.5620     -0.189  0.000e+00
    743.250 264.578822       2974     80.839    11.7373   3.744529    32.7150  1025.2307     81.509     0.5780     -0.090  0.000e+00
    743.500 264.578825       2975     80.812    11.7376   3.744702    32.7164  1025.2315     81.481     0.5636     -0.090  0.000e+00
    743.750 264.578828       2976     80.747    11.7383   3.744735    32.7161  1025.2310     81.416     0.5249     -0.187  0.000e+00
    744.000 264.578831       2977     80.639    11.7397   3.744669    32.7143  1025.2287     81.307     0.7931     -0.348  0.000e+00
    744.250 264.578834       2978     80.477    11.7408   3.744835    32.7150  1025.2284     81.144     0.6172     -0.544  0.000e+00
    744.500 264.578837       2979     80.267    11.7418   3.744702    32.7129  1025.2257     80.932     0.6003     -0.750  0.000e+00
    744.750 264.578840       2980     80.026    11.7423   3.744668    32.7123  1025.2240     80.690     0.5978     -0.909  0.000e+00
    745.000 264.578843       2981     79.764    11.7418   3.744595    32.7121  1025.2227     80.425     0.5521     -1.014  0.000e+00
    745.250 264.578845       2982     79.536    11.7410   3.744423    32.7112  1025.2211     80.196     0.6802     -0.988  0.000e+00
    745.500 264.578848       2983     79.331    11.7400   3.744701    32.7149  1025.2233     79.988     0.6835     -0.874  0.000e+00
    745.750 264.578851       2984     79.170    11.7409   3.745047    32.7175  1025.2244     79.826     0.5529     -0.739  0.000e+00
    746.000 264.578854       2985     79.062    11.7435   3.745179    32.7166  1025.2227     79.717     0.5228     -0.542  0.000e+00
    746.250 264.578857       2986     78.989    11.7463   3.745212    32.7144  1025.2202     79.643     0.5793     -0.365  0.000e+00
    746.500 264.578860       2987     78.939    11.7484   3.745146    32.7120  1025.2177     79.593     0.5669     -0.249  0.000e+00
    746.750 264.578863       2988     78.888    11.7493   3.745046    32.7102  1025.2159     79.541     0.6353     -0.204  0.000e+00
    747.000 264.578866       2989     78.801    11.7495   3.745319    32.7127  1025.2174     79.454     0.6357     -0.277  0.000e+00
    747.250 264.578869       2990     78.677    11.7509   3.745697    32.7152  1025.2185     79.329     0.5706     -0.425  0.000e+00
    747.500 264.578872       2991     78.518    11.7541   3.745836    32.7139  1025.2162     79.169     0.7239     -0.571  0.000e+00
    747.750 264.578874       2992     78.333    11.7579   3.745624    32.7085  1025.2105     78.982     0.6650     -0.694  0.000e+00
    748.000 264.578877       2993     78.144    11.7591   3.745252    32.7039  1025.2058     78.792     0.6308     -0.754  0.000e+00
    748.250 264.578880       2994     77.973    11.7570   3.745385    32.7071  1025.2079     78.619     0.5517     -0.726  0.000e+00
    748.500 264.578883       2995     77.824    11.7559   3.745703    32.7112  1025.2106     78.468     0.5599     -0.647  0.000e+00
    748.750 264.578886       2996     77.685    11.7578   3.746042    32.7130  1025.2110     78.329     0.6056     -0.580  0.000e+00
    749.000 264.578889       2997     77.555    11.7611   3.746208    32.7117  1025.2088     78.198     0.6238     -0.541  0.000e+00
    749.250 264.578892       2998     77.415    11.7646   3.746487    32.7114  1025.2073     78.056     0.5867     -0.546  0.000e+00
    749.500 264.578895       2999     77.264    11.7688   3.746759    32.7104  1025.2050     77.904     0.7511     -0.587  0.000e+00
    749.750 264.578898       3000     77.096    11.7735   3.747038    32.7091  1025.2024     77.735     0.6056     -0.642  0.000e+00
    750.000 264.578900       3001     76.932    11.7781   3.747137    32.7061  1025.1984     77.569     0.5657     -0.670  0.000e+00
    750.250 264.578903       3002     76.760    11.7818   3.747310    32.7045  1025.1957     77.395     0.6328     -0.679  0.000e+00
    750.500 264.578906       3003     76.620    11.7851   3.747376    32.7024  1025.1928     77.254     0.6769     -0.630  0.000e+00
    750.750 264.578909       3004     76.489    11.7880   3.747515    32.7012  1025.1908     77.122     0.6551     -0.546  0.000e+00
    751.000 264.578912       3005     76.381    11.7905   3.747794    32.7018  1025.1903     77.014     0.6098     -0.481  0.000e+00
    751.250 264.578915       3006     76.274    11.7930   3.747688    32.6986  1025.1869     76.905     0.6872     -0.434  0.000e+00
    751.500 264.578918       3007     76.165    11.7947   3.747721    32.6975  1025.1852     76.796     0.6460     -0.436  0.000e+00
