Raw_Data/Cage/SBE19/2020-09-25_SBE19_007_034_processed.cnv
* Sea-Bird SBE19plus Data File:
* FileName = C:\cruises\2020_barkerboys\leg2\data\cage\SBE19\2020-09-25_SBE19_004_034.hex
* Software Version 1.59
* Temperature SN =  4881
* Conductivity SN =  4881
* System UpLoad Time = Sep 25 2020 21:21:35
* ds
* SeacatPlus V 1.5  SERIAL NO. 4881    25 Sep 2020  21:17:28
# nquan = 12
# nvalues = 2929                                  
# units = specified
# name 0 = timeS: Time, Elapsed [seconds]
# name 1 = timeJ: Julian Days
# name 2 = scan: Scan Count
# name 3 = depSM: Depth [salt water, m], lat = 44.00
# name 4 = tv290C: Temperature [ITS-90, deg C]
# name 5 = c0S/m: Conductivity [S/m]
# name 6 = sal00: Salinity, Practical [PSU]
# name 7 = density00: Density [density, kg/m^3]
# name 8 = prdM: Pressure, Strain Gauge [db]
# name 9 = wetStar: Fluorescence, WET Labs WETstar [mg/m^3]
# name 10 = dz/dtM: Descent Rate [m/s]
# name 11 = flag:  0.000e+00
# span 0 =      0.000,    732.000                 
# span 1 = 269.760556, 269.769028                 
# span 2 =          1,       2929                 
# span 3 =     -0.012,    170.422                 
# span 4 =     9.7234,    13.7985                 
# span 5 =  -0.066228,   3.899691                 
# span 6 =     0.0000,    33.5993                 
# span 7 =   999.2737,  1026.6829                 
# span 8 =     -0.012,    171.873                 
# span 9 =     0.1347,     5.0078                 
# span 10 =     -1.286,      1.125                
# span 11 = 0.0000e+00, 0.0000e+00                
# interval = seconds: 0.25
# start_time = Sep 25 2020 18:15:12 [Instrument's time stamp, header]
# bad_flag = -9.990e-29
*END*
[from data line 361]
     90.250 269.761600        362      5.036    12.7855   3.869511    33.0284  1024.9307      5.077     1.6274      0.133  0.000e+00
     90.500 269.761603        363      5.053    12.7840   3.872996    33.0630  1024.9578      5.094     1.6183      0.088  0.000e+00
     90.750 269.761606        364      5.058    12.7823   3.875891    33.0919  1024.9806      5.099     1.8824      0.043  0.000e+00
     91.000 269.761609        365      5.049    12.7954   3.873710    33.0598  1024.9531      5.090     1.9455     -0.009  0.000e+00
     91.250 269.761612        366      5.034    12.8080   3.867809    32.9926  1024.8985      5.075     1.6847     -0.047  0.000e+00
     91.500 269.761615        367      5.026    12.8103   3.862147    32.9368  1024.8548      5.066     1.6463     -0.047  0.000e+00
     91.750 269.761617        368      5.021    12.8086   3.856945    32.8889  1024.8180      5.062     1.6134     -0.026  0.000e+00
     92.000 269.761620        369      5.026    12.8066   3.856750    32.8888  1024.8184      5.066     1.6418      0.000  0.000e+00
     92.250 269.761623        370      5.035    12.8051   3.861542    32.9356  1024.8550      5.076     1.6513      0.028  0.000e+00
     92.500 269.761626        371      5.042    12.8069   3.869672    33.0113  1024.9133      5.083     1.6501      0.032  0.000e+00
     92.750 269.761629        372      5.046    12.8091   3.876052    33.0700  1024.9583      5.087     1.6698      0.021  0.000e+00
     93.000 269.761632        373      5.043    12.8087   3.879042    33.0988  1024.9806      5.084     1.6439      0.002  0.000e+00
     93.250 269.761635        374      5.030    12.8066   3.881230    33.1215  1024.9986      5.071     1.6983     -0.032  0.000e+00
     93.500 269.761638        375      5.010    12.8122   3.880550    33.1101  1024.9886      5.050     1.6921     -0.067  0.000e+00
     93.750 269.761641        376      4.987    12.8294   3.877358    33.0647  1024.9500      5.028     1.6348     -0.086  0.000e+00
     94.000 269.761644        377      4.968    12.8404   3.874927    33.0320  1024.9224      5.008     1.6422     -0.084  0.000e+00
     94.250 269.761646        378      4.947    12.8426   3.873325    33.0148  1024.9086      4.987     1.6962     -0.082  0.000e+00
     94.500 269.761649        379      4.934    12.8407   3.872350    33.0072  1024.9030      4.974     1.6690     -0.069  0.000e+00
     94.750 269.761652        380      4.930    12.8377   3.871744    33.0041  1024.9011      4.970     1.6262     -0.034  0.000e+00
     95.000 269.761655        381      4.939    12.8347   3.871280    33.0023  1024.9003      4.979     1.6076      0.011  0.000e+00
     95.250 269.761658        382      4.958    12.8325   3.870869    33.0004  1024.8994      4.998     1.6064      0.056  0.000e+00
     95.500 269.761661        383      4.988    12.8304   3.868172    32.9765  1024.8815      5.029     1.6224      0.099  0.000e+00
     95.750 269.761664        384      5.027    12.8277   3.865569    32.9541  1024.8648      5.068     1.5961      0.140  0.000e+00
     96.000 269.761667        385      5.067    12.8232   3.864177    32.9448  1024.8587      5.108     1.6550      0.159  0.000e+00
     96.250 269.761670        386      5.107    12.8167   3.866853    32.9759  1024.8843      5.148     1.8532      0.161  0.000e+00
     96.500 269.761672        387      5.127    12.8124   3.876106    33.0676  1024.9562      5.168     1.6871      0.120  0.000e+00
     96.750 269.761675        388      5.126    12.8129   3.882564    33.1286  1025.0033      5.167     2.0270      0.039  0.000e+00
     97.000 269.761678        389      5.095    12.8146   3.887901    33.1779  1025.0410      5.136     1.7531     -0.064  0.000e+00
     97.250 269.761681        390      5.044    12.8303   3.887469    33.1600  1025.0238      5.085     1.7440     -0.165  0.000e+00
     97.500 269.761684        391      4.976    12.8541   3.879391    33.0624  1024.9433      5.016     1.8293     -0.241  0.000e+00
     97.750 269.761687        392      4.914    12.8748   3.870102    32.9561  1024.8567      4.954     1.6352     -0.262  0.000e+00
     98.000 269.761690        393      4.877    12.8903   3.860290    32.8496  1024.7709      4.916     1.6463     -0.200  0.000e+00
     98.250 269.761693        394      4.873    12.8809   3.852517    32.7840  1024.7220      4.913     1.5903     -0.082  0.000e+00
     98.500 269.761696        395      4.912    12.8544   3.847321    32.7577  1024.7070      4.952     1.6023      0.071  0.000e+00
     98.750 269.761698        396      4.980    12.8308   3.844946    32.7556  1024.7103      5.020     1.6319      0.215  0.000e+00
     99.000 269.761701        397      5.062    12.8140   3.844449    32.7655  1024.7216      5.103     1.6731      0.303  0.000e+00
     99.250 269.761704        398      5.138    12.8032   3.848490    32.8132  1024.7610      5.179     1.6892      0.318  0.000e+00
     99.500 269.761707        399      5.184    12.7976   3.867069    32.9946  1024.9028      5.226     1.6307      0.247  0.000e+00
     99.750 269.761710        400      5.190    12.7935   3.881837    33.1387  1025.0152      5.232     1.6356      0.105  0.000e+00
    100.000 269.761713        401      5.155    12.7936   3.893444    33.2490  1025.1005      5.196     1.6698     -0.060  0.000e+00
    100.250 269.761716        402      5.086    12.8347   3.896607    33.2430  1025.0875      5.128     1.8540     -0.208  0.000e+00
    100.500 269.761719        403      5.004    12.9254   3.895020    33.1482  1024.9959      5.045     1.7980     -0.303  0.000e+00
    100.750 269.761722        404      4.931    13.0084   3.881949    32.9519  1024.8272      4.971     1.7362     -0.314  0.000e+00
    101.000 269.761725        405      4.887    13.0522   3.868451    32.7864  1024.6902      4.927     1.7094     -0.236  0.000e+00
    101.250 269.761727        406      4.886    13.0641   3.859327    32.6900  1024.6133      4.926     1.6093     -0.090  0.000e+00
    101.500 269.761730        407      4.927    13.0282   3.851804    32.6499  1024.5895      4.967     1.6950      0.079  0.000e+00
    101.750 269.761733        408      4.992    12.9671   3.846286    32.6505  1024.6023      5.032     1.7502      0.213  0.000e+00
    102.000 269.761736        409      5.052    12.9099   3.844697    32.6848  1024.6404      5.093     1.6336      0.253  0.000e+00
    102.250 269.761739        410      5.094    12.8677   3.847462    32.7475  1024.6973      5.135     1.6772      0.206  0.000e+00
    102.500 269.761742        411      5.100    12.8405   3.864990    32.9375  1024.8498      5.142     1.6727      0.097  0.000e+00
    102.750 269.761745        412      5.076    12.8228   3.878253    33.0790  1024.9627      5.117     1.5998     -0.037  0.000e+00
    103.000 269.761748        413      5.020    12.8114   3.887544    33.1773  1025.0408      5.061     1.6043     -0.161  0.000e+00
    103.250 269.761751        414      4.955    12.8393   3.889883    33.1751  1025.0334      4.996     1.6521     -0.243  0.000e+00
    103.500 269.761753        415      4.898    12.9148   3.887826    33.0893  1024.9519      4.938     1.9125     -0.247  0.000e+00
    103.750 269.761756        416      4.869    12.9793   3.876211    32.9231  1024.8103      4.909     1.7390     -0.174  0.000e+00
    104.000 269.761759        417      4.873    13.0176   3.864174    32.7760  1024.6889      4.913     1.6855     -0.049  0.000e+00
    104.250 269.761762        418      4.918    13.0175   3.856022    32.6990  1024.6296      4.958     1.6245      0.099  0.000e+00
    104.500 269.761765        419      4.986    12.9837   3.849911    32.6704  1024.6144      5.027     1.6447      0.228  0.000e+00
    104.750 269.761768        420      5.061    12.9299   3.845153    32.6718  1024.6264      5.102     1.6875      0.288  0.000e+00
    105.000 269.761771        421      5.123    12.8833   3.844643    32.7072  1024.6632      5.164     1.5536      0.275  0.000e+00
    105.250 269.761774        422      5.160    12.8494   3.852182    32.8081  1024.7481      5.202     1.6146      0.200  0.000e+00
    105.500 269.761777        423      5.159    12.8296   3.868851    32.9836  1024.8879      5.201     1.7349      0.073  0.000e+00
    105.750 269.761780        424      5.128    12.8133   3.877924    33.0841  1024.9688      5.169     1.6496     -0.064  0.000e+00
    106.000 269.761782        425      5.076    12.8100   3.883197    33.1371  1025.0103      5.117     1.7139     -0.167  0.000e+00
    106.250 269.761785        426      5.023    12.8494   3.883669    33.1071  1024.9791      5.063     1.7629     -0.213  0.000e+00
    106.500 269.761788        427      4.979    12.9173   3.881849    33.0304  1024.9061      5.019     1.8107     -0.195  0.000e+00
    106.750 269.761791        428      4.951    12.9731   3.875390    32.9206  1024.8101      4.991     1.6842     -0.144  0.000e+00
    107.000 269.761794        429      4.942    13.0004   3.867988    32.8269  1024.7321      4.982     1.6393     -0.075  0.000e+00
    107.250 269.761797        430      4.947    13.0003   3.861539    32.7660  1024.6849      4.987     1.7815     -0.009  0.000e+00
    107.500 269.761800        431      4.961    12.9899   3.857285    32.7348  1024.6629      5.001     1.6772      0.039  0.000e+00
    107.750 269.761803        432      4.977    12.9711   3.856123    32.7400  1024.6708      5.017     1.6146      0.060  0.000e+00
    108.000 269.761806        433      4.989    12.9418   3.856480    32.7688  1024.6988      5.030     1.7551      0.058  0.000e+00
    108.250 269.761808        434      4.994    12.9120   3.858032    32.8093  1024.7361      5.034     1.7889      0.034  0.000e+00
    108.500 269.761811        435      4.995    12.8932   3.859652    32.8410  1024.7643      5.035     1.7802      0.011  0.000e+00
    108.750 269.761814        436      4.995    12.8851   3.859222    32.8439  1024.7681      5.035     1.6777      0.002  0.000e+00
    109.000 269.761817        437      5.001    12.8796   3.858227    32.8393  1024.7657      5.042     1.6323      0.013  0.000e+00
    109.250 269.761820        438      5.013    12.8698   3.857999    32.8456  1024.7725      5.054     1.6913      0.037  0.000e+00
    109.500 269.761823        439      5.032    12.8546   3.856803    32.8475  1024.7770      5.073     1.7390      0.062  0.000e+00
    109.750 269.761826        440      5.057    12.8374   3.855064    32.8459  1024.7792      5.098     1.7090      0.088  0.000e+00
    110.000 269.761829        441      5.080    12.8219   3.854036    32.8496  1024.7853      5.121     1.7292      0.097  0.000e+00
    110.250 269.761832        442      5.098    12.8094   3.856025    32.8793  1024.8108      5.139     1.7320      0.084  0.000e+00
    110.500 269.761834        443      5.106    12.8024   3.863249    32.9541  1024.8701      5.147     1.6834      0.052  0.000e+00
    110.750 269.761837        444      5.093    12.8024   3.869746    33.0159  1024.9180      5.134     1.6785     -0.011  0.000e+00
    111.000 269.761840        445      5.055    12.8009   3.878159    33.0972  1024.9810      5.096     1.6665     -0.101  0.000e+00
    111.250 269.761843        446      5.009    12.8151   3.881298    33.1146  1024.9915      5.049     1.8322     -0.170  0.000e+00
    111.500 269.761846        447      4.955    12.8621   3.881728    33.0776  1024.9534      4.996     1.7415     -0.202  0.000e+00
    111.750 269.761849        448      4.914    12.9137   3.879114    33.0077  1024.8890      4.954     1.9553     -0.191  0.000e+00
    112.000 269.761852        449      4.898    12.9611   3.871991    32.8989  1024.7954      4.938     1.7065     -0.116  0.000e+00
    112.250 269.761855        450      4.912    12.9899   3.863637    32.7949  1024.7092      4.952     1.6319     -0.004  0.000e+00
    112.500 269.761858        451      4.946    12.9982   3.857285    32.7276  1024.6556      4.986     1.7329      0.097  0.000e+00
    112.750 269.761861        452      4.997    12.9898   3.854209    32.7058  1024.6406      5.037     1.7967      0.172  0.000e+00
    113.000 269.761863        453      5.045    12.9477   3.851221    32.7138  1024.6554      5.086     1.7036      0.200  0.000e+00
    113.250 269.761866        454      5.079    12.9012   3.852289    32.7642  1024.7036      5.120     1.6451      0.165  0.000e+00
    113.500 269.761869        455      5.085    12.8729   3.863497    32.8951  1024.8105      5.127     1.6966      0.082  0.000e+00
    113.750 269.761872        456      5.068    12.8555   3.872390    32.9946  1024.8909      5.109     1.7918     -0.021  0.000e+00
    114.000 269.761875        457      5.030    12.8359   3.875715    33.0433  1024.9323      5.071     1.7514     -0.112  0.000e+00
    114.250 269.761878        458      4.993    12.8357   3.833692    32.6447  1024.6235      5.033     1.6599     -0.152  0.000e+00
    114.500 269.761881        459      4.962    12.8146   3.829880    32.6268  1024.6136      5.002     1.6233     -0.137  0.000e+00
    114.750 269.761884        460      4.948    12.7734   3.829740    32.6611  1024.6481      4.988     1.7370     -0.090  0.000e+00
    115.000 269.761887        461      4.947    12.7452   3.829566    32.6838  1024.6712      4.987     1.9162     -0.030  0.000e+00
    115.250 269.761889        462      4.960    12.7293   3.829144    32.6936  1024.6819      5.000     2.1580      0.024  0.000e+00
    115.500 269.761892        463      4.984    12.7193   3.828414    32.6952  1024.6852      5.025     2.4810      0.075  0.000e+00
    115.750 269.761895        464      5.009    12.7114   3.828086    32.6990  1024.6898      5.049     2.7637      0.099  0.000e+00
    116.000 269.761898        465      5.032    12.7048   3.827979    32.7037  1024.6948      5.073     3.1238      0.097  0.000e+00
    116.250 269.761901        466      5.049    12.7003   3.827697    32.7049  1024.6967      5.090     3.1625      0.082  0.000e+00
    116.500 269.761904        467      5.055    12.6967   3.827744    32.7084  1024.7002      5.096     3.1472      0.047  0.000e+00
    116.750 269.761907        468      5.057    12.6946   3.827798    32.7108  1024.7024      5.098     3.2898      0.015  0.000e+00
    117.000 269.761910        469      5.045    12.6940   3.828153    32.7147  1024.7055      5.086     3.4463     -0.021  0.000e+00
    117.250 269.761913        470      5.025    12.6948   3.828227    32.7147  1024.7052      5.065     3.7306     -0.064  0.000e+00
    117.500 269.761916        471      4.998    12.6969   3.828615    32.7166  1024.7062      5.038     3.4274     -0.095  0.000e+00
    117.750 269.761918        472      4.965    12.6995   3.828749    32.7157  1024.7048      5.005     3.3067     -0.120  0.000e+00
    118.000 269.761921        473      4.942    12.7020   3.828856    32.7145  1024.7034      4.982     3.3681     -0.114  0.000e+00
    118.250 269.761924        474      4.932    12.7040   3.828756    32.7118  1024.7008      4.972     3.3030     -0.067  0.000e+00
    118.500 269.761927        475      4.942    12.7052   3.828682    32.7100  1024.6992      4.982     3.2618     -0.000  0.000e+00
    118.750 269.761930        476      4.974    12.7053   3.828380    32.7071  1024.6971      5.014     3.3240      0.084  0.000e+00
    119.000 269.761933        477      5.022    12.7042   3.828153    32.7058  1024.6965      5.063     3.3677      0.163  0.000e+00
    119.250 269.761936        478      5.075    12.7023   3.827731    32.7035  1024.6953      5.116     3.4744      0.204  0.000e+00
    119.500 269.761939        479      5.118    12.6990   3.827624    32.7053  1024.6976      5.160     3.7846      0.193  0.000e+00
    119.750 269.761942        480      5.133    12.6956   3.827731    32.7092  1024.7014      5.175     3.6775      0.118  0.000e+00
    120.000 269.761944        481      5.123    12.6947   3.827811    32.7108  1024.7027      5.164     3.4847      0.009  0.000e+00
