Raw_Data/Cage/SBE19/2020-09-19_SBE19_003_010_processed.cnv
* Sea-Bird SBE19plus Data File:
* FileName = C:\cruises\2020_barkerboys\leg2\data\cage\SBE19\2020-09-25_SBE19_004_010.hex
* Software Version 1.59
* Temperature SN =  4881
* Conductivity SN =  4881
* System UpLoad Time = Sep 25 2020 12:22:46
* ds
* SeacatPlus V 1.5  SERIAL NO. 4881    25 Sep 2020  12:15:39
# nquan = 12
# nvalues = 1285                                  
# units = specified
# name 0 = timeS: Time, Elapsed [seconds]
# name 1 = timeJ: Julian Days
# name 2 = scan: Scan Count
# name 3 = depSM: Depth [salt water, m], lat = 44.00
# name 4 = tv290C: Temperature [ITS-90, deg C]
# name 5 = c0S/m: Conductivity [S/m]
# name 6 = sal00: Salinity, Practical [PSU]
# name 7 = density00: Density [density, kg/m^3]
# name 8 = prdM: Pressure, Strain Gauge [db]
# name 9 = wetStar: Fluorescence, WET Labs WETstar [mg/m^3]
# name 10 = dz/dtM: Descent Rate [m/s]
# name 11 = flag:  0.000e+00
# span 0 =      0.000,    321.000                 
# span 1 = 263.843958, 263.847674                 
# span 2 =          1,       1285                 
# span 3 =      0.040,      5.446                 
# span 4 =    12.8848,    13.4204                 
# span 5 =   0.057105,   3.859350                 
# span 6 =     0.3654,    32.5780                 
# span 7 =   999.6750,  1024.4960                 
# span 8 =      0.041,      5.490                 
# span 9 =     0.1450,    12.7875                 
# span 10 =     -0.421,      0.810                
# span 11 = 0.0000e+00, 0.0000e+00                
# interval = seconds: 0.25
# start_time = Sep 19 2020 20:15:18 [Instrument's time stamp, header]
# bad_flag = -9.990e-29
*END*
[from data line 241]
     60.250 263.844656        242      0.041    13.1002   0.062547     0.3994   999.6776      0.042     0.1623     -0.004  0.000e+00
     60.500 263.844659        243      0.043    13.0999   0.062578     0.3996   999.6778      0.044     0.1586      0.002  0.000e+00
     60.750 263.844661        244      0.042    13.0997   0.062578     0.3996   999.6779      0.043     0.1636      0.002  0.000e+00
     61.000 263.844664        245      0.046    13.0993   0.062572     0.3996   999.6779      0.046     0.1656      0.004  0.000e+00
     61.250 263.844667        246      0.042    13.0991   0.062559     0.3995   999.6778      0.043     0.1615 -9.474e-15  0.000e+00
     61.500 263.844670        247      0.042    13.0987   0.062512     0.3992   999.6776      0.043     0.1607     -0.006  0.000e+00
     61.750 263.844673        248      0.041    13.0984   0.062458     0.3988   999.6774      0.042     0.1603     -0.002  0.000e+00
     62.000 263.844676        249      0.044    13.0981   0.062439     0.3987   999.6774      0.044     0.1603      0.002  0.000e+00
     62.250 263.844679        250      0.045    13.0979   0.062439     0.3987   999.6774      0.045     0.1590      0.006  0.000e+00
     62.500 263.844682        251      0.044    13.0977   0.062455     0.3988   999.6775      0.044     0.1628     -0.000  0.000e+00
     62.750 263.844685        252      0.042    13.0973   0.062468     0.3989   999.6776      0.043     0.1652     -0.004  0.000e+00
     63.000 263.844688        253      0.045    13.0970   0.062506     0.3992   999.6779      0.045     0.1590      0.002  0.000e+00
     63.250 263.844690        254      0.043    13.0967   0.062531     0.3993   999.6780      0.044     0.1603      0.002  0.000e+00
     63.500 263.844693        255      0.046    13.0966   0.062547     0.3995   999.6781      0.046     0.1611      0.002  0.000e+00
     63.750 263.844696        256      0.042    13.0962   0.062521     0.3993   999.6780      0.043     0.1570     -0.002  0.000e+00
     64.000 263.844699        257      0.044    13.0958   0.062490     0.3991   999.6779      0.044     0.1640     -0.004  0.000e+00
     64.250 263.844702        258      0.042    13.0956   0.062439     0.3988   999.6777      0.043     0.1615     -0.000  0.000e+00
     64.500 263.844705        259      0.043    13.0953   0.062401     0.3985   999.6776      0.044     0.1574     -0.000  0.000e+00
     64.750 263.844708        260      0.046    13.0950   0.062389     0.3984   999.6775      0.046     0.1595      0.006  0.000e+00
     65.000 263.844711        261      0.045    13.0947   0.062401     0.3985   999.6777      0.045     0.1607      0.002  0.000e+00
     65.250 263.844714        262      0.045    13.0944   0.062405     0.3985   999.6777      0.045     0.1562     -0.002  0.000e+00
     65.500 263.844716        263      0.046    13.0943   0.062411     0.3986   999.6778      0.046     0.1607      0.002  0.000e+00
     65.750 263.844719        264      0.042    13.0938   0.062389     0.3984   999.6777      0.043     0.1611     -0.004  0.000e+00
     66.000 263.844722        265      0.047    13.0935   0.062364     0.3983   999.6776      0.047     0.1611      0.002  0.000e+00
     66.250 263.844725        266      0.040    13.0931   0.062348     0.3982   999.6776      0.041     0.1562     -0.004  0.000e+00
     66.500 263.844728        267      0.045    13.0928   0.062335     0.3981   999.6776      0.045     0.1574     -0.004  0.000e+00
     66.750 263.844731        268      0.045    13.0926   0.062354     0.3982   999.6777      0.045     0.1607      0.009  0.000e+00
     67.000 263.844734        269      0.045    13.0924   0.062354     0.3982   999.6777      0.045     0.1603      0.000  0.000e+00
     67.250 263.844737        270      0.045    13.0921   0.062338     0.3981   999.6777      0.045     0.1640      0.000  0.000e+00
     67.500 263.844740        271      0.045    13.0917   0.062307     0.3979   999.6776      0.045     0.1628 -9.474e-15  0.000e+00
     67.750 263.844742        272      0.044    13.0913   0.062281     0.3978   999.6775      0.044     0.1632     -0.002  0.000e+00
     68.000 263.844745        273      0.042    13.0911   0.062272     0.3977   999.6775      0.043     0.1611     -0.004  0.000e+00
     68.250 263.844748        274      0.042    13.0908   0.062272     0.3977   999.6775      0.043     0.1607     -0.002  0.000e+00
     68.500 263.844751        275      0.045    13.0906   0.062247     0.3975   999.6774      0.045     0.1632      0.004  0.000e+00
     68.750 263.844754        276      0.044    13.0901   0.062215     0.3973   999.6773      0.044     0.1611      0.002  0.000e+00
     69.000 263.844757        277      0.044    13.0898   0.062190     0.3972   999.6772      0.044     0.1611     -0.002  0.000e+00
     69.250 263.844760        278      0.046    13.0896   0.062168     0.3970   999.6771      0.046     0.1632      0.004  0.000e+00
     69.500 263.844763        279      0.044    13.0894   0.062165     0.3970   999.6771      0.044     0.1574      0.000  0.000e+00
     69.750 263.844766        280      0.044    13.0890   0.062187     0.3971   999.6773      0.044     0.1603     -0.004  0.000e+00
     70.000 263.844769        281      0.045    13.0886   0.062196     0.3972   999.6774      0.045     0.1611      0.002  0.000e+00
     70.250 263.844771        282      0.042    13.0884   0.062206     0.3973   999.6775      0.043     0.1607     -0.002  0.000e+00
     70.500 263.844774        283      0.045    13.0881   0.062190     0.3972   999.6775      0.045     0.1648 9.4739e-15  0.000e+00
     70.750 263.844777        284      0.044    13.0877   0.062130     0.3968   999.6772      0.044     0.1607      0.002  0.000e+00
     71.000 263.844780        285      0.044    13.0876   0.062089     0.3965   999.6770      0.044     0.1586     -0.002  0.000e+00
     71.250 263.844783        286      0.043    13.0873   0.062083     0.3965   999.6770      0.044     0.1636     -0.000  0.000e+00
     71.500 263.844786        287      0.042    13.0869   0.062073     0.3964   999.6770      0.043     0.1628     -0.002  0.000e+00
     71.750 263.844789        288      0.044    13.0866   0.062083     0.3965   999.6771      0.044     0.1619      0.000  0.000e+00
     72.000 263.844792        289      0.044    13.0862   0.062073     0.3964   999.6771      0.044     0.1615      0.002  0.000e+00
     72.250 263.844795        290      0.044    13.0859   0.062057     0.3963   999.6771      0.044     0.1590     -0.000  0.000e+00
     72.500 263.844797        291      0.044    13.0857   0.062029     0.3961   999.6770      0.044     0.1599      0.000  0.000e+00
     72.750 263.844800        292      0.044    13.0853   0.062007     0.3960   999.6769      0.044     0.1611      0.000  0.000e+00
     73.000 263.844803        293      0.045    13.0851   0.061991     0.3959   999.6768      0.045     0.1648      0.002  0.000e+00
     73.250 263.844806        294      0.044    13.0847   0.061997     0.3959   999.6769      0.044     0.1615 -9.474e-15  0.000e+00
     73.500 263.844809        295      0.042    13.0845   0.062010     0.3960   999.6770      0.043     0.1611     -0.004  0.000e+00
     73.750 263.844812        296      0.045    13.0843   0.062032     0.3962   999.6772      0.045     0.1607      0.002  0.000e+00
     74.000 263.844815        297      0.044    13.0839   0.062029     0.3962   999.6772      0.044     0.1628      0.002  0.000e+00
     74.250 263.844818        298      0.044    13.0836   0.061997     0.3959   999.6771      0.044     0.1623     -0.002  0.000e+00
     74.500 263.844821        299      0.044    13.0833   0.061972     0.3958   999.6770      0.044     0.1628     -0.000  0.000e+00
     74.750 263.844823        300      0.044    13.0830   0.061925     0.3955   999.6768      0.044     0.1611      0.000  0.000e+00
     75.000 263.844826        301      0.044    13.0827   0.061887     0.3952   999.6766      0.044     0.1570      0.000  0.000e+00
     75.250 263.844829        302      0.045    13.0824   0.061884     0.3952   999.6767      0.045     0.1586      0.002  0.000e+00
     75.500 263.844832        303      0.044    13.0822   0.061859     0.3950   999.6766      0.044     0.1611      0.000  0.000e+00
     75.750 263.844835        304      0.044    13.0819   0.061840     0.3949   999.6765      0.044     0.1628     -0.002  0.000e+00
     76.000 263.844838        305      0.045    13.0814   0.061833     0.3949   999.6765      0.045     0.1623      0.002  0.000e+00
     76.250 263.844841        306      0.046    13.0812   0.061840     0.3949   999.6766      0.046     0.1615      0.004  0.000e+00
     76.500 263.844844        307      0.044    13.0808   0.061859     0.3951   999.6767      0.044     0.1661     -0.002  0.000e+00
     76.750 263.844847        308      0.044    13.0806   0.061859     0.3951   999.6768      0.044     0.1607     -0.004  0.000e+00
     77.000 263.844850        309      0.042    13.0804   0.061840     0.3949   999.6767      0.043     0.1603     -0.002  0.000e+00
     77.250 263.844852        310      0.044    13.0800   0.061814     0.3948   999.6766      0.044     0.1603     -0.000  0.000e+00
     77.500 263.844855        311      0.044    13.0797   0.061758     0.3944   999.6764      0.044     0.1595      0.002  0.000e+00
     77.750 263.844858        312      0.042    13.0793   0.061739     0.3943   999.6763      0.043     0.1582     -0.002  0.000e+00
     78.000 263.844861        313      0.044    13.0791   0.061717     0.3941   999.6762      0.044     0.1628      0.000  0.000e+00
     78.250 263.844864        314      0.045    13.0789   0.061720     0.3942   999.6763      0.045     0.1636      0.004  0.000e+00
     78.500 263.844867        315      0.044    13.0785   0.061717     0.3941   999.6763      0.044     0.1599     -0.000  0.000e+00
     78.750 263.844870        316      0.041    13.0783   0.061710     0.3941   999.6763      0.042     0.1623     -0.006  0.000e+00
     79.000 263.844873        317      0.044    13.0778   0.061707     0.3941   999.6764      0.044     0.1595     -0.000  0.000e+00
     79.250 263.844876        318      0.044    13.0775   0.061710     0.3941   999.6764      0.044     0.1628      0.004  0.000e+00
     79.500 263.844878        319      0.044    13.0771   0.061676     0.3939   999.6763      0.044     0.1648      0.000  0.000e+00
     79.750 263.844881        320      0.044    13.0769   0.061634     0.3936   999.6761      0.044     0.1628 9.4739e-15  0.000e+00
     80.000 263.844884        321      0.042    13.0765   0.061619     0.3935   999.6761      0.043     0.1619     -0.002  0.000e+00
     80.250 263.844887        322      0.044    13.0764   0.061609     0.3935   999.6761      0.044     0.1615      0.000  0.000e+00
     80.500 263.844890        323      0.045    13.0760   0.061600     0.3934   999.6761      0.045     0.1595      0.004  0.000e+00
     80.750 263.844893        324      0.044    13.0757   0.061593     0.3934   999.6761      0.044     0.1595      0.000  0.000e+00
     81.000 263.844896        325      0.042    13.0754   0.061571     0.3932   999.6760      0.043     0.1599     -0.004  0.000e+00
     81.250 263.844899        326      0.042    13.0751   0.061559     0.3931   999.6760      0.043     0.1603     -0.002  0.000e+00
     81.500 263.844902        327      0.045    13.0748   0.061562     0.3932   999.6760      0.045     0.1623      0.004  0.000e+00
     81.750 263.844905        328      0.044    13.0745   0.061568     0.3932   999.6761      0.044     0.1566      0.002  0.000e+00
     82.000 263.844907        329      0.044    13.0742   0.061581     0.3933   999.6762      0.044     0.1595     -0.002  0.000e+00
     82.250 263.844910        330      0.044    13.0738   0.061568     0.3932   999.6762      0.044     0.1640      0.000  0.000e+00
     82.500 263.844913        331      0.045    13.0736   0.061534     0.3930   999.6761      0.045     0.1607      0.002  0.000e+00
     82.750 263.844916        332      0.044    13.0730   0.061502     0.3928   999.6760      0.044     0.1636      0.000  0.000e+00
     83.000 263.844919        333      0.044    13.0728   0.061439     0.3924   999.6757      0.044     0.1607     -0.002  0.000e+00
     83.250 263.844922        334      0.044    13.0725   0.061410     0.3922   999.6756      0.044     0.1615     -0.000  0.000e+00
     83.500 263.844925        335      0.042    13.0721   0.061404     0.3921   999.6756      0.043     0.1603     -0.002  0.000e+00
     83.750 263.844928        336      0.044    13.0719   0.061417     0.3922   999.6757      0.044     0.1607      0.000  0.000e+00
     84.000 263.844931        337      0.042    13.0716   0.061429     0.3923   999.6758      0.043     0.1632      0.000  0.000e+00
     84.250 263.844933        338      0.044    13.0713   0.061436     0.3924   999.6759      0.044     0.1615     -0.000  0.000e+00
     84.500 263.844936        339      0.044    13.0710   0.061410     0.3922   999.6758      0.044     0.1648      0.002  0.000e+00
     84.750 263.844939        340      0.044    13.0707   0.061401     0.3921   999.6758      0.044     0.1599      0.000  0.000e+00
     85.000 263.844942        341      0.044    13.0703   0.061376     0.3920   999.6757      0.044     0.1562     -0.000  0.000e+00
     85.250 263.844945        342      0.041    13.0699   0.061385     0.3920   999.6758      0.042     0.1619     -0.004  0.000e+00
     85.500 263.844948        343      0.044    13.0696   0.061360     0.3919   999.6757      0.044     0.1590      0.000  0.000e+00
     85.750 263.844951        344      0.043    13.0693   0.061338     0.3917   999.6756      0.043     0.1570      0.002  0.000e+00
     86.000 263.844954        345      0.044    13.0691   0.061319     0.3916   999.6756      0.044     0.1611     -0.000  0.000e+00
     86.250 263.844957        346      0.043    13.0688   0.061300     0.3915   999.6755      0.043     0.1619     -0.000  0.000e+00
     86.500 263.844959        347      0.043    13.0684   0.061284     0.3914   999.6755      0.043     0.1590     -0.002  0.000e+00
     86.750 263.844962        348      0.041    13.0681   0.061291     0.3914   999.6755      0.042     0.1558     -0.002  0.000e+00
     87.000 263.844965        349      0.044    13.0678   0.061268     0.3913   999.6755      0.044     0.1574      0.002  0.000e+00
     87.250 263.844968        350      0.044    13.0674   0.061243     0.3911   999.6754      0.044     0.1590      0.004  0.000e+00
     87.500 263.844971        351      0.042    13.0673   0.061218     0.3910   999.6753      0.043     0.1578     -0.002  0.000e+00
     87.750 263.844974        352      0.041    13.0668   0.061205     0.3909   999.6753      0.042     0.1615     -0.004  0.000e+00
     88.000 263.844977        353      0.044    13.0666   0.061227     0.3910   999.6754      0.044     0.1628      0.002  0.000e+00
     88.250 263.844980        354      0.044    13.0662   0.061224     0.3910   999.6755      0.044     0.1599      0.004  0.000e+00
     88.500 263.844983        355      0.044    13.0659   0.061227     0.3910   999.6755      0.044     0.1566      0.000  0.000e+00
     88.750 263.844986        356      0.045    13.0656   0.061199     0.3908   999.6754      0.045     0.1590      0.002  0.000e+00
     89.000 263.844988        357      0.044    13.0653   0.061171     0.3907   999.6753      0.044     0.1578     -0.000  0.000e+00
     89.250 263.844991        358      0.042    13.0651   0.061152     0.3905   999.6752      0.043     0.1595     -0.004  0.000e+00
     89.500 263.844994        359      0.044    13.0647   0.061136     0.3904   999.6752      0.044     0.1578      0.000  0.000e+00
     89.750 263.844997        360      0.041    13.0643   0.061136     0.3904   999.6753      0.042     0.1570     -0.002  0.000e+00
