Raw_Data/Cage/SBE19/2020-09-24_SBE19_006_027_processed.cnv
* Sea-Bird SBE19plus Data File:
* FileName = C:\cruises\2020_barkerboys\leg2\data\cage\SBE19\2020-09-25_SBE19_004_027.hex
* Software Version 1.59
* Temperature SN =  4881
* Conductivity SN =  4881
* System UpLoad Time = Sep 25 2020 12:47:08
* ds
* SeacatPlus V 1.5  SERIAL NO. 4881    25 Sep 2020  12:15:39
# nquan = 12
# nvalues = 2627                                  
# units = specified
# name 0 = timeS: Time, Elapsed [seconds]
# name 1 = timeJ: Julian Days
# name 2 = scan: Scan Count
# name 3 = depSM: Depth [salt water, m], lat = 44.00
# name 4 = tv290C: Temperature [ITS-90, deg C]
# name 5 = c0S/m: Conductivity [S/m]
# name 6 = sal00: Salinity, Practical [PSU]
# name 7 = density00: Density [density, kg/m^3]
# name 8 = prdM: Pressure, Strain Gauge [db]
# name 9 = wetStar: Fluorescence, WET Labs WETstar [mg/m^3]
# name 10 = dz/dtM: Descent Rate [m/s]
# name 11 = flag:  0.000e+00
# span 0 =      0.000,    656.500                 
# span 1 = 268.751100, 268.758698                 
# span 2 =          1,       2627                 
# span 3 =     -0.105,    163.757                 
# span 4 =     9.9149,    15.2551                 
# span 5 =   0.051843,   3.882479                 
# span 6 =     0.3119,    33.5155                 
# span 7 =   999.3039,  1026.5548                 
# span 8 =     -0.106,    165.148                 
# span 9 =     0.1224,     3.4983                 
# span 10 =     -1.325,      1.123                
# span 11 = 0.0000e+00, 0.0000e+00                
# interval = seconds: 0.25
# start_time = Sep 24 2020 18:01:35 [Instrument's time stamp, header]
# bad_flag = -9.990e-29
*END*
[from data line 1324]
    331.000 268.754931       1325    127.184     9.9582   3.664093    33.5019  1026.3703    128.253     0.1376      0.716  0.000e+00
    331.250 268.754933       1326    127.356     9.9581   3.664093    33.5020  1026.3711    128.427     0.1401      0.707  0.000e+00
    331.500 268.754936       1327    127.521     9.9579   3.664093    33.5021  1026.3719    128.593     0.1372      0.681  0.000e+00
    331.750 268.754939       1328    127.680     9.9577   3.664060    33.5019  1026.3726    128.753     0.1339      0.653  0.000e+00
    332.000 268.754942       1329    127.819     9.9575   3.664126    33.5027  1026.3738    128.893     0.1380      0.600  0.000e+00
    332.250 268.754945       1330    127.955     9.9575   3.664067    33.5020  1026.3739    129.030     0.1780      0.554  0.000e+00
    332.500 268.754948       1331    128.072     9.9575   3.664159    33.5029  1026.3752    129.149     0.1545      0.511  0.000e+00
    332.750 268.754951       1332    128.209     9.9576   3.664159    33.5027  1026.3756    129.287     0.1327      0.514  0.000e+00
    333.000 268.754954       1333    128.352     9.9579   3.664192    33.5028  1026.3763    129.431     0.1331      0.565  0.000e+00
    333.250 268.754957       1334    128.514     9.9579   3.664192    33.5026  1026.3769    129.595     0.1459      0.615  0.000e+00
    333.500 268.754959       1335    128.681     9.9581   3.664192    33.5024  1026.3775    129.763     0.1504      0.664  0.000e+00
    333.750 268.754962       1336    128.852     9.9582   3.664139    33.5017  1026.3777    129.935     0.1384      0.681  0.000e+00
    334.000 268.754965       1337    129.031     9.9579   3.664126    33.5018  1026.3786    130.116     0.1380      0.705  0.000e+00
    334.250 268.754968       1338    129.215     9.9574   3.664093    33.5018  1026.3796    130.302     0.1446      0.733  0.000e+00
    334.500 268.754971       1339    129.403     9.9568   3.663988    33.5012  1026.3800    130.491     0.1541      0.750  0.000e+00
    334.750 268.754974       1340    129.599     9.9559   3.663955    33.5016  1026.3814    130.689     0.1380      0.776  0.000e+00
    335.000 268.754977       1341    129.797     9.9545   3.663922    33.5025  1026.3832    130.888     0.1463      0.795  0.000e+00
    335.250 268.754980       1342    129.997     9.9540   3.664001    33.5037  1026.3852    131.090     0.1978      0.802  0.000e+00
    335.500 268.754983       1343    130.195     9.9537   3.663923    33.5031  1026.3857    131.290     0.1384      0.804  0.000e+00
    335.750 268.754986       1344    130.396     9.9532   3.663857    33.5027  1026.3864    131.493     0.1590      0.806  0.000e+00
    336.000 268.754988       1345    130.580     9.9523   3.663824    33.5032  1026.3878    131.678     0.1475      0.776  0.000e+00
    336.250 268.754991       1346    130.742     9.9515   3.663791    33.5035  1026.3888    131.841     0.1380      0.696  0.000e+00
    336.500 268.754994       1347    130.881     9.9507   3.663758    33.5039  1026.3899    131.982     0.1570      0.608  0.000e+00
    336.750 268.754997       1348    130.993     9.9502   3.663857    33.5053  1026.3916    132.095     0.1393      0.507  0.000e+00
    337.000 268.755000       1349    131.094     9.9501   3.663824    33.5050  1026.3919    132.197     0.1327      0.430  0.000e+00
    337.250 268.755003       1350    131.206     9.9503   3.663857    33.5051  1026.3924    132.310     0.1290      0.430  0.000e+00
    337.500 268.755006       1351    131.338     9.9506   3.663923    33.5054  1026.3932    132.443     0.1368      0.492  0.000e+00
    337.750 268.755009       1352    131.517     9.9509   3.663890    33.5048  1026.3935    132.624     0.1343      0.628  0.000e+00
    338.000 268.755012       1353    131.741     9.9512   3.663791    33.5034  1026.3934    132.849     0.1409      0.812  0.000e+00
    338.250 268.755014       1354    131.969     9.9504   3.663469    33.5007  1026.3925    133.079     0.1389      0.911  0.000e+00
    338.500 268.755017       1355    132.192     9.9479   3.663357    33.5018  1026.3947    133.305     0.1393      0.911  0.000e+00
    338.750 268.755020       1356    132.388     9.9456   3.663423    33.5045  1026.3981    133.503     0.1607      0.847  0.000e+00
    339.000 268.755023       1357    132.550     9.9442   3.663390    33.5054  1026.3998    133.666     0.1397      0.722  0.000e+00
    339.250 268.755026       1358    132.673     9.9434   3.663325    33.5054  1026.4005    133.790     0.1380      0.574  0.000e+00
    339.500 268.755029       1359    132.769     9.9429   3.663358    33.5062  1026.4017    133.886     0.1405      0.441  0.000e+00
    339.750 268.755032       1360    132.860     9.9423   3.663437    33.5075  1026.4032    133.979     0.1467      0.378  0.000e+00
    340.000 268.755035       1361    132.968     9.9424   3.663423    33.5072  1026.4035    134.087     0.1487      0.402  0.000e+00
    340.250 268.755038       1362    133.102     9.9426   3.663489    33.5077  1026.4044    134.223     0.1364      0.488  0.000e+00
    340.500 268.755041       1363    133.263     9.9427   3.663456    33.5072  1026.4047    134.385     0.1319      0.595  0.000e+00
    340.750 268.755043       1364    133.449     9.9429   3.663489    33.5072  1026.4055    134.573     0.1298      0.701  0.000e+00
    341.000 268.755046       1365    133.650     9.9429   3.663325    33.5054  1026.4051    134.775     0.1319      0.780  0.000e+00
    341.250 268.755049       1366    133.835     9.9422   3.663358    33.5064  1026.4068    134.962     0.1314      0.778  0.000e+00
    341.500 268.755052       1367    134.014     9.9412   3.663259    33.5061  1026.4076    135.142     0.1904      0.735  0.000e+00
    341.750 268.755055       1368    134.181     9.9408   3.663220    33.5061  1026.4084    135.311     0.1380      0.698  0.000e+00
    342.000 268.755058       1369    134.338     9.9402   3.663220    33.5066  1026.4096    135.469     0.1669      0.653  0.000e+00
    342.250 268.755061       1370    134.484     9.9397   3.663292    33.5077  1026.4112    135.616     0.1434      0.610  0.000e+00
    342.500 268.755064       1371    134.618     9.9398   3.663358    33.5082  1026.4122    135.752     0.1829      0.565  0.000e+00
    342.750 268.755067       1372    134.765     9.9398   3.663358    33.5082  1026.4128    135.900     0.1393      0.567  0.000e+00
    343.000 268.755069       1373    134.929     9.9401   3.663332    33.5075  1026.4130    136.065     0.1253      0.627  0.000e+00
    343.250 268.755072       1374    135.113     9.9400   3.663293    33.5071  1026.4136    136.251     0.1463      0.703  0.000e+00
    343.500 268.755075       1375    135.310     9.9397   3.663260    33.5070  1026.4144    136.450     0.1702      0.770  0.000e+00
    343.750 268.755078       1376    135.520     9.9390   3.663155    33.5065  1026.4151    136.662     0.1615      0.821  0.000e+00
    344.000 268.755081       1377    135.743     9.9381   3.663155    33.5073  1026.4169    136.886     0.1368      0.872  0.000e+00
    344.250 268.755084       1378    135.962     9.9373   3.663188    33.5082  1026.4187    137.108     0.1294      0.892  0.000e+00
    344.500 268.755087       1379    136.178     9.9370   3.663188    33.5084  1026.4200    137.326     0.1364      0.879  0.000e+00
    344.750 268.755090       1380    136.379     9.9366   3.663122    33.5080  1026.4207    137.528     0.1438      0.840  0.000e+00
    345.000 268.755093       1381    136.562     9.9364   3.663221    33.5091  1026.4223    137.713     0.1372      0.774  0.000e+00
    345.250 268.755095       1382    136.721     9.9361   3.663122    33.5083  1026.4225    137.873     0.1310      0.690  0.000e+00
    345.500 268.755098       1383    136.854     9.9358   3.663221    33.5096  1026.4241    138.007     0.1405      0.589  0.000e+00
    345.750 268.755101       1384    136.956     9.9359   3.663188    33.5090  1026.4242    138.110     0.1352      0.475  0.000e+00
    346.000 268.755104       1385    137.048     9.9361   3.663188    33.5089  1026.4244    138.203     0.1339      0.391  0.000e+00
    346.250 268.755107       1386    137.131     9.9361   3.663326    33.5102  1026.4258    138.287     0.1393      0.352  0.000e+00
    346.500 268.755110       1387    137.205     9.9363   3.663260    33.5093  1026.4255    138.362     0.1434      0.318  0.000e+00
    346.750 268.755113       1388    137.289     9.9366   3.663260    33.5090  1026.4256    138.447     0.1327      0.320  0.000e+00
    347.000 268.755116       1389    137.386     9.9368   3.663221    33.5084  1026.4255    138.544     0.1422      0.365  0.000e+00
    347.250 268.755119       1390    137.506     9.9369   3.663326    33.5093  1026.4268    138.665     0.1586      0.436  0.000e+00
    347.500 268.755122       1391    137.650     9.9372   3.663333    33.5091  1026.4272    138.810     0.1343      0.531  0.000e+00
    347.750 268.755124       1392    137.810     9.9372   3.663294    33.5086  1026.4275    138.972     0.1380      0.615  0.000e+00
    348.000 268.755127       1393    137.994     9.9369   3.663123    33.5070  1026.4271    139.157     0.1520      0.694  0.000e+00
    348.250 268.755130       1394    138.175     9.9361   3.663155    33.5080  1026.4289    139.340     0.1492      0.735  0.000e+00
    348.500 268.755133       1395    138.366     9.9356   3.663188    33.5087  1026.4304    139.533     0.1384      0.752  0.000e+00
    348.750 268.755136       1396    138.568     9.9353   3.663189    33.5089  1026.4315    139.736     0.1356      0.793  0.000e+00
    349.000 268.755139       1397    138.779     9.9352   3.663156    33.5086  1026.4323    139.949     0.1372      0.832  0.000e+00
    349.250 268.755142       1398    139.002     9.9350   3.663189    33.5089  1026.4336    140.175     0.1306      0.877  0.000e+00
    349.500 268.755145       1399    139.231     9.9349   3.663156    33.5086  1026.4344    140.406     0.1356      0.913  0.000e+00
    349.750 268.755148       1400    139.466     9.9347   3.663189    33.5090  1026.4358    140.642     0.1352      0.935  0.000e+00
    350.000 268.755150       1401    139.692     9.9346   3.663261    33.5098  1026.4374    140.870     0.1541      0.929  0.000e+00
    350.250 268.755153       1402    139.906     9.9349   3.663261    33.5094  1026.4381    141.086     0.1356      0.888  0.000e+00
    350.500 268.755156       1403    140.095     9.9347   3.663189    33.5088  1026.4385    141.277     0.1422      0.815  0.000e+00
    350.750 268.755159       1404    140.257     9.9347   3.663156    33.5084  1026.4389    141.441     0.1459      0.709  0.000e+00
    351.000 268.755162       1405    140.396     9.9341   3.663189    33.5092  1026.4403    141.580     0.1496      0.606  0.000e+00
    351.250 268.755165       1406    140.502     9.9341   3.663156    33.5088  1026.4405    141.688     0.1504      0.494  0.000e+00
    351.500 268.755168       1407    140.593     9.9338   3.663262    33.5101  1026.4419    141.779     0.1702      0.398  0.000e+00
    351.750 268.755171       1408    140.678     9.9338   3.663262    33.5101  1026.4423    141.865     0.1895      0.354  0.000e+00
    352.000 268.755174       1409    140.761     9.9340   3.663295    33.5102  1026.4428    141.949     0.1389      0.339  0.000e+00
    352.250 268.755177       1410    140.856     9.9343   3.663328    33.5103  1026.4432    142.044     0.1335      0.359  0.000e+00
    352.500 268.755179       1411    140.967     9.9344   3.663295    33.5097  1026.4432    142.156     0.1314      0.415  0.000e+00
    352.750 268.755182       1412    141.103     9.9346   3.663328    33.5099  1026.4440    142.294     0.1442      0.499  0.000e+00
    353.000 268.755185       1413    141.264     9.9347   3.663222    33.5086  1026.4437    142.456     0.1751      0.600  0.000e+00
    353.250 268.755188       1414    141.446     9.9344   3.663124    33.5078  1026.4440    142.640     0.1310      0.692  0.000e+00
    353.500 268.755191       1415    141.646     9.9338   3.663084    33.5078  1026.4450    142.842     0.1405      0.772  0.000e+00
    353.750 268.755194       1416    141.855     9.9329   3.663058    33.5083  1026.4465    143.052     0.1590      0.825  0.000e+00
    354.000 268.755197       1417    142.073     9.9322   3.663157    33.5099  1026.4488    143.272     0.1504      0.860  0.000e+00
    354.250 268.755200       1418    142.280     9.9319   3.663025    33.5088  1026.4490    143.481     0.1426      0.858  0.000e+00
    354.500 268.755203       1419    142.484     9.9311   3.663025    33.5094  1026.4505    143.686     0.1298      0.829  0.000e+00
    354.750 268.755205       1420    142.673     9.9307   3.663124    33.5107  1026.4525    143.878     0.1273      0.793  0.000e+00
    355.000 268.755208       1421    142.849     9.9305   3.663085    33.5104  1026.4531    144.055     0.1327      0.737  0.000e+00
    355.250 268.755211       1422    143.008     9.9305   3.663091    33.5104  1026.4538    144.215     0.1273      0.675  0.000e+00
    355.500 268.755214       1423    143.141     9.9305   3.663157    33.5110  1026.4548    144.350     0.1417      0.589  0.000e+00
    355.750 268.755217       1424    143.246     9.9308   3.663124    33.5104  1026.4548    144.456     0.1648      0.482  0.000e+00
    356.000 268.755220       1425    143.336     9.9307   3.663059    33.5098  1026.4547    144.546     0.1467      0.393  0.000e+00
    356.250 268.755223       1426    143.416     9.9305   3.663059    33.5098  1026.4552    144.627     0.1364      0.342  0.000e+00
    356.500 268.755226       1427    143.489     9.9305   3.663125    33.5105  1026.4560    144.701     0.1508      0.309  0.000e+00
    356.750 268.755229       1428    143.573     9.9306   3.663157    33.5107  1026.4566    144.786     0.1364      0.318  0.000e+00
    357.000 268.755231       1429    143.671     9.9307   3.663157    33.5106  1026.4569    144.885     0.1648      0.367  0.000e+00
    357.250 268.755234       1430    143.793     9.9307   3.663223    33.5112  1026.4580    145.007     0.1570      0.443  0.000e+00
    357.500 268.755237       1431    143.934     9.9310   3.663158    33.5102  1026.4578    145.150     0.1417      0.531  0.000e+00
    357.750 268.755240       1432    144.099     9.9308   3.663059    33.5092  1026.4578    145.316     0.1335      0.617  0.000e+00
    358.000 268.755243       1433    144.274     9.9304   3.663085    33.5098  1026.4591    145.493     0.1570      0.686  0.000e+00
    358.250 268.755246       1434    144.457     9.9298   3.662960    33.5090  1026.4594    145.678     0.1446      0.724  0.000e+00
    358.500 268.755249       1435    144.648     9.9293   3.663059    33.5104  1026.4615    145.870     0.1319      0.754  0.000e+00
    358.750 268.755252       1436    144.843     9.9289   3.663026    33.5104  1026.4624    146.067     0.1780      0.778  0.000e+00
    359.000 268.755255       1437    145.038     9.9285   3.663026    33.5106  1026.4635    146.263     0.2443      0.787  0.000e+00
    359.250 268.755258       1438    145.233     9.9282   3.662961    33.5101  1026.4641    146.460     0.1496      0.787  0.000e+00
    359.500 268.755260       1439    145.426     9.9280   3.662994    33.5106  1026.4654    146.655     0.1372      0.782  0.000e+00
    359.750 268.755263       1440    145.617     9.9278   3.663020    33.5110  1026.4666    146.847     0.1422      0.774  0.000e+00
    360.000 268.755266       1441    145.803     9.9279   3.663125    33.5119  1026.4681    147.035     0.1417      0.761  0.000e+00
    360.250 268.755269       1442    145.982     9.9280   3.663093    33.5114  1026.4685    147.216     0.1343      0.737  0.000e+00
    360.500 268.755272       1443    146.148     9.9281   3.663027    33.5105  1026.4686    147.383     0.1656      0.696  0.000e+00
