Raw_Data/Cage/SBE19/2020-09-25_SBE19_007_032_processed.cnv
* Sea-Bird SBE19plus Data File:
* FileName = C:\cruises\2020_barkerboys\leg2\data\cage\SBE19\2020-09-25_SBE19_004_032.hex
* Software Version 1.59
* Temperature SN =  4881
* Conductivity SN =  4881
* System UpLoad Time = Sep 25 2020 21:19:27
* ds
* SeacatPlus V 1.5  SERIAL NO. 4881    25 Sep 2020  21:17:28
# nquan = 12
# nvalues = 3003                                  
# units = specified
# name 0 = timeS: Time, Elapsed [seconds]
# name 1 = timeJ: Julian Days
# name 2 = scan: Scan Count
# name 3 = depSM: Depth [salt water, m], lat = 44.00
# name 4 = tv290C: Temperature [ITS-90, deg C]
# name 5 = c0S/m: Conductivity [S/m]
# name 6 = sal00: Salinity, Practical [PSU]
# name 7 = density00: Density [density, kg/m^3]
# name 8 = prdM: Pressure, Strain Gauge [db]
# name 9 = wetStar: Fluorescence, WET Labs WETstar [mg/m^3]
# name 10 = dz/dtM: Descent Rate [m/s]
# name 11 = flag:  0.000e+00
# span 0 =      0.000,    750.500                 
# span 1 = 269.702500, 269.711186                 
# span 2 =          1,       3003                 
# span 3 =      0.001,    178.662                 
# span 4 =     9.6270,    13.8740                 
# span 5 =   0.041492,   3.878540                 
# span 6 =     0.2566,    33.6345                 
# span 7 =   999.4646,  1026.7636                 
# span 8 =      0.001,    180.187                 
# span 9 =     0.1162,     3.9082                 
# span 10 =     -1.140,      1.194                
# span 11 = 0.0000e+00, 0.0000e+00                
# interval = seconds: 0.25
# start_time = Sep 25 2020 16:51:36 [Instrument's time stamp, header]
# bad_flag = -9.990e-29
*END*
[from data line 2647]
    661.750 269.710159       2648     41.500    11.9078   3.773013    32.8578  1025.1312     41.840     0.9789     -0.861  0.000e+00
    662.000 269.710162       2649     41.330    11.9363   3.774991    32.8519  1025.1206     41.669     1.0123     -0.747  0.000e+00
    662.250 269.710165       2650     41.173    11.9629   3.777209    32.8501  1025.1135     41.511     1.0444     -0.659  0.000e+00
    662.500 269.710168       2651     41.025    11.9921   3.778388    32.8358  1025.0963     41.361     1.1882     -0.614  0.000e+00
    662.750 269.710171       2652     40.878    12.0172   3.779081    32.8205  1025.0789     41.213     1.1618     -0.595  0.000e+00
    663.000 269.710174       2653     40.718    12.0357   3.778527    32.7989  1025.0580     41.051     1.1960     -0.621  0.000e+00
    663.250 269.710177       2654     40.543    12.0449   3.779413    32.7994  1025.0559     40.875     1.2475     -0.676  0.000e+00
    663.500 269.710179       2655     40.361    12.0532   3.780646    32.8042  1025.0572     40.691     1.3172     -0.719  0.000e+00
    663.750 269.710182       2656     40.172    12.0656   3.780126    32.7883  1025.0417     40.501     1.3176     -0.747  0.000e+00
    664.000 269.710185       2657     39.976    12.0722   3.779953    32.7810  1025.0339     40.304     1.4008     -0.775  0.000e+00
    664.250 269.710188       2658     39.782    12.0740   3.780886    32.7884  1025.0384     40.107     1.4441     -0.788  0.000e+00
    664.500 269.710191       2659     39.580    12.0790   3.781305    32.7882  1025.0364     39.904     1.4082     -0.799  0.000e+00
    664.750 269.710194       2660     39.373    12.0856   3.781718    32.7865  1025.0329     39.695     1.4214     -0.825  0.000e+00
    665.000 269.710197       2661     39.161    12.0920   3.781718    32.7809  1025.0264     39.481     1.4820     -0.846  0.000e+00
    665.250 269.710200       2662     38.951    12.0967   3.781965    32.7793  1025.0233     39.270     1.4667     -0.850  0.000e+00
    665.500 269.710203       2663     38.745    12.0998   3.782125    32.7782  1025.0209     39.063     1.5508     -0.837  0.000e+00
    665.750 269.710205       2664     38.548    12.1024   3.782205    32.7767  1025.0184     38.864     1.5174     -0.812  0.000e+00
    666.000 269.710208       2665     38.367    12.1051   3.782451    32.7768  1025.0172     38.681     1.4733     -0.762  0.000e+00
    666.250 269.710211       2666     38.193    12.1078   3.782731    32.7773  1025.0162     38.505     1.5050     -0.717  0.000e+00
    666.500 269.710214       2667     38.024    12.1105   3.782938    32.7770  1025.0147     38.336     1.5561     -0.691  0.000e+00
    666.750 269.710217       2668     37.850    12.1130   3.783284    32.7782  1025.0144     38.160     1.5124     -0.692  0.000e+00
    667.000 269.710220       2669     37.661    12.1158   3.783491    32.7778  1025.0127     37.969     1.5380     -0.732  0.000e+00
    667.250 269.710223       2670     37.459    12.1191   3.783217    32.7724  1025.0070     37.765     1.5689     -0.788  0.000e+00
    667.500 269.710226       2671     37.245    12.1203   3.782970    32.7690  1025.0032     37.550     1.5611     -0.840  0.000e+00
    667.750 269.710229       2672     37.035    12.1196   3.783117    32.7711  1025.0039     37.338     1.5817     -0.855  0.000e+00
    668.000 269.710231       2673     36.832    12.1195   3.783217    32.7723  1025.0039     37.133     1.5454     -0.833  0.000e+00
    668.250 269.710234       2674     36.645    12.1200   3.783424    32.7739  1025.0043     36.945     1.5582     -0.786  0.000e+00
    668.500 269.710237       2675     36.476    12.1214   3.783457    32.7731  1025.0026     36.774     1.5289     -0.717  0.000e+00
    668.750 269.710240       2676     36.317    12.1228   3.783530    32.7726  1025.0012     36.614     1.5541     -0.661  0.000e+00
    669.000 269.710243       2677     36.168    12.1239   3.783703    32.7734  1025.0010     36.464     1.5392     -0.621  0.000e+00
    669.250 269.710246       2678     36.017    12.1250   3.783770    32.7731  1024.9999     36.312     1.6315     -0.606  0.000e+00
    669.500 269.710249       2679     35.857    12.1262   3.783770    32.7721  1024.9982     36.151     1.5920     -0.627  0.000e+00
    669.750 269.710252       2680     35.683    12.1271   3.783877    32.7724  1024.9975     35.974     1.5425     -0.674  0.000e+00
    670.000 269.710255       2681     35.489    12.1278   3.783943    32.7725  1024.9965     35.779     1.5586     -0.743  0.000e+00
    670.250 269.710258       2682     35.279    12.1286   3.783663    32.7693  1024.9929     35.568     1.6051     -0.814  0.000e+00
    670.500 269.710260       2683     35.053    12.1277   3.783350    32.7671  1024.9904     35.340     1.5800     -0.878  0.000e+00
    670.750 269.710263       2684     34.814    12.1256   3.783283    32.7684  1024.9906     35.098     1.6010     -0.938  0.000e+00
    671.000 269.710266       2685     34.564    12.1239   3.783489    32.7719  1024.9926     34.847     1.5697     -0.986  0.000e+00
    671.250 269.710269       2686     34.310    12.1240   3.783629    32.7733  1024.9925     34.590     1.5948     -1.016  0.000e+00
    671.500 269.710272       2687     34.053    12.1252   3.783876    32.7748  1024.9922     34.332     1.6398     -1.031  0.000e+00
    671.750 269.710275       2688     33.800    12.1273   3.784116    32.7753  1024.9911     34.076     1.6159     -1.029  0.000e+00
    672.000 269.710278       2689     33.557    12.1306   3.784849    32.7796  1024.9927     33.831     1.6187     -1.001  0.000e+00
    672.250 269.710281       2690     33.341    12.1366   3.785202    32.7779  1024.9893     33.613     1.6014     -0.926  0.000e+00
    672.500 269.710284       2691     33.153    12.1433   3.785262    32.7727  1024.9831     33.424     1.6566     -0.814  0.000e+00
    672.750 269.710286       2692     32.998    12.1476   3.785369    32.7699  1024.9795     33.268     1.6830     -0.691  0.000e+00
    673.000 269.710289       2693     32.873    12.1514   3.785889    32.7717  1024.9795     33.142     1.6208     -0.565  0.000e+00
    673.250 269.710292       2694     32.768    12.1561   3.786376    32.7723  1024.9786     33.036     1.5759     -0.464  0.000e+00
    673.500 269.710295       2695     32.670    12.1618   3.786516    32.7687  1024.9743     32.937     1.6101     -0.410  0.000e+00
    673.750 269.710298       2696     32.574    12.1667   3.786762    32.7669  1024.9716     32.840     1.6006     -0.391  0.000e+00
    674.000 269.710301       2697     32.460    12.1706   3.786656    32.7624  1024.9668     32.725     1.6262     -0.423  0.000e+00
    674.250 269.710304       2698     32.324    12.1735   3.786375    32.7573  1024.9617     32.588     1.6744     -0.505  0.000e+00
    674.500 269.710307       2699     32.155    12.1736   3.786489    32.7583  1024.9617     32.417     1.6307     -0.616  0.000e+00
    674.750 269.710310       2700     31.953    12.1737   3.786729    32.7606  1024.9626     32.214     1.6282     -0.747  0.000e+00
    675.000 269.710312       2701     31.726    12.1752   3.786762    32.7597  1024.9606     31.986     1.6954     -0.863  0.000e+00
    675.250 269.710315       2702     31.477    12.1767   3.786862    32.7594  1024.9589     31.734     1.6595     -0.960  0.000e+00
    675.500 269.710318       2703     31.224    12.1782   3.786902    32.7587  1024.9569     31.479     1.6566     -1.013  0.000e+00
    675.750 269.710321       2704     30.981    12.1794   3.787035    32.7590  1024.9558     31.234     1.6480     -1.001  0.000e+00
    676.000 269.710324       2705     30.758    12.1811   3.787142    32.7587  1024.9542     31.010     1.6838     -0.938  0.000e+00
    676.250 269.710327       2706     30.570    12.1828   3.787282    32.7586  1024.9530     30.820     1.6608     -0.829  0.000e+00
    676.500 269.710330       2707     30.418    12.1847   3.787488    32.7589  1024.9522     30.666     1.6768     -0.687  0.000e+00
    676.750 269.710333       2708     30.279    12.1871   3.787595    32.7579  1024.9504     30.527     1.6669     -0.586  0.000e+00
    677.000 269.710336       2709     30.139    12.1892   3.787975    32.7598  1024.9508     30.385     1.6830     -0.563  0.000e+00
    677.250 269.710339       2710     29.973    12.1923   3.788188    32.7592  1024.9490     30.217     1.6566     -0.618  0.000e+00
    677.500 269.710341       2711     29.769    12.1963   3.788569    32.7595  1024.9475     30.012     1.6735     -0.745  0.000e+00
    677.750 269.710344       2712     29.531    12.2011   3.788915    32.7587  1024.9449     29.772     1.6719     -0.891  0.000e+00
    678.000 269.710347       2713     29.263    12.2063   3.788742    32.7526  1024.9380     29.502     1.6707     -1.020  0.000e+00
    678.250 269.710350       2714     28.990    12.2098   3.789369    32.7557  1024.9384     29.226     1.7436     -1.091  0.000e+00
    678.500 269.710353       2715     28.731    12.2148   3.790069    32.7581  1024.9382     28.965     1.6978     -1.074  0.000e+00
    678.750 269.710356       2716     28.499    12.2221   3.790169    32.7528  1024.9317     28.731     1.6772     -0.990  0.000e+00
    679.000 269.710359       2717     28.302    12.2283   3.790135    32.7472  1024.9252     28.533     1.6966     -0.865  0.000e+00
    679.250 269.710362       2718     28.129    12.2320   3.790622    32.7486  1024.9249     28.359     1.7395     -0.745  0.000e+00
    679.500 269.710365       2719     27.983    12.2358   3.791076    32.7498  1024.9244     28.212     1.8210     -0.642  0.000e+00
    679.750 269.710367       2720     27.842    12.2405   3.791289    32.7477  1024.9213     28.069     1.7440     -0.580  0.000e+00
    680.000 269.710370       2721     27.690    12.2448   3.791603    32.7470  1024.9192     27.916     1.7732     -0.590  0.000e+00
    680.250 269.710373       2722     27.514    12.2489   3.791249    32.7402  1024.9123     27.738     1.7790     -0.661  0.000e+00
    680.500 269.710376       2723     27.321    12.2513   3.791663    32.7421  1024.9125     27.544     1.7827     -0.745  0.000e+00
    680.750 269.710379       2724     27.114    12.2533   3.791322    32.7372  1024.9074     27.336     1.7720     -0.805  0.000e+00
    681.000 269.710382       2725     26.902    12.2538   3.791496    32.7385  1024.9073     27.122     1.8507     -0.844  0.000e+00
    681.250 269.710385       2726     26.698    12.2540   3.791529    32.7387  1024.9066     26.916     1.8128     -0.840  0.000e+00
    681.500 269.710388       2727     26.503    12.2546   3.791669    32.7397  1024.9063     26.719     1.8598     -0.805  0.000e+00
    681.750 269.710391       2728     26.323    12.2560   3.791876    32.7405  1024.9058     26.538     1.8186     -0.756  0.000e+00
    682.000 269.710394       2729     26.153    12.2581   3.791876    32.7387  1024.9033     26.366     1.8577     -0.706  0.000e+00
    682.250 269.710396       2730     25.986    12.2597   3.792163    32.7401  1024.9033     26.198     1.8647     -0.681  0.000e+00
    682.500 269.710399       2731     25.809    12.2619   3.792610    32.7426  1024.9040     26.019     1.9590     -0.694  0.000e+00
    682.750 269.710402       2732     25.616    12.2655   3.793237    32.7456  1024.9048     25.825     1.8593     -0.745  0.000e+00
    683.000 269.710405       2733     25.406    12.2715   3.793831    32.7461  1024.9031     25.613     1.8931     -0.812  0.000e+00
    683.250 269.710408       2734     25.188    12.2793   3.793830    32.7393  1024.8954     25.393     1.8626     -0.863  0.000e+00
    683.500 269.710411       2735     24.959    12.2852   3.793897    32.7349  1024.8898     25.163     1.9846     -0.902  0.000e+00
    683.750 269.710414       2736     24.731    12.2894   3.794144    32.7338  1024.8871     24.933     1.8927     -0.921  0.000e+00
    684.000 269.710417       2737     24.529    12.2925   3.794351    32.7331  1024.8850     24.729     1.9005     -0.867  0.000e+00
    684.250 269.710420       2738     24.346    12.2962   3.794618    32.7325  1024.8830     24.544     1.9075     -0.777  0.000e+00
    684.500 269.710422       2739     24.181    12.2995   3.794878    32.7322  1024.8814     24.378     1.9001     -0.702  0.000e+00
    684.750 269.710425       2740     24.026    12.3030   3.795118    32.7315  1024.8795     24.222     1.9570     -0.644  0.000e+00
    685.000 269.710428       2741     23.861    12.3062   3.795258    32.7302  1024.8771     24.056     1.9500     -0.644  0.000e+00
    685.250 269.710431       2742     23.678    12.3093   3.795505    32.7299  1024.8755     23.871     2.1341     -0.702  0.000e+00
    685.500 269.710434       2743     23.464    12.3124   3.795612    32.7283  1024.8727     23.655     2.2050     -0.801  0.000e+00
    685.750 269.710437       2744     23.236    12.3153   3.795505    32.7248  1024.8684     23.425     2.0200     -0.891  0.000e+00
    686.000 269.710440       2745     23.001    12.3169   3.795878    32.7271  1024.8688     23.188     1.9899     -0.934  0.000e+00
    686.250 269.710443       2746     22.764    12.3197   3.797107    32.7366  1024.8746     22.950     1.9611     -0.951  0.000e+00
    686.500 269.710446       2747     22.535    12.3263   3.797073    32.7305  1024.8676     22.719     2.0925     -0.938  0.000e+00
    686.750 269.710448       2748     22.338    12.3325   3.797106    32.7255  1024.8616     22.520     2.0349     -0.859  0.000e+00
    687.000 269.710451       2749     22.168    12.3363   3.797460    32.7257  1024.8602     22.349     2.0105     -0.741  0.000e+00
    687.250 269.710454       2750     22.022    12.3399   3.797807    32.7260  1024.8591     22.201     1.9994     -0.638  0.000e+00
    687.500 269.710457       2751     21.889    12.3438   3.798295    32.7272  1024.8588     22.067     1.9891     -0.563  0.000e+00
    687.750 269.710460       2752     21.756    12.3493   3.799410    32.7332  1024.8617     21.933     2.1523     -0.537  0.000e+00
    688.000 269.710463       2753     21.612    12.3582   3.799764    32.7289  1024.8561     21.788     2.1955     -0.558  0.000e+00
    688.250 269.710466       2754     21.445    12.3660   3.799556    32.7202  1024.8471     21.620     2.1292     -0.627  0.000e+00
    688.500 269.710469       2755     21.263    12.3705   3.799903    32.7196  1024.8449     21.436     2.0864     -0.704  0.000e+00
    688.750 269.710472       2756     21.071    12.3739   3.800431    32.7218  1024.8451     21.243     2.1197     -0.754  0.000e+00
    689.000 269.710475       2757     20.875    12.3790   3.801439    32.7271  1024.8474     21.045     2.2087     -0.782  0.000e+00
    689.250 269.710477       2758     20.681    12.3871   3.802702    32.7322  1024.8489     20.850     2.2326     -0.786  0.000e+00
    689.500 269.710480       2759     20.490    12.3988   3.803016    32.7251  1024.8402     20.657     2.3274     -0.777  0.000e+00
    689.750 269.710483       2760     20.294    12.4089   3.803082    32.7170  1024.8312     20.459     2.2557     -0.782  0.000e+00
    690.000 269.710486       2761     20.087    12.4154   3.803536    32.7158  1024.8281     20.251     2.5564     -0.812  0.000e+00
    690.250 269.710489       2762     19.863    12.4211   3.805046    32.7254  1024.8334     20.024     2.4077     -0.870  0.000e+00
    690.500 269.710492       2763     19.626    12.4309   3.805220    32.7186  1024.8252     19.786     2.3076     -0.930  0.000e+00
    690.750 269.710495       2764     19.379    12.4406   3.806656    32.7240  1024.8264     19.537     2.4909     -0.975  0.000e+00
    691.000 269.710498       2765     19.135    12.4522   3.808000    32.7269  1024.8253     19.291     2.6973     -0.990  0.000e+00
    691.250 269.710501       2766     18.899    12.4673   3.808193    32.7157  1024.8127     19.053     2.6005     -0.968  0.000e+00
