Raw_Data/Cage/SBE19/2020-09-24_SBE19_006_028_processed.cnv
* Sea-Bird SBE19plus Data File:
* FileName = C:\cruises\2020_barkerboys\leg2\data\cage\SBE19\2020-09-25_SBE19_004_028.hex
* Software Version 1.59
* Temperature SN =  4881
* Conductivity SN =  4881
* System UpLoad Time = Sep 25 2020 12:48:05
* ds
* SeacatPlus V 1.5  SERIAL NO. 4881    25 Sep 2020  12:15:39
# nquan = 12
# nvalues = 3037                                  
# units = specified
# name 0 = timeS: Time, Elapsed [seconds]
# name 1 = timeJ: Julian Days
# name 2 = scan: Scan Count
# name 3 = depSM: Depth [salt water, m], lat = 44.00
# name 4 = tv290C: Temperature [ITS-90, deg C]
# name 5 = c0S/m: Conductivity [S/m]
# name 6 = sal00: Salinity, Practical [PSU]
# name 7 = density00: Density [density, kg/m^3]
# name 8 = prdM: Pressure, Strain Gauge [db]
# name 9 = wetStar: Fluorescence, WET Labs WETstar [mg/m^3]
# name 10 = dz/dtM: Descent Rate [m/s]
# name 11 = flag:  0.000e+00
# span 0 =      0.000,    759.000                 
# span 1 = 268.779803, 268.788588                 
# span 2 =          1,       3037                 
# span 3 =     -0.105,    162.288                 
# span 4 =     9.9556,    14.7263                 
# span 5 =   0.048252,   3.869666                 
# span 6 =     0.2934,    33.5041                 
# span 7 =   999.3691,  1026.5308                 
# span 8 =     -0.106,    163.666                 
# span 9 =     0.1183,     3.0879                 
# span 10 =     -1.339,      1.062                
# span 11 = 0.0000e+00, 0.0000e+00                
# interval = seconds: 0.25
# start_time = Sep 24 2020 18:42:55 [Instrument's time stamp, header]
# bad_flag = -9.990e-29
*END*
      0.000 268.779803          1     -0.098    14.6261   0.052380     0.3200   999.4046     -0.099     0.1747      0.000  0.000e+00
      0.250 268.779806          2     -0.100    14.6265   0.052367     0.3200   999.4045     -0.101     0.1813     -0.004  0.000e+00
      0.500 268.779809          3     -0.099    14.6268   0.052333     0.3197   999.4042     -0.100     0.1788     -0.002  0.000e+00
      0.750 268.779812          4     -0.099    14.6271   0.052330     0.3197   999.4042     -0.100     0.1768      0.002  0.000e+00
      1.000 268.779815          5     -0.099    14.6276   0.052323     0.3197   999.4041     -0.100     0.1784     -0.000  0.000e+00
      1.250 268.779818          6     -0.098    14.6279   0.052320     0.3197   999.4040     -0.099     0.1747      0.002  0.000e+00
      1.500 268.779821          7     -0.099    14.6283   0.052342     0.3198   999.4041     -0.100     0.1726      0.000  0.000e+00
      1.750 268.779823          8     -0.099    14.6286   0.052367     0.3199   999.4041     -0.100     0.1784     -0.002  0.000e+00
      2.000 268.779826          9     -0.100    14.6288   0.052374     0.3200   999.4041     -0.101     0.1751     -0.002  0.000e+00
      2.250 268.779829         10     -0.100    14.6293   0.052377     0.3200   999.4041     -0.101     0.1764     -0.002  0.000e+00
      2.500 268.779832         11     -0.100    14.6296   0.052383     0.3200   999.4041     -0.101     0.1792 1.1842e-15  0.000e+00
      2.750 268.779835         12     -0.100    14.6301   0.052386     0.3201   999.4040     -0.101     0.1747     -0.000  0.000e+00
      3.000 268.779838         13     -0.100    14.6301   0.052374     0.3200   999.4039     -0.101     0.1743      0.000  0.000e+00
      3.250 268.779841         14     -0.099    14.6306   0.052358     0.3199   999.4038     -0.100     0.1772      0.002  0.000e+00
      3.500 268.779844         15     -0.100    14.6308   0.052349     0.3198   999.4037     -0.101     0.1731      0.000  0.000e+00
      3.750 268.779847         16     -0.101    14.6311   0.052349     0.3198   999.4036     -0.102     0.1726     -0.004  0.000e+00
      4.000 268.779850         17     -0.098    14.6315   0.052358     0.3199   999.4036     -0.099     0.1759      0.004  0.000e+00
      4.250 268.779852         18     -0.101    14.6317   0.052367     0.3199   999.4036     -0.102     0.1768     -0.000  0.000e+00
      4.500 268.779855         19     -0.101    14.6321   0.052374     0.3200   999.4036     -0.102     0.1743     -0.006  0.000e+00
      4.750 268.779858         20     -0.099    14.6325   0.052377     0.3200   999.4036     -0.100     0.1702      0.004  0.000e+00
      5.000 268.779861         21     -0.099    14.6326   0.052364     0.3199   999.4035     -0.100     0.1722      0.004  0.000e+00
      5.250 268.779864         22     -0.100    14.6330   0.052349     0.3198   999.4034     -0.101     0.1731     -0.002  0.000e+00
      5.500 268.779867         23     -0.099    14.6335   0.052349     0.3198   999.4033     -0.100     0.1764      0.000  0.000e+00
      5.750 268.779870         24     -0.098    14.6339   0.052330     0.3197   999.4031     -0.099     0.1764      0.004  0.000e+00
      6.000 268.779873         25     -0.099    14.6340   0.052317     0.3196   999.4031     -0.100     0.1735 2.3685e-15  0.000e+00
      6.250 268.779876         26     -0.099    14.6342   0.052305     0.3195   999.4030     -0.100     0.1780     -0.002  0.000e+00
      6.500 268.779878         27     -0.099    14.6346   0.052292     0.3194   999.4028     -0.100     0.1768      0.000  0.000e+00
      6.750 268.779881         28     -0.098    14.6348   0.052295     0.3194   999.4028     -0.099     0.1776      0.002  0.000e+00
      7.000 268.779884         29     -0.099    14.6353   0.052301     0.3195   999.4028     -0.100     0.1772      0.000  0.000e+00
      7.250 268.779887         30     -0.102    14.6355   0.052305     0.3195   999.4028     -0.103     0.1813     -0.009  0.000e+00
      7.500 268.779890         31     -0.100    14.6357   0.052311     0.3195   999.4028     -0.101     0.1788     -0.002  0.000e+00
      7.750 268.779893         32     -0.102    14.6360   0.052323     0.3196   999.4028     -0.103     0.1755      0.000  0.000e+00
      8.000 268.779896         33     -0.100    14.6363   0.052320     0.3196   999.4027     -0.101     0.1764      0.000  0.000e+00
      8.250 268.779899         34     -0.099    14.6366   0.052333     0.3197   999.4027     -0.100     0.1751      0.007  0.000e+00
      8.500 268.779902         35     -0.099    14.6371   0.052320     0.3196   999.4026     -0.100     0.1726      0.002  0.000e+00
      8.750 268.779905         36     -0.101    14.6373   0.052333     0.3197   999.4026     -0.102     0.1755     -0.004  0.000e+00
      9.000 268.779907         37     -0.100    14.6375   0.052349     0.3198   999.4027     -0.101     0.1755     -0.002  0.000e+00
      9.250 268.779910         38     -0.099    14.6378   0.052358     0.3198   999.4027     -0.100     0.1751      0.004  0.000e+00
      9.500 268.779913         39     -0.100    14.6380   0.052358     0.3198   999.4026     -0.101     0.1768      0.000  0.000e+00
      9.750 268.779916         40     -0.100    14.6382   0.052358     0.3198   999.4026     -0.101     0.1772     -0.002  0.000e+00
     10.000 268.779919         41     -0.099    14.6387   0.052330     0.3196   999.4024     -0.100     0.1743      0.002  0.000e+00
     10.250 268.779922         42     -0.101    14.6389   0.052317     0.3195   999.4023     -0.102     0.1747     -0.002  0.000e+00
     10.500 268.779925         43     -0.100    14.6392   0.052295     0.3194   999.4021     -0.101     0.1722     -0.002  0.000e+00
     10.750 268.779928         44     -0.100    14.6394   0.052317     0.3195   999.4022     -0.101     0.1759      0.002  0.000e+00
     11.000 268.779931         45     -0.101    14.6397   0.052305     0.3195   999.4021     -0.102     0.1759     -0.002  0.000e+00
     11.250 268.779933         46     -0.100    14.6402   0.052276     0.3193   999.4019     -0.101     0.1764      0.000  0.000e+00
     11.500 268.779936         47     -0.100    14.6406   0.052276     0.3193   999.4018     -0.101     0.1739      0.002  0.000e+00
     11.750 268.779939         48     -0.102    14.6409   0.052292     0.3194   999.4019     -0.103     0.1784     -0.004  0.000e+00
     12.000 268.779942         49     -0.101    14.6414   0.052305     0.3194   999.4018     -0.102     0.1764     -0.002  0.000e+00
     12.250 268.779945         50     -0.101    14.6418   0.052342     0.3197   999.4020     -0.102     0.1718      0.002  0.000e+00
     12.500 268.779948         51     -0.100    14.6422   0.052339     0.3197   999.4019     -0.101     0.1726      0.002  0.000e+00
     12.750 268.779951         52     -0.098    14.6426   0.052317     0.3195   999.4017     -0.098     0.1772      0.006  0.000e+00
     13.000 268.779954         53     -0.100    14.6430   0.052330     0.3196   999.4017     -0.101     0.1768      0.000  0.000e+00
     13.250 268.779957         54     -0.101    14.6435   0.052487     0.3206   999.4024     -0.102     0.1759     -0.006  0.000e+00
     13.500 268.779959         55     -0.100    14.6440   0.052663     0.3217   999.4032     -0.101     0.1768     -0.000  0.000e+00
     13.750 268.779962         56     -0.101    14.6443   0.052594     0.3212   999.4028     -0.102     0.1731      0.000  0.000e+00
     14.000 268.779965         57     -0.103    14.6446   0.052578     0.3211   999.4027     -0.104     0.1726     -0.006  0.000e+00
     14.250 268.779968         58     -0.100    14.6450   0.052578     0.3211   999.4026     -0.101     0.1714      0.002  0.000e+00
     14.500 268.779971         59     -0.101    14.6454   0.052597     0.3213   999.4027     -0.102     0.1743      0.004  0.000e+00
     14.750 268.779974         60     -0.100    14.6459   0.052603     0.3213   999.4026     -0.101     0.1718      0.000  0.000e+00
     15.000 268.779977         61     -0.103    14.6462   0.052606     0.3213   999.4026     -0.104     0.1722     -0.004  0.000e+00
     15.250 268.779980         62     -0.103    14.6465   0.052606     0.3213   999.4025     -0.104     0.1706     -0.006  0.000e+00
     15.500 268.779983         63     -0.102    14.6468   0.052619     0.3214   999.4025     -0.103     0.1739      0.002  0.000e+00
     15.750 268.779986         64     -0.101    14.6472   0.052606     0.3213   999.4024     -0.102     0.1739      0.004  0.000e+00
     16.000 268.779988         65     -0.102    14.6476   0.052603     0.3213   999.4024     -0.103     0.1739     -0.000  0.000e+00
     16.250 268.779991         66     -0.100    14.6478   0.052587     0.3212   999.4023     -0.101     0.1751      0.002  0.000e+00
     16.500 268.779994         67     -0.100    14.6481   0.052553     0.3210   999.4020     -0.101     0.1747      0.004  0.000e+00
     16.750 268.779997         68     -0.102    14.6484   0.052524     0.3208   999.4018     -0.103     0.1743     -0.004  0.000e+00
     17.000 268.780000         69     -0.102    14.6486   0.052496     0.3206   999.4017     -0.103     0.1726     -0.004  0.000e+00
     17.250 268.780003         70     -0.102    14.6489   0.052477     0.3205   999.4015     -0.103     0.1739      0.000  0.000e+00
     17.500 268.780006         71     -0.101    14.6492   0.052471     0.3204   999.4015     -0.102     0.1764      0.002  0.000e+00
     17.750 268.780009         72     -0.102    14.6497   0.052487     0.3205   999.4015     -0.103     0.1751      0.000  0.000e+00
     18.000 268.780012         73     -0.103    14.6499   0.052512     0.3207   999.4016     -0.104     0.1714     -0.004  0.000e+00
     18.250 268.780014         74     -0.103    14.6502   0.052543     0.3209   999.4017     -0.104     0.1747     -0.002  0.000e+00
     18.500 268.780017         75     -0.102    14.6506   0.052572     0.3211   999.4017     -0.103     0.1726      0.002  0.000e+00
     18.750 268.780020         76     -0.104    14.6509   0.052578     0.3211   999.4017     -0.105     0.1747     -0.002  0.000e+00
     19.000 268.780023         77     -0.100    14.6512   0.052553     0.3209   999.4016     -0.101     0.1792      0.004  0.000e+00
     19.250 268.780026         78     -0.101    14.6516   0.052524     0.3208   999.4014     -0.102     0.1759      0.006  0.000e+00
     19.500 268.780029         79     -0.099    14.6520   0.052481     0.3205   999.4011     -0.100     0.1739      0.002  0.000e+00
     19.750 268.780032         80     -0.098    14.6523   0.052440     0.3202   999.4009     -0.098     0.1747      0.006  0.000e+00
     20.000 268.780035         81     -0.102    14.6526   0.052405     0.3200   999.4006     -0.103     0.1743     -0.006  0.000e+00
     20.250 268.780038         82     -0.102    14.6530   0.052396     0.3199   999.4005     -0.103     0.1751     -0.009  0.000e+00
     20.500 268.780041         83     -0.103    14.6531   0.052399     0.3199   999.4005     -0.104     0.1768     -0.002  0.000e+00
     20.750 268.780043         84     -0.102    14.6535   0.052415     0.3200   999.4005     -0.103     0.1780     -0.000  0.000e+00
     21.000 268.780046         85     -0.103    14.6538   0.052430     0.3201   999.4005     -0.104     0.1755      0.000  0.000e+00
     21.250 268.780049         86     -0.103    14.6540   0.052440     0.3202   999.4006     -0.104     0.1731     -0.002  0.000e+00
     21.500 268.780052         87     -0.103    14.6545   0.052440     0.3202   999.4005     -0.104     0.1768      0.000  0.000e+00
     21.750 268.780055         88     -0.101    14.6548   0.052440     0.3202   999.4005     -0.102     0.1739      0.004  0.000e+00
     22.000 268.780058         89     -0.100    14.6550   0.052424     0.3201   999.4004     -0.101     0.1764      0.006  0.000e+00
     22.250 268.780061         90     -0.101    14.6554   0.052424     0.3201   999.4003     -0.102     0.1759     -0.000  0.000e+00
     22.500 268.780064         91     -0.101    14.6556   0.052424     0.3201   999.4003     -0.102     0.1743     -0.002  0.000e+00
     22.750 268.780067         92     -0.101    14.6559   0.052433     0.3201   999.4003     -0.102     0.1747      0.000  0.000e+00
     23.000 268.780069         93     -0.102    14.6562   0.052440     0.3202   999.4002     -0.103     0.1751     -0.002  0.000e+00
     23.250 268.780072         94     -0.102    14.6566   0.052446     0.3202   999.4002     -0.103     0.1722     -0.002  0.000e+00
     23.500 268.780075         95     -0.101    14.6567   0.052449     0.3202   999.4002     -0.102     0.1739      0.002  0.000e+00
     23.750 268.780078         96     -0.101    14.6571   0.052446     0.3202   999.4001     -0.102     0.1681      0.002  0.000e+00
     24.000 268.780081         97     -0.102    14.6574   0.052433     0.3201   999.4000     -0.103     0.1764     -0.002  0.000e+00
     24.250 268.780084         98     -0.101    14.6576   0.052430     0.3201   999.4000     -0.102     0.1747      0.000  0.000e+00
     24.500 268.780087         99     -0.101    14.6580   0.052433     0.3201   999.3999     -0.102     0.1768      0.002  0.000e+00
     24.750 268.780090        100     -0.103    14.6582   0.052424     0.3201   999.3998     -0.104     0.1735     -0.004  0.000e+00
     25.000 268.780093        101     -0.101    14.6584   0.052424     0.3201   999.3998     -0.102     0.1739     -0.000  0.000e+00
     25.250 268.780095        102     -0.102    14.6587   0.052415     0.3200   999.3997     -0.103     0.1784      0.002  0.000e+00
     25.500 268.780098        103     -0.101    14.6590   0.052424     0.3201   999.3997     -0.102     0.1743      0.000  0.000e+00
     25.750 268.780101        104     -0.102    14.6594   0.052415     0.3200   999.3996     -0.103     0.1751      0.000  0.000e+00
     26.000 268.780104        105     -0.101    14.6597   0.052433     0.3201   999.3997     -0.102     0.1739     -0.000  0.000e+00
     26.250 268.780107        106     -0.101    14.6599   0.052424     0.3201   999.3996     -0.102     0.1751      0.002  0.000e+00
     26.500 268.780110        107     -0.101    14.6601   0.052424     0.3201   999.3996     -0.102     0.1755      0.000  0.000e+00
     26.750 268.780113        108     -0.100    14.6603   0.052405     0.3199   999.3994     -0.101     0.1702      0.002  0.000e+00
     27.000 268.780116        109     -0.103    14.6604   0.052386     0.3198   999.3993     -0.104     0.1772     -0.004  0.000e+00
     27.250 268.780119        110     -0.102    14.6608   0.052383     0.3198   999.3992     -0.103     0.1792     -0.004  0.000e+00
     27.500 268.780122        111     -0.102    14.6609   0.052377     0.3198   999.3992     -0.103     0.1784      0.002  0.000e+00
     27.750 268.780124        112     -0.100    14.6613   0.052364     0.3197   999.3991     -0.101     0.1772      0.004  0.000e+00
     28.000 268.780127        113     -0.101    14.6615   0.052367     0.3197   999.3991     -0.102     0.1731      0.002  0.000e+00
     28.250 268.780130        114     -0.103    14.6616   0.052349     0.3196   999.3990     -0.104     0.1764     -0.006  0.000e+00
     28.500 268.780133        115     -0.103    14.6617   0.052339     0.3195   999.3989     -0.104     0.1780     -0.004  0.000e+00
     28.750 268.780136        116     -0.102    14.6622   0.052317     0.3194   999.3987     -0.103     0.1751      0.002  0.000e+00
     29.000 268.780139        117     -0.101    14.6625   0.052305     0.3193   999.3986     -0.102     0.1764      0.004  0.000e+00
     29.250 268.780142        118     -0.100    14.6625   0.052276     0.3191   999.3985     -0.101     0.1759      0.004  0.000e+00
     29.500 268.780145        119     -0.101    14.6627   0.052248     0.3189   999.3983     -0.102     0.1801 9.4739e-15  0.000e+00
     29.750 268.780148        120     -0.102    14.6629   0.052251     0.3189   999.3983     -0.103     0.1677     -0.004  0.000e+00
