Raw_Data/Cage/SBE19/2020-09-26_SBE19_008_038_processed.cnv
* Sea-Bird SBE19plus Data File:
* FileName = C:\cruises\2020_barkerboys\leg2\data\cage\SBE19\2020-09-25_SBE19_008_037038.hex
* Software Version 1.59
* Temperature SN =  4881
* Conductivity SN =  4881
* System UpLoad Time = Sep 26 2020 18:13:27
* ds
* SeacatPlus V 1.5  SERIAL NO. 4881    26 Sep 2020  18:11:53
# nquan = 12
# nvalues = 2227                                  
# units = specified
# name 0 = timeS: Time, Elapsed [seconds]
# name 1 = timeJ: Julian Days
# name 2 = scan: Scan Count
# name 3 = depSM: Depth [salt water, m], lat = 44.00
# name 4 = tv290C: Temperature [ITS-90, deg C]
# name 5 = c0S/m: Conductivity [S/m]
# name 6 = sal00: Salinity, Practical [PSU]
# name 7 = density00: Density [density, kg/m^3]
# name 8 = prdM: Pressure, Strain Gauge [db]
# name 9 = wetStar: Fluorescence, WET Labs WETstar [mg/m^3]
# name 10 = dz/dtM: Descent Rate [m/s]
# name 11 = flag:  0.000e+00
# span 0 =      0.000,    556.500                 
# span 1 = 270.543148, 270.549589                 
# span 2 =          1,       2227                 
# span 3 =     -0.003,    147.956                 
# span 4 =    10.1657,    13.4063                 
# span 5 =   0.050088,   3.824412                 
# span 6 =     0.3150,    33.4123                 
# span 7 =   999.5723,  1026.3582                 
# span 8 =     -0.003,    149.207                 
# span 9 =     0.1698,    13.9839                 
# span 10 =     -1.052,      1.022                
# span 11 = 0.0000e+00, 0.0000e+00                
# interval = seconds: 0.25
# start_time = Sep 26 2020 13:02:08 [Instrument's time stamp, header]
# bad_flag = -9.990e-29
*END*
      0.000 270.543148          1      0.003    13.3727   0.051265     0.3229   999.5823      0.003     0.1788      0.000  0.000e+00
      0.250 270.543151          2     -0.000    13.3727   0.051262     0.3229   999.5823     -0.000     0.1776     -0.006  0.000e+00
      0.500 270.543154          3      0.003    13.3728   0.051262     0.3229   999.5823      0.003     0.1772      0.000  0.000e+00
      0.750 270.543157          4      0.003    13.3730   0.051252     0.3228   999.5822      0.003     0.1805      0.006  0.000e+00
      1.000 270.543160          5      0.001    13.3731   0.051227     0.3227   999.5821      0.001     0.1801     -0.004  0.000e+00
      1.250 270.543163          6     -0.001    13.3733   0.051212     0.3226   999.5820     -0.001     0.1834     -0.009  0.000e+00
      1.500 270.543166          7      0.002    13.3731   0.051190     0.3224   999.5819      0.002     0.1850      0.002  0.000e+00
      1.750 270.543168          8      0.001    13.3733   0.051196     0.3225   999.5819      0.001     0.1842      0.004  0.000e+00
      2.000 270.543171          9     -0.000    13.3734   0.051209     0.3225   999.5819     -0.000     0.1817     -0.004  0.000e+00
      2.250 270.543174         10      0.001    13.3735   0.051205     0.3225   999.5819      0.001     0.1838      0.000  0.000e+00
      2.500 270.543177         11     -0.000    13.3737   0.051190     0.3224   999.5818     -0.000     0.1854      0.000  0.000e+00
      2.750 270.543180         12      0.001    13.3739   0.051187     0.3224   999.5818      0.001     0.1801      0.000  0.000e+00
      3.000 270.543183         13     -0.001    13.3739   0.051180     0.3223   999.5817     -0.001     0.1817     -0.002  0.000e+00
      3.250 270.543186         14      0.002    13.3741   0.051180     0.3223   999.5817      0.002     0.1867      0.002  0.000e+00
      3.500 270.543189         15      0.003    13.3743   0.051180     0.3223   999.5817      0.003     0.1842      0.009  0.000e+00
      3.750 270.543192         16      0.001    13.3745   0.051165     0.3222   999.5816      0.001     0.1904     -0.002  0.000e+00
      4.000 270.543194         17      0.004    13.3747   0.051152     0.3222   999.5815      0.004     0.1883      0.002  0.000e+00
      4.250 270.543197         18      0.001    13.3749   0.051139     0.3221   999.5814      0.001     0.1842      0.000  0.000e+00
      4.500 270.543200         19      0.002    13.3752   0.051136     0.3220   999.5813      0.002     0.1871     -0.004  0.000e+00
      4.750 270.543203         20      0.002    13.3752   0.051127     0.3220   999.5813      0.002     0.1908      0.002  0.000e+00
      5.000 270.543206         21      0.002    13.3753   0.051124     0.3220   999.5813      0.002     0.1846      0.000  0.000e+00
      5.250 270.543209         22      0.001    13.3757   0.051127     0.3220   999.5812      0.001     0.1871     -0.002  0.000e+00
      5.500 270.543212         23     -0.000    13.3758   0.051124     0.3220   999.5812     -0.000     0.1838     -0.004  0.000e+00
      5.750 270.543215         24      0.003    13.3760   0.051108     0.3219   999.5811      0.003     0.1867      0.004  0.000e+00
      6.000 270.543218         25      0.001    13.3761   0.051083     0.3217   999.5809      0.001     0.1879      0.002  0.000e+00
      6.250 270.543220         26      0.001    13.3762   0.051061     0.3216   999.5808      0.001     0.1875     -0.004  0.000e+00
      6.500 270.543223         27      0.001    13.3764   0.051058     0.3215   999.5808      0.001     0.1858      0.000  0.000e+00
      6.750 270.543226         28      0.004    13.3767   0.051061     0.3215   999.5808      0.004     0.1846      0.006  0.000e+00
      7.000 270.543229         29      0.002    13.3769   0.051048     0.3215   999.5807      0.002     0.1867      0.002  0.000e+00
      7.250 270.543232         30      0.001    13.3771   0.051051     0.3215   999.5806      0.001     0.1875     -0.006  0.000e+00
      7.500 270.543235         31      0.002    13.3774   0.051042     0.3214   999.5806      0.002     0.1887      0.000  0.000e+00
      7.750 270.543238         32     -0.001    13.3775   0.051033     0.3214   999.5805     -0.001     0.1924     -0.004  0.000e+00
      8.000 270.543241         33      0.004    13.3777   0.051033     0.3214   999.5805      0.004     0.1883      0.004  0.000e+00
      8.250 270.543244         34      0.001    13.3779   0.051023     0.3213   999.5804      0.001     0.1875      0.004  0.000e+00
      8.500 270.543247         35     -0.000    13.3782   0.051033     0.3214   999.5804     -0.000     0.1932     -0.009  0.000e+00
      8.750 270.543249         36      0.001    13.3785   0.051023     0.3213   999.5803      0.001     0.1871      0.000  0.000e+00
      9.000 270.543252         37      0.001    13.3787   0.051017     0.3212   999.5802      0.001     0.1904      0.002  0.000e+00
      9.250 270.543255         38      0.001    13.3788   0.050998     0.3211   999.5801      0.001     0.1879      0.000  0.000e+00
      9.500 270.543258         39      0.002    13.3790   0.050967     0.3209   999.5800      0.002     0.1879      0.002  0.000e+00
      9.750 270.543261         40      0.003    13.3793   0.050960     0.3209   999.5799      0.003     0.1899      0.004  0.000e+00
     10.000 270.543264         41      0.002    13.3794   0.050951     0.3208   999.5798      0.002     0.1887      0.000  0.000e+00
     10.250 270.543267         42     -0.000    13.3797   0.050960     0.3209   999.5798     -0.000     0.1862     -0.006  0.000e+00
     10.500 270.543270         43     -0.000    13.3799   0.050951     0.3208   999.5797     -0.000     0.1871     -0.004  0.000e+00
     10.750 270.543273         44      0.001    13.3800   0.050951     0.3208   999.5797      0.001     0.1879      0.002  0.000e+00
     11.000 270.543275         45     -0.000    13.3805   0.050932     0.3207   999.5796     -0.000     0.1879 2.3130e-18  0.000e+00
     11.250 270.543278         46     -0.000    13.3806   0.050926     0.3206   999.5795     -0.000     0.1916     -0.002  0.000e+00
     11.500 270.543281         47      0.001    13.3808   0.050932     0.3207   999.5795      0.001     0.1871      0.002  0.000e+00
     11.750 270.543284         48     -0.000    13.3810   0.050951     0.3208   999.5796     -0.000     0.1879      0.000  0.000e+00
     12.000 270.543287         49     -0.001    13.3813   0.050960     0.3209   999.5796     -0.001     0.1883     -0.004  0.000e+00
     12.250 270.543290         50     -0.000    13.3815   0.050960     0.3209   999.5796     -0.000     0.1875      0.000  0.000e+00
     12.500 270.543293         51      0.001    13.3817   0.050932     0.3207   999.5794      0.001     0.1829      0.004  0.000e+00
     12.750 270.543296         52     -0.000    13.3819   0.050910     0.3205   999.5793     -0.000     0.1867      0.000  0.000e+00
     13.000 270.543299         53      0.001    13.3819   0.050879     0.3203   999.5791      0.001     0.1862 1.8504e-17  0.000e+00
     13.250 270.543302         54      0.002    13.3823   0.050860     0.3202   999.5790      0.002     0.1871      0.004  0.000e+00
     13.500 270.543304         55      0.001    13.3825   0.050851     0.3201   999.5789      0.001     0.1899      0.000  0.000e+00
     13.750 270.543307         56      0.001    13.3827   0.050838     0.3200   999.5788      0.001     0.1899     -0.002  0.000e+00
     14.000 270.543310         57      0.003    13.3830   0.050832     0.3200   999.5787      0.003     0.1879      0.004  0.000e+00
     14.250 270.543313         58      0.001    13.3831   0.050813     0.3199   999.5786      0.001     0.1895      0.000  0.000e+00
     14.500 270.543316         59      0.001    13.3833   0.050813     0.3199   999.5786      0.001     0.1871     -0.004  0.000e+00
     14.750 270.543319         60      0.001    13.3837   0.050813     0.3199   999.5785      0.001     0.1891     -0.000  0.000e+00
     15.000 270.543322         61      0.001    13.3838   0.050803     0.3198   999.5785      0.001     0.1883      0.000  0.000e+00
     15.250 270.543325         62      0.001    13.3841   0.050803     0.3198   999.5784      0.001     0.1854     -0.000  0.000e+00
     15.500 270.543328         63     -0.000    13.3843   0.050822     0.3199   999.5785     -0.000     0.1883     -0.002  0.000e+00
     15.750 270.543330         64     -0.000    13.3844   0.050841     0.3201   999.5786     -0.000     0.1867     -0.002  0.000e+00
     16.000 270.543333         65     -0.000    13.3847   0.050844     0.3201   999.5785     -0.000     0.1879 -1.850e-17  0.000e+00
     16.250 270.543336         66     -0.001    13.3850   0.050841     0.3201   999.5785     -0.001     0.1937     -0.002  0.000e+00
     16.500 270.543339         67      0.001    13.3853   0.050838     0.3200   999.5784      0.001     0.1879      0.002  0.000e+00
     16.750 270.543342         68      0.001    13.3854   0.050822     0.3199   999.5783      0.001     0.1854      0.004  0.000e+00
     17.000 270.543345         69      0.002    13.3857   0.050819     0.3199   999.5783      0.002     0.1899      0.002  0.000e+00
     17.250 270.543348         70     -0.001    13.3858   0.050803     0.3198   999.5782     -0.001     0.1871     -0.004  0.000e+00
     17.500 270.543351         71     -0.000    13.3861   0.050803     0.3198   999.5781     -0.000     0.1879     -0.004  0.000e+00
     17.750 270.543354         72     -0.001    13.3863   0.050785     0.3197   999.5780     -0.001     0.1912      0.000  0.000e+00
     18.000 270.543356         73     -0.000    13.3866   0.050788     0.3197   999.5780     -0.000     0.1891 -3.701e-17  0.000e+00
     18.250 270.543359         74     -0.000    13.3867   0.050766     0.3195   999.5779     -0.000     0.1887      0.002  0.000e+00
     18.500 270.543362         75      0.001    13.3871   0.050756     0.3195   999.5778      0.001     0.1867      0.002  0.000e+00
     18.750 270.543365         76     -0.000    13.3873   0.050741     0.3194   999.5776     -0.000     0.1858      0.000  0.000e+00
     19.000 270.543368         77      0.001    13.3875   0.050731     0.3193   999.5776      0.001     0.1924      0.000  0.000e+00
     19.250 270.543371         78      0.002    13.3877   0.050731     0.3193   999.5776      0.002     0.1879      0.004  0.000e+00
     19.500 270.543374         79      0.001    13.3879   0.050722     0.3193   999.5775      0.001     0.1924     -0.000  0.000e+00
     19.750 270.543377         80      0.002    13.3881   0.050731     0.3193   999.5775      0.002     0.1879 2.9606e-16  0.000e+00
     20.000 270.543380         81     -0.000    13.3885   0.050722     0.3192   999.5774     -0.000     0.1862     -0.002  0.000e+00
     20.250 270.543383         82      0.001    13.3887   0.050722     0.3192   999.5774      0.001     0.1891     -0.002  0.000e+00
     20.500 270.543385         83      0.001    13.3890   0.050722     0.3192   999.5773      0.001     0.1899      0.002  0.000e+00
     20.750 270.543388         84      0.001    13.3891   0.050722     0.3192   999.5773      0.001     0.1883     -0.000  0.000e+00
     21.000 270.543391         85      0.001    13.3893   0.050703     0.3191   999.5772      0.001     0.1867     -0.000  0.000e+00
     21.250 270.543394         86      0.001    13.3897   0.050706     0.3191   999.5772      0.001     0.1891      0.000  0.000e+00
     21.500 270.543397         87     -0.000    13.3898   0.050703     0.3191   999.5771     -0.000     0.1842     -0.002  0.000e+00
     21.750 270.543400         88     -0.000    13.3901   0.050697     0.3191   999.5770     -0.000     0.1895     -0.002  0.000e+00
     22.000 270.543403         89     -0.001    13.3904   0.050722     0.3192   999.5771     -0.001     0.1867     -0.002  0.000e+00
     22.250 270.543406         90     -0.001    13.3906   0.050731     0.3193   999.5771     -0.001     0.1842     -0.002  0.000e+00
     22.500 270.543409         91     -0.001    13.3907   0.050731     0.3193   999.5771     -0.001     0.1809      0.000  0.000e+00
     22.750 270.543411         92     -0.001    13.3911   0.050706     0.3191   999.5770     -0.001     0.1850      0.000  0.000e+00
     23.000 270.543414         93      0.002    13.3913   0.050694     0.3190   999.5769      0.002     0.1846      0.006  0.000e+00
     23.250 270.543417         94      0.001    13.3914   0.050690     0.3190   999.5768      0.001     0.1858      0.004  0.000e+00
     23.500 270.543420         95     -0.000    13.3915   0.050694     0.3190   999.5768     -0.000     0.1821     -0.004  0.000e+00
     23.750 270.543423         96     -0.000    13.3919   0.050675     0.3189   999.5767     -0.000     0.1862     -0.002  0.000e+00
     24.000 270.543426         97     -0.000    13.3919   0.050665     0.3189   999.5766     -0.000     0.1904      0.000  0.000e+00
     24.250 270.543429         98      0.001    13.3922   0.050640     0.3187   999.5765      0.001     0.1854      0.002  0.000e+00
     24.500 270.543432         99     -0.001    13.3924   0.050621     0.3186   999.5763     -0.001     0.1875     -0.002  0.000e+00
     24.750 270.543435        100      0.002    13.3926   0.050615     0.3185   999.5763      0.002     0.1928      0.002  0.000e+00
     25.000 270.543437        101      0.001    13.3929   0.050593     0.3184   999.5761      0.001     0.1887      0.004  0.000e+00
     25.250 270.543440        102     -0.002    13.3929   0.050584     0.3183   999.5761     -0.002     0.1904     -0.009  0.000e+00
     25.500 270.543443        103     -0.001    13.3932   0.050584     0.3183   999.5760     -0.001     0.1875     -0.004  0.000e+00
     25.750 270.543446        104     -0.000    13.3933   0.050593     0.3184   999.5761     -0.000     0.1904      0.004  0.000e+00
     26.000 270.543449        105     -0.000    13.3935   0.050609     0.3185   999.5761     -0.000     0.1883      0.002  0.000e+00
     26.250 270.543452        106     -0.000    13.3937   0.050612     0.3185   999.5761     -0.000     0.1875      0.000  0.000e+00
     26.500 270.543455        107     -0.000    13.3940   0.050624     0.3186   999.5761     -0.000     0.1871     -0.000  0.000e+00
     26.750 270.543458        108     -0.000    13.3941   0.050612     0.3185   999.5761     -0.000     0.1904     -0.000  0.000e+00
     27.000 270.543461        109      0.003    13.3944   0.050593     0.3184   999.5759      0.003     0.1920      0.006  0.000e+00
     27.250 270.543464        110      0.001    13.3945   0.050574     0.3182   999.5758      0.001     0.1937      0.002  0.000e+00
     27.500 270.543466        111     -0.000    13.3945   0.050552     0.3181   999.5757     -0.000     0.1854     -0.006  0.000e+00
     27.750 270.543469        112      0.001    13.3949   0.050546     0.3181   999.5756      0.001     0.1862     -0.000  0.000e+00
     28.000 270.543472        113      0.001    13.3950   0.050552     0.3181   999.5756      0.001     0.1846      0.002  0.000e+00
     28.250 270.543475        114      0.001    13.3952   0.050537     0.3180   999.5755      0.001     0.1912     -0.000  0.000e+00
     28.500 270.543478        115     -0.000    13.3954   0.050552     0.3181   999.5756     -0.000     0.1887     -0.002  0.000e+00
     28.750 270.543481        116      0.001    13.3955   0.050555     0.3181   999.5756      0.001     0.1920      0.000  0.000e+00
     29.000 270.543484        117      0.001    13.3957   0.050559     0.3181   999.5756      0.001     0.1867      0.002  0.000e+00
     29.250 270.543487        118     -0.000    13.3958   0.050546     0.3180   999.5755     -0.000     0.1871     -0.002  0.000e+00
     29.500 270.543490        119     -0.000    13.3961   0.050543     0.3180   999.5754     -0.000     0.1879     -0.002  0.000e+00
     29.750 270.543492        120      0.001    13.3963   0.050555     0.3181   999.5755      0.001     0.1895      0.002  0.000e+00
