Raw_Data/Cage/SBE19/2020-09-21_SBE19_005_017_processed.cnv
* Sea-Bird SBE19plus Data File:
* FileName = C:\cruises\2020_barkerboys\leg2\data\cage\SBE19\2020-09-25_SBE19_004_017.hex
* Software Version 1.59
* Temperature SN =  4881
* Conductivity SN =  4881
* System UpLoad Time = Sep 25 2020 12:35:01
* ds
* SeacatPlus V 1.5  SERIAL NO. 4881    25 Sep 2020  12:15:39
# nquan = 12
# nvalues = 2955                                  
# units = specified
# name 0 = timeS: Time, Elapsed [seconds]
# name 1 = timeJ: Julian Days
# name 2 = scan: Scan Count
# name 3 = depSM: Depth [salt water, m], lat = 44.00
# name 4 = tv290C: Temperature [ITS-90, deg C]
# name 5 = c0S/m: Conductivity [S/m]
# name 6 = sal00: Salinity, Practical [PSU]
# name 7 = density00: Density [density, kg/m^3]
# name 8 = prdM: Pressure, Strain Gauge [db]
# name 9 = wetStar: Fluorescence, WET Labs WETstar [mg/m^3]
# name 10 = dz/dtM: Descent Rate [m/s]
# name 11 = flag:  0.000e+00
# span 0 =      0.000,    738.500                 
# span 1 = 265.577442, 265.585990                 
# span 2 =          1,       2955                 
# span 3 =      0.164,    179.851                 
# span 4 =     9.8175,    13.2823                 
# span 5 =   0.000950,   3.863692                 
# span 6 =     0.0105,    33.5472                 
# span 7 =   999.3756,  1026.6668                 
# span 8 =      0.166,    181.385                 
# span 9 =     0.1038,     3.7463                 
# span 10 =     -1.488,      1.280                
# span 11 = 0.0000e+00, 0.0000e+00                
# interval = seconds: 0.25
# start_time = Sep 21 2020 13:51:31 [Instrument's time stamp, header]
# bad_flag = -9.990e-29
*END*
[from data line 241]
     60.250 265.578139        242      0.170    13.0926   0.000965     0.0106   999.3761      0.171     0.1595      0.004  0.000e+00
     60.500 265.578142        243      0.167    13.0927   0.000959     0.0106   999.3761      0.169     0.1603      0.002  0.000e+00
     60.750 265.578145        244      0.170    13.0925   0.000968     0.0106   999.3762      0.171     0.1574      0.000  0.000e+00
     61.000 265.578148        245      0.170    13.0924   0.000968     0.0106   999.3762      0.171     0.1599      0.004  0.000e+00
     61.250 265.578151        246      0.168    13.0924   0.000956     0.0106   999.3761      0.170     0.1615     -0.002  0.000e+00
     61.500 265.578154        247      0.168    13.0923   0.000959     0.0106   999.3761      0.170     0.1607     -0.002  0.000e+00
     61.750 265.578157        248      0.170    13.0923   0.000968     0.0106   999.3762      0.171     0.1603      0.002  0.000e+00
     62.000 265.578160        249      0.168    13.0925   0.000959     0.0106   999.3761      0.170     0.1611     -0.000  0.000e+00
     62.250 265.578163        250      0.167    13.0926   0.000965     0.0106   999.3761      0.169     0.1607     -0.004  0.000e+00
     62.500 265.578166        251      0.167    13.0929   0.000959     0.0106   999.3761      0.169     0.1599     -0.002  0.000e+00
     62.750 265.578168        252      0.167    13.0931   0.000959     0.0106   999.3760      0.169     0.1574 3.7896e-14  0.000e+00
     63.000 265.578171        253      0.170    13.0934   0.000953     0.0106   999.3760      0.171     0.1607      0.004  0.000e+00
     63.250 265.578174        254      0.171    13.0937   0.000959     0.0106   999.3760      0.172     0.1578      0.006  0.000e+00
     63.500 265.578177        255      0.167    13.0940   0.000965     0.0106   999.3759      0.169     0.1599     -0.004  0.000e+00
     63.750 265.578180        256      0.169    13.0943   0.000959     0.0106   999.3759      0.170     0.1607     -0.004  0.000e+00
     64.000 265.578183        257      0.171    13.0948   0.000959     0.0106   999.3758      0.172     0.1582      0.006  0.000e+00
     64.250 265.578186        258      0.169    13.0952   0.000953     0.0106   999.3757      0.170     0.1553      0.000  0.000e+00
     64.500 265.578189        259      0.169    13.0953   0.000950     0.0105   999.3757      0.170     0.1549     -0.004  0.000e+00
     64.750 265.578192        260      0.168    13.0956   0.000959     0.0106   999.3757      0.170     0.1586     -0.000  0.000e+00
     65.000 265.578194        261      0.169    13.0958   0.000959     0.0106   999.3757      0.170     0.1549     -0.000  0.000e+00
     65.250 265.578197        262      0.170    13.0961   0.000959     0.0106   999.3757      0.171     0.1599      0.002  0.000e+00
     65.500 265.578200        263      0.171    13.0967   0.000965     0.0106   999.3756      0.172     0.1586      0.004  0.000e+00
     65.750 265.578203        264      0.171    13.0968   0.000959     0.0106   999.3756      0.172     0.1603      0.002  0.000e+00
     66.000 265.578206        265      0.170    13.0968   0.000968     0.0106   999.3756      0.171     0.1619     -0.002  0.000e+00
     66.250 265.578209        266      0.169    13.0968   0.000959     0.0106   999.3756      0.170     0.1590     -0.004  0.000e+00
     66.500 265.578212        267      0.171    13.0963   0.000959     0.0106   999.3756      0.172     0.1578      0.002  0.000e+00
     66.750 265.578215        268      0.169    13.0962   0.000965     0.0106   999.3757      0.170     0.1570 3.7896e-14  0.000e+00
     67.000 265.578218        269      0.170    13.0961   0.000959     0.0106   999.3757      0.171     0.1553     -0.002  0.000e+00
     67.250 265.578220        270      0.169    13.0958   0.000959     0.0106   999.3757      0.170     0.1574      0.000  0.000e+00
     67.500 265.578223        271      0.171    13.0958   0.000959     0.0106   999.3757      0.172     0.1582      0.002  0.000e+00
     67.750 265.578226        272      0.167    13.0958   0.000965     0.0106   999.3757      0.169     0.1578     -0.002  0.000e+00
     68.000 265.578229        273      0.171    13.0958   0.000959     0.0106   999.3757      0.172     0.1590      0.000  0.000e+00
     68.250 265.578232        274      0.204    13.0800   0.005616     0.0366   999.3982      0.205     0.1619      0.073  0.000e+00
     68.500 265.578235        275      0.230    13.0519   1.262688     9.6248  1006.8095      0.232     0.1599      0.120  0.000e+00
     68.750 265.578238        276      0.344    13.0834   3.668777    30.8852  1023.1928      0.347     0.1586      0.283  0.000e+00
     69.000 265.578241        277      0.473    13.1277   3.711947    31.2529  1023.4691      0.477     0.1607      0.490  0.000e+00
     69.250 265.578244        278      0.593    13.1635   3.753703    31.6144  1023.7422      0.598     0.1611      0.502  0.000e+00
     69.500 265.578247        279      0.759    13.1912   3.771318    31.7563  1023.8473      0.765     0.1623      0.575  0.000e+00
     69.750 265.578249        280      0.930    13.2090   3.782004    31.8414  1023.9104      0.937     0.1562      0.678  0.000e+00
     70.000 265.578252        281      1.104    13.2193   3.792729    31.9332  1023.9801      1.112     0.1599      0.696  0.000e+00
     70.250 265.578255        282      1.259    13.2248   3.796253    31.9615  1024.0016      1.269     0.1611      0.663  0.000e+00
     70.500 265.578258        283      1.367    13.2282   3.738748    31.4205  1023.5831      1.378     0.1574      0.530  0.000e+00
     70.750 265.578261        284      1.409    13.2294   3.783917    31.8421  1023.9090      1.421     0.1603      0.303  0.000e+00
     71.000 265.578264        285      1.416    13.2264   3.782164    31.8281  1023.8988      1.427     0.1599      0.099  0.000e+00
     71.250 265.578267        286      1.396    13.2226   3.751736    31.5465  1023.6818      1.408     0.1582     -0.026  0.000e+00
     71.500 265.578270        287      1.388    13.2190   3.769480    31.7156  1023.8131      1.399     0.1595     -0.056  0.000e+00
     71.750 265.578273        288      1.428    13.2187   3.808358    32.0800  1024.0952      1.440     0.1611      0.064  0.000e+00
     72.000 265.578275        289      1.556    13.2225   3.823424    32.2181  1024.2019      1.569     0.1603      0.339  0.000e+00
     72.250 265.578278        290      1.784    13.2268   3.831709    32.2921  1024.2593      1.799     0.1570      0.717  0.000e+00
     72.500 265.578281        291      2.051    13.2305   3.837018    32.3387  1024.2958      2.068     0.1615      0.998  0.000e+00
     72.750 265.578284        292      2.337    13.2337   3.840867    32.3720  1024.3222      2.356     0.1582      1.114  0.000e+00
     73.000 265.578287        293      2.602    13.2357   3.842209    32.3827  1024.3313      2.623     0.1566      1.110  0.000e+00
     73.250 265.578290        294      2.832    13.2370   3.839486    32.3560  1024.3114      2.855     0.1566      0.998  0.000e+00
     73.500 265.578293        295      2.984    13.2380   3.835879    32.3212  1024.2850      3.008     0.1615      0.771  0.000e+00
     73.750 265.578296        296      3.033    13.2368   3.843323    32.3921  1024.3403      3.058     0.1566      0.406  0.000e+00
     74.000 265.578299        297      2.996    13.2339   3.834605    32.3127  1024.2793      3.020     0.1780      0.024  0.000e+00
     74.250 265.578302        298      2.943    13.2319   3.831636    32.2866  1024.2593      2.967     0.1582     -0.183  0.000e+00
     74.500 265.578304        299      2.898    13.2309   3.843913    32.4027  1024.3490      2.922     0.1570     -0.198  0.000e+00
     74.750 265.578307        300      2.902    13.2322   3.849330    32.4525  1024.3873      2.926     0.1566     -0.082  0.000e+00
     75.000 265.578310        301      2.990    13.2345   3.850578    32.4622  1024.3948      3.014     0.1578      0.185  0.000e+00
     75.250 265.578313        302      3.182    13.2366   3.851821    32.4720  1024.4028      3.208     0.1578      0.565  0.000e+00
     75.500 265.578316        303      3.455    13.2392   3.852714    32.4780  1024.4082      3.483     0.1599      0.938  0.000e+00
     75.750 265.578319        304      3.739    13.2424   3.853204    32.4798  1024.4102      3.770     0.1537      1.123  0.000e+00
     76.000 265.578322        305      4.019    13.2436   3.853063    32.4774  1024.4094      4.052     0.1570      1.138  0.000e+00
     76.250 265.578325        306      4.287    13.2426   3.853104    32.4785  1024.4117      4.322     0.1603      1.104  0.000e+00
     76.500 265.578328        307      4.498    13.2386   3.849907    32.4518  1024.3927      4.534     1.2381      0.964  0.000e+00
     76.750 265.578330        308      4.598    13.2346   3.852855    32.4829  1024.4180      4.635     1.9875      0.627  0.000e+00
     77.000 265.578333        309      4.595    13.2325   3.852285    32.4793  1024.4157      4.632     1.8153      0.195  0.000e+00
     77.250 265.578336        310      4.546    13.2329   3.849162    32.4496  1024.3924      4.582     1.8857     -0.105  0.000e+00
     77.500 265.578339        311      4.514    13.2337   3.848115    32.4392  1024.3840      4.550     1.9438     -0.163  0.000e+00
     77.750 265.578342        312      4.531    13.2324   3.852070    32.4774  1024.4139      4.567     2.0785     -0.030  0.000e+00
     78.000 265.578345        313      4.616    13.2294   3.853849    32.4966  1024.4298      4.653     2.0901      0.206  0.000e+00
     78.250 265.578348        314      4.783    13.2271   3.854770    32.5072  1024.4391      4.822     2.0320      0.509  0.000e+00
     78.500 265.578351        315      5.029    13.2262   3.855589    32.5155  1024.4469      5.070     2.0925      0.833  0.000e+00
     78.750 265.578354        316      5.283    13.2260   3.855731    32.5170  1024.4492      5.325     2.0217      1.007  0.000e+00
     79.000 265.578356        317      5.492    13.2249   3.853635    32.4981  1024.4358      5.537     1.9904      0.934  0.000e+00
     79.250 265.578359        318      5.618    13.2227   3.853219    32.4960  1024.4351      5.664     2.0633      0.676  0.000e+00
     79.500 265.578362        319      5.646    13.2221   3.853245    32.4968  1024.4360      5.691     2.2128      0.309  0.000e+00
     79.750 265.578365        320      5.622    13.2245   3.852641    32.4891  1024.4294      5.668     2.0971      0.009  0.000e+00
     80.000 265.578368        321      5.567    13.2270   3.851855    32.4795  1024.4213      5.612     2.0625     -0.159  0.000e+00
     80.250 265.578371        322      5.486    13.2282   3.851257    32.4729  1024.4156      5.530     2.0266     -0.275  0.000e+00
     80.500 265.578374        323      5.396    13.2274   3.851184    32.4730  1024.4154      5.440     2.2487     -0.344  0.000e+00
     80.750 265.578377        324      5.338    13.2243   3.851895    32.4823  1024.4230      5.381     3.0690     -0.298  0.000e+00
     81.000 265.578380        325      5.315    13.2207   3.852460    32.4907  1024.4301      5.358     2.2264     -0.165  0.000e+00
     81.250 265.578383        326      5.312    13.2183   3.852513    32.4933  1024.4326      5.355     2.1131     -0.052  0.000e+00
     81.500 265.578385        327      5.335    13.2169   3.852816    32.4973  1024.4360      5.378     2.1168      0.041  0.000e+00
     81.750 265.578388        328      5.376    13.2166   3.853991    32.5086  1024.4450      5.420     2.3142      0.129  0.000e+00
     82.000 265.578391        329      5.421    13.2161   3.854407    32.5129  1024.4486      5.465     2.2606      0.174  0.000e+00
     82.250 265.578394        330      5.441    13.2167   3.854380    32.5121  1024.4480      5.485     2.1531      0.131  0.000e+00
     82.500 265.578397        331      5.432    13.2176   3.854206    32.5097  1024.4459      5.476     2.2165      0.021  0.000e+00
     82.750 265.578400        332      5.408    13.2183   3.853883    32.5061  1024.4429      5.452     2.3653     -0.067  0.000e+00
     83.000 265.578403        333      5.375    13.2185   3.854172    32.5086  1024.4447      5.419     2.1107     -0.114  0.000e+00
     83.250 265.578406        334      5.349    13.2191   3.854414    32.5105  1024.4458      5.392     2.0270     -0.120  0.000e+00
     83.500 265.578409        335      5.340    13.2198   3.855556    32.5206  1024.4535      5.383     2.0258     -0.071  0.000e+00
     83.750 265.578411        336      5.357    13.2204   3.855946    32.5237  1024.4559      5.401     2.0435      0.017  0.000e+00
     84.000 265.578414        337      5.392    13.2191   3.855764    32.5231  1024.4558      5.436     2.0789      0.105  0.000e+00
     84.250 265.578417        338      5.436    13.2166   3.855590    32.5236  1024.4569      5.480     2.0579      0.159  0.000e+00
     84.500 265.578420        339      5.473    13.2139   3.855059    32.5209  1024.4555      5.518     2.0052      0.163  0.000e+00
     84.750 265.578423        340      5.486    13.2122   3.853460    32.5074  1024.4454      5.530     2.1119      0.101  0.000e+00
     85.000 265.578426        341      5.464    13.2112   3.853635    32.5099  1024.4475      5.508     2.0921     -0.019  0.000e+00
     85.250 265.578429        342      5.402    13.2101   3.853601    32.5105  1024.4479      5.446     2.2137     -0.170  0.000e+00
     85.500 265.578432        343      5.310    13.2100   3.853635    32.5109  1024.4478      5.353     2.3653     -0.309  0.000e+00
     85.750 265.578435        344      5.211    13.2111   3.853527    32.5090  1024.4457      5.253     2.0831     -0.384  0.000e+00
     86.000 265.578438        345      5.138    13.2124   3.853809    32.5106  1024.4463      5.179     2.1609     -0.348  0.000e+00
     86.250 265.578440        346      5.109    13.2120   3.854313    32.5156  1024.4501      5.150     2.1065     -0.206  0.000e+00
     86.500 265.578443        347      5.144    13.2111   3.854844    32.5214  1024.4550      5.186     2.0167      0.013  0.000e+00
     86.750 265.578446        348      5.225    13.2092   3.854810    32.5227  1024.4567      5.267     2.4584      0.234  0.000e+00
     87.000 265.578449        349      5.318    13.2079   3.855019    32.5257  1024.4597      5.361     2.3389      0.350  0.000e+00
     87.250 265.578452        350      5.408    13.2067   3.854985    32.5264  1024.4609      5.452     2.3612      0.369  0.000e+00
     87.500 265.578455        351      5.470    13.2061   3.854441    32.5218  1024.4577      5.514     2.1749      0.307  0.000e+00
     87.750 265.578458        352      5.497    13.2053   3.854273    32.5208  1024.4572      5.541     2.4415      0.178  0.000e+00
     88.000 265.578461        353      5.472    13.2051   3.854488    32.5231  1024.4589      5.516     2.0736      0.004  0.000e+00
     88.250 265.578464        354      5.402    13.2061   3.854381    32.5213  1024.4570      5.446     2.2425     -0.191  0.000e+00
     88.500 265.578466        355      5.303    13.2102   3.854307    32.5171  1024.4525      5.346     2.1683     -0.341  0.000e+00
     88.750 265.578469        356      5.187    13.2144   3.854098    32.5115  1024.4469      5.229     2.2845     -0.434  0.000e+00
     89.000 265.578472        357      5.086    13.2168   3.853883    32.5075  1024.4428      5.127     2.1617     -0.438  0.000e+00
     89.250 265.578475        358      5.022    13.2179   3.853883    32.5066  1024.4416      5.062     2.2598     -0.333  0.000e+00
     89.500 265.578478        359      5.024    13.2179   3.853897    32.5067  1024.4417      5.064     2.1926     -0.125  0.000e+00
     89.750 265.578481        360      5.087    13.2162   3.854414    32.5130  1024.4472      5.128     2.3187      0.131  0.000e+00
