Raw_Data/Cage/SBE19/2020-09-26_SBE19_008_039_processed.cnv
* Sea-Bird SBE19plus Data File:
* FileName = C:\cruises\2020_barkerboys\leg2\data\cage\SBE19\2020-09-25_SBE19_008_037039.hex
* Software Version 1.59
* Temperature SN =  4881
* Conductivity SN =  4881
* System UpLoad Time = Sep 26 2020 18:14:16
* ds
* SeacatPlus V 1.5  SERIAL NO. 4881    26 Sep 2020  18:11:53
# nquan = 12
# nvalues = 2196                                  
# units = specified
# name 0 = timeS: Time, Elapsed [seconds]
# name 1 = timeJ: Julian Days
# name 2 = scan: Scan Count
# name 3 = depSM: Depth [salt water, m], lat = 44.00
# name 4 = tv290C: Temperature [ITS-90, deg C]
# name 5 = c0S/m: Conductivity [S/m]
# name 6 = sal00: Salinity, Practical [PSU]
# name 7 = density00: Density [density, kg/m^3]
# name 8 = prdM: Pressure, Strain Gauge [db]
# name 9 = wetStar: Fluorescence, WET Labs WETstar [mg/m^3]
# name 10 = dz/dtM: Descent Rate [m/s]
# name 11 = flag:  0.000e+00
# span 0 =      0.000,    548.750                 
# span 1 = 270.566562, 270.572914                 
# span 2 =          1,       2196                 
# span 3 =      0.001,    144.756                 
# span 4 =    10.1974,    12.4857                 
# span 5 =   0.050013,   3.790649                 
# span 6 =     0.3236,    33.4042                 
# span 7 =   999.7197,  1026.3319                 
# span 8 =      0.001,    145.979                 
# span 9 =     0.1615,    16.9494                 
# span 10 =     -1.125,      1.231                
# span 11 = 0.0000e+00, 0.0000e+00                
# interval = seconds: 0.25
# start_time = Sep 26 2020 13:35:51 [Instrument's time stamp, header]
# bad_flag = -9.990e-29
*END*
[from data line 1444]
    361.000 270.570741       1445    114.967    11.0647   3.717427    33.0327  1025.7554    115.929     0.3778     -0.604  0.000e+00
    361.250 270.570744       1446    114.820    11.0696   3.717665    33.0307  1025.7523    115.781     0.3510     -0.591  0.000e+00
    361.500 270.570747       1447    114.666    11.0757   3.717764    33.0263  1025.7471    115.626     0.3358     -0.606  0.000e+00
    361.750 270.570749       1448    114.494    11.0802   3.718413    33.0288  1025.7475    115.452     0.4355     -0.658  0.000e+00
    362.000 270.570752       1449    114.304    11.0871   3.718519    33.0237  1025.7414    115.261     0.3729     -0.731  0.000e+00
    362.250 270.570755       1450    114.100    11.0935   3.718446    33.0173  1025.7343    115.056     0.3444     -0.793  0.000e+00
    362.500 270.570758       1451    113.896    11.0976   3.718717    33.0164  1025.7320    114.849     0.4174     -0.823  0.000e+00
    362.750 270.570761       1452    113.705    11.1015   3.719333    33.0191  1025.7325    114.657     0.4544     -0.797  0.000e+00
    363.000 270.570764       1453    113.529    11.1087   3.719538    33.0147  1025.7270    114.480     0.3560     -0.739  0.000e+00
    363.250 270.570767       1454    113.376    11.1163   3.719875    33.0113  1025.7222    114.325     0.3873     -0.664  0.000e+00
    363.500 270.570770       1455    113.233    11.1236   3.719981    33.0058  1025.7161    114.181     0.3576     -0.597  0.000e+00
    363.750 270.570773       1456    113.087    11.1291   3.720080    33.0020  1025.7114    114.034     0.3325     -0.582  0.000e+00
    364.000 270.570775       1457    112.930    11.1324   3.720080    32.9991  1025.7078    113.875     0.4450     -0.613  0.000e+00
    364.250 270.570778       1458    112.747    11.1353   3.720557    33.0013  1025.7082    113.691     0.3683     -0.686  0.000e+00
    364.500 270.570781       1459    112.549    11.1400   3.720967    33.0012  1025.7064    113.491     0.4367     -0.767  0.000e+00
    364.750 270.570784       1460    112.337    11.1473   3.720762    32.9927  1025.6975    113.277     0.5175     -0.827  0.000e+00
    365.000 270.570787       1461    112.134    11.1511   3.720967    32.9914  1025.6949    113.072     0.5187     -0.838  0.000e+00
    365.250 270.570790       1462    111.946    11.1536   3.721133    32.9909  1025.6932    112.883     0.4676     -0.789  0.000e+00
    365.500 270.570793       1463    111.781    11.1566   3.721378    32.9907  1025.6918    112.716     0.4326     -0.711  0.000e+00
    365.750 270.570796       1464    111.636    11.1606   3.721411    32.9875  1025.6879    112.570     0.3564     -0.625  0.000e+00
    366.000 270.570799       1465    111.501    11.1640   3.721444    32.9848  1025.6846    112.434     0.3659     -0.565  0.000e+00
    366.250 270.570802       1466    111.356    11.1661   3.721477    32.9833  1025.6824    112.288     0.5150     -0.565  0.000e+00
    366.500 270.570804       1467    111.189    11.1674   3.721516    32.9827  1025.6809    112.119     0.4400     -0.630  0.000e+00
    366.750 270.570807       1468    110.996    11.1684   3.721616    32.9828  1025.6799    111.924     0.3745     -0.726  0.000e+00
    367.000 270.570810       1469    110.789    11.1702   3.721887    32.9840  1025.6796    111.716     0.4207     -0.806  0.000e+00
    367.250 270.570813       1470    110.572    11.1730   3.721821    32.9809  1025.6756    111.497     0.3725     -0.855  0.000e+00
    367.500 270.570816       1471    110.361    11.1753   3.721993    32.9806  1025.6740    111.284     0.3655     -0.864  0.000e+00
    367.750 270.570819       1472    110.166    11.1776   3.722125    32.9800  1025.6723    111.087     0.3758     -0.819  0.000e+00
    368.000 270.570822       1473    109.996    11.1802   3.722297    32.9794  1025.6706    110.915     0.3432     -0.737  0.000e+00
    368.250 270.570825       1474    109.840    11.1832   3.722436    32.9781  1025.6683    110.758     0.5888     -0.658  0.000e+00
    368.500 270.570828       1475    109.689    11.1865   3.722536    32.9762  1025.6656    110.606     0.4470     -0.619  0.000e+00
    368.750 270.570830       1476    109.533    11.1891   3.722436    32.9730  1025.6619    110.449     0.3774     -0.619  0.000e+00
    369.000 270.570833       1477    109.363    11.1910   3.722675    32.9738  1025.6614    110.277     0.3968     -0.658  0.000e+00
    369.250 270.570836       1478    109.177    11.1928   3.722979    32.9752  1025.6613    110.090     0.4273     -0.718  0.000e+00
    369.500 270.570839       1479    108.977    11.1968   3.723357    32.9755  1025.6599    109.888     0.6501     -0.778  0.000e+00
    369.750 270.570842       1480    108.769    11.2024   3.723251    32.9694  1025.6532    109.678     0.6151     -0.823  0.000e+00
    370.000 270.570845       1481    108.568    11.2066   3.723217    32.9654  1025.6484    109.475     0.4137     -0.825  0.000e+00
    370.250 270.570848       1482    108.383    11.2085   3.723555    32.9672  1025.6486    109.288     0.5410     -0.780  0.000e+00
    370.500 270.570851       1483    108.223    11.2115   3.723694    32.9659  1025.6464    109.127     0.4956     -0.696  0.000e+00
    370.750 270.570854       1484    108.066    11.2153   3.723999    32.9656  1025.6448    108.969     0.4091     -0.638  0.000e+00
    371.000 270.570856       1485    107.907    11.2196   3.724105    32.9629  1025.6411    108.809     0.4297     -0.636  0.000e+00
    371.250 270.570859       1486    107.734    11.2234   3.724409    32.9625  1025.6393    108.634     0.4380     -0.671  0.000e+00
    371.500 270.570862       1487    107.542    11.2278   3.724681    32.9614  1025.6368    108.441     0.3782     -0.737  0.000e+00
    371.750 270.570865       1488    107.333    11.2336   3.724648    32.9560  1025.6306    108.230     0.3935     -0.808  0.000e+00
    372.000 270.570868       1489    107.124    11.2372   3.724442    32.9508  1025.6250    108.019     0.4664     -0.842  0.000e+00
    372.250 270.570871       1490    106.928    11.2381   3.724614    32.9517  1025.6246    107.822     0.4260     -0.817  0.000e+00
    372.500 270.570874       1491    106.757    11.2389   3.724753    32.9524  1025.6243    107.649     0.4132     -0.741  0.000e+00
    372.750 270.570877       1492    106.615    11.2404   3.724819    32.9519  1025.6229    107.506     0.5838     -0.632  0.000e+00
    373.000 270.570880       1493    106.486    11.2420   3.724925    32.9515  1025.6217    107.376     0.4223     -0.546  0.000e+00
    373.250 270.570883       1494    106.356    11.2437   3.724925    32.9501  1025.6197    107.245     0.3786     -0.522  0.000e+00
    373.500 270.570885       1495    106.212    11.2451   3.724958    32.9492  1025.6182    107.100     0.3959     -0.552  0.000e+00
    373.750 270.570888       1496    106.042    11.2461   3.724991    32.9487  1025.6168    106.928     0.3753     -0.634  0.000e+00
    374.000 270.570891       1497    105.843    11.2470   3.724991    32.9480  1025.6152    106.727     0.3762     -0.746  0.000e+00
    374.250 270.570894       1498    105.624    11.2477   3.725263    32.9501  1025.6157    106.506     0.4956     -0.842  0.000e+00
    374.500 270.570897       1499    105.396    11.2498   3.725263    32.9483  1025.6129    106.276     0.4005     -0.900  0.000e+00
    374.750 270.570900       1500    105.172    11.2518   3.725402    32.9480  1025.6113    106.050     0.4462     -0.913  0.000e+00
    375.000 270.570903       1501    104.960    11.2542   3.725501    32.9469  1025.6090    105.836     0.4326     -0.881  0.000e+00
    375.250 270.570906       1502    104.766    11.2567   3.725547    32.9453  1025.6064    105.640     0.4100     -0.819  0.000e+00
    375.500 270.570909       1503    104.585    11.2587   3.725739    32.9455  1025.6054    105.458     0.3626     -0.756  0.000e+00
    375.750 270.570911       1504    104.416    11.2610   3.725879    32.9448  1025.6037    105.288     0.5208     -0.705  0.000e+00
    376.000 270.570914       1505    104.252    11.2635   3.725845    32.9423  1025.6005    105.122     0.4652     -0.671  0.000e+00
    376.250 270.570917       1506    104.084    11.2650   3.725945    32.9420  1025.5993    104.953     0.4380     -0.670  0.000e+00
    376.500 270.570920       1507    103.910    11.2668   3.726117    32.9422  1025.5983    104.778     0.3444     -0.690  0.000e+00
    376.750 270.570923       1508    103.720    11.2694   3.726388    32.9427  1025.5973    104.585     0.3803     -0.735  0.000e+00
    377.000 270.570926       1509    103.523    11.2736   3.726733    32.9424  1025.5954    104.387     0.4499     -0.780  0.000e+00
    377.250 270.570929       1510    103.322    11.2787   3.726832    32.9389  1025.5909    104.184     0.4697     -0.802  0.000e+00
    377.500 270.570932       1511    103.125    11.2832   3.726733    32.9340  1025.5854    103.986     0.3902     -0.804  0.000e+00
    377.750 270.570935       1512    102.931    11.2856   3.726938    32.9339  1025.5840    103.790     0.3828     -0.789  0.000e+00
    378.000 270.570938       1513    102.742    11.2877   3.727037    32.9331  1025.5821    103.599     0.3696     -0.774  0.000e+00
    378.250 270.570940       1514    102.563    11.2904   3.727342    32.9338  1025.5813    103.418     0.3692     -0.744  0.000e+00
    378.500 270.570943       1515    102.386    11.2940   3.727587    32.9331  1025.5793    103.240     0.4499     -0.718  0.000e+00
    378.750 270.570946       1516    102.210    11.2983   3.727925    32.9326  1025.5774    103.063     0.4058     -0.711  0.000e+00
    379.000 270.570949       1517    102.044    11.3036   3.728197    32.9306  1025.5741    102.895     0.3758     -0.690  0.000e+00
    379.250 270.570952       1518    101.880    11.3096   3.728435    32.9277  1025.5700    102.730     0.4145     -0.666  0.000e+00
    379.500 270.570955       1519    101.708    11.3155   3.728879    32.9268  1025.5675    102.557     0.3774     -0.677  0.000e+00
    379.750 270.570958       1520    101.535    11.3224   3.728846    32.9204  1025.5605    102.381     0.4268     -0.696  0.000e+00
    380.000 270.570961       1521    101.353    11.3285   3.729124    32.9178  1025.5565    102.199     0.4149     -0.716  0.000e+00
    380.250 270.570964       1522    101.169    11.3335   3.729396    32.9162  1025.5535    102.013     0.3655     -0.737  0.000e+00
    380.500 270.570966       1523    100.990    11.3382   3.729601    32.9141  1025.5502    101.832     0.4227     -0.733  0.000e+00
    380.750 270.570969       1524    100.824    11.3435   3.729734    32.9106  1025.5458    101.665     0.4120     -0.696  0.000e+00
    381.000 270.570972       1525    100.667    11.3477   3.730111    32.9107  1025.5444    101.507     0.3638     -0.651  0.000e+00
    381.250 270.570975       1526    100.512    11.3528   3.730350    32.9085  1025.5410    101.350     0.3585     -0.630  0.000e+00
    381.500 270.570978       1527    100.355    11.3585   3.731517    32.9150  1025.5443    101.192     0.4091     -0.630  0.000e+00
    381.750 270.570981       1528    100.182    11.3690   3.731961    32.9101  1025.5378    101.017     0.3782     -0.666  0.000e+00
    382.000 270.570984       1529     99.990    11.3818   3.732537    32.9044  1025.5302    100.823     0.4577     -0.737  0.000e+00
    382.250 270.570987       1530     99.778    11.3938   3.732709    32.8955  1025.5201    100.610     0.4256     -0.814  0.000e+00
    382.500 270.570990       1531     99.564    11.4040   3.732643    32.8859  1025.5098    100.394     0.5488     -0.860  0.000e+00
    382.750 270.570992       1532     99.355    11.4097   3.733153    32.8860  1025.5079    100.183     0.4355     -0.853  0.000e+00
    383.000 270.570995       1533     99.173    11.4163   3.734254    32.8909  1025.5096     99.999     0.4343     -0.789  0.000e+00
    383.250 270.570998       1534     99.012    11.4287   3.734698    32.8844  1025.5016     99.837     0.4487     -0.692  0.000e+00
    383.500 270.571001       1535     98.869    11.4416   3.734904    32.8750  1025.4913     99.693     0.4083     -0.612  0.000e+00
    383.750 270.571004       1536     98.725    11.4511   3.735348    32.8709  1025.4857     99.548     0.3745     -0.578  0.000e+00
    384.000 270.571007       1537     98.567    11.4590   3.735480    32.8652  1025.4791     99.388     0.4322     -0.610  0.000e+00
    384.250 270.571010       1538     98.384    11.4655   3.735553    32.8603  1025.4733     99.204     0.4112     -0.688  0.000e+00
    384.500 270.571013       1539     98.181    11.4706   3.736097    32.8611  1025.4721     98.999     0.4211     -0.778  0.000e+00
    384.750 270.571016       1540     97.966    11.4779   3.736236    32.8561  1025.4658     98.782     0.4367     -0.844  0.000e+00
    385.000 270.571019       1541     97.756    11.4849   3.736170    32.8493  1025.4583     98.570     0.3902     -0.858  0.000e+00
    385.250 270.571021       1542     97.560    11.4889   3.736302    32.8472  1025.4551     98.373     0.7449     -0.819  0.000e+00
    385.500 270.571024       1543     97.381    11.4915   3.736475    32.8466  1025.4533     98.192     0.4952     -0.756  0.000e+00
    385.750 270.571027       1544     97.213    11.4947   3.736786    32.8469  1025.4522     98.022     0.5834     -0.701  0.000e+00
    386.000 270.571030       1545     97.045    11.4988   3.736952    32.8449  1025.4492     97.854     0.4569     -0.677  0.000e+00
    386.250 270.571033       1546     96.874    11.5028   3.737091    32.8429  1025.4461     97.681     0.4227     -0.683  0.000e+00
    386.500 270.571036       1547     96.696    11.5058   3.737231    32.8416  1025.4437     97.501     0.4524     -0.705  0.000e+00
    386.750 270.571039       1548     96.516    11.5092   3.737297    32.8394  1025.4405     97.320     0.4586     -0.722  0.000e+00
    387.000 270.571042       1549     96.328    11.5120   3.737814    32.8420  1025.4412     97.131     0.4363     -0.741  0.000e+00
    387.250 270.571045       1550     96.140    11.5160   3.737814    32.8385  1025.4369     96.940     0.4310     -0.759  0.000e+00
    387.500 270.571047       1551     95.946    11.5202   3.737708    32.8339  1025.4317     96.745     0.4170     -0.771  0.000e+00
    387.750 270.571050       1552     95.762    11.5222   3.737641    32.8315  1025.4286     96.559     0.4693     -0.763  0.000e+00
    388.000 270.571053       1553     95.580    11.5226   3.737674    32.8315  1025.4277     96.376     0.4668     -0.737  0.000e+00
    388.250 270.571056       1554     95.405    11.5231   3.737708    32.8315  1025.4268     96.199     0.5822     -0.720  0.000e+00
    388.500 270.571059       1555     95.235    11.5238   3.737847    32.8323  1025.4265     96.028     0.5286     -0.696  0.000e+00
    388.750 270.571062       1556     95.067    11.5252   3.738019    32.8328  1025.4259     95.859     0.4322     -0.681  0.000e+00
    389.000 270.571065       1557     94.903    11.5269   3.738119    32.8324  1025.4245     95.693     0.4586     -0.670  0.000e+00
    389.250 270.571068       1558     94.740    11.5290   3.738225    32.8316  1025.4228     95.529     0.4149     -0.660  0.000e+00
    389.500 270.571071       1559     94.578    11.5310   3.738085    32.8286  1025.4193     95.365     0.5010     -0.656  0.000e+00
    389.750 270.571073       1560     94.418    11.5320   3.738152    32.8284  1025.4183     95.204     0.4610     -0.649  0.000e+00
    390.000 270.571076       1561     94.257    11.5326   3.738118    32.8276  1025.4168     95.042     0.4660     -0.647  0.000e+00
    390.250 270.571079       1562     94.102    11.5330   3.738224    32.8283  1025.4166     94.885     0.5055     -0.638  0.000e+00
    390.500 270.571082       1563     93.939    11.5340   3.738118    32.8265  1025.4142     94.721     0.4071     -0.642  0.000e+00
