Raw_Data/Cage/SBE19/2020-09-19_SBE19_003_008_processed.cnv
* Sea-Bird SBE19plus Data File:
* FileName = C:\cruises\2020_barkerboys\leg2\data\cage\SBE19\2020-09-25_SBE19_004_008.hex
* Software Version 1.59
* Temperature SN =  4881
* Conductivity SN =  4881
* System UpLoad Time = Sep 25 2020 12:21:40
* ds
* SeacatPlus V 1.5  SERIAL NO. 4881    25 Sep 2020  12:15:39
# nquan = 12
# nvalues = 788                                   
# units = specified
# name 0 = timeS: Time, Elapsed [seconds]
# name 1 = timeJ: Julian Days
# name 2 = scan: Scan Count
# name 3 = depSM: Depth [salt water, m], lat = 44.00
# name 4 = tv290C: Temperature [ITS-90, deg C]
# name 5 = c0S/m: Conductivity [S/m]
# name 6 = sal00: Salinity, Practical [PSU]
# name 7 = density00: Density [density, kg/m^3]
# name 8 = prdM: Pressure, Strain Gauge [db]
# name 9 = wetStar: Fluorescence, WET Labs WETstar [mg/m^3]
# name 10 = dz/dtM: Descent Rate [m/s]
# name 11 = flag:  0.000e+00
# span 0 =      0.000,    196.750                 
# span 1 = 263.759005, 263.761282                 
# span 2 =          1,        788                 
# span 3 =      0.035,      5.417                 
# span 4 =    12.5272,    13.0592                 
# span 5 =   0.048146,   3.837720                 
# span 6 =     0.3058,    32.7329                 
# span 7 =   999.6198,  1024.7171                 
# span 8 =      0.035,      5.460                 
# span 9 =     0.1401,     1.9899                 
# span 10 =     -0.337,      0.756                
# span 11 = 0.0000e+00, 0.0000e+00                
# interval = seconds: 0.25
# start_time = Sep 19 2020 18:12:58 [Instrument's time stamp, header]
# bad_flag = -9.990e-29
*END*
[from data line 361]
     90.250 263.760049        362      0.039    12.7346   0.049931     0.3193   999.6615      0.040     0.1570     -0.004  0.000e+00
     90.500 263.760052        363      0.040    12.7363   0.049937     0.3194   999.6613      0.041     0.1545      0.002  0.000e+00
     90.750 263.760055        364      0.041    12.7382   0.049921     0.3192   999.6610      0.042     0.1574      0.004  0.000e+00
     91.000 263.760058        365      0.039    12.7406   0.049906     0.3191   999.6606      0.040     0.1545     -0.002  0.000e+00
     91.250 263.760061        366      0.039    12.7416   0.049887     0.3190   999.6604      0.040     0.1549     -0.004  0.000e+00
     91.500 263.760064        367      0.040    12.7414   0.049881     0.3189   999.6604      0.041     0.1558      0.002  0.000e+00
     91.750 263.760067        368      0.039    12.7410   0.049878     0.3189   999.6604      0.040     0.1582      0.000  0.000e+00
     92.000 263.760069        369      0.039    12.7407   0.049881     0.3190   999.6605      0.040     0.1558     -0.002  0.000e+00
     92.250 263.760072        370      0.040    12.7406   0.049868     0.3189   999.6604      0.041     0.1574      0.002  0.000e+00
     92.500 263.760075        371      0.040    12.7403   0.049865     0.3189   999.6604      0.041     0.1558      0.002  0.000e+00
     92.750 263.760078        372      0.039    12.7396   0.049840     0.3187   999.6604      0.040     0.1520     -0.002  0.000e+00
     93.000 263.760081        373      0.039    12.7397   0.049840     0.3187   999.6604      0.040     0.1558     -0.002  0.000e+00
     93.250 263.760084        374      0.039    12.7404   0.049818     0.3185   999.6602      0.040     0.1537      0.000  0.000e+00
     93.500 263.760087        375      0.039    12.7407   0.049821     0.3186   999.6602      0.040     0.1504      0.000  0.000e+00
     93.750 263.760090        376      0.039    12.7403   0.049799     0.3184   999.6601      0.040     0.1541      0.000  0.000e+00
     94.000 263.760093        377      0.040    12.7405   0.049793     0.3184   999.6600      0.041     0.1558      0.002  0.000e+00
     94.250 263.760095        378      0.039    12.7420   0.049793     0.3184   999.6598      0.040     0.1504     -0.000  0.000e+00
     94.500 263.760098        379      0.039    12.7431   0.049783     0.3183   999.6596      0.040     0.1533     -0.002  0.000e+00
     94.750 263.760101        380      0.039    12.7432   0.049783     0.3183   999.6596      0.040     0.1537     -0.000  0.000e+00
     95.000 263.760104        381      0.038    12.7440   0.049768     0.3182   999.6594      0.039     0.1525     -0.002  0.000e+00
     95.250 263.760107        382      0.039    12.7445   0.049758     0.3181   999.6593      0.040     0.1508      0.000  0.000e+00
     95.500 263.760110        383      0.039    12.7441   0.049749     0.3181   999.6593      0.040     0.1508      0.002  0.000e+00
     95.750 263.760113        384      0.039    12.7433   0.049736     0.3180   999.6594      0.040     0.1516     -0.000  0.000e+00
     96.000 263.760116        385      0.038    12.7420   0.049721     0.3179   999.6595      0.039     0.1558     -0.002  0.000e+00
     96.250 263.760119        386      0.039    12.7412   0.049711     0.3178   999.6595      0.040     0.1537      0.000  0.000e+00
     96.500 263.760122        387      0.040    12.7427   0.049702     0.3178   999.6593      0.041     0.1578      0.004  0.000e+00
     96.750 263.760124        388      0.039    12.7451   0.049695     0.3177   999.6589      0.040     0.1508      0.000  0.000e+00
     97.000 263.760127        389      0.038    12.7467   0.049683     0.3176   999.6587      0.039     0.1562     -0.004  0.000e+00
     97.250 263.760130        390      0.040    12.7473   0.049674     0.3175   999.6585      0.041     0.1525      0.002  0.000e+00
     97.500 263.760133        391      0.040    12.7467   0.049670     0.3175   999.6586      0.041     0.1520      0.004  0.000e+00
     97.750 263.760136        392      0.039    12.7463   0.049674     0.3175   999.6587      0.040     0.1537     -0.002  0.000e+00
     98.000 263.760139        393      0.039    12.7458   0.049670     0.3175   999.6587      0.040     0.1578     -0.002  0.000e+00
     98.250 263.760142        394      0.039    12.7457   0.049658     0.3174   999.6587      0.040     0.1595      0.000  0.000e+00
     98.500 263.760145        395      0.039    12.7465   0.049661     0.3175   999.6586      0.040     0.1492 -1.895e-14  0.000e+00
     98.750 263.760148        396      0.041    12.7478   0.049664     0.3175   999.6584      0.042     0.1500      0.004  0.000e+00
     99.000 263.760150        397      0.039    12.7495   0.049655     0.3174   999.6582      0.040     0.1553 1.8948e-14  0.000e+00
     99.250 263.760153        398      0.040    12.7509   0.049648     0.3173   999.6579      0.041     0.1549     -0.002  0.000e+00
     99.500 263.760156        399      0.038    12.7522   0.049630     0.3172   999.6577      0.039     0.1520     -0.002  0.000e+00
     99.750 263.760159        400      0.038    12.7532   0.049620     0.3171   999.6575      0.039     0.1516     -0.004  0.000e+00
    100.000 263.760162        401      0.039    12.7543   0.049604     0.3170   999.6573      0.040     0.1504      0.002  0.000e+00
    100.250 263.760165        402      0.040    12.7548   0.049592     0.3169   999.6571      0.041     0.1533      0.004  0.000e+00
    100.500 263.760168        403      0.038    12.7548   0.049579     0.3168   999.6571      0.039     0.1541     -0.002  0.000e+00
    100.750 263.760171        404      0.038    12.7541   0.049573     0.3168   999.6571      0.039     0.1574     -0.004  0.000e+00
    101.000 263.760174        405      0.039    12.7529   0.049573     0.3168   999.6573      0.040     0.1537      0.002  0.000e+00
    101.250 263.760177        406      0.039    12.7510   0.049564     0.3168   999.6575      0.040     0.1525      0.002  0.000e+00
    101.500 263.760179        407      0.038    12.7489   0.049573     0.3169   999.6578      0.039     0.1504     -0.002  0.000e+00
    101.750 263.760182        408      0.040    12.7471   0.049579     0.3169   999.6581      0.041     0.1549      0.002  0.000e+00
    102.000 263.760185        409      0.038    12.7461   0.049592     0.3170   999.6583      0.039     0.1512     -0.000  0.000e+00
    102.250 263.760188        410      0.040    12.7450   0.049579     0.3169   999.6584      0.041     0.1562      0.000  0.000e+00
    102.500 263.760191        411      0.038    12.7437   0.049573     0.3169   999.6585      0.039     0.1582     -0.000  0.000e+00
    102.750 263.760194        412      0.038    12.7432   0.049573     0.3169   999.6585      0.039     0.1541     -0.004  0.000e+00
    103.000 263.760197        413      0.040    12.7437   0.049564     0.3168   999.6584      0.041     0.1529      0.004  0.000e+00
    103.250 263.760200        414      0.039    12.7451   0.049554     0.3168   999.6582      0.040     0.1512      0.002  0.000e+00
    103.500 263.760203        415      0.039    12.7463   0.049539     0.3166   999.6580      0.040     0.1541     -0.002  0.000e+00
    103.750 263.760205        416      0.041    12.7464   0.049523     0.3165   999.6579      0.042     0.1558      0.004  0.000e+00
    104.000 263.760208        417      0.039    12.7450   0.049510     0.3165   999.6580      0.040     0.1574     -0.000  0.000e+00
    104.250 263.760211        418      0.040    12.7436   0.049498     0.3164   999.6581      0.041     0.1545     -0.002  0.000e+00
    104.500 263.760214        419      0.039    12.7426   0.049482     0.3163   999.6582      0.040     0.1529      0.000  0.000e+00
    104.750 263.760217        420      0.038    12.7421   0.049492     0.3164   999.6583      0.039     0.1520     -0.004  0.000e+00
    105.000 263.760220        421      0.040    12.7438   0.049492     0.3164   999.6581      0.041     0.1545      0.002  0.000e+00
    105.250 263.760223        422      0.038    12.7461   0.049498     0.3164   999.6578      0.039     0.1533      0.000  0.000e+00
    105.500 263.760226        423      0.040    12.7488   0.049492     0.3163   999.6574      0.041     0.1525     -0.000  0.000e+00
    105.750 263.760229        424      0.040    12.7497   0.049501     0.3164   999.6573      0.041     0.1537      0.004  0.000e+00
    106.000 263.760231        425      0.039    12.7505   0.049507     0.3164   999.6573      0.040     0.1558     -0.002  0.000e+00
    106.250 263.760234        426      0.038    12.7524   0.049501     0.3164   999.6570      0.039     0.1570     -0.004  0.000e+00
    106.500 263.760237        427      0.038    12.7543   0.049492     0.3163   999.6567      0.039     0.1516     -0.002  0.000e+00
    106.750 263.760240        428      0.040    12.7560   0.049473     0.3161   999.6564      0.041     0.1512      0.004  0.000e+00
    107.000 263.760243        429      0.038    12.7579   0.049451     0.3160   999.6560      0.039     0.1475      0.000  0.000e+00
    107.250 263.760246        430      0.038    12.7590   0.049454     0.3160   999.6559      0.039     0.1549     -0.004  0.000e+00
    107.500 263.760249        431      0.039    12.7593   0.049457     0.3160   999.6559      0.040     0.1566      0.002  0.000e+00
    107.750 263.760252        432      0.038    12.7592   0.049454     0.3160   999.6558      0.039     0.1562      0.000  0.000e+00
    108.000 263.760255        433      0.040    12.7590   0.049457     0.3160   999.6559      0.041     0.1545      0.002  0.000e+00
    108.250 263.760258        434      0.040    12.7590   0.049463     0.3160   999.6559      0.041     0.1541      0.004  0.000e+00
    108.500 263.760260        435      0.040    12.7588   0.049473     0.3161   999.6560      0.041     0.1500      0.000  0.000e+00
    108.750 263.760263        436      0.038    12.7577   0.049454     0.3160   999.6560      0.039     0.1545     -0.004  0.000e+00
    109.000 263.760266        437      0.039    12.7575   0.049432     0.3159   999.6560      0.040     0.1558     -0.002  0.000e+00
    109.250 263.760269        438      0.038    12.7597   0.049426     0.3158   999.6556      0.039     0.1533     -0.000  0.000e+00
    109.500 263.760272        439      0.038    12.7613   0.049416     0.3157   999.6554      0.039     0.1545     -0.002  0.000e+00
    109.750 263.760275        440      0.038    12.7636   0.049401     0.3156   999.6550      0.039     0.1570      0.000  0.000e+00
    110.000 263.760278        441      0.038    12.7658   0.049391     0.3155   999.6547      0.039     0.1545 1.8948e-14  0.000e+00
    110.250 263.760281        442      0.039    12.7678   0.049391     0.3155   999.6544      0.040     0.1562      0.002  0.000e+00
    110.500 263.760284        443      0.039    12.7705   0.049382     0.3154   999.6540      0.040     0.1525      0.002  0.000e+00
    110.750 263.760286        444      0.039    12.7717   0.049385     0.3154   999.6539      0.040     0.1508      0.000  0.000e+00
    111.000 263.760289        445      0.040    12.7707   0.049372     0.3154   999.6539      0.041     0.1492      0.002  0.000e+00
    111.250 263.760292        446      0.038    12.7700   0.049375     0.3154   999.6540      0.039     0.1512     -0.002  0.000e+00
    111.500 263.760295        447      0.039    12.7697   0.049372     0.3154   999.6541      0.040     0.1516     -0.002  0.000e+00
    111.750 263.760298        448      0.037    12.7697   0.049369     0.3153   999.6540      0.038     0.1549     -0.002  0.000e+00
    112.000 263.760301        449      0.039    12.7694   0.049372     0.3154   999.6541      0.040     0.1562      0.000  0.000e+00
    112.250 263.760304        450      0.039    12.7694   0.049369     0.3153   999.6541      0.040     0.1516      0.004  0.000e+00
    112.500 263.760307        451      0.039    12.7690   0.049363     0.3153   999.6541      0.040     0.1508      0.000  0.000e+00
    112.750 263.760310        452      0.039    12.7690   0.049344     0.3152   999.6540      0.040     0.1549 -1.895e-14  0.000e+00
    113.000 263.760313        453      0.040    12.7690   0.049335     0.3151   999.6540      0.041     0.1533      0.002  0.000e+00
    113.250 263.760315        454      0.040    12.7688   0.049335     0.3151   999.6540      0.041     0.1570      0.002  0.000e+00
    113.500 263.760318        455      0.039    12.7681   0.049325     0.3151   999.6540      0.040     0.1520     -0.002  0.000e+00
    113.750 263.760321        456      0.038    12.7677   0.049328     0.3151   999.6541      0.039     0.1545     -0.004  0.000e+00
    114.000 263.760324        457      0.037    12.7685   0.049316     0.3150   999.6539      0.038     0.1545     -0.004  0.000e+00
    114.250 263.760327        458      0.038    12.7707   0.049325     0.3150   999.6537      0.039     0.1553      0.000  0.000e+00
    114.500 263.760330        459      0.038    12.7729   0.049319     0.3150   999.6534      0.039     0.1541      0.002  0.000e+00
    114.750 263.760333        460      0.039    12.7747   0.049300     0.3148   999.6530      0.040     0.1562      0.002  0.000e+00
    115.000 263.760336        461      0.037    12.7760   0.049294     0.3148   999.6528      0.038     0.1525     -0.002  0.000e+00
    115.250 263.760339        462      0.038    12.7762   0.049272     0.3147   999.6527      0.039     0.1500     -0.002  0.000e+00
    115.500 263.760341        463      0.041    12.7762   0.049278     0.3147   999.6527      0.042     0.1541      0.009  0.000e+00
    115.750 263.760344        464      0.037    12.7756   0.049272     0.3147   999.6528      0.038     0.1570     -0.002  0.000e+00
    116.000 263.760347        465      0.039    12.7751   0.049278     0.3147   999.6529      0.040     0.1545     -0.004  0.000e+00
    116.250 263.760350        466      0.038    12.7747   0.049291     0.3148   999.6530      0.039     0.1508      0.002  0.000e+00
    116.500 263.760353        467      0.038    12.7745   0.049288     0.3148   999.6530      0.039     0.1512     -0.002  0.000e+00
    116.750 263.760356        468      0.039    12.7749   0.049291     0.3148   999.6530      0.040     0.1529      0.002  0.000e+00
    117.000 263.760359        469      0.039    12.7753   0.049288     0.3148   999.6529      0.040     0.1562      0.002  0.000e+00
    117.250 263.760362        470      0.040    12.7751   0.049281     0.3147   999.6529      0.041     0.1553      0.002  0.000e+00
    117.500 263.760365        471      0.037    12.7757   0.049269     0.3146   999.6527      0.038     0.1545     -0.004  0.000e+00
    117.750 263.760367        472      0.040    12.7764   0.049272     0.3146   999.6527      0.041     0.1599      0.000  0.000e+00
    118.000 263.760370        473      0.040    12.7768   0.049253     0.3145   999.6525      0.041     0.1529      0.006  0.000e+00
    118.250 263.760373        474      0.042    12.7764   0.049253     0.3145   999.6526      0.042     0.1558      0.002  0.000e+00
    118.500 263.760376        475      0.040    12.7763   0.049272     0.3146   999.6527      0.041     0.1570     -0.000  0.000e+00
    118.750 263.760379        476      0.040    12.7761   0.049247     0.3145   999.6526      0.041     0.1512     -0.002  0.000e+00
    119.000 263.760382        477      0.039    12.7756   0.049181     0.3141   999.6523      0.040     0.1525     -0.002  0.000e+00
    119.250 263.760385        478      0.039    12.7777   0.049165     0.3139   999.6519      0.040     0.1520     -0.002  0.000e+00
    119.500 263.760388        479      0.040    12.7806   0.049134     0.3137   999.6514      0.041     0.1504      0.002  0.000e+00
    119.750 263.760391        480      0.038    12.7815   0.049106     0.3135   999.6511      0.039     0.1496     -0.002  0.000e+00
    120.000 263.760394        481      0.040    12.7818   0.049115     0.3136   999.6512      0.041     0.1520     -0.000  0.000e+00
