Raw_Data/Cage/SBE19/2020-09-25_SBE19_007_034_processed.cnv
* Sea-Bird SBE19plus Data File:
* FileName = C:\cruises\2020_barkerboys\leg2\data\cage\SBE19\2020-09-25_SBE19_004_034.hex
* Software Version 1.59
* Temperature SN =  4881
* Conductivity SN =  4881
* System UpLoad Time = Sep 25 2020 21:21:35
* ds
* SeacatPlus V 1.5  SERIAL NO. 4881    25 Sep 2020  21:17:28
# nquan = 12
# nvalues = 2929                                  
# units = specified
# name 0 = timeS: Time, Elapsed [seconds]
# name 1 = timeJ: Julian Days
# name 2 = scan: Scan Count
# name 3 = depSM: Depth [salt water, m], lat = 44.00
# name 4 = tv290C: Temperature [ITS-90, deg C]
# name 5 = c0S/m: Conductivity [S/m]
# name 6 = sal00: Salinity, Practical [PSU]
# name 7 = density00: Density [density, kg/m^3]
# name 8 = prdM: Pressure, Strain Gauge [db]
# name 9 = wetStar: Fluorescence, WET Labs WETstar [mg/m^3]
# name 10 = dz/dtM: Descent Rate [m/s]
# name 11 = flag:  0.000e+00
# span 0 =      0.000,    732.000                 
# span 1 = 269.760556, 269.769028                 
# span 2 =          1,       2929                 
# span 3 =     -0.012,    170.422                 
# span 4 =     9.7234,    13.7985                 
# span 5 =  -0.066228,   3.899691                 
# span 6 =     0.0000,    33.5993                 
# span 7 =   999.2737,  1026.6829                 
# span 8 =     -0.012,    171.873                 
# span 9 =     0.1347,     5.0078                 
# span 10 =     -1.286,      1.125                
# span 11 = 0.0000e+00, 0.0000e+00                
# interval = seconds: 0.25
# start_time = Sep 25 2020 18:15:12 [Instrument's time stamp, header]
# bad_flag = -9.990e-29
*END*
[from data line 602]
    150.500 269.762297        603      5.039    12.7333   3.830236    32.7005  1024.6868      5.080     3.5452      0.210  0.000e+00
    150.750 269.762300        604      5.087    12.7323   3.830021    32.6993  1024.6863      5.128     3.4389      0.213  0.000e+00
    151.000 269.762303        605      5.109    12.7299   3.829626    32.6975  1024.6855      5.150     3.5090      0.140  0.000e+00
    151.250 269.762306        606      5.096    12.7263   3.829881    32.7031  1024.6905      5.137     3.5576      0.017  0.000e+00
    151.500 269.762309        607      5.053    12.7246   3.830269    32.7083  1024.6947      5.094     3.6095     -0.112  0.000e+00
    151.750 269.762312        608      4.997    12.7259   3.830236    32.7068  1024.6930      5.037     3.5699     -0.200  0.000e+00
    152.000 269.762315        609      4.951    12.7276   3.830598    32.7088  1024.6940      4.991     3.5596     -0.206  0.000e+00
    152.250 269.762318        610      4.929    12.7298   3.830691    32.7079  1024.6927      4.968     3.5440     -0.137  0.000e+00
    152.500 269.762321        611      4.933    12.7317   3.830624    32.7056  1024.6906      4.973     3.5147     -0.037  0.000e+00
    152.750 269.762323        612      4.965    12.7333   3.830484    32.7028  1024.6883      5.005     3.4855      0.073  0.000e+00
    153.000 269.762326        613      5.013    12.7337   3.830196    32.6997  1024.6860      5.053     3.5011      0.161  0.000e+00
    153.250 269.762329        614      5.057    12.7326   3.830129    32.7000  1024.6867      5.098     3.5794      0.187  0.000e+00
    153.500 269.762332        615      5.088    12.7308   3.829847    32.6989  1024.6863      5.130     3.5741      0.152  0.000e+00
    153.750 269.762335        616      5.095    12.7284   3.829955    32.7020  1024.6892      5.136     3.5131      0.075  0.000e+00
    154.000 269.762338        617      5.081    12.7270   3.830055    32.7042  1024.6911      5.122     3.5127     -0.015  0.000e+00
    154.250 269.762341        618      5.049    12.7270   3.830129    32.7049  1024.6915      5.090     3.5732     -0.092  0.000e+00
    154.500 269.762344        619      5.018    12.7272   3.829928    32.7028  1024.6897      5.059     3.6869     -0.127  0.000e+00
    154.750 269.762347        620      4.993    12.7274   3.830269    32.7059  1024.6919      5.034     3.5827     -0.112  0.000e+00
    155.000 269.762350        621      4.982    12.7285   3.830303    32.7053  1024.6912      5.022     3.5914     -0.073  0.000e+00
    155.250 269.762352        622      4.982    12.7295   3.830410    32.7054  1024.6911      5.022     3.5230     -0.024  0.000e+00
    155.500 269.762355        623      4.976    12.7306   3.830430    32.7047  1024.6903      5.017     3.5963     -0.011  0.000e+00
    155.750 269.762358        624      4.964    12.7316   3.830410    32.7036  1024.6893      5.004     3.5312     -0.037  0.000e+00
    156.000 269.762361        625      4.936    12.7318   3.830484    32.7042  1024.6895      4.976     3.5090     -0.082  0.000e+00
    156.250 269.762364        626      4.902    12.7322   3.830799    32.7068  1024.6914      4.942     3.6503     -0.125  0.000e+00
    156.500 269.762367        627      4.859    12.7339   3.830906    32.7064  1024.6905      4.899     3.6136     -0.155  0.000e+00
    156.750 269.762370        628      4.825    12.7357   3.830866    32.7044  1024.6885      4.864     3.6816     -0.155  0.000e+00
    157.000 269.762373        629      4.815    12.7370   3.830939    32.7040  1024.6878      4.854     3.6165     -0.090  0.000e+00
    157.250 269.762376        630      4.839    12.7380   3.830973    32.7035  1024.6873      4.878     3.6120      0.028  0.000e+00
    157.500 269.762378        631      4.894    12.7386   3.830765    32.7009  1024.6855      4.934     3.6367      0.161  0.000e+00
    157.750 269.762381        632      4.979    12.7383   3.830531    32.6989  1024.6844      5.019     3.6165      0.281  0.000e+00
    158.000 269.762384        633      5.069    12.7370   3.830376    32.6986  1024.6848      5.110     3.6227      0.352  0.000e+00
    158.250 269.762387        634      5.149    12.7346   3.830196    32.6989  1024.6858      5.191     3.6742      0.344  0.000e+00
    158.500 269.762390        635      5.211    12.7323   3.829599    32.6952  1024.6837      5.253     3.6387      0.286  0.000e+00
    158.750 269.762393        636      5.232    12.7284   3.829566    32.6983  1024.6870      5.274     3.5357      0.168  0.000e+00
    159.000 269.762396        637      5.220    12.7248   3.830062    32.7061  1024.6937      5.263     3.5683      0.019  0.000e+00
    159.250 269.762399        638      5.176    12.7248   3.830303    32.7084  1024.6952      5.217     3.5160     -0.114  0.000e+00
    159.500 269.762402        639      5.111    12.7271   3.830517    32.7084  1024.6945      5.152     3.4010     -0.221  0.000e+00
    159.750 269.762405        640      5.036    12.7296   3.830765    32.7087  1024.6939      5.077     3.5271     -0.281  0.000e+00
    160.000 269.762407        641      4.964    12.7321   3.830899    32.7078  1024.6924      5.004     3.4533     -0.296  0.000e+00
    160.250 269.762410        642      4.899    12.7343   3.830799    32.7050  1024.6895      4.938     3.4369     -0.277  0.000e+00
    160.500 269.762413        643      4.852    12.7357   3.830799    32.7038  1024.6881      4.891     3.4159     -0.225  0.000e+00
    160.750 269.762416        644      4.830    12.7365   3.830799    32.7031  1024.6873      4.870     3.4723     -0.137  0.000e+00
    161.000 269.762419        645      4.830    12.7371   3.830872    32.7033  1024.6874      4.870     3.4789     -0.043  0.000e+00
    161.250 269.762422        646      4.858    12.7375   3.830765    32.7019  1024.6863      4.898     3.5551      0.056  0.000e+00
    161.500 269.762425        647      4.902    12.7376   3.830765    32.7018  1024.6864      4.942     3.6066      0.144  0.000e+00
    161.750 269.762428        648      4.956    12.7374   3.830691    32.7013  1024.6863      4.996     3.5275      0.198  0.000e+00
    162.000 269.762431        649      5.006    12.7369   3.830691    32.7017  1024.6869      5.047     3.5081      0.210  0.000e+00
    162.250 269.762433        650      5.050    12.7363   3.830698    32.7022  1024.6876      5.091     3.5992      0.189  0.000e+00
    162.500 269.762436        651      5.076    12.7359   3.830584    32.7014  1024.6872      5.118     3.5127      0.142  0.000e+00
    162.750 269.762439        652      5.082    12.7357   3.830624    32.7020  1024.6877      5.123     3.4974      0.064  0.000e+00
    163.000 269.762442        653      5.062    12.7355   3.830725    32.7032  1024.6886      5.103     3.5226     -0.030  0.000e+00
    163.250 269.762445        654      5.034    12.7354   3.830691    32.7029  1024.6883      5.075     3.4641     -0.097  0.000e+00
    163.500 269.762448        655      5.002    12.7356   3.830732    32.7032  1024.6883      5.042     3.4805     -0.120  0.000e+00
    163.750 269.762451        656      4.980    12.7360   3.830725    32.7028  1024.6878      5.020     3.5374     -0.110  0.000e+00
    164.000 269.762454        657      4.984    12.7363   3.830872    32.7039  1024.6886      5.024     3.4591     -0.036  0.000e+00
    164.250 269.762457        658      5.013    12.7369   3.830765    32.7024  1024.6875      5.053     3.4047      0.067  0.000e+00
    164.500 269.762459        659      5.056    12.7369   3.830665    32.7014  1024.6869      5.097     3.4628      0.146  0.000e+00
    164.750 269.762462        660      5.099    12.7364   3.830410    32.6994  1024.6856      5.140     3.4105      0.174  0.000e+00
    165.000 269.762465        661      5.124    12.7348   3.830162    32.6984  1024.6853      5.166     3.4612      0.137  0.000e+00
    165.250 269.762468        662      5.126    12.7323   3.829954    32.6986  1024.6860      5.168     3.5143      0.056  0.000e+00
    165.500 269.762471        663      5.095    12.7297   3.830410    32.7052  1024.6915      5.136     3.4941     -0.060  0.000e+00
    165.750 269.762474        664      5.038    12.7300   3.830732    32.7080  1024.6933      5.079     3.6000     -0.178  0.000e+00
    166.000 269.762477        665      4.969    12.7325   3.830799    32.7065  1024.6914      5.009     3.4945     -0.253  0.000e+00
    166.250 269.762480        666      4.896    12.7346   3.830973    32.7063  1024.6905      4.936     3.5213     -0.286  0.000e+00
    166.500 269.762483        667      4.841    12.7363   3.830872    32.7040  1024.6881      4.880     3.5996     -0.258  0.000e+00
    166.750 269.762486        668      4.813    12.7373   3.830765    32.7021  1024.6863      4.852     3.6445     -0.168  0.000e+00
    167.000 269.762488        669      4.818    12.7371   3.830551    32.7003  1024.6849      4.857     3.6857     -0.047  0.000e+00
    167.250 269.762491        670      4.851    12.7363   3.830624    32.7016  1024.6863      4.890     3.6618      0.075  0.000e+00
    167.500 269.762494        671      4.910    12.7357   3.830584    32.7017  1024.6867      4.950     3.6161      0.187  0.000e+00
    167.750 269.762497        672      4.979    12.7353   3.830584    32.7021  1024.6874      5.020     3.5572      0.260  0.000e+00
    168.000 269.762500        673      5.051    12.7351   3.830531    32.7017  1024.6875      5.092     3.4896      0.283  0.000e+00
    168.250 269.762503        674      5.110    12.7341   3.830269    32.7000  1024.6866      5.152     3.5559      0.264  0.000e+00
    168.500 269.762506        675      5.156    12.7325   3.829566    32.6947  1024.6830      5.198     3.5419      0.213  0.000e+00
    168.750 269.762509        676      5.180    12.7286   3.828434    32.6874  1024.6782      5.222     3.5708      0.140  0.000e+00
    169.000 269.762512        677      5.179    12.7197   3.828434    32.6951  1024.6859      5.221     3.5741      0.045  0.000e+00
    169.250 269.762514        678      5.155    12.7130   3.828983    32.7061  1024.6956      5.197     3.4566     -0.049  0.000e+00
    169.500 269.762517        679      5.116    12.7125   3.829955    32.7158  1024.7031      5.157     3.5098     -0.127  0.000e+00
    169.750 269.762520        680      5.063    12.7176   3.830377    32.7154  1024.7015      5.104     3.4678     -0.187  0.000e+00
    170.000 269.762523        681      5.007    12.7237   3.830484    32.7112  1024.6968      5.048     3.4591     -0.219  0.000e+00
    170.250 269.762526        682      4.954    12.7280   3.830363    32.7063  1024.6919      4.994     3.5654     -0.219  0.000e+00
    170.500 269.762529        683      4.905    12.7297   3.830196    32.7033  1024.6891      4.945     3.6046     -0.206  0.000e+00
    170.750 269.762532        684      4.871    12.7298   3.830095    32.7022  1024.6881      4.910     3.6659     -0.168  0.000e+00
    171.000 269.762535        685      4.856    12.7286   3.829847    32.7009  1024.6872      4.895     3.6437     -0.099  0.000e+00
    171.250 269.762538        686      4.868    12.7267   3.829633    32.7005  1024.6873      4.907     3.5650     -0.006  0.000e+00
    171.500 269.762541        687      4.889    12.7242   3.828950    32.6961  1024.6845      4.929     3.6779      0.067  0.000e+00
    171.750 269.762543        688      4.884    12.7201   3.829244    32.7026  1024.6903      4.923     3.7137      0.032  0.000e+00
    172.000 269.762546        689      4.829    12.7178   3.829566    32.7076  1024.6944      4.868     3.5605     -0.120  0.000e+00
    172.250 269.762549        690      4.746    12.7180   3.829666    32.7084  1024.6946      4.785     3.7347     -0.277  0.000e+00
    172.500 269.762552        691      4.654    12.7191   3.829727    32.7081  1024.6937      4.691     3.7137     -0.354  0.000e+00
    172.750 269.762555        692      4.537    12.7206   3.829425    32.7040  1024.6897      4.574     3.6610     -0.421  0.000e+00
    173.000 269.762558        693      4.391    12.7200   3.829318    32.7035  1024.6888      4.426     3.6078     -0.530  0.000e+00
    173.250 269.762561        694      4.230    12.7189   3.829633    32.7075  1024.6914      4.264     3.6556     -0.621  0.000e+00
    173.500 269.762564        695      4.065    12.7197   3.830021    32.7106  1024.6929      4.098     3.6787     -0.657  0.000e+00
    173.750 269.762567        696      3.903    12.7227   3.830229    32.7101  1024.6912      3.934     3.7714     -0.659  0.000e+00
    174.000 269.762569        697      3.758    12.7256   3.830443    32.7096  1024.6896      3.788     3.6622     -0.618  0.000e+00
    174.250 269.762572        698      3.642    12.7286   3.830584    32.7084  1024.6876      3.671     3.6931     -0.526  0.000e+00
    174.500 269.762575        699      3.561    12.7316   3.830724    32.7071  1024.6856      3.590     3.6692     -0.397  0.000e+00
    174.750 269.762578        700      3.487    12.7342   3.831133    32.7088  1024.6861      3.516     3.7005     -0.311  0.000e+00
    175.000 269.762581        701      3.414    12.7375   3.831468    32.7092  1024.6854      3.442     3.7397     -0.296  0.000e+00
    175.250 269.762584        702      3.333    12.7413   3.831434    32.7056  1024.6815      3.360     3.5811     -0.311  0.000e+00
    175.500 269.762587        703      3.219    12.7438   3.831401    32.7032  1024.6786      3.245     3.5353     -0.393  0.000e+00
    175.750 269.762590        704      3.066    12.7448   3.831823    32.7064  1024.6803      3.090     3.4723     -0.539  0.000e+00
    176.000 269.762593        705      2.885    12.7471   3.832480    32.7107  1024.6823      2.908     3.4315     -0.674  0.000e+00
    176.250 269.762595        706      2.692    12.7516   3.832848    32.7103  1024.6803      2.714     3.4665     -0.754  0.000e+00
    176.500 269.762598        707      2.503    12.7566   3.833692    32.7141  1024.6814      2.524     3.5325     -0.769  0.000e+00
    176.750 269.762601        708      2.327    12.7631   3.834081    32.7123  1024.6779      2.345     3.3273     -0.736  0.000e+00
    177.000 269.762604        709      2.181    12.7692   3.834429    32.7103  1024.6745      2.198     3.2807     -0.651  0.000e+00
    177.250 269.762607        710      2.059    12.7748   3.835033    32.7113  1024.6736      2.076     3.2235     -0.539  0.000e+00
    177.500 269.762610        711      1.952    12.7803   3.835495    32.7109  1024.6718      1.967     3.3557     -0.462  0.000e+00
    177.750 269.762613        712      1.845    12.7861   3.836092    32.7116  1024.6707      1.860     3.2655     -0.432  0.000e+00
    178.000 269.762616        713      1.733    12.7923   3.836413    32.7093  1024.6672      1.747     3.1509     -0.440  0.000e+00
    178.250 269.762619        714      1.607    12.7976   3.835944    32.7004  1024.6587      1.620     3.0718     -0.481  0.000e+00
    178.500 269.762622        715      1.477    12.7996   3.838713    32.7250  1024.6768      1.489     2.8811     -0.517  0.000e+00
    178.750 269.762624        716      1.379    12.8097   3.839450    32.7233  1024.6730      1.390     2.7707     -0.460  0.000e+00
    179.000 269.762627        717      1.348    12.8216   3.839806    32.7163  1024.6652      1.359     2.7999     -0.260  0.000e+00
    179.250 269.762630        718      1.344    12.8316   3.842616    32.7343  1024.6772      1.354     2.6916     -0.071  0.000e+00
    179.500 269.762633        719      1.349    12.8492   3.848703    32.7768  1024.7067      1.360     2.6096      0.002  0.000e+00
    179.750 269.762636        720      1.377    12.8820   3.850011    32.7608  1024.6880      1.388     2.5791      0.067  0.000e+00
    180.000 269.762639        721      1.429    12.9177   3.854027    32.7679  1024.6868      1.440     2.6075      0.161  0.000e+00
