Raw_Data/Cage/SBE19/2020-09-24_SBE19_006_023_processed.cnv
* Sea-Bird SBE19plus Data File:
* FileName = C:\cruises\2020_barkerboys\leg2\data\cage\SBE19\2020-09-25_SBE19_004_023.hex
* Software Version 1.59
* Temperature SN =  4881
* Conductivity SN =  4881
* System UpLoad Time = Sep 25 2020 12:43:06
* ds
* SeacatPlus V 1.5  SERIAL NO. 4881    25 Sep 2020  12:15:39
# nquan = 12
# nvalues = 2632                                  
# units = specified
# name 0 = timeS: Time, Elapsed [seconds]
# name 1 = timeJ: Julian Days
# name 2 = scan: Scan Count
# name 3 = depSM: Depth [salt water, m], lat = 44.00
# name 4 = tv290C: Temperature [ITS-90, deg C]
# name 5 = c0S/m: Conductivity [S/m]
# name 6 = sal00: Salinity, Practical [PSU]
# name 7 = density00: Density [density, kg/m^3]
# name 8 = prdM: Pressure, Strain Gauge [db]
# name 9 = wetStar: Fluorescence, WET Labs WETstar [mg/m^3]
# name 10 = dz/dtM: Descent Rate [m/s]
# name 11 = flag:  0.000e+00
# span 0 =      0.000,    657.750                 
# span 1 = 268.623993, 268.631606                 
# span 2 =          1,       2632                 
# span 3 =     -0.090,    183.168                 
# span 4 =     9.6774,    16.4034                 
# span 5 =   0.002640,   3.909093                 
# span 6 =     0.0197,    33.6216                 
# span 7 =   998.8928,  1026.7658                 
# span 8 =     -0.090,    184.733                 
# span 9 =     0.1080,     3.3710                 
# span 10 =     -1.380,      1.154                
# span 11 = 0.0000e+00, 0.0000e+00                
# interval = seconds: 0.25
# start_time = Sep 24 2020 14:58:33 [Instrument's time stamp, header]
# bad_flag = -9.990e-29
*END*
[from data line 1444]
    361.000 268.628171       1445    162.769     9.7959   3.657915    33.5738  1026.6163    164.151     0.1755      0.695  0.000e+00
    361.250 268.628174       1446    162.923     9.7962   3.657915    33.5734  1026.6166    164.307     0.1673      0.651  0.000e+00
    361.500 268.628177       1447    163.057     9.7965   3.657652    33.5705  1026.6148    164.442     0.1706      0.582  0.000e+00
    361.750 268.628180       1448    163.176     9.7948   3.657652    33.5719  1026.6168    164.561     0.1813      0.509  0.000e+00
    362.000 268.628183       1449    163.285     9.7932   3.657639    33.5733  1026.6187    164.672     0.1796      0.460  0.000e+00
    362.250 268.628186       1450    163.399     9.7921   3.657784    33.5757  1026.6213    164.787     0.1772      0.451  0.000e+00
    362.500 268.628189       1451    163.529     9.7922   3.657751    33.5753  1026.6215    164.918     0.1689      0.492  0.000e+00
    362.750 268.628192       1452    163.693     9.7922   3.656916    33.5666  1026.6155    165.084     0.1862      0.593  0.000e+00
    363.000 268.628194       1453    163.886     9.7869   3.656982    33.5722  1026.6216    165.278     0.1784      0.720  0.000e+00
    363.250 268.628197       1454    164.101     9.7817   3.656752    33.5746  1026.6253    165.495     0.1772      0.823  0.000e+00
    363.500 268.628200       1455    164.329     9.7768   3.656272    33.5741  1026.6268    165.725     0.2147      0.894  0.000e+00
    363.750 268.628203       1456    164.558     9.7707   3.656318    33.5801  1026.6336    165.957     0.1829      0.922  0.000e+00
    364.000 268.628206       1457    164.780     9.7654   3.656147    33.5832  1026.6379    166.180     0.1965      0.909  0.000e+00
    364.250 268.628209       1458    164.995     9.7613   3.655884    33.5842  1026.6404    166.397     0.1784      0.881  0.000e+00
    364.500 268.628212       1459    165.204     9.7574   3.655680    33.5857  1026.6432    166.608     0.1974      0.856  0.000e+00
    364.750 268.628215       1460    165.396     9.7530   3.655496    33.5879  1026.6465    166.801     0.1937      0.808  0.000e+00
    365.000 268.628218       1461    165.572     9.7489   3.655746    33.5942  1026.6529    166.979     0.1731      0.741  0.000e+00
    365.250 268.628220       1462    165.729     9.7478   3.655884    33.5965  1026.6556    167.138     0.1887      0.673  0.000e+00
    365.500 268.628223       1463    165.869     9.7488   3.655845    33.5952  1026.6550    167.279     0.1994      0.600  0.000e+00
    365.750 268.628226       1464    165.987     9.7495   3.655845    33.5944  1026.6549    167.398     0.1957      0.520  0.000e+00
    366.000 268.628229       1465    166.088     9.7500   3.655845    33.5939  1026.6548    167.500     0.2023      0.443  0.000e+00
    366.250 268.628232       1466    166.185     9.7500   3.655707    33.5924  1026.6541    167.598     0.2073      0.400  0.000e+00
    366.500 268.628235       1467    166.284     9.7486   3.655747    33.5941  1026.6561    167.698     0.2093      0.396  0.000e+00
    366.750 268.628238       1468    166.394     9.7479   3.655779    33.5951  1026.6575    167.808     0.1904      0.421  0.000e+00
    367.000 268.628241       1469    166.546     9.7474   3.655615    33.5938  1026.6573    167.962     0.1867      0.529  0.000e+00
    367.250 268.628244       1470    166.708     9.7467   3.655582    33.5941  1026.6583    168.126     0.1978      0.634  0.000e+00
    367.500 268.628247       1471    166.886     9.7453   3.655530    33.5947  1026.6598    168.305     0.1928      0.686  0.000e+00
    367.750 268.628249       1472    167.068     9.7442   3.655444    33.5948  1026.6610    168.489     0.1978      0.726  0.000e+00
    368.000 268.628252       1473    167.241     9.7431   3.655280    33.5941  1026.6614    168.663     0.1805      0.716  0.000e+00
    368.250 268.628255       1474    167.407     9.7409   3.655181    33.5951  1026.6633    168.831     0.1924      0.684  0.000e+00
    368.500 268.628258       1475    167.566     9.7387   3.655247    33.5977  1026.6664    168.991     0.1821      0.656  0.000e+00
    368.750 268.628261       1476    167.719     9.7374   3.655280    33.5991  1026.6685    169.145     0.1932      0.630  0.000e+00
    369.000 268.628264       1477    167.868     9.7370   3.655215    33.5988  1026.6689    169.296     0.2015      0.611  0.000e+00
    369.250 268.628267       1478    168.019     9.7365   3.655247    33.5995  1026.6703    169.447     0.1961      0.604  0.000e+00
    369.500 268.628270       1479    168.172     9.7361   3.655182    33.5991  1026.6708    169.602     0.1842      0.612  0.000e+00
    369.750 268.628273       1480    168.332     9.7359   3.655215    33.5996  1026.6719    169.764     0.2002      0.632  0.000e+00
    370.000 268.628275       1481    168.498     9.7356   3.655215    33.5998  1026.6728    169.931     0.2097      0.658  0.000e+00
    370.250 268.628278       1482    168.674     9.7353   3.655182    33.5997  1026.6736    170.109     0.1883      0.690  0.000e+00
    370.500 268.628281       1483    168.862     9.7346   3.655116    33.5995  1026.6745    170.299     0.1928      0.735  0.000e+00
    370.750 268.628284       1484    169.049     9.7340   3.655149    33.6004  1026.6761    170.487     0.1829      0.757  0.000e+00
    371.000 268.628287       1485    169.240     9.7337   3.655116    33.6003  1026.6769    170.680     0.1867      0.763  0.000e+00
    371.250 268.628290       1486    169.418     9.7334   3.655117    33.6005  1026.6780    170.860     0.1834      0.746  0.000e+00
    371.500 268.628293       1487    169.587     9.7331   3.655182    33.6013  1026.6794    171.030     0.1755      0.699  0.000e+00
    371.750 268.628296       1488    169.735     9.7334   3.655149    33.6007  1026.6795    171.179     0.1780      0.638  0.000e+00
    372.000 268.628299       1489    169.866     9.7337   3.655182    33.6007  1026.6801    171.311     0.2110      0.563  0.000e+00
    372.250 268.628302       1490    169.992     9.7338   3.655150    33.6002  1026.6803    171.438     0.2002      0.518  0.000e+00
    372.500 268.628304       1491    170.127     9.7337   3.655084    33.5995  1026.6804    171.575     0.1871      0.527  0.000e+00
    372.750 268.628307       1492    170.279     9.7333   3.655117    33.6002  1026.6817    171.728     0.1920      0.580  0.000e+00
    373.000 268.628310       1493    170.451     9.7328   3.655150    33.6008  1026.6830    171.901     0.1871      0.654  0.000e+00
    373.250 268.628313       1494    170.644     9.7325   3.655084    33.6004  1026.6836    172.096     0.1994      0.735  0.000e+00
    373.500 268.628316       1495    170.847     9.7322   3.655084    33.6006  1026.6848    172.301     0.2126      0.800  0.000e+00
    373.750 268.628319       1496    171.042     9.7316   3.654979    33.5999  1026.6852    172.498     0.1871      0.804  0.000e+00
    374.000 268.628322       1497    171.223     9.7308   3.654913    33.6000  1026.6862    172.681     0.2007      0.759  0.000e+00
    374.250 268.628325       1498    171.385     9.7295   3.654973    33.6017  1026.6886    172.844     0.1961      0.692  0.000e+00
    374.500 268.628328       1499    171.513     9.7287   3.654913    33.6018  1026.6893    172.973     0.2258      0.585  0.000e+00
    374.750 268.628330       1500    171.623     9.7282   3.654979    33.6029  1026.6908    173.084     0.2118      0.479  0.000e+00
    375.000 268.628333       1501    171.718     9.7282   3.654914    33.6022  1026.6906    173.180     0.1990      0.415  0.000e+00
    375.250 268.628336       1502    171.806     9.7282   3.655012    33.6031  1026.6918    173.269     0.1928      0.370  0.000e+00
    375.500 268.628339       1503    171.904     9.7282   3.655012    33.6031  1026.6922    173.367     0.2089      0.374  0.000e+00
    375.750 268.628342       1504    172.030     9.7285   3.655078    33.6035  1026.6930    173.494     0.1904      0.451  0.000e+00
    376.000 268.628345       1505    172.179     9.7289   3.655085    33.6030  1026.6933    173.645     0.1945      0.555  0.000e+00
    376.250 268.628348       1506    172.338     9.7292   3.655012    33.6019  1026.6931    173.806     0.1982      0.623  0.000e+00
    376.500 268.628351       1507    172.506     9.7291   3.654914    33.6010  1026.6932    173.975     0.1829      0.660  0.000e+00
    376.750 268.628354       1508    172.687     9.7283   3.654914    33.6016  1026.6946    174.157     0.1842      0.703  0.000e+00
    377.000 268.628356       1509    172.870     9.7275   3.654796    33.6011  1026.6952    174.342     0.1838      0.735  0.000e+00
    377.250 268.628359       1510    173.046     9.7265   3.654750    33.6015  1026.6965    174.520     0.2056      0.725  0.000e+00
    377.500 268.628362       1511    173.213     9.7249   3.654783    33.6032  1026.6988    174.688     0.1957      0.692  0.000e+00
    377.750 268.628365       1512    173.371     9.7242   3.654750    33.6035  1026.6999    174.848     0.1895      0.656  0.000e+00
    378.000 268.628368       1513    173.516     9.7236   3.654480    33.6012  1026.6989    174.994     0.1895      0.611  0.000e+00
    378.250 268.628371       1514    173.647     9.7215   3.654349    33.6018  1026.7003    175.126     0.2064      0.557  0.000e+00
    378.500 268.628374       1515    173.766     9.7190   3.654408    33.6047  1026.7035    175.246     0.1990      0.505  0.000e+00
    378.750 268.628377       1516    173.881     9.7175   3.654283    33.6047  1026.7043    175.362     0.1949      0.473  0.000e+00
    379.000 268.628380       1517    174.001     9.7166   3.654415    33.6069  1026.7067    175.484     0.1970      0.475  0.000e+00
    379.250 268.628383       1518    174.126     9.7163   3.654382    33.6068  1026.7073    175.610     0.1875      0.494  0.000e+00
    379.500 268.628385       1519    174.269     9.7163   3.654415    33.6071  1026.7081    175.754     0.2167      0.540  0.000e+00
    379.750 268.628388       1520    174.430     9.7160   3.654514    33.6082  1026.7098    175.916     0.2176      0.613  0.000e+00
    380.000 268.628391       1521    174.610     9.7165   3.654382    33.6064  1026.7091    176.098     0.1990      0.688  0.000e+00
    380.250 268.628394       1522    174.810     9.7167   3.654415    33.6064  1026.7100    176.300     0.2225      0.767  0.000e+00
    380.500 268.628397       1523    175.019     9.7163   3.654448    33.6071  1026.7116    176.510     0.2208      0.825  0.000e+00
    380.750 268.628400       1524    175.235     9.7162   3.654448    33.6070  1026.7125    176.729     0.2027      0.858  0.000e+00
    381.000 268.628403       1525    175.451     9.7160   3.654382    33.6064  1026.7131    176.947     0.1887      0.873  0.000e+00
    381.250 268.628406       1526    175.651     9.7158   3.654376    33.6065  1026.7141    177.148     0.1982      0.839  0.000e+00
    381.500 268.628409       1527    175.821     9.7154   3.654317    33.6061  1026.7146    177.320     0.2007      0.746  0.000e+00
    381.750 268.628411       1528    175.962     9.7150   3.654317    33.6065  1026.7156    177.462     0.2167      0.628  0.000e+00
    382.000 268.628414       1529    176.070     9.7144   3.654284    33.6066  1026.7163    177.571     0.2027      0.503  0.000e+00
    382.250 268.628417       1530    176.162     9.7134   3.654185    33.6065  1026.7168    177.664     0.1986      0.404  0.000e+00
    382.500 268.628420       1531    176.249     9.7123   3.654304    33.6087  1026.7191    177.752     0.2419      0.361  0.000e+00
    382.750 268.628423       1532    176.345     9.7121   3.654317    33.6090  1026.7198    177.849     0.1961      0.370  0.000e+00
    383.000 268.628426       1533    176.465     9.7124   3.654317    33.6086  1026.7200    177.969     0.1932      0.434  0.000e+00
    383.250 268.628429       1534    176.629     9.7128   3.654284    33.6078  1026.7201    178.134     0.1982      0.572  0.000e+00
    383.500 268.628432       1535    176.816     9.7130   3.654383    33.6086  1026.7215    178.324     0.2068      0.709  0.000e+00
    383.750 268.628435       1536    177.016     9.7131   3.654376    33.6083  1026.7222    178.526     0.2357      0.782  0.000e+00
    384.000 268.628438       1537    177.217     9.7134   3.654252    33.6067  1026.7218    178.728     0.1941      0.808  0.000e+00
    384.250 268.628440       1538    177.402     9.7130   3.653949    33.6039  1026.7205    178.915     0.1924      0.778  0.000e+00
    384.500 268.628443       1539    177.556     9.7102   3.653680    33.6037  1026.7215    179.071     0.1945      0.686  0.000e+00
    384.750 268.628446       1540    177.680     9.7067   3.653982    33.6100  1026.7276    179.195     0.2056      0.561  0.000e+00
    385.000 268.628449       1541    177.777     9.7060   3.654114    33.6119  1026.7297    179.293     0.1994      0.445  0.000e+00
    385.250 268.628452       1542    177.855     9.7067   3.654133    33.6114  1026.7295    179.372     0.1990      0.352  0.000e+00
    385.500 268.628455       1543    177.933     9.7076   3.654153    33.6108  1026.7292    179.450     0.1899      0.314  0.000e+00
    385.750 268.628458       1544    178.027     9.7082   3.654114    33.6098  1026.7288    179.546     0.2134      0.348  0.000e+00
    386.000 268.628461       1545    178.161     9.7086   3.654186    33.6101  1026.7296    179.681     0.1974      0.462  0.000e+00
    386.250 268.628464       1546    178.348     9.7092   3.654219    33.6098  1026.7301    179.869     0.1957      0.647  0.000e+00
    386.500 268.628466       1547    178.551     9.7090   3.653180    33.5993  1026.7229    180.075     0.1887      0.787  0.000e+00
    386.750 268.628469       1548    178.764     9.7036   3.652950    33.6019  1026.7267    180.289     0.1895      0.839  0.000e+00
    387.000 268.628472       1549    178.971     9.6965   3.653049    33.6094  1026.7347    180.498     0.1887      0.847  0.000e+00
    387.250 268.628475       1550    179.161     9.6921   3.653385    33.6169  1026.7422    180.689     0.2068      0.802  0.000e+00
    387.500 268.628478       1551    179.324     9.6919   3.653385    33.6170  1026.7430    180.854     0.2035      0.712  0.000e+00
    387.750 268.628481       1552    179.456     9.6929   3.653516    33.6173  1026.7437    180.987     0.2031      0.595  0.000e+00
    388.000 268.628484       1553    179.562     9.6941   3.653115    33.6120  1026.7399    181.095     0.1965      0.481  0.000e+00
    388.250 268.628487       1554    179.652     9.6931   3.653148    33.6133  1026.7414    181.185     0.2011      0.395  0.000e+00
    388.500 268.628490       1555    179.738     9.6916   3.653247    33.6156  1026.7439    181.272     0.2320      0.355  0.000e+00
    388.750 268.628492       1556    179.826     9.6910   3.653247    33.6162  1026.7449    181.360     0.2522      0.350  0.000e+00
    389.000 268.628495       1557    179.940     9.6911   3.653214    33.6157  1026.7450    181.475     0.2229      0.406  0.000e+00
    389.250 268.628498       1558    180.104     9.6914   3.653115    33.6143  1026.7446    181.641     0.2200      0.561  0.000e+00
    389.500 268.628501       1559    180.286     9.6911   3.652852    33.6119  1026.7436    181.825     0.1961      0.699  0.000e+00
    389.750 268.628504       1560    180.494     9.6887   3.652747    33.6129  1026.7458    182.034     0.2167      0.787  0.000e+00
    390.000 268.628507       1561    180.713     9.6859   3.652682    33.6147  1026.7486    182.256     0.1965      0.862  0.000e+00
    390.250 268.628510       1562    180.930     9.6841   3.652682    33.6164  1026.7512    182.475     0.1858      0.881  0.000e+00
    390.500 268.628513       1563    181.146     9.6830   3.652761    33.6181  1026.7537    182.692     0.2406      0.873  0.000e+00
