Raw_Data/Cage/SBE19/2020-09-20_SBE19_004_016_processed.cnv
* Sea-Bird SBE19plus Data File:
* FileName = C:\cruises\2020_barkerboys\leg2\data\cage\SBE19\2020-09-25_SBE19_004_016.hex
* Software Version 1.59
* Temperature SN =  4881
* Conductivity SN =  4881
* System UpLoad Time = Sep 25 2020 12:32:34
* ds
* SeacatPlus V 1.5  SERIAL NO. 4881    25 Sep 2020  12:15:39
# nquan = 12
# nvalues = 3210                                  
# units = specified
# name 0 = timeS: Time, Elapsed [seconds]
# name 1 = timeJ: Julian Days
# name 2 = scan: Scan Count
# name 3 = depSM: Depth [salt water, m], lat = 44.00
# name 4 = tv290C: Temperature [ITS-90, deg C]
# name 5 = c0S/m: Conductivity [S/m]
# name 6 = sal00: Salinity, Practical [PSU]
# name 7 = density00: Density [density, kg/m^3]
# name 8 = prdM: Pressure, Strain Gauge [db]
# name 9 = wetStar: Fluorescence, WET Labs WETstar [mg/m^3]
# name 10 = dz/dtM: Descent Rate [m/s]
# name 11 = flag:  0.000e+00
# span 0 =      0.000,    802.250                 
# span 1 = 264.718588, 264.727873                 
# span 2 =          1,       3210                 
# span 3 =      0.115,    130.380                 
# span 4 =    10.9344,    13.0787                 
# span 5 =   0.044611,   3.827900                 
# span 6 =     0.2834,    32.9824                 
# span 7 =   999.5993,  1025.8088                 
# span 8 =      0.116,    131.477                 
# span 9 =     0.1512,     3.6515                 
# span 10 =     -1.585,      1.158                
# span 11 = 0.0000e+00, 0.0000e+00                
# interval = seconds: 0.25
# start_time = Sep 20 2020 17:14:46 [Instrument's time stamp, header]
# bad_flag = -9.990e-29
*END*
[from data line 2407]
    601.750 264.725553       2408    116.394    11.3362   3.721649    32.8311  1025.5561    117.370     0.5043     -0.692  0.000e+00
    602.000 264.725556       2409    116.320    11.3361   3.721649    32.8313  1025.5559    117.294     0.4775     -0.438  0.000e+00
    602.250 264.725558       2410    116.298    11.3362   3.721649    32.8312  1025.5557    117.272     0.5439     -0.196  0.000e+00
    602.500 264.725561       2411    116.293    11.3360   3.721616    32.8311  1025.5556    117.267     0.4536     -0.054  0.000e+00
    602.750 264.725564       2412    116.271    11.3356   3.721616    32.8314  1025.5559    117.245     0.4458     -0.054  0.000e+00
    603.000 264.725567       2413    116.208    11.3355   3.721668    32.8321  1025.5561    117.181     0.4891     -0.172  0.000e+00
    603.250 264.725570       2414    116.075    11.3351   3.721582    32.8316  1025.5552    117.047     0.5064     -0.396  0.000e+00
    603.500 264.725573       2415    115.878    11.3351   3.721582    32.8316  1025.5543    116.848     0.4779     -0.666  0.000e+00
    603.750 264.725576       2416    115.627    11.3351   3.721615    32.8321  1025.5535    116.596     0.6287     -0.903  0.000e+00
    604.000 264.725579       2417    115.361    11.3355   3.721754    32.8333  1025.5532    116.327     0.5743     -1.043  0.000e+00
    604.250 264.725582       2418    115.095    11.3362   3.721820    32.8334  1025.5519    116.058     0.5702     -1.075  0.000e+00
    604.500 264.725584       2419    114.860    11.3375   3.721993    32.8340  1025.5511    115.822     0.5401     -1.010  0.000e+00
    604.750 264.725587       2420    114.672    11.3390   3.722026    32.8331  1025.5492    115.632     0.5039     -0.853  0.000e+00
    605.000 264.725590       2421    114.540    11.3403   3.722125    32.8329  1025.5483    115.499     0.5187     -0.647  0.000e+00
    605.250 264.725593       2422    114.464    11.3418   3.722191    32.8323  1025.5472    115.422     0.5574     -0.419  0.000e+00
    605.500 264.725596       2423    114.425    11.3429   3.722264    32.8320  1025.5466    115.383     0.8018     -0.232  0.000e+00
    605.750 264.725599       2424    114.390    11.3441   3.722297    32.8314  1025.5457    115.348     0.5393     -0.148  0.000e+00
    606.000 264.725602       2425    114.334    11.3452   3.722297    32.8304  1025.5445    115.291     0.4796     -0.183  0.000e+00
    606.250 264.725605       2426    114.241    11.3463   3.722568    32.8321  1025.5452    115.198     0.6444     -0.301  0.000e+00
    606.500 264.725608       2427    114.087    11.3483   3.722674    32.8315  1025.5437    115.042     0.5084     -0.499  0.000e+00
    606.750 264.725611       2428    113.875    11.3507   3.722601    32.8287  1025.5401    114.828     0.5142     -0.739  0.000e+00
    607.000 264.725613       2429    113.610    11.3518   3.723012    32.8319  1025.5412    114.561     0.4948     -0.961  0.000e+00
    607.250 264.725616       2430    113.321    11.3543   3.723456    32.8341  1025.5411    114.269     0.5628     -1.118  0.000e+00
    607.500 264.725619       2431    113.038    11.3594   3.723899    32.8341  1025.5389    113.984     0.5842     -1.154  0.000e+00
    607.750 264.725622       2432    112.791    11.3649   3.724171    32.8319  1025.5351    113.735     0.5340     -1.068  0.000e+00
    608.000 264.725625       2433    112.608    11.3703   3.724615    32.8316  1025.5330    113.550     0.4652     -0.868  0.000e+00
    608.250 264.725628       2434    112.495    11.3760   3.724754    32.8279  1025.5286    113.436     0.4672     -0.598  0.000e+00
    608.500 264.725631       2435    112.429    11.3811   3.725091    32.8267  1025.5265    113.370     0.5039     -0.361  0.000e+00
    608.750 264.725634       2436    112.385    11.3859   3.725197    32.8236  1025.5229    113.326     0.4961     -0.221  0.000e+00
    609.000 264.725637       2437    112.342    11.3899   3.725230    32.8203  1025.5195    113.282     0.5237     -0.176  0.000e+00
    609.250 264.725639       2438    112.276    11.3925   3.725264    32.8184  1025.5172    113.215     0.5447     -0.221  0.000e+00
    609.500 264.725642       2439    112.171    11.3942   3.725469    32.8189  1025.5168    113.110     0.4998     -0.344  0.000e+00
    609.750 264.725645       2440    112.018    11.3962   3.725535    32.8179  1025.5150    112.955     0.5846     -0.520  0.000e+00
    610.000 264.725648       2441    111.834    11.3980   3.725568    32.8166  1025.5128    112.770     0.5554     -0.679  0.000e+00
    610.250 264.725651       2442    111.628    11.3995   3.725641    32.8161  1025.5112    112.562     0.5739     -0.787  0.000e+00
    610.500 264.725654       2443    111.411    11.4006   3.725846    32.8172  1025.5109    112.343     0.5191     -0.853  0.000e+00
    610.750 264.725657       2444    111.194    11.4026   3.725979    32.8169  1025.5093    112.124     0.5031     -0.875  0.000e+00
    611.000 264.725660       2445    110.979    11.4046   3.726012    32.8155  1025.5068    111.907     0.5290     -0.872  0.000e+00
    611.250 264.725663       2446    110.779    11.4064   3.726051    32.8144  1025.5047    111.705     0.5414     -0.838  0.000e+00
    611.500 264.725666       2447    110.593    11.4075   3.726118    32.8141  1025.5035    111.518     0.4915     -0.778  0.000e+00
    611.750 264.725668       2448    110.428    11.4084   3.726151    32.8137  1025.5023    111.352     0.6926     -0.707  0.000e+00
    612.000 264.725671       2449    110.281    11.4088   3.726117    32.8131  1025.5011    111.203     0.5368     -0.630  0.000e+00
    612.250 264.725674       2450    110.160    11.4094   3.726084    32.8123  1025.4998    111.081     0.6403     -0.542  0.000e+00
    612.500 264.725677       2451    110.058    11.4099   3.726389    32.8149  1025.5012    110.979     0.6481     -0.449  0.000e+00
    612.750 264.725680       2452    109.975    11.4115   3.726561    32.8152  1025.5008    110.895     0.4956     -0.372  0.000e+00
    613.000 264.725683       2453    109.886    11.4139   3.726561    32.8131  1025.4983    110.805     0.4775     -0.348  0.000e+00
    613.250 264.725686       2454    109.781    11.4153   3.726833    32.8145  1025.4987    110.699     0.5455     -0.391  0.000e+00
    613.500 264.725689       2455    109.639    11.4177   3.727038    32.8146  1025.4976    110.555     0.4713     -0.499  0.000e+00
    613.750 264.725692       2456    109.456    11.4205   3.726912    32.8108  1025.4934    110.372     0.5035     -0.656  0.000e+00
    614.000 264.725694       2457    109.247    11.4224   3.727210    32.8122  1025.4932    110.160     0.5500     -0.791  0.000e+00
    614.250 264.725697       2458    109.030    11.4248   3.727343    32.8115  1025.4912    109.942     0.6559     -0.860  0.000e+00
    614.500 264.725700       2459    108.819    11.4273   3.727548    32.8114  1025.4897    109.729     0.5002     -0.862  0.000e+00
    614.750 264.725703       2460    108.646    11.4298   3.727548    32.8092  1025.4868    109.554     0.5500     -0.776  0.000e+00
    615.000 264.725706       2461    108.527    11.4321   3.727787    32.8096  1025.4861    109.435     0.6440     -0.589  0.000e+00
    615.250 264.725709       2462    108.469    11.4343   3.727893    32.8087  1025.4847    109.375     0.4833     -0.357  0.000e+00
    615.500 264.725712       2463    108.451    11.4365   3.727959    32.8074  1025.4832    109.357     0.5612     -0.155  0.000e+00
    615.750 264.725715       2464    108.448    11.4381   3.727959    32.8059  1025.4818    109.354     0.6983     -0.043  0.000e+00
    616.000 264.725718       2465    108.429    11.4389   3.727926    32.8049  1025.4808    109.336     0.6333     -0.043  0.000e+00
    616.250 264.725720       2466    108.367    11.4395   3.727926    32.8044  1025.4800    109.272     0.7408     -0.163  0.000e+00
    616.500 264.725723       2467    108.235    11.4395   3.727859    32.8038  1025.4789    109.140     0.5451     -0.391  0.000e+00
    616.750 264.725726       2468    108.031    11.4397   3.727859    32.8038  1025.4779    108.934     0.5443     -0.677  0.000e+00
    617.000 264.725729       2469    107.764    11.4397   3.727958    32.8048  1025.4775    108.664     0.5504     -0.952  0.000e+00
    617.250 264.725732       2470    107.461    11.4400   3.728131    32.8064  1025.4773    108.359     0.7041     -1.150  0.000e+00
    617.500 264.725735       2471    107.155    11.4410   3.728164    32.8059  1025.4754    108.050     0.5974     -1.227  0.000e+00
    617.750 264.725738       2472    106.884    11.4425   3.728369    32.8067  1025.4745    107.776     0.4862     -1.165  0.000e+00
    618.000 264.725741       2473    106.678    11.4444   3.728475    32.8062  1025.4728    107.569     0.4825     -0.963  0.000e+00
    618.250 264.725744       2474    106.549    11.4465   3.728607    32.8056  1025.4714    107.439     0.4981     -0.675  0.000e+00
    618.500 264.725747       2475    106.480    11.4487   3.728813    32.8057  1025.4707    107.369     0.5237     -0.400  0.000e+00
    618.750 264.725749       2476    106.444    11.4508   3.728813    32.8039  1025.4688    107.333     0.5789     -0.213  0.000e+00
    619.000 264.725752       2477    106.408    11.4526   3.728713    32.8014  1025.4663    107.297     0.5492     -0.144  0.000e+00
    619.250 264.725755       2478    106.352    11.4528   3.728747    32.8015  1025.4661    107.240     0.6448     -0.185  0.000e+00
    619.500 264.725758       2479    106.258    11.4525   3.728680    32.8012  1025.4655    107.146     0.4676     -0.303  0.000e+00
    619.750 264.725761       2480    106.115    11.4524   3.728879    32.8033  1025.4665    107.002     0.6485     -0.477  0.000e+00
    620.000 264.725764       2481    105.927    11.4536   3.728952    32.8030  1025.4652    106.811     0.6077     -0.668  0.000e+00
    620.250 264.725767       2482    105.704    11.4549   3.728985    32.8023  1025.4634    106.587     0.5921     -0.830  0.000e+00
    620.500 264.725770       2483    105.457    11.4562   3.729223    32.8035  1025.4630    106.338     0.5850     -0.948  0.000e+00
    620.750 264.725773       2484    105.213    11.4584   3.729462    32.8041  1025.4619    106.092     0.5830     -0.991  0.000e+00
    621.000 264.725775       2485    104.990    11.4611   3.729667    32.8037  1025.4602    105.867     0.5146     -0.941  0.000e+00
    621.250 264.725778       2486    104.801    11.4643   3.729939    32.8037  1025.4587    105.676     0.5496     -0.832  0.000e+00
    621.500 264.725781       2487    104.652    11.4679   3.729979    32.8009  1025.4552    105.525     0.5031     -0.683  0.000e+00
    621.750 264.725784       2488    104.523    11.4710   3.730078    32.7992  1025.4527    105.395     0.5220     -0.561  0.000e+00
    622.000 264.725787       2489    104.403    11.4728   3.730144    32.7983  1025.4511    105.275     0.4911     -0.501  0.000e+00
    622.250 264.725790       2490    104.278    11.4747   3.730761    32.8027  1025.4537    105.148     0.5525     -0.494  0.000e+00
    622.500 264.725793       2491    104.134    11.4787   3.730728    32.7989  1025.4493    105.003     0.5039     -0.544  0.000e+00
    622.750 264.725796       2492    103.963    11.4819   3.730456    32.7935  1025.4437    104.831     0.7923     -0.634  0.000e+00
    623.000 264.725799       2493    103.768    11.4823   3.730588    32.7945  1025.4436    104.635     0.7119     -0.737  0.000e+00
    623.250 264.725802       2494    103.558    11.4830   3.730866    32.7967  1025.4441    104.423     0.5426     -0.817  0.000e+00
    623.500 264.725804       2495    103.344    11.4852   3.731138    32.7975  1025.4434    104.207     0.5158     -0.855  0.000e+00
    623.750 264.725807       2496    103.135    11.4881   3.731204    32.7957  1025.4405    103.995     0.6159     -0.855  0.000e+00
    624.000 264.725810       2497    102.941    11.4908   3.731171    32.7930  1025.4370    103.800     0.6670     -0.814  0.000e+00
    624.250 264.725813       2498    102.775    11.4929   3.731476    32.7942  1025.4369    103.633     0.5439     -0.724  0.000e+00
    624.500 264.725816       2499    102.640    11.4949   3.731476    32.7925  1025.4345    103.497     0.5249     -0.606  0.000e+00
    624.750 264.725819       2500    102.528    11.4971   3.731648    32.7922  1025.4334    103.384     0.5406     -0.499  0.000e+00
    625.000 264.725822       2501    102.427    11.4990   3.731615    32.7903  1025.4311    103.282     0.6024     -0.430  0.000e+00
    625.250 264.725825       2502    102.327    11.5003   3.731615    32.7892  1025.4296    103.181     0.5187     -0.406  0.000e+00
    625.500 264.725828       2503    102.224    11.5011   3.731681    32.7892  1025.4289    103.076     0.5059     -0.410  0.000e+00
    625.750 264.725830       2504    102.104    11.5013   3.731754    32.7898  1025.4288    102.956     0.6159     -0.449  0.000e+00
    626.000 264.725833       2505    101.962    11.5016   3.731721    32.7892  1025.4277    102.812     0.6094     -0.529  0.000e+00
    626.250 264.725836       2506    101.804    11.5020   3.731721    32.7890  1025.4267    102.653     0.5644     -0.606  0.000e+00
    626.500 264.725839       2507    101.622    11.5023   3.731820    32.7897  1025.4264    102.469     0.5921     -0.685  0.000e+00
    626.750 264.725842       2508    101.409    11.5034   3.731926    32.7899  1025.4254    102.254     0.6852     -0.797  0.000e+00
    627.000 264.725845       2509    101.171    11.5045   3.731853    32.7883  1025.4229    102.015     0.6304     -0.909  0.000e+00
    627.250 264.725848       2510    100.921    11.5050   3.731926    32.7887  1025.4220    101.762     0.5471     -0.984  0.000e+00
    627.500 264.725851       2511    100.684    11.5057   3.731926    32.7882  1025.4204    101.524     0.5068     -0.982  0.000e+00
    627.750 264.725854       2512    100.462    11.5062   3.731926    32.7878  1025.4190    101.299     0.6670     -0.926  0.000e+00
    628.000 264.725856       2513    100.266    11.5065   3.731959    32.7880  1025.4181    101.102     0.5661     -0.845  0.000e+00
    628.250 264.725859       2514    100.096    11.5072   3.732025    32.7880  1025.4173    100.931     0.5303     -0.737  0.000e+00
    628.500 264.725862       2515     99.954    11.5076   3.731959    32.7871  1025.4158    100.788     0.6007     -0.628  0.000e+00
    628.750 264.725865       2516     99.834    11.5081   3.732025    32.7874  1025.4155    100.666     0.7016     -0.529  0.000e+00
    629.000 264.725868       2517     99.729    11.5083   3.732091    32.7879  1025.4153    100.560     0.5414     -0.456  0.000e+00
    629.250 264.725871       2518     99.625    11.5089   3.732231    32.7888  1025.4154    100.456     0.5653     -0.421  0.000e+00
    629.500 264.725874       2519     99.515    11.5096   3.732131    32.7872  1025.4136    100.345     0.5735     -0.430  0.000e+00
    629.750 264.725877       2520     99.396    11.5103   3.732164    32.7869  1025.4127    100.225     0.5999     -0.462  0.000e+00
    630.000 264.725880       2521     99.249    11.5108   3.732197    32.7869  1025.4119    100.076     0.5789     -0.537  0.000e+00
    630.250 264.725883       2522     99.067    11.5112   3.732230    32.7869  1025.4110     99.893     0.5550     -0.664  0.000e+00
    630.500 264.725885       2523     98.852    11.5114   3.732263    32.7872  1025.4102     99.676     0.6077     -0.801  0.000e+00
    630.750 264.725888       2524     98.611    11.5120   3.732263    32.7867  1025.4086     99.433     0.5319     -0.920  0.000e+00
    631.000 264.725891       2525     98.363    11.5126   3.732330    32.7870  1025.4076     99.182     0.6184     -0.986  0.000e+00
    631.250 264.725894       2526     98.131    11.5132   3.732296    32.7863  1025.4059     98.948     0.5772     -0.969  0.000e+00
