Raw_Data/Cage/SBE19/2020-09-25_SBE19_007_032_processed.cnv
* Sea-Bird SBE19plus Data File:
* FileName = C:\cruises\2020_barkerboys\leg2\data\cage\SBE19\2020-09-25_SBE19_004_032.hex
* Software Version 1.59
* Temperature SN =  4881
* Conductivity SN =  4881
* System UpLoad Time = Sep 25 2020 21:19:27
* ds
* SeacatPlus V 1.5  SERIAL NO. 4881    25 Sep 2020  21:17:28
# nquan = 12
# nvalues = 3003                                  
# units = specified
# name 0 = timeS: Time, Elapsed [seconds]
# name 1 = timeJ: Julian Days
# name 2 = scan: Scan Count
# name 3 = depSM: Depth [salt water, m], lat = 44.00
# name 4 = tv290C: Temperature [ITS-90, deg C]
# name 5 = c0S/m: Conductivity [S/m]
# name 6 = sal00: Salinity, Practical [PSU]
# name 7 = density00: Density [density, kg/m^3]
# name 8 = prdM: Pressure, Strain Gauge [db]
# name 9 = wetStar: Fluorescence, WET Labs WETstar [mg/m^3]
# name 10 = dz/dtM: Descent Rate [m/s]
# name 11 = flag:  0.000e+00
# span 0 =      0.000,    750.500                 
# span 1 = 269.702500, 269.711186                 
# span 2 =          1,       3003                 
# span 3 =      0.001,    178.662                 
# span 4 =     9.6270,    13.8740                 
# span 5 =   0.041492,   3.878540                 
# span 6 =     0.2566,    33.6345                 
# span 7 =   999.4646,  1026.7636                 
# span 8 =      0.001,    180.187                 
# span 9 =     0.1162,     3.9082                 
# span 10 =     -1.140,      1.194                
# span 11 = 0.0000e+00, 0.0000e+00                
# interval = seconds: 0.25
# start_time = Sep 25 2020 16:51:36 [Instrument's time stamp, header]
# bad_flag = -9.990e-29
*END*
[from data line 241]
     60.250 269.703197        242      4.841    12.7924   3.873871    33.0640  1024.9560      4.880     1.2076     -0.069  0.000e+00
     60.500 269.703200        243      4.816    12.8254   3.873783    33.0342  1024.9264      4.855     1.1894     -0.094  0.000e+00
     60.750 269.703203        244      4.792    12.8554   3.873426    33.0046  1024.8975      4.831     1.1853     -0.099  0.000e+00
     61.000 269.703206        245      4.776    12.8752   3.872813    32.9815  1024.8756      4.814     1.1503     -0.082  0.000e+00
     61.250 269.703209        246      4.765    12.8849   3.871992    32.9653  1024.8611      4.804     1.1248     -0.054  0.000e+00
     61.500 269.703212        247      4.764    12.8879   3.870707    32.9505  1024.8491      4.803     1.2904     -0.024  0.000e+00
     61.750 269.703215        248      4.767    12.8885   3.869644    32.9399  1024.8408      4.806     1.3608      0.004  0.000e+00
     62.000 269.703218        249      4.772    12.8895   3.870243    32.9447  1024.8443      4.810     1.3316      0.015  0.000e+00
     62.250 269.703220        250      4.778    12.8911   3.871387    32.9542  1024.8514      4.817     1.3163      0.021  0.000e+00
     62.500 269.703223        251      4.785    12.8938   3.872403    32.9615  1024.8565      4.824     1.2537      0.028  0.000e+00
     62.750 269.703226        252      4.792    12.8975   3.872564    32.9597  1024.8545      4.831     1.2344      0.028  0.000e+00
     63.000 269.703229        253      4.798    12.9007   3.871635    32.9481  1024.8449      4.837     1.2422      0.026  0.000e+00
     63.250 269.703232        254      4.807    12.9020   3.870276    32.9341  1024.8338      4.846     1.1655      0.030  0.000e+00
     63.500 269.703235        255      4.824    12.9017   3.869718    32.9291  1024.8300      4.863     1.1219      0.051  0.000e+00
     63.750 269.703238        256      4.837    12.9010   3.870492    32.9370  1024.8364      4.876     1.0794      0.060  0.000e+00
     64.000 269.703241        257      4.848    12.9005   3.872389    32.9555  1024.8508      4.888     1.1029      0.049  0.000e+00
     64.250 269.703244        258      4.848    12.9006   3.874684    32.9771  1024.8676      4.888     1.1235      0.024  0.000e+00
     64.500 269.703247        259      4.835    12.9022   3.875889    32.9872  1024.8750      4.875     1.1342     -0.026  0.000e+00
     64.750 269.703249        260      4.808    12.9053   3.876138    32.9869  1024.8740      4.847     1.1507     -0.082  0.000e+00
     65.000 269.703252        261      4.766    12.9112   3.876387    32.9840  1024.8705      4.805     1.3394     -0.139  0.000e+00
     65.250 269.703255        262      4.715    12.9233   3.876320    32.9729  1024.8593      4.753     1.3192     -0.187  0.000e+00
     65.500 269.703258        263      4.666    12.9510   3.875673    32.9427  1024.8302      4.704     1.3538     -0.202  0.000e+00
     65.750 269.703261        264      4.626    12.9879   3.874885    32.9031  1024.7921      4.663     1.2990     -0.180  0.000e+00
     66.000 269.703264        265      4.597    13.0160   3.873781    32.8682  1024.7594      4.634     1.2776     -0.140  0.000e+00
     66.250 269.703267        266      4.584    13.0304   3.871526    32.8345  1024.7304      4.621     1.1705     -0.084  0.000e+00
     66.500 269.703270        267      4.586    13.0368   3.870328    32.8176  1024.7161      4.623     1.1120     -0.021  0.000e+00
     66.750 269.703273        268      4.595    13.0381   3.870523    32.8184  1024.7165      4.632     1.1009      0.021  0.000e+00
     67.000 269.703275        269      4.608    13.0377   3.871526    32.8281  1024.7241      4.645     1.0967      0.043  0.000e+00
     67.250 269.703278        270      4.613    13.0404   3.873013    32.8398  1024.7327      4.650     1.1371      0.037  0.000e+00
     67.500 269.703281        271      4.614    13.0456   3.874777    32.8520  1024.7411      4.651     1.2875      0.013  0.000e+00
     67.750 269.703284        272      4.604    13.0507   3.875779    32.8570  1024.7439      4.642     1.3225     -0.017  0.000e+00
     68.000 269.703287        273      4.589    13.0537   3.875928    32.8559  1024.7424      4.627     1.2974     -0.049  0.000e+00
     68.250 269.703290        274      4.569    13.0559   3.874992    32.8451  1024.7335      4.606     1.2414     -0.071  0.000e+00
     68.500 269.703293        275      4.565    13.0573   3.873349    32.8284  1024.7203      4.602     1.2129     -0.049  0.000e+00
     68.750 269.703296        276      4.570    13.0569   3.870779    32.8045  1024.7019      4.607     1.1178      0.002  0.000e+00
     69.000 269.703299        277      4.588    13.0532   3.868761    32.7886  1024.6904      4.626     1.0551      0.047  0.000e+00
     69.250 269.703302        278      4.616    13.0488   3.868384    32.7889  1024.6916      4.653     1.0498      0.092  0.000e+00
     69.500 269.703304        279      4.647    13.0451   3.870167    32.8089  1024.7080      4.685     1.0424      0.118  0.000e+00
     69.750 269.703307        280      4.663    13.0425   3.873356    32.8412  1024.7336      4.701     1.1478      0.094  0.000e+00
     70.000 269.703310        281      4.659    13.0400   3.875531    32.8639  1024.7516      4.696     1.2364      0.024  0.000e+00
     70.250 269.703313        282      4.638    13.0359   3.877106    32.8824  1024.7667      4.676     1.3398     -0.049  0.000e+00
     70.500 269.703316        283      4.601    13.0371   3.878197    32.8917  1024.7735      4.638     1.2504     -0.116  0.000e+00
     70.750 269.703319        284      4.551    13.0486   3.878540    32.8850  1024.7657      4.588     1.3102     -0.176  0.000e+00
     71.000 269.703322        285      4.496    13.0723   3.877072    32.8506  1024.7342      4.532     1.2929     -0.213  0.000e+00
     71.250 269.703325        286      4.451    13.0972   3.834929    32.4317  1024.4050      4.487     0.9163     -0.202  0.000e+00
     71.500 269.703328        287      4.419    13.0166   3.822410    32.3827  1024.3827      4.455     0.6831     -0.155  0.000e+00
     71.750 269.703330        288      4.405    12.8633   3.821561    32.5061  1024.5082      4.441     0.8767     -0.092  0.000e+00
     72.000 269.703333        289      4.408    12.7571   3.820793    32.5903  1024.5940      4.444     1.1890     -0.021  0.000e+00
     72.250 269.703336        290      4.418    12.6961   3.820827    32.6434  1024.6470      4.454     1.6097      0.026  0.000e+00
     72.500 269.703339        291      4.424    12.6640   3.820734    32.6703  1024.6741      4.460     1.8902      0.032  0.000e+00
     72.750 269.703342        292      4.422    12.6479   3.820580    32.6829  1024.6870      4.458     2.1873      0.009  0.000e+00
     73.000 269.703345        293      4.412    12.6398   3.820580    32.6899  1024.6939      4.447     2.2726     -0.026  0.000e+00
     73.250 269.703348        294      4.405    12.6357   3.820654    32.6942  1024.6980      4.441     2.1601     -0.034  0.000e+00
     73.500 269.703351        295      4.414    12.6337   3.820687    32.6962  1024.7000      4.449     2.2219      0.004  0.000e+00
     73.750 269.703354        296      4.433    12.6331   3.820600    32.6959  1024.6999      4.469     2.2409      0.056  0.000e+00
     74.000 269.703356        297      4.467    12.6326   3.820547    32.6958  1024.7001      4.503     2.1700      0.107  0.000e+00
     74.250 269.703359        298      4.507    12.6320   3.820621    32.6971  1024.7014      4.544     2.2936      0.150  0.000e+00
     74.500 269.703362        299      4.539    12.6316   3.820373    32.6950  1024.7000      4.576     2.2318      0.146  0.000e+00
     74.750 269.703365        300      4.565    12.6305   3.819423    32.6869  1024.6941      4.602     2.3224      0.116  0.000e+00
     75.000 269.703368        301      4.570    12.6263   3.819229    32.6887  1024.6963      4.607     2.2796      0.062  0.000e+00
     75.250 269.703371        302      4.561    12.6225   3.819878    32.6982  1024.7043      4.598     2.2058     -0.009  0.000e+00
     75.500 269.703374        303      4.537    12.6221   3.819844    32.6982  1024.7043      4.574     2.2771     -0.067  0.000e+00
     75.750 269.703377        304      4.501    12.6232   3.819490    32.6939  1024.7006      4.538     2.1671     -0.120  0.000e+00
     76.000 269.703380        305      4.468    12.6222   3.818968    32.6898  1024.6974      4.504     2.2087     -0.140  0.000e+00
     76.250 269.703383        306      4.440    12.6194   3.819068    32.6932  1024.7005      4.476     2.2643     -0.122  0.000e+00
     76.500 269.703385        307      4.423    12.6175   3.818827    32.6926  1024.7003      4.459     2.2512     -0.090  0.000e+00
     76.750 269.703388        308      4.412    12.6163   3.818720    32.6926  1024.7005      4.447     2.2458     -0.058  0.000e+00
     77.000 269.703391        309      4.404    12.6144   3.818580    32.6929  1024.7011      4.440     2.3228     -0.039  0.000e+00
     77.250 269.703394        310      4.398    12.6132   3.818687    32.6950  1024.7029      4.433     2.3566     -0.028  0.000e+00
     77.500 269.703397        311      4.391    12.6127   3.818613    32.6947  1024.7027      4.427     2.3340     -0.026  0.000e+00
     77.750 269.703400        312      4.393    12.6120   3.818526    32.6945  1024.7027      4.429     2.4398     -0.009  0.000e+00
     78.000 269.703403        313      4.409    12.6113   3.818506    32.6949  1024.7032      4.445     2.4098      0.037  0.000e+00
     78.250 269.703406        314      4.439    12.6112   3.818332    32.6933  1024.7022      4.475     2.3270      0.092  0.000e+00
     78.500 269.703409        315      4.480    12.6105   3.818051    32.6912  1024.7009      4.516     2.3319      0.142  0.000e+00
     78.750 269.703411        316      4.527    12.6087   3.818258    32.6947  1024.7042      4.563     2.3929      0.176  0.000e+00
     79.000 269.703414        317      4.563    12.6079   3.818158    32.6944  1024.7042      4.600     2.4312      0.167  0.000e+00
     79.250 269.703417        318      4.586    12.6073   3.818158    32.6949  1024.7049      4.623     2.7076      0.120  0.000e+00
     79.500 269.703420        319      4.592    12.6070   3.818192    32.6955  1024.7054      4.629     2.4011      0.058  0.000e+00
     79.750 269.703423        320      4.573    12.6070   3.818299    32.6966  1024.7061      4.611     2.3200     -0.026  0.000e+00
     80.000 269.703426        321      4.544    12.6077   3.818332    32.6963  1024.7056      4.580     2.3570     -0.097  0.000e+00
     80.250 269.703429        322      4.512    12.6088   3.818426    32.6963  1024.7053      4.548     2.2936     -0.125  0.000e+00
     80.500 269.703432        323      4.485    12.6093   3.818191    32.6935  1024.7029      4.521     2.2656     -0.118  0.000e+00
     80.750 269.703435        324      4.478    12.6094   3.818225    32.6938  1024.7031      4.514     2.2013     -0.069  0.000e+00
     81.000 269.703438        325      4.490    12.6088   3.818051    32.6927  1024.7024      4.527     2.2186      0.011  0.000e+00
     81.250 269.703440        326      4.517    12.6082   3.818399    32.6965  1024.7056      4.554     2.2833      0.079  0.000e+00
     81.500 269.703443        327      4.545    12.6086   3.818459    32.6967  1024.7058      4.582     2.3558      0.109  0.000e+00
     81.750 269.703446        328      4.556    12.6095   3.818399    32.6953  1024.7046      4.593     2.4423      0.079  0.000e+00
     82.000 269.703449        329      4.545    12.6096   3.818365    32.6950  1024.7042      4.582     2.4127      0.000  0.000e+00
     82.250 269.703452        330      4.505    12.6095   3.818118    32.6927  1024.7024      4.542     2.3434     -0.103  0.000e+00
     82.500 269.703455        331      4.449    12.6086   3.818158    32.6939  1024.7031      4.485     2.6446     -0.193  0.000e+00
     82.750 269.703458        332      4.396    12.6084   3.818365    32.6961  1024.7047      4.431     2.4646     -0.221  0.000e+00
     83.000 269.703461        333      4.369    12.6087   3.818158    32.6938  1024.7028      4.404     2.3401     -0.161  0.000e+00
     83.250 269.703464        334      4.384    12.6085   3.818118    32.6936  1024.7027      4.419     2.2524     -0.024  0.000e+00
     83.500 269.703466        335      4.441    12.6079   3.817877    32.6918  1024.7017      4.477     2.2643      0.146  0.000e+00
     83.750 269.703469        336      4.523    12.6066   3.817837    32.6925  1024.7028      4.560     2.2886      0.281  0.000e+00
     84.000 269.703472        337      4.603    12.6056   3.817837    32.6934  1024.7041      4.641     2.4398      0.326  0.000e+00
     84.250 269.703475        338      4.665    12.6048   3.817690    32.6926  1024.7039      4.703     2.3793      0.286  0.000e+00
     84.500 269.703478        339      4.696    12.6039   3.817275    32.6895  1024.7018      4.734     2.5395      0.187  0.000e+00
     84.750 269.703481        340      4.695    12.6017   3.816820    32.6870  1024.7003      4.733     2.3455      0.060  0.000e+00
     85.000 269.703484        341      4.675    12.5983   3.817208    32.6937  1024.7060      4.713     2.4007     -0.043  0.000e+00
     85.250 269.703487        342      4.640    12.5972   3.817837    32.7007  1024.7115      4.677     2.4291     -0.112  0.000e+00
     85.500 269.703490        343      4.597    12.5994   3.817757    32.6980  1024.7088      4.634     2.5338     -0.157  0.000e+00
     85.750 269.703492        344      4.561    12.6017   3.817737    32.6959  1024.7065      4.598     2.2161     -0.159  0.000e+00
     86.000 269.703495        345      4.532    12.6028   3.817877    32.6962  1024.7065      4.569     2.1865     -0.131  0.000e+00
     86.250 269.703498        346      4.519    12.6037   3.817770    32.6944  1024.7048      4.556     2.2652     -0.084  0.000e+00
     86.500 269.703501        347      4.522    12.6043   3.817877    32.6949  1024.7051      4.559     2.2458     -0.019  0.000e+00
     86.750 269.703504        348      4.539    12.6045   3.817890    32.6948  1024.7051      4.576     2.3579      0.041  0.000e+00
     87.000 269.703507        349      4.556    12.6045   3.817737    32.6934  1024.7040      4.593     2.3307      0.069  0.000e+00
     87.250 269.703510        350      4.564    12.6039   3.817737    32.6939  1024.7046      4.601     2.3517      0.049  0.000e+00
     87.500 269.703513        351      4.551    12.6035   3.817696    32.6938  1024.7046      4.588     2.4048     -0.011  0.000e+00
     87.750 269.703516        352      4.528    12.6034   3.817663    32.6937  1024.7044      4.564     2.5231     -0.073  0.000e+00
     88.000 269.703519        353      4.495    12.6035   3.817877    32.6956  1024.7057      4.531     2.3574     -0.114  0.000e+00
     88.250 269.703521        354      4.473    12.6042   3.818024    32.6964  1024.7061      4.510     2.4769     -0.110  0.000e+00
     88.500 269.703524        355      4.481    12.6051   3.817803    32.6935  1024.7037      4.517     2.4287     -0.028  0.000e+00
     88.750 269.703527        356      4.521    12.6053   3.817696    32.6923  1024.7029      4.558     2.2829      0.097  0.000e+00
     89.000 269.703530        357      4.588    12.6046   3.817556    32.6916  1024.7028      4.626     2.5284      0.217  0.000e+00
     89.250 269.703533        358      4.664    12.6032   3.817556    32.6927  1024.7043      4.702     2.4790      0.288  0.000e+00
     89.500 269.703536        359      4.730    12.6021   3.817255    32.6909  1024.7033      4.768     2.3307      0.286  0.000e+00
     89.750 269.703539        360      4.776    12.6007   3.817208    32.6916  1024.7044      4.815     2.4304      0.225  0.000e+00
