Raw_Data/Cage/SBE19/2020-09-20_SBE19_004_011_processed.cnv
* Sea-Bird SBE19plus Data File:
* FileName = C:\cruises\2020_barkerboys\leg2\data\cage\SBE19\2020-09-25_SBE19_004_011.hex
* Software Version 1.59
* Temperature SN =  4881
* Conductivity SN =  4881
* System UpLoad Time = Sep 25 2020 12:23:18
* ds
* SeacatPlus V 1.5  SERIAL NO. 4881    25 Sep 2020  12:15:39
# nquan = 12
# nvalues = 2357                                  
# units = specified
# name 0 = timeS: Time, Elapsed [seconds]
# name 1 = timeJ: Julian Days
# name 2 = scan: Scan Count
# name 3 = depSM: Depth [salt water, m], lat = 44.00
# name 4 = tv290C: Temperature [ITS-90, deg C]
# name 5 = c0S/m: Conductivity [S/m]
# name 6 = sal00: Salinity, Practical [PSU]
# name 7 = density00: Density [density, kg/m^3]
# name 8 = prdM: Pressure, Strain Gauge [db]
# name 9 = wetStar: Fluorescence, WET Labs WETstar [mg/m^3]
# name 10 = dz/dtM: Descent Rate [m/s]
# name 11 = flag:  0.000e+00
# span 0 =      0.000,    589.000                 
# span 1 = 264.513843, 264.520660                 
# span 2 =          1,       2357                 
# span 3 =      0.120,    104.862                 
# span 4 =     9.2869,    13.0509                 
# span 5 =   0.004823,   3.818681                 
# span 6 =     0.0334,    32.9612                 
# span 7 =   999.7623,  1025.6643                 
# span 8 =      0.121,    105.738                 
# span 9 =     0.1496,     4.5064                 
# span 10 =     -1.553,      1.310                
# span 11 = 0.0000e+00, 0.0000e+00                
# interval = seconds: 0.25
# start_time = Sep 20 2020 12:19:56 [Instrument's time stamp, header]
# bad_flag = -9.990e-29
*END*
[from data line 1083]
    270.750 264.516976       1084     19.323    12.8897   3.809104    32.3594  1024.4570     19.480     1.7275      0.947  0.000e+00
    271.000 264.516979       1085     19.616    12.8888   3.809031    32.3595  1024.4585     19.775     2.3162      1.106  0.000e+00
    271.250 264.516982       1086     19.916    12.8879   3.809064    32.3604  1024.4607     20.078     1.9562      1.196  0.000e+00
    271.500 264.516985       1087     20.162    12.8871   3.808997    32.3603  1024.4620     20.326     1.7683      1.102  0.000e+00
    271.750 264.516988       1088     20.364    12.8861   3.808997    32.3611  1024.4637     20.530     1.7951      0.904  0.000e+00
    272.000 264.516991       1089     20.553    12.8854   3.809105    32.3627  1024.4659     20.720     1.9331      0.788  0.000e+00
    272.250 264.516994       1090     20.713    12.8850   3.808998    32.3620  1024.4661     20.881     1.8532      0.702  0.000e+00
    272.500 264.516997       1091     20.855    12.8846   3.809065    32.3628  1024.4675     21.025     1.7460      0.610  0.000e+00
    272.750 264.516999       1092     20.998    12.8842   3.808964    32.3622  1024.4677     21.169     2.0715      0.575  0.000e+00
    273.000 264.517002       1093     21.159    12.8842   3.809031    32.3628  1024.4689     21.331     1.9166      0.612  0.000e+00
    273.250 264.517005       1094     21.334    12.8842   3.809165    32.3640  1024.4707     21.508     1.8317      0.679  0.000e+00
    273.500 264.517008       1095     21.528    12.8846   3.808998    32.3620  1024.4699     21.704     1.9895      0.745  0.000e+00
    273.750 264.517011       1096     21.731    12.8844   3.809031    32.3623  1024.4711     21.908     2.2021      0.799  0.000e+00
    274.000 264.517014       1097     21.942    12.8842   3.809105    32.3632  1024.4728     22.120     1.8235      0.833  0.000e+00
    274.250 264.517017       1098     22.158    12.8844   3.809172    32.3635  1024.4740     22.338     2.1090      0.861  0.000e+00
    274.500 264.517020       1099     22.388    12.8848   3.809099    32.3624  1024.4741     22.570     1.9088      0.900  0.000e+00
    274.750 264.517023       1100     22.626    12.8850   3.809172    32.3629  1024.4755     22.811     1.8882      0.945  0.000e+00
    275.000 264.517025       1101     22.869    12.8846   3.809065    32.3620  1024.4760     23.055     1.8824      0.971  0.000e+00
    275.250 264.517028       1102     23.122    12.8846   3.809172    32.3629  1024.4779     23.310     1.6484      0.999  0.000e+00
    275.500 264.517031       1103     23.372    12.8842   3.809106    32.3625  1024.4788     23.562     2.2017      1.014  0.000e+00
    275.750 264.517034       1104     23.605    12.8840   3.809106    32.3627  1024.4800     23.797     3.3759      0.975  0.000e+00
    276.000 264.517037       1105     23.824    12.8836   3.809132    32.3632  1024.4814     24.019     2.2071      0.913  0.000e+00
    276.250 264.517040       1106     24.008    12.8834   3.809139    32.3633  1024.4824     24.203     1.9586      0.812  0.000e+00
    276.500 264.517043       1107     24.166    12.8832   3.809139    32.3634  1024.4832     24.363     1.7687      0.689  0.000e+00
    276.750 264.517046       1108     24.312    12.8829   3.809139    32.3636  1024.4841     24.510     1.8396      0.614  0.000e+00
    277.000 264.517049       1109     24.455    12.8827   3.809139    32.3637  1024.4849     24.654     2.0056      0.582  0.000e+00
    277.250 264.517052       1110     24.631    12.8823   3.809173    32.3644  1024.4862     24.831     1.8911      0.642  0.000e+00
    277.500 264.517054       1111     24.843    12.8821   3.809099    32.3637  1024.4867     25.045     1.7003      0.782  0.000e+00
    277.750 264.517057       1112     25.091    12.8821   3.809173    32.3643  1024.4883     25.295     1.7217      0.928  0.000e+00
    278.000 264.517060       1113     25.351    12.8817   3.809173    32.3645  1024.4897     25.557     1.6785      1.024  0.000e+00
    278.250 264.517063       1114     25.643    12.8815   3.808545    32.3587  1024.4866     25.852     1.7016      1.114  0.000e+00
    278.500 264.517066       1115     25.927    12.8776   3.807562    32.3526  1024.4839     26.138     2.2936      1.162  0.000e+00
    278.750 264.517069       1116     26.172    12.8681   3.807315    32.3582  1024.4912     26.385     2.2170      1.065  0.000e+00
    279.000 264.517072       1117     26.402    12.8587   3.807269    32.3658  1024.5000     26.617     2.0962      0.958  0.000e+00
    279.250 264.517075       1118     26.617    12.8529   3.807282    32.3708  1024.5060     26.834     1.7325      0.898  0.000e+00
    279.500 264.517078       1119     26.817    12.8493   3.807175    32.3728  1024.5091     27.036     2.0027      0.838  0.000e+00
    279.750 264.517080       1120     27.002    12.8468   3.807142    32.3746  1024.5118     27.223     1.9492      0.777  0.000e+00
    280.000 264.517083       1121     27.175    12.8450   3.807142    32.3760  1024.5141     27.397     1.7329      0.722  0.000e+00
    280.250 264.517086       1122     27.344    12.8438   3.807142    32.3770  1024.5158     27.567     1.6237      0.689  0.000e+00
    280.500 264.517089       1123     27.515    12.8431   3.807169    32.3778  1024.5173     27.739     2.2322      0.685  0.000e+00
    280.750 264.517092       1124     27.696    12.8429   3.807109    32.3773  1024.5178     27.922     2.0480      0.709  0.000e+00
    281.000 264.517095       1125     27.899    12.8427   3.807109    32.3773  1024.5188     28.127     2.3735      0.775  0.000e+00
    281.250 264.517098       1126     28.131    12.8423   3.807109    32.3776  1024.5201     28.361     2.4637      0.878  0.000e+00
    281.500 264.517101       1127     28.380    12.8418   3.807076    32.3776  1024.5213     28.612     2.1741      0.971  0.000e+00
    281.750 264.517104       1128     28.656    12.8414   3.806969    32.3769  1024.5221     28.890     1.7835      1.059  0.000e+00
    282.000 264.517106       1129     28.934    12.8407   3.806936    32.3771  1024.5237     29.170     2.2170      1.117  0.000e+00
    282.250 264.517109       1130     29.216    12.8393   3.806969    32.3785  1024.5263     29.455     1.6097      1.130  0.000e+00
    282.500 264.517112       1131     29.473    12.8382   3.806862    32.3782  1024.5275     29.714     1.6204      1.087  0.000e+00
    282.750 264.517115       1132     29.704    12.8372   3.806655    32.3770  1024.5278     29.947     1.7254      0.984  0.000e+00
    283.000 264.517118       1133     29.926    12.8347   3.806515    32.3777  1024.5298     30.170     1.5689      0.913  0.000e+00
    283.250 264.517121       1134     30.114    12.8314   3.806301    32.3785  1024.5319     30.360     1.7975      0.827  0.000e+00
    283.500 264.517124       1135     30.284    12.8275   3.806235    32.3811  1024.5355     30.531     1.7802      0.722  0.000e+00
    283.750 264.517127       1136     30.444    12.8237   3.806128    32.3834  1024.5387     30.693     1.9228      0.666  0.000e+00
    284.000 264.517130       1137     30.614    12.8203   3.806095    32.3859  1024.5421     30.864     1.6546      0.666  0.000e+00
    284.250 264.517133       1138     30.810    12.8178   3.806128    32.3883  1024.5453     31.061     1.4288      0.737  0.000e+00
    284.500 264.517135       1139     31.056    12.8162   3.806235    32.3905  1024.5484     31.309     1.6674      0.891  0.000e+00
    284.750 264.517138       1140     31.325    12.8148   3.806376    32.3929  1024.5518     31.581     1.5940      1.039  0.000e+00
    285.000 264.517141       1141     31.643    12.8142   3.806436    32.3939  1024.5541     31.901     1.4544      1.183  0.000e+00
    285.250 264.517144       1142     31.957    12.8140   3.806376    32.3934  1024.5551     32.218     1.7539      1.274  0.000e+00
    285.500 264.517147       1143     32.224    12.8134   3.806409    32.3941  1024.5570     32.487     1.4605      1.173  0.000e+00
    285.750 264.517150       1144     32.470    12.8126   3.806129    32.3920  1024.5567     32.735     1.5821      1.035  0.000e+00
    286.000 264.517153       1145     32.681    12.8104   3.805674    32.3896  1024.5562     32.948     1.4090      0.921  0.000e+00
    286.250 264.517156       1146     32.895    12.8063   3.805641    32.3926  1024.5603     33.164     1.4984      0.857  0.000e+00
    286.500 264.517159       1147     33.082    12.8021   3.805401    32.3939  1024.5629     33.353     1.5174      0.810  0.000e+00
    286.750 264.517161       1148     33.259    12.7988   3.805427    32.3969  1024.5667     33.531     1.5714      0.735  0.000e+00
    287.000 264.517164       1149     33.442    12.7962   3.805394    32.3987  1024.5695     33.716     1.3184      0.726  0.000e+00
    287.250 264.517167       1150     33.635    12.7946   3.805327    32.3994  1024.5712     33.910     1.3641      0.758  0.000e+00
    287.500 264.517170       1151     33.857    12.7935   3.805428    32.4012  1024.5738     34.133     1.5438      0.835  0.000e+00
    287.750 264.517173       1152     34.106    12.7928   3.805288    32.4004  1024.5744     34.385     1.8309      0.949  0.000e+00
    288.000 264.517176       1153     34.379    12.7922   3.805401    32.4019  1024.5770     34.660     1.4976      1.052  0.000e+00
    288.250 264.517179       1154     34.668    12.7918   3.805187    32.4001  1024.5769     34.952     1.3563      1.134  0.000e+00
    288.500 264.517182       1155     34.944    12.7910   3.805081    32.3996  1024.5779     35.230     1.9986      1.140  0.000e+00
    288.750 264.517185       1156     35.203    12.7896   3.804800    32.3981  1024.5782     35.491     1.6369      1.078  0.000e+00
    289.000 264.517187       1157     35.454    12.7868   3.804767    32.4000  1024.5814     35.744     1.3732      1.029  0.000e+00
    289.250 264.517190       1158     35.696    12.7842   3.804627    32.4008  1024.5836     35.988     1.5137      0.994  0.000e+00
    289.500 264.517193       1159     35.918    12.7823   3.804593    32.4020  1024.5859     36.211     1.4651      0.934  0.000e+00
    289.750 264.517196       1160     36.128    12.7808   3.804567    32.4031  1024.5880     36.424     1.6043      0.872  0.000e+00
    290.000 264.517199       1161     36.315    12.7796   3.804520    32.4035  1024.5894     36.612     1.4436      0.801  0.000e+00
    290.250 264.517202       1162     36.482    12.7785   3.804413    32.4034  1024.5903     36.780     1.4778      0.713  0.000e+00
    290.500 264.517205       1163     36.655    12.7772   3.804240    32.4028  1024.5908     36.954     1.4614      0.685  0.000e+00
    290.750 264.517208       1164     36.841    12.7758   3.804033    32.4020  1024.5913     37.142     1.4548      0.724  0.000e+00
    291.000 264.517211       1165     37.067    12.7738   3.803926    32.4026  1024.5932     37.370     1.4642      0.831  0.000e+00
    291.250 264.517214       1166     37.335    12.7715   3.803672    32.4020  1024.5944     37.641     1.3670      0.997  0.000e+00
    291.500 264.517216       1167     37.633    12.7689   3.803505    32.4025  1024.5967     37.941     1.6678      1.143  0.000e+00
    291.750 264.517219       1168     37.954    12.7664   3.803298    32.4026  1024.5987     38.264     2.0163      1.248  0.000e+00
    292.000 264.517222       1169     38.258    12.7641   3.803265    32.4042  1024.6017     38.572     1.6995      1.261  0.000e+00
    292.250 264.517225       1170     38.534    12.7621   3.802911    32.4024  1024.6020     38.850     1.5817      1.171  0.000e+00
    292.500 264.517228       1171     38.794    12.7595   3.802771    32.4032  1024.6043     39.112     1.5314      1.080  0.000e+00
    292.750 264.517231       1172     39.032    12.7565   3.802370    32.4018  1024.6049     39.351     1.4243      1.003  0.000e+00
    293.000 264.517234       1173     39.251    12.7527   3.802250    32.4038  1024.6082     39.572     1.5607      0.921  0.000e+00
    293.250 264.517237       1174     39.441    12.7492   3.802317    32.4074  1024.6125     39.764     1.6307      0.825  0.000e+00
    293.500 264.517240       1175     39.591    12.7473   3.802217    32.4081  1024.6140     39.915     1.8194      0.685  0.000e+00
    293.750 264.517242       1176     39.725    12.7459   3.802177    32.4088  1024.6155     40.050     1.5874      0.573  0.000e+00
    294.000 264.517245       1177     39.867    12.7450   3.802110    32.4089  1024.6164     40.193     1.3452      0.556  0.000e+00
    294.250 264.517248       1178     40.033    12.7439   3.801796    32.4068  1024.6157     40.361     1.5635      0.621  0.000e+00
    294.500 264.517251       1179     40.239    12.7417   3.801475    32.4056  1024.6161     40.569     1.5689      0.752  0.000e+00
    294.750 264.517254       1180     40.500    12.7382   3.801302    32.4069  1024.6190     40.832     1.4197      0.943  0.000e+00
    295.000 264.517257       1181     40.810    12.7340   3.800534    32.4030  1024.6183     41.145     1.5170      1.151  0.000e+00
    295.250 264.517260       1182     41.150    12.7277   3.799766    32.4010  1024.6194     41.487     1.5648      1.310  0.000e+00
    295.500 264.517263       1183     41.442    12.7185   3.799346    32.4048  1024.6255     41.781     1.5755      1.274  0.000e+00
    295.750 264.517266       1184     41.672    12.7098   3.799172    32.4105  1024.6326     42.013     2.0682      1.052  0.000e+00
    296.000 264.517269       1185     41.870    12.7031   3.799246    32.4169  1024.6397     42.213     2.0765      0.863  0.000e+00
    296.250 264.517271       1186     42.030    12.6988   3.799139    32.4196  1024.6434     42.374     1.7671      0.722  0.000e+00
    296.500 264.517274       1187     42.145    12.6957   3.799032    32.4211  1024.6457     42.490     1.4066      0.554  0.000e+00
    296.750 264.517277       1188     42.233    12.6928   3.799066    32.4239  1024.6488     42.579     1.3258      0.410  0.000e+00
    297.000 264.517280       1189     42.330    12.6909   3.799032    32.4252  1024.6506     42.677     1.5635      0.374  0.000e+00
    297.250 264.517283       1190     42.453    12.6900   3.798859    32.4242  1024.6506     42.801     1.3753      0.442  0.000e+00
    297.500 264.517286       1191     42.625    12.6882   3.798371    32.4211  1024.6493     42.974     1.3913      0.595  0.000e+00
    297.750 264.517289       1192     42.857    12.6839   3.797877    32.4200  1024.6503     43.209     1.5858      0.816  0.000e+00
    298.000 264.517292       1193     43.127    12.6773   3.797183    32.4190  1024.6521     43.480     1.3695      1.012  0.000e+00
    298.250 264.517295       1194     43.441    12.6689   3.796763    32.4220  1024.6575     43.797     1.3023      1.177  0.000e+00
    298.500 264.517297       1195     43.736    12.6604   3.796382    32.4257  1024.6633     44.095     1.3431      1.229  0.000e+00
    298.750 264.517300       1196     44.017    12.6532   3.796102    32.4291  1024.6686     44.378     1.2393      1.162  0.000e+00
    299.000 264.517303       1197     44.260    12.6469   3.795996    32.4333  1024.6742     44.623     1.2685      1.057  0.000e+00
    299.250 264.517306       1198     44.486    12.6422   3.795615    32.4337  1024.6764     44.851     1.2772      0.945  0.000e+00
    299.500 264.517309       1199     44.698    12.6375   3.795522    32.4368  1024.6807     45.064     1.1857      0.883  0.000e+00
    299.750 264.517312       1200     44.867    12.6335   3.795302    32.4380  1024.6832     45.235     1.3893      0.769  0.000e+00
    300.000 264.517315       1201     45.013    12.6301   3.794948    32.4376  1024.6841     45.382     1.3242      0.636  0.000e+00
    300.250 264.517318       1202     45.164    12.6257   3.794601    32.4380  1024.6860     45.535     1.6245      0.599  0.000e+00
    300.500 264.517321       1203     45.338    12.6211   3.794635    32.4422  1024.6909     45.710     1.3287      0.655  0.000e+00
