Raw_Data/Cage/SBE19/2020-09-24_SBE19_006_028_processed.cnv
* Sea-Bird SBE19plus Data File:
* FileName = C:\cruises\2020_barkerboys\leg2\data\cage\SBE19\2020-09-25_SBE19_004_028.hex
* Software Version 1.59
* Temperature SN =  4881
* Conductivity SN =  4881
* System UpLoad Time = Sep 25 2020 12:48:05
* ds
* SeacatPlus V 1.5  SERIAL NO. 4881    25 Sep 2020  12:15:39
# nquan = 12
# nvalues = 3037                                  
# units = specified
# name 0 = timeS: Time, Elapsed [seconds]
# name 1 = timeJ: Julian Days
# name 2 = scan: Scan Count
# name 3 = depSM: Depth [salt water, m], lat = 44.00
# name 4 = tv290C: Temperature [ITS-90, deg C]
# name 5 = c0S/m: Conductivity [S/m]
# name 6 = sal00: Salinity, Practical [PSU]
# name 7 = density00: Density [density, kg/m^3]
# name 8 = prdM: Pressure, Strain Gauge [db]
# name 9 = wetStar: Fluorescence, WET Labs WETstar [mg/m^3]
# name 10 = dz/dtM: Descent Rate [m/s]
# name 11 = flag:  0.000e+00
# span 0 =      0.000,    759.000                 
# span 1 = 268.779803, 268.788588                 
# span 2 =          1,       3037                 
# span 3 =     -0.105,    162.288                 
# span 4 =     9.9556,    14.7263                 
# span 5 =   0.048252,   3.869666                 
# span 6 =     0.2934,    33.5041                 
# span 7 =   999.3691,  1026.5308                 
# span 8 =     -0.106,    163.666                 
# span 9 =     0.1183,     3.0879                 
# span 10 =     -1.339,      1.062                
# span 11 = 0.0000e+00, 0.0000e+00                
# interval = seconds: 0.25
# start_time = Sep 24 2020 18:42:55 [Instrument's time stamp, header]
# bad_flag = -9.990e-29
*END*
[from data line 1324]
    331.000 268.783634       1325     44.712    11.0565   3.715667    33.0530  1025.4532     45.079     0.4598      0.539  0.000e+00
    331.250 268.783637       1326     44.819    11.0549   3.716177    33.0594  1025.4589     45.186     0.4301      0.468  0.000e+00
    331.500 268.783640       1327     44.937    11.0571   3.716177    33.0574  1025.4575     45.306     0.4198      0.453  0.000e+00
    331.750 268.783643       1328     45.063    11.0599   3.716104    33.0541  1025.4550     45.432     0.4240      0.492  0.000e+00
    332.000 268.783646       1329     45.228    11.0611   3.716005    33.0520  1025.4539     45.599     0.4235      0.586  0.000e+00
    332.250 268.783649       1330     45.408    11.0607   3.715667    33.0489  1025.4524     45.780     0.4174      0.696  0.000e+00
    332.500 268.783652       1331     45.608    11.0579   3.714814    33.0428  1025.4491     45.982     0.4153      0.767  0.000e+00
    332.750 268.783655       1332     45.830    11.0518   3.713927    33.0395  1025.4486     46.206     0.4050      0.851  0.000e+00
    333.000 268.783657       1333     46.055    11.0410   3.710837    33.0185  1025.4352     46.433     0.4639      0.902  0.000e+00
    333.250 268.783660       1334     46.276    11.0172   3.710004    33.0316  1025.4506     46.656     0.4244      0.900  0.000e+00
    333.500 268.783663       1335     46.474    10.9944   3.709204    33.0441  1025.4653     46.855     0.4421      0.844  0.000e+00
    333.750 268.783666       1336     46.638    10.9757   3.708728    33.0561  1025.4788     47.021     0.4273      0.730  0.000e+00
    334.000 268.783669       1337     46.767    10.9620   3.708391    33.0650  1025.4887     47.151     0.4198      0.591  0.000e+00
    334.250 268.783672       1338     46.866    10.9525   3.708563    33.0752  1025.4988     47.251     0.4211      0.460  0.000e+00
    334.500 268.783675       1339     46.951    10.9478   3.708629    33.0801  1025.5038     47.336     0.4256      0.371  0.000e+00
    334.750 268.783678       1340     47.041    10.9458   3.709000    33.0856  1025.5088     47.427     0.4067      0.352  0.000e+00
    335.000 268.783681       1341     47.157    10.9474   3.709344    33.0875  1025.5106     47.544     0.3828      0.415  0.000e+00
    335.250 268.783683       1342     47.309    10.9507   3.709582    33.0868  1025.5101     47.697     0.3914      0.541  0.000e+00
    335.500 268.783686       1343     47.497    10.9541   3.709040    33.0783  1025.5038     47.886     0.3642      0.685  0.000e+00
    335.750 268.783689       1344     47.692    10.9542   3.707102    33.0589  1025.4895     48.084     0.3593      0.773  0.000e+00
    336.000 268.783692       1345     47.880    10.9436   3.707135    33.0687  1025.4999     48.273     0.3469      0.773  0.000e+00
    336.250 268.783695       1346     48.058    10.9312   3.706150    33.0701  1025.5040     48.452     0.3535      0.737  0.000e+00
    336.500 268.783698       1347     48.221    10.9194   3.705000    33.0692  1025.5061     48.617     0.3597      0.687  0.000e+00
    336.750 268.783701       1348     48.379    10.9058   3.702323    33.0547  1025.4980     48.777     0.3609      0.649  0.000e+00
    337.000 268.783704       1349     48.519    10.8820   3.700017    33.0532  1025.5017     48.917     0.3646      0.601  0.000e+00
    337.250 268.783707       1350     48.656    10.8469   3.698867    33.0734  1025.5243     49.056     0.3679      0.558  0.000e+00
    337.500 268.783709       1351     48.797    10.8192   3.700896    33.1186  1025.5649     49.198     0.3609      0.561  0.000e+00
    337.750 268.783712       1352     48.947    10.8124   3.699952    33.1153  1025.5643     49.349     0.3482      0.586  0.000e+00
    338.000 268.783715       1353     49.125    10.8088   3.699509    33.1141  1025.5648     49.528     0.3325      0.662  0.000e+00
    338.250 268.783718       1354     49.314    10.8009   3.698221    33.1083  1025.5625     49.719     0.3284      0.739  0.000e+00
    338.500 268.783721       1355     49.518    10.7883   3.692983    33.0674  1025.5339     49.925     0.3185      0.793  0.000e+00
    338.750 268.783724       1356     49.723    10.7506   3.691261    33.0842  1025.5545     50.131     0.3028      0.825  0.000e+00
    339.000 268.783727       1357     49.917    10.7054   3.691261    33.1251  1025.5952     50.327     0.2831      0.805  0.000e+00
    339.250 268.783730       1358     50.093    10.6782   3.689776    33.1348  1025.6083     50.505     0.2785      0.748  0.000e+00
    339.500 268.783733       1359     50.251    10.6562   3.689473    33.1517  1025.6260     50.664     0.2761      0.672  0.000e+00
    339.750 268.783736       1360     50.384    10.6385   3.689605    33.1690  1025.6432     50.798     0.2814      0.586  0.000e+00
    340.000 268.783738       1361     50.508    10.6297   3.690365    33.1846  1025.6574     50.922     0.2600      0.518  0.000e+00
    340.250 268.783741       1362     50.623    10.6310   3.691665    33.1964  1025.6669     51.038     0.2583      0.481  0.000e+00
    340.500 268.783744       1363     50.760    10.6415   3.690919    33.1793  1025.6524     51.177     0.2357      0.509  0.000e+00
    340.750 268.783747       1364     50.918    10.6443   3.690180    33.1692  1025.6448     51.336     0.2233      0.595  0.000e+00
    341.000 268.783750       1365     51.101    10.6373   3.687784    33.1516  1025.6331     51.521     0.2052      0.687  0.000e+00
    341.250 268.783753       1366     51.286    10.6218   3.687243    33.1602  1025.6434     51.708     0.2138      0.743  0.000e+00
    341.500 268.783756       1367     51.463    10.6039   3.686775    33.1717  1025.6562     51.886     0.1916      0.730  0.000e+00
    341.750 268.783759       1368     51.631    10.5904   3.686472    33.1809  1025.6665     52.056     0.1970      0.696  0.000e+00
    342.000 268.783762       1369     51.785    10.5802   3.686432    33.1897  1025.6759     52.210     0.1904      0.649  0.000e+00
    342.250 268.783764       1370     51.924    10.5737   3.686248    33.1937  1025.6808     52.351     0.2101      0.591  0.000e+00
    342.500 268.783767       1371     52.052    10.5696   3.687548    33.2104  1025.6950     52.480     0.1978      0.539  0.000e+00
    342.750 268.783770       1372     52.173    10.5732   3.687785    33.2094  1025.6942     52.602     0.1904      0.503  0.000e+00
    343.000 268.783773       1373     52.304    10.5798   3.687884    33.2044  1025.6897     52.734     0.2583      0.509  0.000e+00
    343.250 268.783776       1374     52.459    10.5854   3.687851    33.1989  1025.6852     52.890     0.2538      0.576  0.000e+00
    343.500 268.783779       1375     52.646    10.5882   3.686842    33.1862  1025.6757     53.079     0.1891      0.689  0.000e+00
    343.750 268.783782       1376     52.855    10.5839   3.685826    33.1797  1025.6723     53.290     0.1768      0.799  0.000e+00
    344.000 268.783785       1377     53.080    10.5726   3.685324    33.1850  1025.6794     53.516     0.1693      0.874  0.000e+00
    344.250 268.783788       1378     53.314    10.5604   3.685054    33.1932  1025.6890     53.752     0.1743      0.926  0.000e+00
    344.500 268.783791       1379     53.545    10.5510   3.685114    33.2023  1025.6988     53.986     0.1702      0.939  0.000e+00
    344.750 268.783793       1380     53.761    10.5453   3.685523    33.2115  1025.7079     54.204     0.2254      0.902  0.000e+00
    345.000 268.783796       1381     53.952    10.5458   3.685391    33.2096  1025.7072     54.396     0.1842      0.821  0.000e+00
    345.250 268.783799       1382     54.100    10.5469   3.685154    33.2061  1025.7050     54.545     0.1735      0.683  0.000e+00
    345.500 268.783802       1383     54.214    10.5441   3.685022    33.2073  1025.7070     54.660     0.1689      0.528  0.000e+00
    345.750 268.783805       1384     54.295    10.5412   3.685055    33.2102  1025.7101     54.742     0.1714      0.393  0.000e+00
    346.000 268.783808       1385     54.350    10.5393   3.685055    33.2120  1025.7121     54.797     0.1636      0.275  0.000e+00
    346.250 268.783811       1386     54.394    10.5386   3.685220    33.2143  1025.7141     54.841     0.1731      0.200  0.000e+00
    346.500 268.783814       1387     54.435    10.5395   3.685358    33.2148  1025.7146     54.882     0.1681      0.170  0.000e+00
    346.750 268.783817       1388     54.490    10.5408   3.685431    33.2143  1025.7142     54.938     0.1648      0.193  0.000e+00
    347.000 268.783819       1389     54.579    10.5420   3.685358    33.2125  1025.7130     55.028     0.1706      0.292  0.000e+00
    347.250 268.783822       1390     54.705    10.5430   3.685490    33.2128  1025.7137     55.155     0.1665      0.434  0.000e+00
    347.500 268.783825       1391     54.883    10.5439   3.685292    33.2099  1025.7121     55.334     0.1809      0.612  0.000e+00
    347.750 268.783828       1392     55.080    10.5437   3.684916    33.2063  1025.7102     55.533     0.1603      0.756  0.000e+00
    348.000 268.783831       1393     55.297    10.5411   3.684917    33.2085  1025.7134     55.752     0.1636      0.836  0.000e+00
    348.250 268.783834       1394     55.524    10.5392   3.684818    33.2092  1025.7152     55.981     0.1516      0.896  0.000e+00
    348.500 268.783837       1395     55.757    10.5378   3.684686    33.2091  1025.7165     56.216     0.1677      0.928  0.000e+00
    348.750 268.783840       1396     55.989    10.5351   3.683941    33.2040  1025.7140     56.449     0.1710      0.937  0.000e+00
    349.000 268.783843       1397     56.210    10.5275   3.683585    33.2072  1025.7189     56.673     0.1607      0.913  0.000e+00
    349.250 268.783845       1398     56.415    10.5180   3.683572    33.2156  1025.7280     56.879     0.1438      0.859  0.000e+00
    349.500 268.783848       1399     56.589    10.5111   3.683374    33.2199  1025.7333     57.055     0.1751      0.765  0.000e+00
    349.750 268.783851       1400     56.733    10.5065   3.683440    33.2247  1025.7385     57.200     0.1578      0.642  0.000e+00
    350.000 268.783854       1401     56.851    10.5028   3.682899    33.2225  1025.7380     57.319     0.1702      0.528  0.000e+00
    350.250 268.783857       1402     56.951    10.4980   3.682998    33.2279  1025.7435     57.420     0.1706      0.440  0.000e+00
    350.500 268.783860       1403     57.048    10.4941   3.683137    33.2328  1025.7484     57.518     0.1566      0.397  0.000e+00
    350.750 268.783863       1404     57.166    10.4934   3.683104    33.2330  1025.7492     57.637     0.1520      0.434  0.000e+00
    351.000 268.783866       1405     57.322    10.4940   3.683480    33.2362  1025.7524     57.794     0.2085      0.552  0.000e+00
    351.250 268.783869       1406     57.516    10.4957   3.683203    33.2318  1025.7495     57.989     0.1558      0.705  0.000e+00
    351.500 268.783872       1407     57.720    10.4960   3.682464    33.2240  1025.7443     58.196     0.1525      0.803  0.000e+00
    351.750 268.783874       1408     57.930    10.4909   3.682662    33.2305  1025.7512     58.407     0.1599      0.836  0.000e+00
    352.000 268.783877       1409     58.141    10.4863   3.682530    33.2333  1025.7551     58.620     0.1455      0.849  0.000e+00
    352.250 268.783880       1410     58.330    10.4836   3.682432    33.2347  1025.7576     58.810     0.3226      0.805  0.000e+00
    352.500 268.783883       1411     58.495    10.4814   3.682359    33.2359  1025.7596     58.976     0.1751      0.713  0.000e+00
    352.750 268.783886       1412     58.635    10.4797   3.682465    33.2385  1025.7626     59.118     0.1751      0.617  0.000e+00
    353.000 268.783889       1413     58.749    10.4786   3.682432    33.2391  1025.7638     59.233     0.1677      0.513  0.000e+00
    353.250 268.783892       1414     58.842    10.4780   3.682419    33.2395  1025.7646     59.327     0.1710      0.417  0.000e+00
    353.500 268.783895       1415     58.934    10.4781   3.682498    33.2401  1025.7655     59.419     0.1632      0.372  0.000e+00
    353.750 268.783898       1416     59.029    10.4787   3.682630    33.2409  1025.7664     59.516     0.1541      0.378  0.000e+00
    354.000 268.783900       1417     59.141    10.4794   3.682630    33.2402  1025.7663     59.628     0.1553      0.419  0.000e+00
    354.250 268.783903       1418     59.265    10.4800   3.682729    33.2405  1025.7670     59.753     0.1459      0.475  0.000e+00
    354.500 268.783906       1419     59.406    10.4807   3.682801    33.2406  1025.7676     59.896     0.1891      0.535  0.000e+00
    354.750 268.783909       1420     59.565    10.4811   3.681720    33.2293  1025.7595     60.056     0.1710      0.606  0.000e+00
    355.000 268.783912       1421     59.714    10.4756   3.680474    33.2217  1025.7552     60.206     0.1520      0.621  0.000e+00
    355.250 268.783915       1422     59.869    10.4635   3.680362    33.2316  1025.7657     60.362     0.1574      0.612  0.000e+00
    355.500 268.783918       1423     60.019    10.4538   3.680645    33.2432  1025.7771     60.513     0.1541      0.614  0.000e+00
    355.750 268.783921       1424     60.165    10.4495   3.680612    33.2467  1025.7812     60.660     0.1632      0.597  0.000e+00
    356.000 268.783924       1425     60.311    10.4477   3.680777    33.2500  1025.7847     60.808     0.2122      0.589  0.000e+00
    356.250 268.783927       1426     60.460    10.4479   3.680679    33.2488  1025.7845     60.958     0.1772      0.595  0.000e+00
    356.500 268.783929       1427     60.612    10.4482   3.680810    33.2497  1025.7858     61.112     0.1661      0.608  0.000e+00
    356.750 268.783932       1428     60.778    10.4490   3.680850    33.2493  1025.7861     61.279     0.1792      0.642  0.000e+00
    357.000 268.783935       1429     60.959    10.4497   3.680441    33.2445  1025.7831     61.462     0.1450      0.700  0.000e+00
    357.250 268.783938       1430     61.159    10.4480   3.680540    33.2469  1025.7862     61.663     0.1393      0.767  0.000e+00
    357.500 268.783941       1431     61.375    10.4468   3.680514    33.2477  1025.7879     61.881     0.1446      0.838  0.000e+00
    357.750 268.783944       1432     61.594    10.4463   3.680376    33.2466  1025.7882     62.102     0.1438      0.878  0.000e+00
    358.000 268.783947       1433     61.803    10.4443   3.679130    33.2359  1025.7812     62.312     0.1504      0.864  0.000e+00
    358.250 268.783950       1434     61.980    10.4350   3.677752    33.2305  1025.7793     62.491     0.1463      0.778  0.000e+00
    358.500 268.783953       1435     62.126    10.4177   3.676948    33.2381  1025.7890     62.638     0.1426      0.651  0.000e+00
    358.750 268.783955       1436     62.236    10.3996   3.676876    33.2538  1025.8049     62.750     0.1619      0.518  0.000e+00
    359.000 268.783958       1437     62.323    10.3877   3.677416    33.2702  1025.8200     62.837     0.1479      0.397  0.000e+00
    359.250 268.783961       1438     62.409    10.3841   3.677212    33.2713  1025.8219     62.924     0.1434      0.348  0.000e+00
    359.500 268.783964       1439     62.503    10.3826   3.677212    33.2727  1025.8237     63.018     0.1512      0.363  0.000e+00
    359.750 268.783967       1440     62.622    10.3815   3.677450    33.2760  1025.8270     63.138     0.1562      0.430  0.000e+00
    360.000 268.783970       1441     62.774    10.3821   3.678023    33.2812  1025.8316     63.292     0.1508      0.548  0.000e+00
    360.250 268.783973       1442     62.947    10.3869   3.678188    33.2784  1025.8294     63.466     0.1562      0.655  0.000e+00
    360.500 268.783976       1443     63.133    10.3903   3.676138    33.2546  1025.8111     63.654     0.1430      0.724  0.000e+00
