Raw_Data/Cage/SBE19/2020-09-20_SBE19_004_015_processed.cnv
* Sea-Bird SBE19plus Data File:
* FileName = C:\cruises\2020_barkerboys\leg2\data\cage\SBE19\2020-09-25_SBE19_004_015.hex
* Software Version 1.59
* Temperature SN =  4881
* Conductivity SN =  4881
* System UpLoad Time = Sep 25 2020 12:31:29
* ds
* SeacatPlus V 1.5  SERIAL NO. 4881    25 Sep 2020  12:15:39
# nquan = 12
# nvalues = 2821                                  
# units = specified
# name 0 = timeS: Time, Elapsed [seconds]
# name 1 = timeJ: Julian Days
# name 2 = scan: Scan Count
# name 3 = depSM: Depth [salt water, m], lat = 44.00
# name 4 = tv290C: Temperature [ITS-90, deg C]
# name 5 = c0S/m: Conductivity [S/m]
# name 6 = sal00: Salinity, Practical [PSU]
# name 7 = density00: Density [density, kg/m^3]
# name 8 = prdM: Pressure, Strain Gauge [db]
# name 9 = wetStar: Fluorescence, WET Labs WETstar [mg/m^3]
# name 10 = dz/dtM: Descent Rate [m/s]
# name 11 = flag:  0.000e+00
# span 0 =      0.000,    705.000                 
# span 1 = 264.664907, 264.673067                 
# span 2 =          1,       2821                 
# span 3 =      0.121,    136.959                 
# span 4 =    10.9527,    13.2345                 
# span 5 =   0.001327,   3.833472                 
# span 6 =     0.0121,    32.9742                 
# span 7 =   999.5567,  1025.8259                 
# span 8 =      0.122,    138.113                 
# span 9 =     0.1508,     3.7912                 
# span 10 =     -1.731,      1.214                
# span 11 = 0.0000e+00, 0.0000e+00                
# interval = seconds: 0.25
# start_time = Sep 20 2020 15:57:28 [Instrument's time stamp, header]
# bad_flag = -9.990e-29
*END*
[from data line 2046]
    511.500 264.670828       2047    105.319    11.4260   3.727308    32.8116  1025.4742    106.199     0.5426     -0.374  0.000e+00
    511.750 264.670830       2048    105.209    11.4261   3.727381    32.8123  1025.4742    106.087     0.5274     -0.413  0.000e+00
    512.000 264.670833       2049    105.063    11.4268   3.727381    32.8117  1025.4730    105.940     0.5397     -0.518  0.000e+00
    512.250 264.670836       2050    104.876    11.4274   3.727381    32.8113  1025.4717    105.752     0.5591     -0.671  0.000e+00
    512.500 264.670839       2051    104.652    11.4275   3.727414    32.8116  1025.4709    105.526     0.4759     -0.827  0.000e+00
    512.750 264.670842       2052    104.406    11.4278   3.727381    32.8111  1025.4693    105.278     0.8174     -0.948  0.000e+00
    513.000 264.670845       2053    104.142    11.4278   3.727341    32.8108  1025.4679    105.011     0.6539     -1.029  0.000e+00
    513.250 264.670848       2054    103.894    11.4278   3.727308    32.8106  1025.4667    104.761     0.6345     -1.034  0.000e+00
    513.500 264.670851       2055    103.683    11.4276   3.727308    32.8109  1025.4659    104.548     0.5743     -0.926  0.000e+00
    513.750 264.670854       2056    103.518    11.4278   3.727341    32.8111  1025.4653    104.382     0.9184     -0.759  0.000e+00
    514.000 264.670856       2057    103.394    11.4280   3.727341    32.8110  1025.4646    104.257     0.6262     -0.582  0.000e+00
    514.250 264.670859       2058    103.301    11.4282   3.727308    32.8105  1025.4638    104.163     0.5780     -0.438  0.000e+00
    514.500 264.670862       2059    103.220    11.4282   3.727274    32.8103  1025.4632    104.081     0.5991     -0.352  0.000e+00
    514.750 264.670865       2060    103.134    11.4280   3.727241    32.8101  1025.4628    103.995     0.5360     -0.335  0.000e+00
    515.000 264.670868       2061    103.035    11.4276   3.727102    32.8091  1025.4616    103.895     0.5121     -0.372  0.000e+00
    515.250 264.670871       2062    102.903    11.4265   3.727036    32.8095  1025.4615    103.762     0.5982     -0.466  0.000e+00
    515.500 264.670874       2063    102.738    11.4253   3.727036    32.8106  1025.4619    103.595     0.5471     -0.600  0.000e+00
    515.750 264.670877       2064    102.546    11.4242   3.726936    32.8108  1025.4613    103.402     0.5018     -0.720  0.000e+00
    516.000 264.670880       2065    102.327    11.4231   3.726936    32.8119  1025.4613    103.180     0.5513     -0.829  0.000e+00
    516.250 264.670883       2066    102.090    11.4225   3.726896    32.8121  1025.4605    102.942     0.6114     -0.920  0.000e+00
    516.500 264.670885       2067    101.850    11.4222   3.726896    32.8124  1025.4598    102.699     0.6407     -0.963  0.000e+00
    516.750 264.670888       2068    101.630    11.4222   3.726896    32.8125  1025.4589    102.478     0.5805     -0.928  0.000e+00
    517.000 264.670891       2069    101.441    11.4225   3.727002    32.8134  1025.4586    102.288     0.5348     -0.823  0.000e+00
    517.250 264.670894       2070    101.281    11.4231   3.727035    32.8132  1025.4576    102.125     0.5439     -0.705  0.000e+00
    517.500 264.670897       2071    101.147    11.4239   3.727380    32.8160  1025.4590    101.991     0.5863     -0.593  0.000e+00
    517.750 264.670900       2072    101.028    11.4266   3.727857    32.8183  1025.4598    101.871     0.6036     -0.509  0.000e+00
    518.000 264.670903       2073    100.912    11.4313   3.727545    32.8111  1025.4528    101.754     0.8837     -0.475  0.000e+00
    518.250 264.670906       2074    100.787    11.4327   3.727823    32.8126  1025.4532    101.628     0.6897     -0.486  0.000e+00
    518.500 264.670909       2075    100.652    11.4348   3.728334    32.8159  1025.4547    101.491     0.5146     -0.524  0.000e+00
    518.750 264.670911       2076    100.492    11.4395   3.728950    32.8178  1025.4546    101.330     0.5241     -0.595  0.000e+00
    519.000 264.670914       2077    100.309    11.4465   3.729082    32.8129  1025.4487    101.145     0.5945     -0.692  0.000e+00
    519.250 264.670917       2078    100.104    11.4525   3.729328    32.8101  1025.4445    100.939     0.7152     -0.782  0.000e+00
    519.500 264.670920       2079     99.879    11.4578   3.729394    32.8061  1025.4394    100.711     0.6073     -0.868  0.000e+00
    519.750 264.670923       2080     99.659    11.4616   3.729632    32.8052  1025.4370    100.490     0.5150     -0.898  0.000e+00
    520.000 264.670926       2081     99.447    11.4653   3.730898    32.8144  1025.4425    100.276     0.5224     -0.870  0.000e+00
    520.250 264.670929       2082     99.261    11.4739   3.731031    32.8082  1025.4352    100.088     0.5385     -0.804  0.000e+00
    520.500 264.670932       2083     99.103    11.4823   3.730898    32.7995  1025.4262     99.929     0.6757     -0.694  0.000e+00
    520.750 264.670935       2084     98.973    11.4869   3.731309    32.7995  1025.4248     99.798     0.5710     -0.580  0.000e+00
    521.000 264.670937       2085     98.850    11.4910   3.731408    32.7969  1025.4214     99.673     0.5183     -0.511  0.000e+00
    521.250 264.670940       2086     98.724    11.4948   3.731030    32.7899  1025.4148     99.547     0.5274     -0.503  0.000e+00
    521.500 264.670943       2087     98.582    11.4954   3.731103    32.7901  1025.4142     99.404     0.6345     -0.539  0.000e+00
    521.750 264.670946       2088     98.407    11.4956   3.731474    32.7936  1025.4161     99.227     0.5257     -0.638  0.000e+00
    522.000 264.670949       2089     98.200    11.4977   3.731958    32.7966  1025.4171     99.018     0.6328     -0.771  0.000e+00
    522.250 264.670952       2090     97.962    11.5019   3.732164    32.7950  1025.4139     98.778     0.5451     -0.898  0.000e+00
    522.500 264.670955       2091     97.699    11.5065   3.732575    32.7950  1025.4119     98.513     0.5809     -1.010  0.000e+00
    522.750 264.670958       2092     97.434    11.5123   3.733291    32.7970  1025.4112     98.245     0.5892     -1.066  0.000e+00
    523.000 264.670961       2093     97.199    11.5203   3.733596    32.7930  1025.4056     98.009     0.6333     -1.008  0.000e+00
    523.250 264.670964       2094     97.012    11.5285   3.734179    32.7916  1025.4021     97.820     0.6217     -0.851  0.000e+00
    523.500 264.670966       2095     96.892    11.5362   3.734696    32.7899  1025.3988     97.699     0.6843     -0.621  0.000e+00
    523.750 264.670969       2096     96.824    11.5446   3.735174    32.7871  1025.3949     97.631     0.6930     -0.378  0.000e+00
    524.000 264.670972       2097     96.784    11.5524   3.735585    32.7842  1025.3910     97.590     0.5311     -0.217  0.000e+00
    524.250 264.670975       2098     96.747    11.5597   3.735479    32.7767  1025.3837     97.552     0.6736     -0.157  0.000e+00
    524.500 264.670978       2099     96.671    11.5648   3.735618    32.7737  1025.3800     97.476     0.5690     -0.228  0.000e+00
    524.750 264.670981       2100     96.541    11.5679   3.735551    32.7703  1025.3762     97.345     0.5303     -0.415  0.000e+00
    525.000 264.670984       2101     96.338    11.5701   3.735618    32.7691  1025.3740     97.140     0.6015     -0.673  0.000e+00
    525.250 264.670987       2102     96.066    11.5710   3.735856    32.7708  1025.3739     96.866     0.5430     -0.958  0.000e+00
    525.500 264.670990       2103     95.760    11.5727   3.736029    32.7711  1025.3724     96.558     0.5991     -1.165  0.000e+00
    525.750 264.670992       2104     95.457    11.5756   3.736473    32.7729  1025.3719     96.251     0.5896     -1.229  0.000e+00
    526.000 264.670995       2105     95.185    11.5799   3.736373    32.7683  1025.3663     95.977     0.5892     -1.160  0.000e+00
    526.250 264.670998       2106     94.974    11.5834   3.736678    32.7683  1025.3647     95.765     0.5727     -0.973  0.000e+00
    526.500 264.671001       2107     94.842    11.5866   3.736745    32.7662  1025.3619     95.631     0.5842     -0.692  0.000e+00
    526.750 264.671004       2108     94.778    11.5893   3.737023    32.7665  1025.3613     95.567     0.6155     -0.395  0.000e+00
    527.000 264.671007       2109     94.748    11.5921   3.737468    32.7684  1025.3621     95.537     0.5883     -0.189  0.000e+00
    527.250 264.671010       2110     94.709    11.5966   3.737879    32.7684  1025.3611     95.497     0.6221     -0.140  0.000e+00
    527.500 264.671013       2111     94.643    11.6017   3.737706    32.7623  1025.3551     95.430     0.6300     -0.213  0.000e+00
    527.750 264.671016       2112     94.516    11.6052   3.738051    32.7626  1025.3542     95.303     0.6625     -0.389  0.000e+00
    528.000 264.671019       2113     94.316    11.6086   3.737845    32.7577  1025.3488     95.101     0.6131     -0.660  0.000e+00
    528.250 264.671021       2114     94.055    11.6103   3.737845    32.7563  1025.3462     94.837     0.5706     -0.930  0.000e+00
    528.500 264.671024       2115     93.757    11.6108   3.738018    32.7577  1025.3459     94.538     0.6370     -1.126  0.000e+00
    528.750 264.671027       2116     93.450    11.6115   3.738256    32.7595  1025.3457     94.227     0.7144     -1.221  0.000e+00
    529.000 264.671030       2117     93.168    11.6137   3.738528    32.7603  1025.3447     93.944     0.6337     -1.188  0.000e+00
    529.250 264.671033       2118     92.935    11.6172   3.738495    32.7570  1025.3405     93.708     1.0032     -1.038  0.000e+00
    529.500 264.671036       2119     92.758    11.6194   3.738561    32.7558  1025.3383     93.530     0.6127     -0.827  0.000e+00
    529.750 264.671039       2120     92.629    11.6211   3.738561    32.7544  1025.3363     93.400     0.7585     -0.617  0.000e+00
    530.000 264.671042       2121     92.537    11.6220   3.738594    32.7539  1025.3353     93.306     0.7824     -0.447  0.000e+00
    530.250 264.671045       2122     92.457    11.6230   3.738561    32.7528  1025.3339     93.226     0.6782     -0.348  0.000e+00
    530.500 264.671047       2123     92.390    11.6237   3.738767    32.7541  1025.3345     93.158     0.6300     -0.297  0.000e+00
    530.750 264.671050       2124     92.305    11.6254   3.740313    32.7678  1025.3444     93.073     0.6184     -0.305  0.000e+00
    531.000 264.671053       2125     92.182    11.6348   3.740691    32.7632  1025.3385     92.949     0.6081     -0.419  0.000e+00
    531.250 264.671056       2126     92.014    11.6463   3.740379    32.7501  1025.3255     92.779     0.6658     -0.589  0.000e+00
    531.500 264.671059       2127     91.793    11.6515   3.740412    32.7459  1025.3203     92.556     0.5620     -0.784  0.000e+00
    531.750 264.671062       2128     91.516    11.6539   3.740757    32.7472  1025.3196     92.277     0.7054     -1.003  0.000e+00
    532.000 264.671065       2129     91.195    11.6569   3.740790    32.7451  1025.3159     91.954     0.7643     -1.205  0.000e+00
    532.250 264.671068       2130     90.848    11.6590   3.741374    32.7491  1025.3171     91.604     0.6526     -1.347  0.000e+00
    532.500 264.671071       2131     90.512    11.6637   3.742064    32.7518  1025.3168     91.264     0.6773     -1.379  0.000e+00
    532.750 264.671073       2132     90.218    11.6723   3.742714    32.7506  1025.3129     90.968     0.6345     -1.272  0.000e+00
    533.000 264.671076       2133     89.989    11.6823   3.743126    32.7459  1025.3064     90.737     0.6456     -1.055  0.000e+00
    533.250 264.671079       2134     89.845    11.6909   3.743677    32.7438  1025.3025     90.592     0.6209     -0.752  0.000e+00
    533.500 264.671082       2135     89.779    11.7000   3.744394    32.7427  1025.2997     90.525     0.6489     -0.423  0.000e+00
    533.750 264.671085       2136     89.757    11.7101   3.744632    32.7362  1025.2926     90.503     0.6510     -0.176  0.000e+00
    534.000 264.671088       2137     89.758    11.7171   3.744154    32.7254  1025.2830     90.504     0.6926     -0.041  0.000e+00
    534.250 264.671091       2138     89.731    11.7191   3.744221    32.7243  1025.2816     90.476     0.7025     -0.054  0.000e+00
    534.500 264.671094       2139     89.651    11.7199   3.744499    32.7263  1025.2826     90.396     0.7124     -0.217  0.000e+00
    534.750 264.671097       2140     89.484    11.7224   3.744911    32.7282  1025.2829     90.227     0.6518     -0.498  0.000e+00
    535.000 264.671100       2141     89.242    11.7264   3.744911    32.7248  1025.2784     89.983     0.6988     -0.825  0.000e+00
    535.250 264.671102       2142     88.927    11.7300   3.745117    32.7237  1025.2755     89.666     0.6642     -1.122  0.000e+00
    535.500 264.671105       2143     88.572    11.7324   3.745050    32.7211  1025.2714     89.308     0.5855     -1.352  0.000e+00
    535.750 264.671108       2144     88.220    11.7346   3.745389    32.7226  1025.2706     88.953     0.6530     -1.427  0.000e+00
    536.000 264.671111       2145     87.917    11.7379   3.745667    32.7225  1025.2685     88.647     0.7198     -1.321  0.000e+00
    536.250 264.671114       2146     87.685    11.7418   3.746079    32.7232  1025.2672     88.414     0.6028     -1.079  0.000e+00
    536.500 264.671117       2147     87.543    11.7470   3.746557    32.7234  1025.2658     88.270     0.6773     -0.754  0.000e+00
    536.750 264.671120       2148     87.493    11.7529   3.746663    32.7192  1025.2612     88.219     0.6188     -0.389  0.000e+00
    537.000 264.671123       2149     87.478    11.7576   3.746796    32.7163  1025.2580     88.204     0.6304     -0.131  0.000e+00
    537.250 264.671126       2150     87.482    11.7609   3.746822    32.7137  1025.2554     88.209     0.6609     -0.022  0.000e+00
    537.500 264.671128       2151     87.457    11.7641   3.748038    32.7227  1025.2618     88.184     0.6324     -0.041  0.000e+00
    537.750 264.671131       2152     87.366    11.7717   3.747725    32.7130  1025.2523     88.092     0.6674     -0.234  0.000e+00
    538.000 264.671134       2153     87.198    11.7770   3.747214    32.7035  1025.2432     87.922     0.7416     -0.524  0.000e+00
    538.250 264.671137       2154     86.956    11.7773   3.747420    32.7053  1025.2435     87.678     0.6761     -0.827  0.000e+00
    538.500 264.671140       2155     86.641    11.7777   3.747865    32.7094  1025.2451     87.361     0.6963     -1.122  0.000e+00
    538.750 264.671143       2156     86.294    11.7807   3.748137    32.7096  1025.2431     87.011     0.6394     -1.334  0.000e+00
    539.000 264.671146       2157     85.962    11.7840   3.748482    32.7101  1025.2415     86.676     0.7144     -1.371  0.000e+00
    539.250 264.671149       2158     85.676    11.7883   3.748621    32.7078  1025.2376     86.388     0.6576     -1.246  0.000e+00
    539.500 264.671152       2159     85.468    11.7928   3.748893    32.7066  1025.2348     86.177     0.6522     -0.997  0.000e+00
    539.750 264.671155       2160     85.337    11.7974   3.749305    32.7066  1025.2334     86.045     0.6365     -0.685  0.000e+00
    540.000 264.671157       2161     85.264    11.8025   3.749790    32.7069  1025.2323     85.972     0.5883     -0.411  0.000e+00
    540.250 264.671160       2162     85.218    11.8087   3.749996    32.7035  1025.2283     85.926     0.6485     -0.238  0.000e+00
    540.500 264.671163       2163     85.167    11.8142   3.750474    32.7033  1025.2269     85.874     0.6324     -0.196  0.000e+00
    540.750 264.671166       2164     85.093    11.8201   3.750547    32.6988  1025.2220     85.799     0.7997     -0.254  0.000e+00
    541.000 264.671169       2165     84.969    11.8250   3.750647    32.6956  1025.2180     85.674     0.8566     -0.400  0.000e+00
