Raw_Data/Cage/SBE19/2020-09-20_SBE19_004_014_processed.cnv
* Sea-Bird SBE19plus Data File:
* FileName = C:\cruises\2020_barkerboys\leg2\data\cage\SBE19\2020-09-25_SBE19_004_014.hex
* Software Version 1.59
* Temperature SN =  4881
* Conductivity SN =  4881
* System UpLoad Time = Sep 25 2020 12:26:31
* ds
* SeacatPlus V 1.5  SERIAL NO. 4881    25 Sep 2020  12:15:39
# nquan = 12
# nvalues = 15683                                 
# units = specified
# name 0 = timeS: Time, Elapsed [seconds]
# name 1 = timeJ: Julian Days
# name 2 = scan: Scan Count
# name 3 = depSM: Depth [salt water, m], lat = 44.00
# name 4 = tv290C: Temperature [ITS-90, deg C]
# name 5 = c0S/m: Conductivity [S/m]
# name 6 = sal00: Salinity, Practical [PSU]
# name 7 = density00: Density [density, kg/m^3]
# name 8 = prdM: Pressure, Strain Gauge [db]
# name 9 = wetStar: Fluorescence, WET Labs WETstar [mg/m^3]
# name 10 = dz/dtM: Descent Rate [m/s]
# name 11 = flag:  0.000e+00
# span 0 =      0.000,   3920.500                 
# span 1 = 264.604988, 264.650365                 
# span 2 =          1,      15683                 
# span 3 =      0.122,    148.275                 
# span 4 =     9.5545,    12.8645                 
# span 5 =   0.046124,   3.807868                 
# span 6 =     0.3126,    33.8642                 
# span 7 =   999.7771,  1025.9570                 
# span 8 =      0.122,    149.529                 
# span 9 =     0.1475,     5.9422                 
# span 10 =     -1.544,      1.117                
# span 11 = 0.0000e+00, 0.0000e+00                
# interval = seconds: 0.25
# start_time = Sep 20 2020 14:31:11 [Instrument's time stamp, header]
# bad_flag = -9.990e-29
*END*
[from data line 10707]
   2676.750 264.635969      10708      0.131    10.8978   0.052767     0.3545   999.8965      0.132     0.1644      0.002  0.000e+00
   2677.000 264.635972      10709      0.131    10.8986   0.052717     0.3542   999.8961      0.132     0.1677     -0.000  0.000e+00
   2677.250 264.635975      10710      0.130    10.8996   0.052685     0.3540   999.8958      0.131     0.1698     -0.002  0.000e+00
   2677.500 264.635978      10711      0.131    10.9007   0.052673     0.3539   999.8956      0.132     0.1603      0.000  0.000e+00
   2677.750 264.635981      10712      0.131    10.9019   0.052685     0.3539   999.8956      0.132     0.1673      0.002  0.000e+00
   2678.000 264.635984      10713      0.130    10.9035   0.052717     0.3541   999.8956      0.131     0.1632     -0.002  0.000e+00
   2678.250 264.635987      10714      0.128    10.9049   0.052792     0.3546   999.8958      0.129     0.1656     -0.006  0.000e+00
   2678.500 264.635990      10715      0.129    10.9065   0.052855     0.3551   999.8960      0.130     0.1648     -0.002  0.000e+00
   2678.750 264.635992      10716      0.129    10.9082   0.052915     0.3555   999.8961      0.130     0.1644      0.002  0.000e+00
   2679.000 264.635995      10717      0.130    10.9098   0.052921     0.3555   999.8960      0.131     0.1714      0.002  0.000e+00
   2679.250 264.635998      10718      0.131    10.9113   0.052905     0.3554   999.8957      0.132     0.1689      0.004  0.000e+00
   2679.500 264.636001      10719      0.133    10.9128   0.052855     0.3550   999.8953      0.134     0.1669      0.006  0.000e+00
   2679.750 264.636004      10720      0.130    10.9141   0.052808     0.3547   999.8949      0.131     0.1628     -0.002  0.000e+00
   2680.000 264.636007      10721      0.131    10.9152   0.052755     0.3543   999.8945      0.132     0.1619     -0.004  0.000e+00
   2680.250 264.636010      10722      0.130    10.9165   0.052717     0.3540   999.8941      0.131     0.1661      0.000  0.000e+00
   2680.500 264.636013      10723      0.133    10.9176   0.052707     0.3539   999.8940      0.134     0.1669      0.004  0.000e+00
   2680.750 264.636016      10724      0.131    10.9191   0.052711     0.3539   999.8938      0.132     0.1652      0.002  0.000e+00
   2681.000 264.636019      10725      0.130    10.9206   0.052755     0.3542   999.8939      0.131     0.1656     -0.006  0.000e+00
   2681.250 264.636021      10726      0.130    10.9218   0.052808     0.3546   999.8941      0.131     0.1681     -0.002  0.000e+00
   2681.500 264.636024      10727      0.130    10.9233   0.052883     0.3551   999.8943      0.131     0.1689      0.000  0.000e+00
   2681.750 264.636027      10728      0.129    10.9245   0.052931     0.3554   999.8944      0.130     0.1677     -0.002  0.000e+00
   2682.000 264.636030      10729      0.132    10.9259   0.052949     0.3555   999.8944      0.133     0.1665      0.004  0.000e+00
   2682.250 264.636033      10730      0.131    10.9273   0.052915     0.3553   999.8941      0.132     0.1673      0.004  0.000e+00
   2682.500 264.636036      10731      0.131    10.9289   0.052874     0.3550   999.8937      0.132     0.1652     -0.002  0.000e+00
   2682.750 264.636039      10732      0.132    10.9304   0.052817     0.3546   999.8932      0.133     0.1656      0.002  0.000e+00
   2683.000 264.636042      10733      0.128    10.9316   0.052764     0.3542   999.8927      0.129     0.1681     -0.006  0.000e+00
   2683.250 264.636045      10734      0.132    10.9332   0.052736     0.3540   999.8924      0.133     0.1652      0.000  0.000e+00
   2683.500 264.636047      10735      0.131    10.9345   0.052726     0.3539   999.8922      0.132     0.1661      0.006  0.000e+00
   2683.750 264.636050      10736      0.130    10.9358   0.052751     0.3541   999.8922      0.131     0.1665     -0.004  0.000e+00
   2684.000 264.636053      10737      0.132    10.9370   0.052792     0.3543   999.8923      0.133     0.1685      0.002  0.000e+00
   2684.250 264.636056      10738      0.128    10.9382   0.052846     0.3547   999.8925      0.129     0.1706     -0.004  0.000e+00
   2684.500 264.636059      10739      0.130    10.9393   0.052905     0.3551   999.8927      0.131     0.1714     -0.004  0.000e+00
   2684.750 264.636062      10740      0.129    10.9404   0.052949     0.3554   999.8928      0.130     0.1673      0.002  0.000e+00
   2685.000 264.636065      10741      0.129    10.9416   0.052956     0.3554   999.8927      0.130     0.1685     -0.002  0.000e+00
   2685.250 264.636068      10742      0.130    10.9429   0.052949     0.3554   999.8925      0.131     0.1632      0.002  0.000e+00
   2685.500 264.636071      10743      0.131    10.9442   0.052924     0.3552   999.8923      0.132     0.1693      0.004  0.000e+00
   2685.750 264.636073      10744      0.131    10.9453   0.052902     0.3550   999.8920      0.132     0.1689      0.002  0.000e+00
   2686.000 264.636076      10745      0.131    10.9468   0.052874     0.3548   999.8917      0.132     0.1685      0.000  0.000e+00
   2686.250 264.636079      10746      0.132    10.9481   0.052846     0.3546   999.8914      0.133     0.1661      0.002  0.000e+00
   2686.500 264.636082      10747      0.131    10.9494   0.052824     0.3544   999.8912      0.132     0.1681     -0.000  0.000e+00
   2686.750 264.636085      10748      0.132    10.9505   0.052821     0.3544   999.8910      0.133     0.1628 1.2127e-12  0.000e+00
   2687.000 264.636088      10749      0.128    10.9516   0.052799     0.3543   999.8908      0.129     0.1661     -0.006  0.000e+00
   2687.250 264.636091      10750      0.130    10.9530   0.052802     0.3543   999.8906      0.131     0.1661     -0.004  0.000e+00
   2687.500 264.636094      10751      0.132    10.9538   0.052817     0.3544   999.8906      0.133     0.1669      0.009  0.000e+00
   2687.750 264.636097      10752      0.132    10.9548   0.052855     0.3546   999.8907      0.133     0.1632      0.004  0.000e+00
   2688.000 264.636100      10753      0.128    10.9560   0.052883     0.3548   999.8907      0.129     0.1640     -0.009  0.000e+00
   2688.250 264.636102      10754      0.131    10.9570   0.052921     0.3551   999.8909      0.132     0.1669     -0.002  0.000e+00
   2688.500 264.636105      10755      0.128    10.9580   0.052940     0.3552   999.8908      0.129     0.1665      0.000  0.000e+00
   2688.750 264.636108      10756      0.129    10.9592   0.052931     0.3551   999.8907      0.130     0.1681     -0.004  0.000e+00
   2689.000 264.636111      10757      0.132    10.9605   0.052924     0.3550   999.8905      0.133     0.1590      0.009  0.000e+00
   2689.250 264.636114      10758      0.131    10.9616   0.052893     0.3548   999.8902      0.132     0.1669      0.004  0.000e+00
   2689.500 264.636117      10759      0.131    10.9627   0.052874     0.3547   999.8900      0.132     0.1648     -0.002  0.000e+00
   2689.750 264.636120      10760      0.132    10.9638   0.052846     0.3545   999.8897      0.133     0.1661      0.002  0.000e+00
   2690.000 264.636123      10761      0.131    10.9649   0.052833     0.3544   999.8895      0.132     0.1661     -0.000  0.000e+00
   2690.250 264.636126      10762      0.130    10.9658   0.052839     0.3544   999.8894      0.131     0.1615     -0.004  0.000e+00
   2690.500 264.636128      10763      0.130    10.9669   0.052843     0.3544   999.8893      0.131     0.1648     -0.002  0.000e+00
   2690.750 264.636131      10764      0.129    10.9678   0.052865     0.3546   999.8894      0.130     0.1644     -0.002  0.000e+00
   2691.000 264.636134      10765      0.131    10.9689   0.052874     0.3546   999.8893      0.132     0.1689      0.002  0.000e+00
   2691.250 264.636137      10766      0.132    10.9698   0.052883     0.3547   999.8893      0.133     0.1669      0.006  0.000e+00
   2691.500 264.636140      10767      0.132    10.9708   0.052858     0.3545   999.8890      0.133     0.1603      0.002  0.000e+00
   2691.750 264.636143      10768      0.130    10.9717   0.052855     0.3545   999.8889      0.131     0.1656     -0.004  0.000e+00
   2692.000 264.636146      10769      0.130    10.9727   0.052833     0.3543   999.8887      0.131     0.1665     -0.004  0.000e+00
   2692.250 264.636149      10770      0.131    10.9738   0.052821     0.3542   999.8885      0.132     0.1636      0.002  0.000e+00
   2692.500 264.636152      10771      0.130    10.9749   0.052833     0.3543   999.8884      0.131     0.1628 1.2127e-12  0.000e+00
   2692.750 264.636155      10772      0.130    10.9759   0.052830     0.3542   999.8883      0.131     0.1681     -0.002  0.000e+00
   2693.000 264.636157      10773      0.129    10.9769   0.052843     0.3543   999.8882      0.130     0.1648     -0.002  0.000e+00
   2693.250 264.636160      10774      0.129    10.9779   0.052855     0.3544   999.8882      0.130     0.1677     -0.002  0.000e+00
   2693.500 264.636163      10775      0.131    10.9787   0.052865     0.3545   999.8882      0.132     0.1677      0.004  0.000e+00
   2693.750 264.636166      10776      0.132    10.9796   0.052883     0.3546   999.8882      0.133     0.1632      0.006  0.000e+00
   2694.000 264.636169      10777      0.129    10.9804   0.052874     0.3545   999.8880      0.130     0.1636     -0.004  0.000e+00
   2694.250 264.636172      10778      0.131    10.9810   0.052858     0.3544   999.8879      0.132     0.1665     -0.002  0.000e+00
   2694.500 264.636175      10779      0.133    10.9821   0.052830     0.3542   999.8876      0.134     0.1669      0.009  0.000e+00
   2694.750 264.636178      10780      0.131    10.9829   0.052808     0.3540   999.8874      0.132     0.1689 -1.213e-12  0.000e+00
   2695.000 264.636181      10781      0.132    10.9837   0.052792     0.3539   999.8872      0.133     0.1689     -0.002  0.000e+00
   2695.250 264.636183      10782      0.129    10.9847   0.052777     0.3538   999.8870      0.130     0.1648     -0.004  0.000e+00
   2695.500 264.636186      10783      0.129    10.9857   0.052773     0.3538   999.8869      0.130     0.1689     -0.006  0.000e+00
   2695.750 264.636189      10784      0.129    10.9867   0.052777     0.3538   999.8868      0.130     0.1685      0.000  0.000e+00
   2696.000 264.636192      10785      0.130    10.9876   0.052802     0.3539   999.8869      0.131     0.1652      0.002  0.000e+00
   2696.250 264.636195      10786      0.129    10.9886   0.052824     0.3541   999.8869      0.130     0.1615      0.000  0.000e+00
   2696.500 264.636198      10787      0.132    10.9893   0.052830     0.3541   999.8868      0.133     0.1623      0.004  0.000e+00
   2696.750 264.636201      10788      0.130    10.9901   0.052817     0.3540   999.8867      0.131     0.1611      0.002  0.000e+00
   2697.000 264.636204      10789      0.131    10.9909   0.052783     0.3538   999.8864      0.132     0.1632     -0.002  0.000e+00
   2697.250 264.636207      10790      0.132    10.9917   0.052758     0.3536   999.8862      0.133     0.1656      0.004  0.000e+00
   2697.500 264.636209      10791      0.130    10.9921   0.052736     0.3534   999.8860      0.131     0.1619     -0.002  0.000e+00
   2697.750 264.636212      10792      0.131    10.9931   0.052742     0.3535   999.8859      0.132     0.1665     -0.002  0.000e+00
   2698.000 264.636215      10793      0.131    10.9938   0.052736     0.3534   999.8858      0.132     0.1648      0.002  0.000e+00
   2698.250 264.636218      10794      0.131    10.9947   0.052758     0.3536   999.8858      0.132     0.1648      0.000  0.000e+00
   2698.500 264.636221      10795      0.130    10.9957   0.052773     0.3537   999.8858      0.131     0.1669     -0.002  0.000e+00
   2698.750 264.636224      10796      0.131    10.9965   0.052792     0.3538   999.8858      0.132     0.1648     -0.000  0.000e+00
   2699.000 264.636227      10797      0.131    10.9975   0.052802     0.3538   999.8858      0.132     0.1640      0.002  0.000e+00
   2699.250 264.636230      10798      0.129    10.9983   0.052799     0.3538   999.8857      0.130     0.1714     -0.004  0.000e+00
   2699.500 264.636233      10799      0.130    10.9991   0.052811     0.3539   999.8857      0.131     0.1640     -0.002  0.000e+00
   2699.750 264.636236      10800      0.130    10.9991   0.052792     0.3538   999.8855      0.131     0.1656      0.002  0.000e+00
   2700.000 264.636238      10801      0.131    10.9990   0.052783     0.3537   999.8855      0.132     0.1652      0.002  0.000e+00
   2700.250 264.636241      10802      0.132    10.9992   0.052751     0.3535   999.8853      0.133     0.1677      0.004  0.000e+00
   2700.500 264.636244      10803      0.132    10.9997   0.052726     0.3533   999.8851      0.133     0.1710      0.002  0.000e+00
   2700.750 264.636247      10804      0.131    11.0006   0.052695     0.3531   999.8849      0.132     0.1661     -0.002  0.000e+00
   2701.000 264.636250      10805      0.131    11.0016   0.052663     0.3529   999.8846      0.132     0.1640     -0.002  0.000e+00
   2701.250 264.636253      10806      0.131    11.0025   0.052654     0.3528   999.8844      0.132     0.1611 1.2127e-12  0.000e+00
   2701.500 264.636256      10807      0.129    11.0036   0.052663     0.3528   999.8844      0.130     0.1632     -0.004  0.000e+00
   2701.750 264.636259      10808      0.132    11.0044   0.052695     0.3530   999.8844      0.133     0.1681      0.002  0.000e+00
   2702.000 264.636262      10809      0.130    11.0053   0.052745     0.3534   999.8846      0.131     0.1681      0.002  0.000e+00
   2702.250 264.636264      10810      0.129    11.0055   0.052792     0.3537   999.8848      0.130     0.1632     -0.006  0.000e+00
   2702.500 264.636267      10811      0.130    11.0052   0.052833     0.3540   999.8851      0.131     0.1685      0.000  0.000e+00
   2702.750 264.636270      10812      0.132    11.0051   0.052846     0.3541   999.8852      0.133     0.1673      0.006  0.000e+00
   2703.000 264.636273      10813      0.132    11.0050   0.052849     0.3541   999.8852      0.133     0.1652      0.004  0.000e+00
   2703.250 264.636276      10814      0.130    11.0047   0.052811     0.3538   999.8850      0.131     0.1661     -0.004  0.000e+00
   2703.500 264.636279      10815      0.130    11.0050   0.052758     0.3535   999.8847      0.131     0.1677     -0.004  0.000e+00
   2703.750 264.636282      10816      0.132    11.0059   0.052707     0.3531   999.8843      0.133     0.1665      0.004  0.000e+00
   2704.000 264.636285      10817      0.129    11.0071   0.052660     0.3528   999.8839      0.130     0.1665     -0.002  0.000e+00
   2704.250 264.636288      10818      0.130    11.0082   0.052645     0.3527   999.8837      0.131     0.1656     -0.004  0.000e+00
   2704.500 264.636291      10819      0.128    11.0094   0.052645     0.3526   999.8836      0.129     0.1628     -0.002  0.000e+00
   2704.750 264.636293      10820      0.131    11.0107   0.052663     0.3528   999.8836      0.132     0.1665      0.002  0.000e+00
   2705.000 264.636296      10821      0.130    11.0113   0.052701     0.3530   999.8837      0.131     0.1656      0.004  0.000e+00
   2705.250 264.636299      10822      0.130    11.0116   0.052773     0.3535   999.8841      0.131     0.1636     -0.002  0.000e+00
   2705.500 264.636302      10823      0.132    11.0116   0.052817     0.3538   999.8843      0.133     0.1623      0.004  0.000e+00
   2705.750 264.636305      10824      0.131    11.0116   0.052865     0.3542   999.8846      0.132     0.1632      0.002  0.000e+00
   2706.000 264.636308      10825      0.129    11.0118   0.052883     0.3543   999.8847      0.130     0.1636     -0.006  0.000e+00
   2706.250 264.636311      10826      0.130    11.0120   0.052855     0.3541   999.8845      0.131     0.1628     -0.002  0.000e+00
   2706.500 264.636314      10827      0.130    11.0119   0.052824     0.3539   999.8843      0.131     0.1665      0.002  0.000e+00
