Raw_Data/Cage/SBE19/2020-09-20_SBE19_004_015_processed.cnv
* Sea-Bird SBE19plus Data File:
* FileName = C:\cruises\2020_barkerboys\leg2\data\cage\SBE19\2020-09-25_SBE19_004_015.hex
* Software Version 1.59
* Temperature SN =  4881
* Conductivity SN =  4881
* System UpLoad Time = Sep 25 2020 12:31:29
* ds
* SeacatPlus V 1.5  SERIAL NO. 4881    25 Sep 2020  12:15:39
# nquan = 12
# nvalues = 2821                                  
# units = specified
# name 0 = timeS: Time, Elapsed [seconds]
# name 1 = timeJ: Julian Days
# name 2 = scan: Scan Count
# name 3 = depSM: Depth [salt water, m], lat = 44.00
# name 4 = tv290C: Temperature [ITS-90, deg C]
# name 5 = c0S/m: Conductivity [S/m]
# name 6 = sal00: Salinity, Practical [PSU]
# name 7 = density00: Density [density, kg/m^3]
# name 8 = prdM: Pressure, Strain Gauge [db]
# name 9 = wetStar: Fluorescence, WET Labs WETstar [mg/m^3]
# name 10 = dz/dtM: Descent Rate [m/s]
# name 11 = flag:  0.000e+00
# span 0 =      0.000,    705.000                 
# span 1 = 264.664907, 264.673067                 
# span 2 =          1,       2821                 
# span 3 =      0.121,    136.959                 
# span 4 =    10.9527,    13.2345                 
# span 5 =   0.001327,   3.833472                 
# span 6 =     0.0121,    32.9742                 
# span 7 =   999.5567,  1025.8259                 
# span 8 =      0.122,    138.113                 
# span 9 =     0.1508,     3.7912                 
# span 10 =     -1.731,      1.214                
# span 11 = 0.0000e+00, 0.0000e+00                
# interval = seconds: 0.25
# start_time = Sep 20 2020 15:57:28 [Instrument's time stamp, header]
# bad_flag = -9.990e-29
*END*
[from data line 1805]
    451.250 264.670130       1806    133.957    11.0389   3.706146    32.9361  1025.7713    135.085     0.4165      0.297  0.000e+00
    451.500 264.670133       1807    134.016    11.0402   3.706213    32.9356  1025.7710    135.144     0.4400      0.247  0.000e+00
    451.750 264.670136       1808    134.085    11.0410   3.706246    32.9351  1025.7708    135.214     0.4314      0.258  0.000e+00
    452.000 264.670139       1809    134.168    11.0422   3.706213    32.9337  1025.7699    135.298     0.5216      0.307  0.000e+00
    452.250 264.670142       1810    134.258    11.0428   3.706246    32.9335  1025.7699    135.388     0.4367      0.348  0.000e+00
    452.500 264.670145       1811    134.358    11.0433   3.706285    32.9334  1025.7702    135.489     0.3762      0.383  0.000e+00
    452.750 264.670148       1812    134.460    11.0438   3.706352    32.9336  1025.7708    135.592     0.4132      0.408  0.000e+00
    453.000 264.670150       1813    134.557    11.0441   3.706285    32.9325  1025.7704    135.690     0.3609      0.402  0.000e+00
    453.250 264.670153       1814    134.652    11.0445   3.706246    32.9318  1025.7701    135.786     0.4388      0.387  0.000e+00
    453.500 264.670156       1815    134.732    11.0438   3.705743    32.9274  1025.7672    135.866     0.4170      0.353  0.000e+00
    453.750 264.670159       1816    134.811    11.0404   3.705743    32.9304  1025.7705    135.946     0.4120      0.320  0.000e+00
    454.000 264.670162       1817    134.883    11.0368   3.705843    32.9346  1025.7748    136.019     0.3885      0.305  0.000e+00
    454.250 264.670165       1818    134.965    11.0356   3.705843    32.9357  1025.7762    136.102     0.4800      0.312  0.000e+00
    454.500 264.670168       1819    135.058    11.0351   3.705843    32.9360  1025.7770    136.195     0.5101      0.353  0.000e+00
    454.750 264.670171       1820    135.151    11.0347   3.705810    32.9360  1025.7774    136.290     0.3939      0.376  0.000e+00
    455.000 264.670174       1821    135.261    11.0347   3.705876    32.9367  1025.7785    136.401     0.4149      0.410  0.000e+00
    455.250 264.670177       1822    135.371    11.0350   3.705876    32.9363  1025.7787    136.511     0.4862      0.443  0.000e+00
    455.500 264.670179       1823    135.475    11.0352   3.705909    32.9364  1025.7792    136.617     0.4190      0.432  0.000e+00
    455.750 264.670182       1824    135.581    11.0353   3.705876    32.9360  1025.7793    136.723     0.6019      0.423  0.000e+00
    456.000 264.670185       1825    135.672    11.0348   3.705777    32.9354  1025.7793    136.815     0.4441      0.398  0.000e+00
    456.250 264.670188       1826    135.754    11.0341   3.705810    32.9363  1025.7806    136.898     0.4207      0.350  0.000e+00
    456.500 264.670191       1827    135.825    11.0334   3.705843    32.9373  1025.7817    136.969     0.5352      0.307  0.000e+00
    456.750 264.670194       1828    135.891    11.0335   3.706048    32.9391  1025.7835    137.036     0.4141      0.275  0.000e+00
    457.000 264.670197       1829    135.958    11.0343   3.706015    32.9381  1025.7828    137.103     0.4874      0.269  0.000e+00
    457.250 264.670200       1830    136.034    11.0352   3.706081    32.9379  1025.7829    137.181     0.5006      0.290  0.000e+00
    457.500 264.670203       1831    136.123    11.0358   3.705995    32.9365  1025.7820    137.270     0.4911      0.333  0.000e+00
    457.750 264.670205       1832    136.228    11.0362   3.705942    32.9355  1025.7817    137.376     0.4413      0.391  0.000e+00
    458.000 264.670208       1833    136.342    11.0361   3.705843    32.9346  1025.7816    137.491     0.4013      0.443  0.000e+00
    458.250 264.670211       1834    136.464    11.0352   3.705162    32.9286  1025.7776    137.614     0.4244      0.475  0.000e+00
    458.500 264.670214       1835    136.583    11.0299   3.703166    32.9136  1025.7674    137.734     0.4277      0.486  0.000e+00
    458.750 264.670217       1836    136.683    11.0114   3.702280    32.9213  1025.7772    137.835     0.4837      0.443  0.000e+00
    459.000 264.670220       1837    136.772    10.9895   3.702690    32.9450  1025.8000    137.924     0.3955      0.380  0.000e+00
    459.250 264.670223       1838    136.844    10.9780   3.702896    32.9573  1025.8119    137.997     0.3988      0.325  0.000e+00
    459.500 264.670226       1839    136.903    10.9740   3.702856    32.9605  1025.8153    138.057     0.3856      0.264  0.000e+00
    459.750 264.670229       1840    136.915    10.9726   3.703299    32.9661  1025.8201    138.069     0.4524      0.144  0.000e+00
    460.000 264.670231       1841    136.900    10.9744   3.704284    32.9742  1025.8259    138.053     0.4413     -0.006  0.000e+00
    460.250 264.670234       1842    136.879    10.9829   3.703438    32.9583  1025.8119    138.033     0.4186     -0.073  0.000e+00
    460.500 264.670237       1843    136.876    10.9848   3.702995    32.9522  1025.8068    138.030     0.3762     -0.047  0.000e+00
    460.750 264.670240       1844    136.889    10.9810   3.702790    32.9535  1025.8086    138.042     0.3593      0.019  0.000e+00
    461.000 264.670243       1845    136.912    10.9762   3.702393    32.9539  1025.8099    138.066     0.3852      0.073  0.000e+00
    461.250 264.670246       1846    136.936    10.9700   3.702387    32.9594  1025.8153    138.090     0.4025      0.095  0.000e+00
    461.500 264.670249       1847    136.956    10.9662   3.702691    32.9658  1025.8211    138.110     0.3696      0.088  0.000e+00
    461.750 264.670252       1848    136.959    10.9658   3.702691    32.9662  1025.8215    138.113     0.3626      0.047  0.000e+00
    462.000 264.670255       1849    136.933    10.9666   3.703127    32.9698  1025.8241    138.088     0.4219     -0.045  0.000e+00
    462.250 264.670258       1850    136.856    10.9699   3.702757    32.9632  1025.8180    138.009     0.3972     -0.209  0.000e+00
    462.500 264.670260       1851    136.722    10.9700   3.702585    32.9614  1025.8160    137.874     0.3778     -0.428  0.000e+00
    462.750 264.670263       1852    136.554    10.9684   3.702585    32.9630  1025.8167    137.705     0.3922     -0.608  0.000e+00
    463.000 264.670266       1853    136.376    10.9667   3.702043    32.9592  1025.8133    137.525     0.3655     -0.697  0.000e+00
    463.250 264.670269       1854    136.193    10.9623   3.701878    32.9615  1025.8150    137.341     0.3745     -0.729  0.000e+00
    463.500 264.670272       1855    136.026    10.9576   3.701805    32.9652  1025.8180    137.172     0.3815     -0.707  0.000e+00
    463.750 264.670275       1856    135.874    10.9543   3.701805    32.9682  1025.8202    137.019     0.3778     -0.643  0.000e+00
    464.000 264.670278       1857    135.747    10.9527   3.702115    32.9727  1025.8234    136.890     0.4755     -0.563  0.000e+00
    464.250 264.670281       1858    135.640    10.9544   3.702175    32.9718  1025.8220    136.783     0.3959     -0.473  0.000e+00
    464.500 264.670284       1859    135.539    10.9571   3.702115    32.9689  1025.8187    136.681     0.5014     -0.419  0.000e+00
    464.750 264.670286       1860    135.445    10.9584   3.702386    32.9705  1025.8193    136.586     0.5208     -0.393  0.000e+00
    465.000 264.670289       1861    135.343    10.9609   3.702452    32.9689  1025.8172    136.483     0.4100     -0.396  0.000e+00
    465.250 264.670292       1862    135.223    10.9635   3.702624    32.9683  1025.8157    136.362     0.4503     -0.447  0.000e+00
    465.500 264.670295       1863    135.077    10.9666   3.702789    32.9673  1025.8137    136.215     0.3918     -0.535  0.000e+00
    465.750 264.670298       1864    134.908    10.9697   3.703060    32.9672  1025.8123    136.044     0.3642     -0.636  0.000e+00
    466.000 264.670301       1865    134.728    10.9738   3.703232    32.9653  1025.8093    135.863     0.3585     -0.705  0.000e+00
    466.250 264.670304       1866    134.535    10.9783   3.703635    32.9653  1025.8076    135.668     0.3910     -0.752  0.000e+00
    466.500 264.670307       1867    134.344    10.9842   3.704012    32.9639  1025.8045    135.476     0.3823     -0.774  0.000e+00
    466.750 264.670310       1868    134.167    10.9910   3.704554    32.9632  1025.8020    135.297     0.3729     -0.742  0.000e+00
    467.000 264.670313       1869    134.002    10.9995   3.704858    32.9587  1025.7962    135.131     0.4343     -0.690  0.000e+00
    467.250 264.670315       1870    133.857    11.0074   3.704996    32.9530  1025.7897    134.985     0.5113     -0.626  0.000e+00
    467.500 264.670318       1871    133.721    11.0134   3.705128    32.9490  1025.7849    134.847     0.4013     -0.567  0.000e+00
    467.750 264.670321       1872    133.584    11.0180   3.705208    32.9457  1025.7809    134.708     0.4186     -0.552  0.000e+00
    468.000 264.670324       1873    133.442    11.0211   3.705333    32.9442  1025.7785    134.565     0.3972     -0.563  0.000e+00
    468.250 264.670327       1874    133.280    11.0244   3.705776    32.9457  1025.7783    134.402     0.3675     -0.613  0.000e+00
    468.500 264.670330       1875    133.118    11.0297   3.706014    32.9434  1025.7749    134.239     0.3622     -0.653  0.000e+00
    468.750 264.670333       1876    132.945    11.0351   3.706014    32.9386  1025.7694    134.065     0.4466     -0.675  0.000e+00
    469.000 264.670336       1877    132.760    11.0389   3.706384    32.9390  1025.7681    133.878     0.4487     -0.722  0.000e+00
    469.250 264.670339       1878    132.568    11.0433   3.706417    32.9355  1025.7638    133.684     0.4128     -0.761  0.000e+00
    469.500 264.670341       1879    132.374    11.0471   3.706589    32.9338  1025.7609    133.488     0.4203     -0.778  0.000e+00
    469.750 264.670344       1880    132.185    11.0504   3.706556    32.9307  1025.7570    133.297     0.3939     -0.774  0.000e+00
    470.000 264.670347       1881    132.010    11.0527   3.706589    32.9290  1025.7544    133.121     0.3778     -0.735  0.000e+00
    470.250 264.670350       1882    131.855    11.0538   3.706754    32.9297  1025.7541    132.965     0.3861     -0.664  0.000e+00
    470.500 264.670353       1883    131.722    11.0556   3.706893    32.9295  1025.7530    132.831     0.4235     -0.580  0.000e+00
    470.750 264.670356       1884    131.618    11.0585   3.707098    32.9290  1025.7516    132.725     0.3696     -0.479  0.000e+00
    471.000 264.670359       1885    131.531    11.0613   3.707031    32.9258  1025.7483    132.638     0.4231     -0.385  0.000e+00
    471.250 264.670362       1886    131.447    11.0630   3.707263    32.9267  1025.7483    132.553     0.4005     -0.344  0.000e+00
    471.500 264.670365       1887    131.341    11.0657   3.708010    32.9317  1025.7512    132.446     0.4227     -0.385  0.000e+00
    471.750 264.670367       1888    131.197    11.0716   3.708208    32.9284  1025.7470    132.301     0.4009     -0.505  0.000e+00
    472.000 264.670370       1889    131.021    11.0783   3.708010    32.9205  1025.7388    132.124     0.5570     -0.645  0.000e+00
    472.250 264.670373       1890    130.812    11.0818   3.708486    32.9222  1025.7385    131.913     0.4553     -0.776  0.000e+00
    472.500 264.670376       1891    130.582    11.0855   3.708558    32.9197  1025.7348    131.681     0.5525     -0.886  0.000e+00
    472.750 264.670379       1892    130.345    11.0896   3.708830    32.9188  1025.7324    131.441     0.5463     -0.944  0.000e+00
    473.000 264.670382       1893    130.123    11.0938   3.709200    32.9188  1025.7306    131.218     0.5752     -0.926  0.000e+00
    473.250 264.670385       1894    129.929    11.0991   3.709372    32.9159  1025.7265    131.022     0.4227     -0.838  0.000e+00
    473.500 264.670388       1895    129.778    11.1039   3.709610    32.9140  1025.7234    130.869     0.4837     -0.697  0.000e+00
    473.750 264.670391       1896    129.668    11.1089   3.710251    32.9159  1025.7235    130.759     0.4746     -0.527  0.000e+00
    474.000 264.670394       1897    129.599    11.1155   3.710357    32.9111  1025.7183    130.689     0.4454     -0.361  0.000e+00
    474.250 264.670396       1898    129.550    11.1213   3.710661    32.9089  1025.7153    130.639     0.4483     -0.239  0.000e+00
    474.500 264.670399       1899    129.497    11.1267   3.710522    32.9027  1025.7093    130.587     0.4363     -0.204  0.000e+00
    474.750 264.670402       1900    129.425    11.1298   3.710661    32.9013  1025.7073    130.513     0.4384     -0.251  0.000e+00
    475.000 264.670405       1901    129.313    11.1314   3.710760    32.9009  1025.7062    130.401     0.4755     -0.372  0.000e+00
    475.250 264.670408       1902    129.135    11.1330   3.710694    32.8989  1025.7035    130.221     0.4458     -0.585  0.000e+00
    475.500 264.670411       1903    128.904    11.1340   3.710866    32.8999  1025.7031    129.988     0.5134     -0.826  0.000e+00
    475.750 264.670414       1904    128.640    11.1358   3.711236    32.9020  1025.7032    129.721     0.4680     -1.000  0.000e+00
    476.000 264.670417       1905    128.349    11.1398   3.711580    32.9019  1025.7011    129.428     0.4421     -1.120  0.000e+00
    476.250 264.670420       1906    128.060    11.1448   3.711745    32.8992  1025.6967    129.137     0.3988     -1.169  0.000e+00
    476.500 264.670422       1907    127.809    11.1494   3.711884    32.8966  1025.6928    128.883     0.4816     -1.090  0.000e+00
    476.750 264.670425       1908    127.612    11.1531   3.711983    32.8944  1025.6895    128.684     0.4886     -0.905  0.000e+00
    477.000 264.670428       1909    127.480    11.1565   3.712221    32.8937  1025.6877    128.551     0.4153     -0.664  0.000e+00
    477.250 264.670431       1910    127.412    11.1601   3.712532    32.8936  1025.6867    128.483     0.4025     -0.402  0.000e+00
    477.500 264.670434       1911    127.378    11.1644   3.712903    32.8935  1025.6857    128.449     0.4858     -0.204  0.000e+00
    477.750 264.670437       1912    127.353    11.1692   3.712903    32.8892  1025.6814    128.423     0.4499     -0.120  0.000e+00
    478.000 264.670440       1913    127.302    11.1730   3.712936    32.8861  1025.6781    128.371     0.4120     -0.155  0.000e+00
    478.250 264.670443       1914    127.211    11.1754   3.713075    32.8854  1025.6766    128.280     0.5076     -0.286  0.000e+00
    478.500 264.670446       1915    127.048    11.1773   3.713108    32.8841  1025.6745    128.116     0.4775     -0.512  0.000e+00
    478.750 264.670448       1916    126.840    11.1795   3.713346    32.8845  1025.6735    127.906     0.5059     -0.748  0.000e+00
    479.000 264.670451       1917    126.590    11.1823   3.713445    32.8832  1025.6708    127.654     0.4973     -0.924  0.000e+00
    479.250 264.670454       1918    126.320    11.1848   3.713551    32.8820  1025.6683    127.382     0.6048     -1.049  0.000e+00
    479.500 264.670457       1919    126.057    11.1868   3.713650    32.8814  1025.6662    127.116     0.5298     -1.075  0.000e+00
    479.750 264.670460       1920    125.819    11.1881   3.713756    32.8813  1025.6648    126.875     0.4825     -1.012  0.000e+00
    480.000 264.670463       1921    125.627    11.1905   3.714093    32.8826  1025.6645    126.682     0.4429     -0.868  0.000e+00
    480.250 264.670466       1922    125.481    11.1937   3.714159    32.8805  1025.6616    126.535     0.6304     -0.681  0.000e+00
    480.500 264.670469       1923    125.380    11.1974   3.715383    32.8892  1025.6673    126.433     0.4643     -0.499  0.000e+00
    480.750 264.670472       1924    125.306    11.2071   3.716270    32.8894  1025.6653    126.359     0.4516     -0.353  0.000e+00
