Raw_Data/Cage/SBE19/2020-09-25_SBE19_007_031_processed.cnv
* Sea-Bird SBE19plus Data File:
* FileName = C:\cruises\2020_barkerboys\leg2\data\cage\SBE19\2020-09-25_SBE19_004_031.hex
* Software Version 1.59
* Temperature SN =  4881
* Conductivity SN =  4881
* System UpLoad Time = Sep 25 2020 21:18:24
* ds
* SeacatPlus V 1.5  SERIAL NO. 4881    25 Sep 2020  21:17:28
# nquan = 12
# nvalues = 3124                                  
# units = specified
# name 0 = timeS: Time, Elapsed [seconds]
# name 1 = timeJ: Julian Days
# name 2 = scan: Scan Count
# name 3 = depSM: Depth [salt water, m], lat = 44.00
# name 4 = tv290C: Temperature [ITS-90, deg C]
# name 5 = c0S/m: Conductivity [S/m]
# name 6 = sal00: Salinity, Practical [PSU]
# name 7 = density00: Density [density, kg/m^3]
# name 8 = prdM: Pressure, Strain Gauge [db]
# name 9 = wetStar: Fluorescence, WET Labs WETstar [mg/m^3]
# name 10 = dz/dtM: Descent Rate [m/s]
# name 11 = flag:  0.000e+00
# span 0 =      0.000,    780.750                 
# span 1 = 269.667419, 269.676455                 
# span 2 =          1,       3124                 
# span 3 =      0.009,    184.603                 
# span 4 =     9.5707,    17.2051                 
# span 5 =  -0.063136,   3.908549                 
# span 6 =     0.0000,    33.6501                 
# span 7 =   998.7430,  1026.8128                 
# span 8 =      0.009,    186.181                 
# span 9 =     0.1417,     4.3927                 
# span 10 =     -1.254,      1.252                
# span 11 = 0.0000e+00, 0.0000e+00                
# interval = seconds: 0.25
# start_time = Sep 25 2020 16:01:05 [Instrument's time stamp, header]
# bad_flag = -9.990e-29
*END*
[from data line 2166]
    541.500 269.673686       2167    163.689     9.5776   3.645146    33.6464  1026.7138    165.079     0.1834     -0.643  0.000e+00
    541.750 269.673689       2168    163.487     9.5776   3.645146    33.6465  1026.7129    164.876     0.1891     -0.759  0.000e+00
    542.000 269.673692       2169    163.260     9.5779   3.645212    33.6470  1026.7122    164.647     0.1640     -0.864  0.000e+00
    542.250 269.673695       2170    163.030     9.5783   3.645212    33.6467  1026.7110    164.415     0.1628     -0.922  0.000e+00
    542.500 269.673698       2171    162.811     9.5785   3.645211    33.6467  1026.7099    164.193     0.1615     -0.907  0.000e+00
    542.750 269.673701       2172    162.617     9.5791   3.645179    33.6459  1026.7082    163.998     0.1949     -0.834  0.000e+00
    543.000 269.673704       2173    162.461     9.5796   3.645218    33.6459  1026.7075    163.841     0.1623     -0.705  0.000e+00
    543.250 269.673707       2174    162.331     9.5797   3.645251    33.6461  1026.7070    163.709     0.1595     -0.576  0.000e+00
    543.500 269.673709       2175    162.216     9.5800   3.645283    33.6463  1026.7066    163.593     0.1508     -0.495  0.000e+00
    543.750 269.673712       2176    162.107     9.5805   3.645283    33.6458  1026.7057    163.484     0.1689     -0.451  0.000e+00
    544.000 269.673715       2177    161.987     9.5811   3.645316    33.6457  1026.7049    163.362     0.1566     -0.462  0.000e+00
    544.250 269.673718       2178    161.845     9.5816   3.645356    33.6456  1026.7041    163.219     0.1636     -0.529  0.000e+00
    544.500 269.673721       2179    161.668     9.5817   3.645349    33.6456  1026.7033    163.041     0.1648     -0.643  0.000e+00
    544.750 269.673724       2180    161.462     9.5818   3.645283    33.6449  1026.7018    162.832     0.1603     -0.774  0.000e+00
    545.000 269.673727       2181    161.239     9.5820   3.645349    33.6455  1026.7012    162.607     0.2011     -0.867  0.000e+00
    545.250 269.673730       2182    161.009     9.5824   3.645414    33.6459  1026.7004    162.375     0.1850     -0.914  0.000e+00
    545.500 269.673733       2183    160.787     9.5830   3.645388    33.6452  1026.6987    162.152     0.1570     -0.912  0.000e+00
    545.750 269.673736       2184    160.580     9.5833   3.644981    33.6408  1026.6943    161.943     0.1652     -0.864  0.000e+00
    546.000 269.673738       2185    160.394     9.5839   3.645447    33.6451  1026.6967    161.755     0.1632     -0.793  0.000e+00
    546.250 269.673741       2186    160.218     9.5843   3.645447    33.6448  1026.6956    161.577     0.1553     -0.731  0.000e+00
    546.500 269.673744       2187    160.048     9.5847   3.645414    33.6442  1026.6943    161.406     0.1562     -0.697  0.000e+00
    546.750 269.673747       2188    159.876     9.5850   3.645427    33.6441  1026.6934    161.232     0.1685     -0.690  0.000e+00
    547.000 269.673750       2189    159.703     9.5850   3.645447    33.6444  1026.6928    161.058     0.1582     -0.697  0.000e+00
    547.250 269.673753       2190    159.526     9.5852   3.645414    33.6439  1026.6916    160.880     0.1603     -0.705  0.000e+00
    547.500 269.673756       2191    159.335     9.5854   3.645447    33.6442  1026.6909    160.686     0.1599     -0.744  0.000e+00
    547.750 269.673759       2192    159.136     9.5856   3.645427    33.6438  1026.6897    160.486     0.1586     -0.787  0.000e+00
    548.000 269.673762       2193    158.937     9.5860   3.645446    33.6438  1026.6887    160.285     0.1619     -0.802  0.000e+00
    548.250 269.673764       2194    158.743     9.5862   3.645479    33.6440  1026.6879    160.090     0.1937     -0.793  0.000e+00
    548.500 269.673767       2195    158.564     9.5865   3.645479    33.6438  1026.6869    159.909     0.1805     -0.753  0.000e+00
    548.750 269.673770       2196    158.402     9.5866   3.645413    33.6432  1026.6856    159.746     0.1644     -0.688  0.000e+00
    549.000 269.673773       2197    158.248     9.5870   3.645427    33.6430  1026.6847    159.590     0.1590     -0.639  0.000e+00
    549.250 269.673776       2198    158.096     9.5871   3.645512    33.6438  1026.6847    159.437     0.1566     -0.617  0.000e+00
    549.500 269.673779       2199    157.943     9.5871   3.645479    33.6435  1026.6837    159.282     0.1570     -0.615  0.000e+00
    549.750 269.673782       2200    157.770     9.5872   3.645446    33.6432  1026.6827    159.108     0.1525     -0.658  0.000e+00
    550.000 269.673785       2201    157.590     9.5872   3.645413    33.6430  1026.6817    158.926     0.1636     -0.712  0.000e+00
    550.250 269.673788       2202    157.405     9.5873   3.645459    33.6434  1026.6812    158.739     0.1607     -0.737  0.000e+00
    550.500 269.673791       2203    157.221     9.5873   3.645446    33.6434  1026.6803    158.554     0.1615     -0.744  0.000e+00
    550.750 269.673793       2204    157.049     9.5874   3.645446    33.6434  1026.6795    158.380     0.1533     -0.718  0.000e+00
    551.000 269.673796       2205    156.891     9.5876   3.645479    33.6436  1026.6789    158.221     0.1504     -0.666  0.000e+00
    551.250 269.673799       2206    156.745     9.5878   3.645479    33.6434  1026.6780    158.074     0.1537     -0.613  0.000e+00
    551.500 269.673802       2207    156.602     9.5880   3.645531    33.6439  1026.6778    157.930     0.1500     -0.583  0.000e+00
    551.750 269.673805       2208    156.457     9.5881   3.645478    33.6433  1026.6766    157.784     0.1801     -0.581  0.000e+00
    552.000 269.673808       2209    156.310     9.5884   3.645446    33.6428  1026.6755    157.635     0.2299     -0.589  0.000e+00
    552.250 269.673811       2210    156.155     9.5884   3.645511    33.6434  1026.6753    157.478     0.1759     -0.610  0.000e+00
    552.500 269.673814       2211    155.998     9.5888   3.645511    33.6432  1026.6743    157.320     0.1611     -0.630  0.000e+00
    552.750 269.673817       2212    155.839     9.5896   3.645596    33.6434  1026.6736    157.160     0.1516     -0.636  0.000e+00
    553.000 269.673819       2213    155.670     9.5900   3.645544    33.6425  1026.6721    156.989     0.1619     -0.662  0.000e+00
    553.250 269.673822       2214    155.486     9.5905   3.645478    33.6415  1026.6703    156.803     0.1640     -0.714  0.000e+00
    553.500 269.673825       2215    155.278     9.5907   3.645609    33.6427  1026.6703    156.594     0.1599     -0.791  0.000e+00
    553.750 269.673828       2216    155.049     9.5909   3.645642    33.6429  1026.6694    156.362     0.1586     -0.882  0.000e+00
    554.000 269.673831       2217    154.810     9.5916   3.645741    33.6435  1026.6686    156.122     0.1611     -0.944  0.000e+00
    554.250 269.673834       2218    154.577     9.5928   3.645780    33.6428  1026.6669    155.886     0.1574     -0.952  0.000e+00
    554.500 269.673837       2219    154.349     9.5942   3.645944    33.6434  1026.6660    155.656     0.1669     -0.931  0.000e+00
    554.750 269.673840       2220    154.132     9.5958   3.645911    33.6416  1026.6634    155.438     0.1611     -0.897  0.000e+00
    555.000 269.673843       2221    153.927     9.5971   3.645977    33.6411  1026.6619    155.230     0.1566     -0.851  0.000e+00
    555.250 269.673845       2222    153.732     9.5984   3.646055    33.6408  1026.6605    155.034     0.2464     -0.808  0.000e+00
    555.500 269.673848       2223    153.551     9.5997   3.646042    33.6395  1026.6585    154.851     0.1615     -0.759  0.000e+00
    555.750 269.673851       2224    153.374     9.6005   3.646042    33.6389  1026.6570    154.673     0.1562     -0.722  0.000e+00
    556.000 269.673854       2225    153.215     9.6013   3.646108    33.6388  1026.6561    154.512     0.1685     -0.677  0.000e+00
    556.250 269.673857       2226    153.059     9.6018   3.646075    33.6381  1026.6548    154.355     0.1685     -0.634  0.000e+00
    556.500 269.673860       2227    152.908     9.6020   3.646088    33.6381  1026.6540    154.203     0.1648     -0.619  0.000e+00
    556.750 269.673863       2228    152.757     9.6025   3.646140    33.6383  1026.6534    154.050     0.1661     -0.611  0.000e+00
    557.000 269.673866       2229    152.605     9.6028   3.646140    33.6381  1026.6525    153.897     0.1500     -0.611  0.000e+00
    557.250 269.673869       2230    152.441     9.6032   3.646107    33.6375  1026.6512    153.732     0.1430     -0.636  0.000e+00
    557.500 269.673872       2231    152.265     9.6033   3.646226    33.6386  1026.6513    153.555     0.1656     -0.686  0.000e+00
    557.750 269.673874       2232    152.085     9.6042   3.646206    33.6376  1026.6495    153.373     0.1726     -0.718  0.000e+00
    558.000 269.673877       2233    151.903     9.6048   3.646206    33.6372  1026.6483    153.189     0.1566     -0.731  0.000e+00
    558.250 269.673880       2234    151.722     9.6054   3.646206    33.6367  1026.6470    153.006     0.1566     -0.733  0.000e+00
    558.500 269.673883       2235    151.570     9.6057   3.646278    33.6373  1026.6466    152.853     0.2159     -0.673  0.000e+00
    558.750 269.673886       2236    151.451     9.6061   3.646265    33.6367  1026.6456    152.733     0.1632     -0.546  0.000e+00
    559.000 269.673889       2237    151.354     9.6067   3.646311    33.6368  1026.6451    152.635     0.1607     -0.435  0.000e+00
    559.250 269.673892       2238    151.262     9.6072   3.646311    33.6363  1026.6442    152.542     0.1533     -0.383  0.000e+00
    559.500 269.673895       2239    151.148     9.6077   3.646343    33.6362  1026.6436    152.427     0.1648     -0.417  0.000e+00
    559.750 269.673898       2240    150.988     9.6080   3.646245    33.6350  1026.6418    152.266     0.1661     -0.553  0.000e+00
    560.000 269.673900       2241    150.769     9.6082   3.646330    33.6358  1026.6414    152.045     0.1607     -0.763  0.000e+00
    560.250 269.673903       2242    150.504     9.6087   3.646409    33.6362  1026.6405    151.778     0.1603     -0.976  0.000e+00
    560.500 269.673906       2243    150.219     9.6094   3.646475    33.6364  1026.6391    151.490     0.1628     -1.111  0.000e+00
    560.750 269.673909       2244    149.918     9.6107   3.646507    33.6357  1026.6370    151.186     0.1615     -1.183  0.000e+00
    561.000 269.673912       2245    149.642     9.6118   3.646606    33.6358  1026.6356    150.908     0.1681     -1.163  0.000e+00
    561.250 269.673915       2246    149.408     9.6130   3.646612    33.6348  1026.6336    150.672     0.1549     -1.030  0.000e+00
    561.500 269.673918       2247    149.233     9.6140   3.646704    33.6349  1026.6327    150.495     0.1586     -0.826  0.000e+00
    561.750 269.673921       2248    149.106     9.6148   3.646704    33.6342  1026.6315    150.367     0.1574     -0.609  0.000e+00
    562.000 269.673924       2249    149.008     9.6160   3.646809    33.6342  1026.6308    150.268     0.1537     -0.454  0.000e+00
    562.250 269.673927       2250    148.911     9.6169   3.646842    33.6337  1026.6298    150.171     0.1512     -0.393  0.000e+00
    562.500 269.673929       2251    148.783     9.6181   3.646894    33.6332  1026.6287    150.042     0.1512     -0.454  0.000e+00
    562.750 269.673932       2252    148.614     9.6192   3.646875    33.6321  1026.6269    149.871     0.1492     -0.600  0.000e+00
    563.000 269.673935       2253    148.393     9.6198   3.646875    33.6317  1026.6254    149.648     0.1492     -0.787  0.000e+00
    563.250 269.673938       2254    148.156     9.6202   3.646907    33.6317  1026.6243    149.408     0.1545     -0.924  0.000e+00
    563.500 269.673941       2255    147.916     9.6209   3.647137    33.6335  1026.6244    149.167     0.1492     -0.963  0.000e+00
    563.750 269.673944       2256    147.693     9.6228   3.646749    33.6278  1026.6187    148.942     0.2134     -0.933  0.000e+00
    564.000 269.673947       2257    147.496     9.6250   3.647242    33.6309  1026.6198    148.743     0.2649     -0.847  0.000e+00
    564.250 269.673950       2258    147.321     9.6267   3.647308    33.6301  1026.6181    148.567     0.1636     -0.750  0.000e+00
    564.500 269.673953       2259    147.168     9.6279   3.647308    33.6291  1026.6164    148.412     0.1916     -0.662  0.000e+00
    564.750 269.673955       2260    147.016     9.6284   3.647275    33.6283  1026.6150    148.258     0.1726     -0.617  0.000e+00
    565.000 269.673958       2261    146.863     9.6289   3.647347    33.6286  1026.6145    148.105     0.1537     -0.615  0.000e+00
    565.250 269.673961       2262    146.710     9.6294   3.647373    33.6285  1026.6137    147.950     0.1834     -0.617  0.000e+00
    565.500 269.673964       2263    146.549     9.6298   3.647307    33.6275  1026.6120    147.787     0.1562     -0.634  0.000e+00
    565.750 269.673967       2264    146.377     9.6301   3.647307    33.6273  1026.6111    147.614     0.2126     -0.671  0.000e+00
    566.000 269.673970       2265    146.192     9.6302   3.647307    33.6273  1026.6102    147.427     0.1747     -0.720  0.000e+00
    566.250 269.673973       2266    145.991     9.6304   3.647274    33.6269  1026.6089    147.224     0.1661     -0.780  0.000e+00
    566.500 269.673976       2267    145.775     9.6304   3.647241    33.6267  1026.6078    147.007     0.2163     -0.841  0.000e+00
    566.750 269.673979       2268    145.552     9.6304   3.647307    33.6274  1026.6074    146.781     0.1677     -0.886  0.000e+00
    567.000 269.673981       2269    145.328     9.6305   3.647274    33.6271  1026.6060    146.556     0.1533     -0.903  0.000e+00
    567.250 269.673984       2270    145.114     9.6306   3.647307    33.6275  1026.6053    146.340     0.2015     -0.884  0.000e+00
    567.500 269.673987       2271    144.914     9.6309   3.647379    33.6280  1026.6048    146.139     0.1751     -0.834  0.000e+00
    567.750 269.673990       2272    144.729     9.6313   3.647372    33.6277  1026.6036    145.952     0.1430     -0.776  0.000e+00
    568.000 269.673993       2273    144.556     9.6319   3.647438    33.6278  1026.6029    145.777     0.1611     -0.722  0.000e+00
    568.250 269.673996       2274    144.387     9.6328   3.647504    33.6278  1026.6019    145.607     0.1529     -0.690  0.000e+00
    568.500 269.673999       2275    144.212     9.6338   3.647635    33.6282  1026.6012    145.430     0.1553     -0.694  0.000e+00
    568.750 269.674002       2276    144.028     9.6354   3.647766    33.6281  1026.6001    145.244     0.1508     -0.724  0.000e+00
    569.000 269.674005       2277    143.826     9.6378   3.648101    33.6294  1026.5997    145.041     0.1516     -0.778  0.000e+00
    569.250 269.674008       2278    143.612     9.6416   3.648101    33.6260  1026.5955    144.825     0.1615     -0.838  0.000e+00
    569.500 269.674010       2279    143.397     9.6446   3.648338    33.6257  1026.5938    144.608     0.1739     -0.866  0.000e+00
    569.750 269.674013       2280    143.190     9.6477   3.648870    33.6284  1026.5944    144.399     0.1578     -0.851  0.000e+00
    570.000 269.674016       2281    142.997     9.6532   3.649133    33.6259  1026.5907    144.205     0.1582     -0.806  0.000e+00
    570.250 269.674019       2282    142.825     9.6595   3.649402    33.6229  1026.5865    144.031     0.1945     -0.737  0.000e+00
    570.500 269.674022       2283    142.665     9.6654   3.649737    33.6209  1026.5832    143.870     0.1558     -0.671  0.000e+00
    570.750 269.674025       2284    142.522     9.6712   3.649500    33.6132  1026.5755    143.725     0.1590     -0.611  0.000e+00
    571.000 269.674028       2285    142.386     9.6739   3.649566    33.6114  1026.5731    143.588     0.1628     -0.563  0.000e+00
