Raw_Data/Cage/SBE19/2020-09-21_SBE19_005_022_processed.cnv
* Sea-Bird SBE19plus Data File:
* FileName = C:\cruises\2020_barkerboys\leg2\data\cage\SBE19\2020-09-25_SBE19_004_022.hex
* Software Version 1.59
* Temperature SN =  4881
* Conductivity SN =  4881
* System UpLoad Time = Sep 25 2020 12:42:10
* ds
* SeacatPlus V 1.5  SERIAL NO. 4881    25 Sep 2020  12:15:39
# nquan = 12
# nvalues = 2593                                  
# units = specified
# name 0 = timeS: Time, Elapsed [seconds]
# name 1 = timeJ: Julian Days
# name 2 = scan: Scan Count
# name 3 = depSM: Depth [salt water, m], lat = 44.00
# name 4 = tv290C: Temperature [ITS-90, deg C]
# name 5 = c0S/m: Conductivity [S/m]
# name 6 = sal00: Salinity, Practical [PSU]
# name 7 = density00: Density [density, kg/m^3]
# name 8 = prdM: Pressure, Strain Gauge [db]
# name 9 = wetStar: Fluorescence, WET Labs WETstar [mg/m^3]
# name 10 = dz/dtM: Descent Rate [m/s]
# name 11 = flag:  0.000e+00
# span 0 =      0.000,    648.000                 
# span 1 = 265.746528, 265.754028                 
# span 2 =          1,       2593                 
# span 3 =      0.131,    166.716                 
# span 4 =     9.9653,    13.2707                 
# span 5 =   0.044702,   3.864669                 
# span 6 =     0.2815,    33.4986                 
# span 7 =   999.5719,  1026.5463                 
# span 8 =      0.132,    168.133                 
# span 9 =     0.1051,     4.2592                 
# span 10 =     -1.543,      1.382                
# span 11 = 0.0000e+00, 0.0000e+00                
# interval = seconds: 0.25
# start_time = Sep 21 2020 17:55:00 [Instrument's time stamp, header]
# bad_flag = -9.990e-29
*END*
[from data line 1324]
    331.000 265.750359       1325    132.414    10.0086   3.665397    33.4662  1026.3577    133.529     0.1352      0.879  0.000e+00
    331.250 265.750362       1326    132.709    10.0091   3.666036    33.4721  1026.3636    133.826     0.1203      1.085  0.000e+00
    331.500 265.750365       1327    133.024    10.0109   3.666135    33.4713  1026.3640    134.143     0.1277      1.229  0.000e+00
    331.750 265.750367       1328    133.317    10.0129   3.666036    33.4683  1026.3627    134.439     0.1117      1.225  0.000e+00
    332.000 265.750370       1329    133.588    10.0138   3.666148    33.4685  1026.3640    134.713     0.1195      1.139  0.000e+00
    332.250 265.750373       1330    133.826    10.0142   3.666003    33.4666  1026.3634    134.953     0.1323      1.027  0.000e+00
    332.500 265.750376       1331    134.029    10.0138   3.665970    33.4665  1026.3644    135.158     0.1314      0.890  0.000e+00
    332.750 265.750379       1332    134.204    10.0127   3.665668    33.4643  1026.3637    135.334     0.1162      0.763  0.000e+00
    333.000 265.750382       1333    134.333    10.0108   3.665635    33.4658  1026.3657    135.464     0.1170      0.613  0.000e+00
    333.250 265.750385       1334    134.437    10.0091   3.665734    33.4683  1026.3685    135.569     0.1207      0.470  0.000e+00
    333.500 265.750388       1335    134.516    10.0080   3.665655    33.4685  1026.3691    135.649     0.1636      0.370  0.000e+00
    333.750 265.750391       1336    134.600    10.0076   3.665668    33.4690  1026.3700    135.734     0.1257      0.329  0.000e+00
    334.000 265.750394       1337    134.707    10.0074   3.665701    33.4694  1026.3708    135.841     0.1323      0.385  0.000e+00
    334.250 265.750396       1338    134.874    10.0074   3.665734    33.4697  1026.3718    136.010     0.1356      0.552  0.000e+00
    334.500 265.750399       1339    135.103    10.0074   3.665800    33.4702  1026.3733    136.241     0.1236      0.800  0.000e+00
    334.750 265.750402       1340    135.420    10.0074   3.665899    33.4711  1026.3754    136.561     0.1290      1.103  0.000e+00
    335.000 265.750405       1341    135.769    10.0076   3.665971    33.4715  1026.3773    136.913     0.1335      1.343  0.000e+00
    335.250 265.750408       1342    136.105    10.0077   3.666077    33.4723  1026.3794    137.252     0.1286      1.382  0.000e+00
    335.500 265.750411       1343    136.434    10.0079   3.666004    33.4713  1026.3801    137.583     0.1343      1.341  0.000e+00
    335.750 265.750414       1344    136.726    10.0080   3.666136    33.4723  1026.3822    137.879     0.1352      1.253  0.000e+00
    336.000 265.750417       1345    136.973    10.0083   3.666202    33.4727  1026.3835    138.127     0.1409      1.087  0.000e+00
    336.250 265.750420       1346    137.182    10.0085   3.666202    33.4723  1026.3842    138.339     0.1314      0.920  0.000e+00
    336.500 265.750422       1347    137.351    10.0088   3.666202    33.4720  1026.3847    138.509     0.1500      0.763  0.000e+00
    336.750 265.750425       1348    137.492    10.0088   3.666189    33.4718  1026.3852    138.651     0.1389      0.625  0.000e+00
    337.000 265.750428       1349    137.612    10.0086   3.666169    33.4717  1026.3857    138.772     0.1203      0.527  0.000e+00
    337.250 265.750431       1350    137.735    10.0085   3.666169    33.4718  1026.3863    138.896     0.1508      0.490  0.000e+00
    337.500 265.750434       1351    137.891    10.0085   3.666202    33.4720  1026.3872    139.053     0.1339      0.563  0.000e+00
    337.750 265.750437       1352    138.092    10.0085   3.666235    33.4723  1026.3883    139.256     0.1467      0.720  0.000e+00
    338.000 265.750440       1353    138.350    10.0085   3.666308    33.4729  1026.3900    139.517     0.1446      0.926  0.000e+00
    338.250 265.750443       1354    138.655    10.0088   3.666255    33.4720  1026.3906    139.824     0.1389      1.135  0.000e+00
    338.500 265.750446       1355    138.975    10.0087   3.666236    33.4717  1026.3919    140.147     0.1590      1.262  0.000e+00
    338.750 265.750448       1356    139.273    10.0085   3.666236    33.4718  1026.3933    140.447     0.1339      1.247  0.000e+00
    339.000 265.750451       1357    139.539    10.0079   3.666236    33.4722  1026.3949    140.716     0.1302      1.137  0.000e+00
    339.250 265.750454       1358    139.771    10.0073   3.666236    33.4726  1026.3965    140.950     0.1286      1.006  0.000e+00
    339.500 265.750457       1359    139.972    10.0067   3.666236    33.4731  1026.3979    141.153     0.1356      0.875  0.000e+00
    339.750 265.750460       1360    140.131    10.0064   3.666236    33.4733  1026.3988    141.313     0.1339      0.726  0.000e+00
    340.000 265.750463       1361    140.271    10.0059   3.666223    33.4736  1026.3997    141.454     0.1426      0.602  0.000e+00
    340.250 265.750466       1362    140.375    10.0059   3.666309    33.4744  1026.4009    141.559     0.1409      0.492  0.000e+00
    340.500 265.750469       1363    140.462    10.0057   3.666236    33.4738  1026.4008    141.647     0.1257      0.387  0.000e+00
    340.750 265.750472       1364    140.548    10.0056   3.666342    33.4749  1026.4021    141.733     0.1442      0.348  0.000e+00
    341.000 265.750475       1365    140.650    10.0054   3.666309    33.4747  1026.4024    141.837     0.1310      0.378  0.000e+00
    341.250 265.750477       1366    140.780    10.0054   3.666269    33.4743  1026.4027    141.968     0.1512      0.468  0.000e+00
    341.500 265.750480       1367    140.939    10.0053   3.666256    33.4742  1026.4034    142.128     0.1413      0.583  0.000e+00
    341.750 265.750483       1368    141.113    10.0053   3.666236    33.4739  1026.4039    142.304     0.1442      0.673  0.000e+00
    342.000 265.750486       1369    141.299    10.0054   3.666309    33.4744  1026.4051    142.491     0.1269      0.726  0.000e+00
    342.250 265.750489       1370    141.492    10.0053   3.666309    33.4745  1026.4061    142.686     0.1438      0.763  0.000e+00
    342.500 265.750492       1371    141.704    10.0054   3.666375    33.4750  1026.4074    142.899     0.1306      0.817  0.000e+00
    342.750 265.750495       1372    141.924    10.0054   3.666474    33.4758  1026.4091    143.122     0.1249      0.873  0.000e+00
    343.000 265.750498       1373    142.141    10.0054   3.666540    33.4764  1026.4105    143.341     0.1331      0.883  0.000e+00
    343.250 265.750501       1374    142.346    10.0051   3.666638    33.4776  1026.4124    143.548     0.1302      0.851  0.000e+00
    343.500 265.750503       1375    142.522    10.0045   3.666671    33.4784  1026.4140    143.725     0.1492      0.767  0.000e+00
    343.750 265.750506       1376    142.655    10.0040   3.666711    33.4792  1026.4153    143.859     0.1595      0.623  0.000e+00
    344.000 265.750509       1377    142.746    10.0038   3.666711    33.4794  1026.4159    143.951     0.1376      0.453  0.000e+00
    344.250 265.750512       1378    142.802    10.0038   3.666744    33.4797  1026.4164    144.007     0.1422      0.297  0.000e+00
    344.500 265.750515       1379    142.844    10.0041   3.666843    33.4804  1026.4171    144.050     0.1236      0.198  0.000e+00
    344.750 265.750518       1380    142.910    10.0044   3.666790    33.4795  1026.4167    144.117     0.1384      0.219  0.000e+00
    345.000 265.750521       1381    143.041    10.0045   3.666744    33.4790  1026.4168    144.249     0.1422      0.397  0.000e+00
    345.250 265.750524       1382    143.247    10.0043   3.666744    33.4790  1026.4178    144.457     0.1471      0.679  0.000e+00
    345.500 265.750527       1383    143.534    10.0041   3.666777    33.4794  1026.4195    144.746     0.1603      0.993  0.000e+00
    345.750 265.750530       1384    143.868    10.0040   3.666711    33.4787  1026.4205    145.083     0.1978      1.253  0.000e+00
    346.000 265.750532       1385    144.204    10.0027   3.666139    33.4739  1026.4185    145.422     0.1500      1.352  0.000e+00
    346.250 265.750535       1386    144.517     9.9982   3.666225    33.4788  1026.4245    145.738     0.1463      1.309  0.000e+00
    346.500 265.750538       1387    144.790     9.9943   3.666139    33.4815  1026.4285    146.013     0.1628      1.182  0.000e+00
    346.750 265.750541       1388    145.016     9.9917   3.666139    33.4838  1026.4317    146.241     0.1434      1.006  0.000e+00
    347.000 265.750544       1389    145.200     9.9902   3.666205    33.4858  1026.4344    146.427     0.1590      0.828  0.000e+00
    347.250 265.750547       1390    145.352     9.9893   3.666139    33.4859  1026.4353    146.580     0.1409      0.679  0.000e+00
    347.500 265.750550       1391    145.465     9.9886   3.666074    33.4858  1026.4359    146.694     0.2274      0.535  0.000e+00
    347.750 265.750553       1392    145.561     9.9881   3.666107    33.4865  1026.4370    146.791     0.1479      0.421  0.000e+00
    348.000 265.750556       1393    145.659     9.9879   3.666153    33.4871  1026.4379    146.890     0.1459      0.391  0.000e+00
    348.250 265.750558       1394    145.784     9.9877   3.665975    33.4855  1026.4373    147.015     0.1463      0.449  0.000e+00
    348.500 265.750561       1395    145.959     9.9869   3.665903    33.4854  1026.4381    147.193     0.1389      0.606  0.000e+00
    348.750 265.750564       1396    146.189     9.9854   3.665942    33.4871  1026.4408    147.425     0.1463      0.819  0.000e+00
    349.000 265.750567       1397    146.503     9.9842   3.665870    33.4873  1026.4426    147.741     0.1483      1.096  0.000e+00
    349.250 265.750570       1398    146.847     9.9837   3.666074    33.4897  1026.4461    148.088     0.1422      1.326  0.000e+00
    349.500 265.750573       1399    147.163     9.9837   3.665594    33.4847  1026.4436    148.407     0.1422      1.333  0.000e+00
    349.750 265.750576       1400    147.453     9.9816   3.665502    33.4856  1026.4460    148.700     0.1422      1.223  0.000e+00
    350.000 265.750579       1401    147.705     9.9780   3.665403    33.4878  1026.4495    148.954     0.1450      1.094  0.000e+00
    350.250 265.750582       1402    147.907     9.9751   3.665403    33.4904  1026.4529    149.157     0.1438      0.916  0.000e+00
    350.500 265.750584       1403    148.078     9.9734   3.665502    33.4929  1026.4560    149.330     0.1442      0.752  0.000e+00
    350.750 265.750587       1404    148.226     9.9724   3.665403    33.4927  1026.4567    149.480     0.1356      0.645  0.000e+00
    351.000 265.750590       1405    148.373     9.9719   3.665482    33.4939  1026.4583    149.628     0.1492      0.595  0.000e+00
    351.250 265.750593       1406    148.513     9.9719   3.665469    33.4937  1026.4588    149.769     0.1335      0.578  0.000e+00
    351.500 265.750596       1407    148.661     9.9721   3.665575    33.4945  1026.4601    149.918     0.1562      0.581  0.000e+00
    351.750 265.750599       1408    148.821     9.9728   3.665673    33.4948  1026.4609    150.079     0.1529      0.621  0.000e+00
    352.000 265.750602       1409    149.006     9.9737   3.665608    33.4933  1026.4604    150.267     0.1380      0.696  0.000e+00
    352.250 265.750605       1410    149.212     9.9738   3.665641    33.4934  1026.4615    150.474     0.1343      0.789  0.000e+00
    352.500 265.750608       1411    149.452     9.9743   3.665733    33.4937  1026.4627    150.716     0.1409      0.898  0.000e+00
    352.750 265.750611       1412    149.715     9.9752   3.665674    33.4922  1026.4626    150.981     0.1479      1.014  0.000e+00
    353.000 265.750613       1413    149.976     9.9757   3.665535    33.4902  1026.4621    151.244     0.1352      1.058  0.000e+00
    353.250 265.750616       1414    150.204     9.9746   3.665503    33.4908  1026.4638    151.475     0.1389      0.987  0.000e+00
    353.500 265.750619       1415    150.418     9.9728   3.665437    33.4917  1026.4658    151.691     0.1430      0.892  0.000e+00
    353.750 265.750622       1416    150.607     9.9717   3.665437    33.4927  1026.4676    151.882     0.1562      0.815  0.000e+00
    354.000 265.750625       1417    150.773     9.9708   3.665404    33.4931  1026.4688    152.048     0.1380      0.716  0.000e+00
    354.250 265.750628       1418    150.911     9.9699   3.665450    33.4943  1026.4705    152.188     0.1347      0.613  0.000e+00
    354.500 265.750631       1419    151.038     9.9695   3.665470    33.4948  1026.4716    152.316     0.1648      0.535  0.000e+00
    354.750 265.750634       1420    151.157     9.9693   3.665437    33.4947  1026.4721    152.436     0.1796      0.496  0.000e+00
    355.000 265.750637       1421    151.274     9.9693   3.665503    33.4952  1026.4730    152.555     0.1512      0.477  0.000e+00
    355.250 265.750639       1422    151.394     9.9696   3.665536    33.4952  1026.4735    152.675     0.1426      0.477  0.000e+00
    355.500 265.750642       1423    151.531     9.9698   3.665503    33.4947  1026.4737    152.814     0.2295      0.518  0.000e+00
    355.750 265.750645       1424    151.691     9.9701   3.665556    33.4948  1026.4745    152.975     0.1463      0.600  0.000e+00
    356.000 265.750648       1425    151.864     9.9702   3.665536    33.4945  1026.4750    153.150     0.1368      0.673  0.000e+00
    356.250 265.750651       1426    152.046     9.9703   3.665609    33.4950  1026.4762    153.333     0.1492      0.716  0.000e+00
    356.500 265.750654       1427    152.235     9.9705   3.665536    33.4940  1026.4763    153.524     0.1471      0.748  0.000e+00
    356.750 265.750657       1428    152.407     9.9705   3.665609    33.4947  1026.4776    153.697     0.1471      0.729  0.000e+00
    357.000 265.750660       1429    152.572     9.9707   3.665675    33.4951  1026.4786    153.864     0.1467      0.679  0.000e+00
    357.250 265.750663       1430    152.724     9.9712   3.665662    33.4945  1026.4787    154.017     0.1438      0.640  0.000e+00
    357.500 265.750666       1431    152.879     9.9719   3.665708    33.4942  1026.4792    154.173     0.1347      0.619  0.000e+00
    357.750 265.750668       1432    153.040     9.9724   3.665741    33.4940  1026.4796    154.336     0.1360      0.638  0.000e+00
    358.000 265.750671       1433    153.219     9.9731   3.665708    33.4930  1026.4795    154.517     0.1327      0.688  0.000e+00
    358.250 265.750674       1434    153.411     9.9731   3.665708    33.4928  1026.4803    154.711     0.1422      0.748  0.000e+00
    358.500 265.750677       1435    153.608     9.9727   3.665708    33.4931  1026.4815    154.909     0.1364      0.785  0.000e+00
    358.750 265.750680       1436    153.806     9.9719   3.665609    33.4928  1026.4822    155.108     0.1496      0.795  0.000e+00
    359.000 265.750683       1437    153.984     9.9709   3.665662    33.4942  1026.4843    155.289     0.1562      0.759  0.000e+00
    359.250 265.750686       1438    154.154     9.9700   3.665609    33.4943  1026.4854    155.460     0.1413      0.703  0.000e+00
    359.500 265.750689       1439    154.331     9.9696   3.665642    33.4950  1026.4868    155.638     0.1389      0.699  0.000e+00
    359.750 265.750692       1440    154.495     9.9693   3.665642    33.4952  1026.4877    155.803     0.1339      0.688  0.000e+00
    360.000 265.750694       1441    154.665     9.9691   3.665675    33.4957  1026.4889    155.975     0.1335      0.675  0.000e+00
    360.250 265.750697       1442    154.844     9.9690   3.665643    33.4953  1026.4894    156.156     0.1434      0.705  0.000e+00
    360.500 265.750700       1443    155.030     9.9691   3.665597    33.4947  1026.4898    156.343     0.1492      0.735  0.000e+00
