Raw_Data/Cage/SBE19/2020-09-26_SBE19_008_042_processed.cnv
* Sea-Bird SBE19plus Data File:
* FileName = C:\cruises\2020_barkerboys\leg2\data\cage\SBE19\2020-09-25_SBE19_008_037042.hex
* Software Version 1.59
* Temperature SN =  4881
* Conductivity SN =  4881
* System UpLoad Time = Sep 26 2020 18:16:41
* ds
* SeacatPlus V 1.5  SERIAL NO. 4881    26 Sep 2020  18:11:53
# nquan = 12
# nvalues = 1776                                  
# units = specified
# name 0 = timeS: Time, Elapsed [seconds]
# name 1 = timeJ: Julian Days
# name 2 = scan: Scan Count
# name 3 = depSM: Depth [salt water, m], lat = 44.00
# name 4 = tv290C: Temperature [ITS-90, deg C]
# name 5 = c0S/m: Conductivity [S/m]
# name 6 = sal00: Salinity, Practical [PSU]
# name 7 = density00: Density [density, kg/m^3]
# name 8 = prdM: Pressure, Strain Gauge [db]
# name 9 = wetStar: Fluorescence, WET Labs WETstar [mg/m^3]
# name 10 = dz/dtM: Descent Rate [m/s]
# name 11 = flag:  0.000e+00
# span 0 =      0.000,    443.750                 
# span 1 = 270.632083, 270.637219                 
# span 2 =          1,       1776                 
# span 3 =     -0.004,    112.806                 
# span 4 =    10.9203,    12.5482                 
# span 5 =   0.046826,   3.799827                 
# span 6 =     0.3014,    33.1035                 
# span 7 =   999.6881,  1025.8200                 
# span 8 =     -0.004,    113.750                 
# span 9 =     0.1615,     3.7545                 
# span 10 =     -1.194,      1.160                
# span 11 = 0.0000e+00, 0.0000e+00                
# interval = seconds: 0.25
# start_time = Sep 26 2020 15:10:12 [Instrument's time stamp, header]
# bad_flag = -9.990e-29
*END*
[from data line 1685]
    421.250 270.636959       1686      0.020    12.5430   3.798952    32.5694  1024.5993      0.020     0.2555     -0.019  0.000e+00
    421.500 270.636962       1687      0.020    12.5418   3.798064    32.5619  1024.5937      0.020     0.1953      0.009  0.000e+00
    421.750 270.636965       1688      0.018    12.5390   3.797904    32.5628  1024.5949      0.018     0.1932     -0.004  0.000e+00
    422.000 270.636968       1689      0.020    12.5350   3.797763    32.5650  1024.5974      0.020     0.1842      0.000  0.000e+00
    422.250 270.636970       1690      0.020    12.5321   3.797309    32.5631  1024.5965      0.020     0.1751      0.004  0.000e+00
    422.500 270.636973       1691      0.020    12.5304   3.797376    32.5653  1024.5985      0.020     0.1809      0.000  0.000e+00
    422.750 270.636976       1692      0.020    12.5283   3.797276    32.5661  1024.5995      0.020     0.1891      0.000  0.000e+00
    423.000 270.636979       1693      0.019    12.5254   1.174461     9.0242  1006.4223      0.019     0.1821     -0.002  0.000e+00
    423.250 270.636982       1694      0.020    12.5231   0.568347     4.1378  1002.6497      0.020     0.1776 3.7896e-14  0.000e+00
    423.500 270.636985       1695      0.020    12.5228   0.599894     4.3838  1002.8400      0.020     0.1755      0.002  0.000e+00
    423.750 270.636988       1696      0.019    12.5225   0.720116     5.3310  1003.5721      0.019     0.1706     -0.002  0.000e+00
    424.000 270.636991       1697      0.019    12.5225   0.765220     5.6900  1003.8495      0.019     0.1747     -0.002  0.000e+00
    424.250 270.636994       1698      0.020    12.5224   0.730175     5.4109  1003.6339      0.020     0.1904      0.002  0.000e+00
    424.500 270.636997       1699      0.018    12.5219   0.714551     5.2869  1003.5381      0.018     0.1825     -0.002  0.000e+00
    424.750 270.636999       1700      0.020    12.5213   0.714220     5.2844  1003.5363      0.020     0.1764     -0.000  0.000e+00
    425.000 270.637002       1701      0.020    12.5208   0.717754     5.3125  1003.5581      0.020     0.1817      0.004  0.000e+00
    425.250 270.637005       1702      0.017    12.5200   0.695791     5.1385  1003.4237      0.017     0.1755     -0.006  0.000e+00
    425.500 270.637008       1703      0.018    12.5193   0.721352     5.3413  1003.5805      0.018     0.1768     -0.004  0.000e+00
    425.750 270.637011       1704      0.014    12.5184   0.626520     4.5928  1003.0021      0.015     0.1776     -0.004  0.000e+00
    426.000 270.637014       1705      0.014    12.5174   0.569814     4.1498  1002.6597      0.015     0.1731     -0.006  0.000e+00
    426.250 270.637017       1706      0.014    12.5165   0.607082     4.4408  1002.8848      0.015     0.1698      0.000  0.000e+00
    426.500 270.637020       1707      0.014    12.5157   0.615046     4.5032  1002.9332      0.015     0.1747      0.000  0.000e+00
    426.750 270.637023       1708      0.014    12.5146   0.593854     4.3376  1002.8053      0.015     0.1768      0.000  0.000e+00
    427.000 270.637025       1709      0.012    12.5137   0.580826     4.2360  1002.7269      0.012     0.1726     -0.004  0.000e+00
    427.250 270.637028       1710      0.016    12.5128   0.558867     4.0652  1002.5949      0.016     0.1739      0.002  0.000e+00
    427.500 270.637031       1711      0.016    12.5117   0.529424     3.8370  1002.4185      0.016     0.1706      0.006  0.000e+00
    427.750 270.637034       1712      0.013    12.5107   0.524812     3.8014  1002.3911      0.014     0.1780     -0.004  0.000e+00
    428.000 270.637037       1713      0.016    12.5100   0.530632     3.8465  1002.4261      0.016     0.1739     -0.000  0.000e+00
    428.250 270.637040       1714      0.012    12.5089   0.524812     3.8016  1002.3915      0.012     0.1706     -0.002  0.000e+00
    428.500 270.637043       1715      0.016    12.5080   0.515967     3.7334  1002.3388      0.016     0.1698      0.000  0.000e+00
    428.750 270.637046       1716      0.014    12.5071   0.492086     3.5494  1002.1965      0.015     0.1710      0.004  0.000e+00
    429.000 270.637049       1717      0.011    12.5062   0.464655     3.3389  1002.0337      0.011     0.1710     -0.009  0.000e+00
    429.250 270.637052       1718      0.012    12.5052   0.443747     3.1792  1001.9102      0.012     0.1681     -0.004  0.000e+00
    429.500 270.637054       1719      0.012    12.5046   0.451868     3.2413  1001.9583      0.012     0.1706      0.002  0.000e+00
    429.750 270.637057       1720      0.012    12.5034   0.448857     3.2184  1001.9407      0.012     0.1805      0.000  0.000e+00
    430.000 270.637060       1721      0.013    12.5025   0.444088     3.1820  1001.9127      0.014     0.1858      0.002  0.000e+00
    430.250 270.637063       1722      0.012    12.5016   0.429393     3.0701  1001.8262      0.012     0.1726 1.8948e-14  0.000e+00
    430.500 270.637066       1723      0.011    12.5007   0.411465     2.9340  1001.7208      0.011     0.1714     -0.004  0.000e+00
    430.750 270.637069       1724      0.016    12.4997   0.403654     2.8749  1001.6752      0.016     0.1710      0.006  0.000e+00
    431.000 270.637072       1725      0.012    12.4988   0.397724     2.8300  1001.6406      0.012     0.1735      0.002  0.000e+00
    431.250 270.637075       1726      0.016    12.4978   0.384413     2.7295  1001.5628      0.016     0.1698      0.000  0.000e+00
    431.500 270.637078       1727      0.016    12.4971   0.383102     2.7197  1001.5553      0.016     0.1710      0.006  0.000e+00
    431.750 270.637080       1728      0.013    12.4961   0.405218     2.8870  1001.6850      0.014     0.1710     -0.004  0.000e+00
    432.000 270.637083       1729      0.011    12.4952   0.402497     2.8664  1001.6692      0.011     0.1689     -0.009  0.000e+00
    432.250 270.637086       1730      0.013    12.4943   0.370753     2.6268  1001.4837      0.014     0.1685      0.000  0.000e+00
    432.500 270.637089       1731      0.010    12.4935   0.354801     2.5070  1001.3909      0.010     0.1693     -0.002  0.000e+00
    432.750 270.637092       1732      0.013    12.4924   0.342640     2.4160  1001.3205      0.014     0.1702     -0.000  0.000e+00
    433.000 270.637095       1733      0.016    12.4917   0.339467     2.3923  1001.3023      0.016     0.1698      0.011  0.000e+00
    433.250 270.637098       1734      0.014    12.4907   0.342970     2.4186  1001.3227      0.015     0.1731      0.002  0.000e+00
    433.500 270.637101       1735      0.017    12.4898   0.340348     2.3990  1001.3077      0.017     0.1735      0.002  0.000e+00
    433.750 270.637104       1736      0.013    12.4887   0.332617     2.3413  1001.2631      0.014     0.1710     -0.002  0.000e+00
    434.000 270.637106       1737      0.013    12.4880   0.316311     2.2198  1001.1690      0.014     0.1681     -0.006  0.000e+00
    434.250 270.637109       1738      0.013    12.4869   0.313385     2.1981  1001.1523      0.014     0.1698      0.000  0.000e+00
    434.500 270.637112       1739      0.017    12.4858   0.323344     2.2723  1001.2100      0.017     0.1648      0.006  0.000e+00
    434.750 270.637115       1740      0.011    12.4848   0.325253     2.2866  1001.2212      0.011     0.1689     -0.004  0.000e+00
    435.000 270.637118       1741      0.012    12.4841   0.322336     2.2649  1001.2044      0.012     0.1636     -0.009  0.000e+00
    435.250 270.637121       1742      0.012    12.4830   0.323123     2.2708  1001.2092      0.012     0.1623      0.002  0.000e+00
    435.500 270.637124       1743      0.014    12.4819   0.314093     2.2037  1001.1572      0.015     0.1615      0.004  0.000e+00
    435.750 270.637127       1744      0.012    12.4810   0.305351     2.1388  1001.1070      0.012     0.1661      0.000  0.000e+00
    436.000 270.637130       1745      0.014    12.4800   0.280093     1.9520  1000.9622      0.015     0.1693      0.000  0.000e+00
    436.250 270.637133       1746      0.013    12.4790   0.261608     1.8161  1000.8569      0.014     0.1706      0.002  0.000e+00
    436.500 270.637135       1747      0.011    12.4780   0.258842     1.7958  1000.8413      0.011     0.1656     -0.006  0.000e+00
    436.750 270.637138       1748      0.012    12.4770   0.280321     1.9538  1000.9640      0.012     0.1669     -0.002  0.000e+00
    437.000 270.637141       1749      0.014    12.4760   0.275405     1.9176  1000.9361      0.015     0.1677      0.006  0.000e+00
    437.250 270.637144       1750      0.013    12.4750   0.274242     1.9091  1000.9296      0.014     0.1689      0.002  0.000e+00
    437.500 270.637147       1751      0.012    12.4740   0.265071     1.8417  1000.8774      0.012     0.1689     -0.004  0.000e+00
    437.750 270.637150       1752      0.014    12.4730   0.249497     1.7276  1000.7890      0.015     0.1669      0.002  0.000e+00
    438.000 270.637153       1753      0.012    12.4721   0.257125     1.7835  1000.8324      0.012     0.1648     -0.000  0.000e+00
    438.250 270.637156       1754      0.010    12.4710   0.277957     1.9367  1000.9515      0.010     0.1693     -0.009  0.000e+00
    438.500 270.637159       1755      0.011    12.4701   0.290462     2.0291  1001.0233      0.011     0.1702     -0.002  0.000e+00
    438.750 270.637161       1756      0.014    12.4691   0.306908     2.1510  1001.1180      0.015     0.1706      0.009  0.000e+00
    439.000 270.637164       1757      0.012    12.4681   0.315904     2.2180  1001.1700      0.012     0.1693      0.002  0.000e+00
    439.250 270.637167       1758      0.013    12.4672   0.319127     2.2420  1001.1888      0.014     0.1685     -0.002  0.000e+00
    439.500 270.637170       1759      0.012    12.4663   0.321366     2.2587  1001.2019      0.012     0.1665      0.000  0.000e+00
    439.750 270.637173       1760      0.012    12.4653   0.323260     2.2729  1001.2130      0.012     0.1689     -0.002  0.000e+00
    440.000 270.637176       1761      0.011    12.4645   0.325429     2.2891  1001.2257      0.011     0.1689     -0.002  0.000e+00
    440.250 270.637179       1762      0.012    12.4635   0.326565     2.2977  1001.2324      0.012     0.1718     -0.000  0.000e+00
    440.500 270.637182       1763      0.011    12.4627   0.326960     2.3007  1001.2348      0.011     0.1718     -0.000  0.000e+00
    440.750 270.637185       1764      0.014    12.4618   0.326717     2.2989  1001.2336      0.015     0.1681      0.004  0.000e+00
    441.000 270.637187       1765      0.013    12.4609   0.326474     2.2972  1001.2323      0.014     0.1698      0.004  0.000e+00
    441.250 270.637190       1766      0.011    12.4600   0.326875     2.3002  1001.2348      0.011     0.1677     -0.006  0.000e+00
    441.500 270.637193       1767      0.013    12.4592   0.327924     2.3081  1001.2410      0.014     0.1689      0.000  0.000e+00
    441.750 270.637196       1768      0.012    12.4583   0.328832     2.3149  1001.2464      0.012     0.1661      0.002  0.000e+00
    442.000 270.637199       1769      0.011    12.4573   0.329209     2.3178  1001.2488      0.011     0.1743     -0.004  0.000e+00
    442.250 270.637202       1770      0.011    12.4565   0.329083     2.3169  1001.2482      0.011     0.1722     -0.002  0.000e+00
    442.500 270.637205       1771      0.010    12.4557   0.328896     2.3155  1001.2473      0.010     0.1710     -0.002  0.000e+00
    442.750 270.637208       1772      0.012    12.4549   0.328878     2.3155  1001.2473      0.012     0.1673      0.002  0.000e+00
    443.000 270.637211       1773      0.011    12.4540   0.329354     2.3191  1001.2502      0.011     0.1743      0.002  0.000e+00
    443.250 270.637214       1774      0.013    12.4533   0.329343     2.3190  1001.2503      0.014     0.1656      0.002  0.000e+00
    443.500 270.637216       1775      0.012    12.4525   0.328959     2.3162  1001.2482      0.012     0.1693      0.002  0.000e+00
    443.750 270.637219       1776      0.012    12.4516   0.328614     2.3137  1001.2463      0.012     0.1665     -0.002  0.000e+00
