Raw_Data/Cage/SBE19/2020-09-26_SBE19_008_037_processed.cnv
* Sea-Bird SBE19plus Data File:
* FileName = C:\cruises\2020_barkerboys\leg2\data\cage\SBE19\2020-09-25_SBE19_008_037037.hex
* Software Version 1.59
* Temperature SN =  4881
* Conductivity SN =  4881
* System UpLoad Time = Sep 26 2020 18:12:39
* ds
* SeacatPlus V 1.5  SERIAL NO. 4881    26 Sep 2020  18:11:53
# nquan = 12
# nvalues = 2205                                  
# units = specified
# name 0 = timeS: Time, Elapsed [seconds]
# name 1 = timeJ: Julian Days
# name 2 = scan: Scan Count
# name 3 = depSM: Depth [salt water, m], lat = 44.00
# name 4 = tv290C: Temperature [ITS-90, deg C]
# name 5 = c0S/m: Conductivity [S/m]
# name 6 = sal00: Salinity, Practical [PSU]
# name 7 = density00: Density [density, kg/m^3]
# name 8 = prdM: Pressure, Strain Gauge [db]
# name 9 = wetStar: Fluorescence, WET Labs WETstar [mg/m^3]
# name 10 = dz/dtM: Descent Rate [m/s]
# name 11 = flag:  0.000e+00
# span 0 =      0.000,    551.000                 
# span 1 = 270.516134, 270.522512                 
# span 2 =          1,       2205                 
# span 3 =     -0.001,    137.281                 
# span 4 =    10.6693,    13.3505                 
# span 5 =   0.000695,   3.802133                 
# span 6 =     0.0094,    33.2123                 
# span 7 =   999.3410,  1026.0661                 
# span 8 =     -0.001,    138.438                 
# span 9 =     0.1801,     6.9986                 
# span 10 =     -1.112,      1.025                
# span 11 = 0.0000e+00, 0.0000e+00                
# interval = seconds: 0.25
# start_time = Sep 26 2020 12:23:14 [Instrument's time stamp, header]
# bad_flag = -9.990e-29
*END*
[from data line 602]
    150.500 270.517876        603      4.801    12.5040   3.790437    32.5199  1024.5900      4.839     1.9038      0.045  0.000e+00
    150.750 270.517879        604      4.806    12.5039   3.790457    32.5201  1024.5902      4.845     1.9982      0.039  0.000e+00
    151.000 270.517882        605      4.802    12.5038   3.790437    32.5200  1024.5902      4.841     2.7678      0.002  0.000e+00
    151.250 270.517885        606      4.790    12.5039   3.790470    32.5203  1024.5903      4.829     2.2186     -0.032  0.000e+00
    151.500 270.517888        607      4.772    12.5038   3.790470    32.5204  1024.5903      4.810     1.7572     -0.060  0.000e+00
    151.750 270.517891        608      4.759    12.5039   3.790544    32.5210  1024.5907      4.798     1.7720     -0.062  0.000e+00
    152.000 270.517894        609      4.750    12.5043   3.790544    32.5207  1024.5904      4.789     1.9405     -0.043  0.000e+00
    152.250 270.517896        610      4.757    12.5044   3.790544    32.5206  1024.5903      4.795     1.8095     -0.004  0.000e+00
    152.500 270.517899        611      4.774    12.5045   3.790470    32.5198  1024.5897      4.813     1.6838      0.047  0.000e+00
    152.750 270.517902        612      4.794    12.5045   3.790424    32.5193  1024.5894      4.833     1.4861      0.075  0.000e+00
    153.000 270.517905        613      4.812    12.5045   3.790437    32.5194  1024.5896      4.851     1.4577      0.077  0.000e+00
    153.250 270.517908        614      4.825    12.5045   3.790437    32.5195  1024.5897      4.864     1.5631      0.062  0.000e+00
    153.500 270.517911        615      4.823    12.5043   3.790470    32.5199  1024.5901      4.862     1.6810      0.021  0.000e+00
    153.750 270.517914        616      4.810    12.5041   3.790577    32.5211  1024.5910      4.849     1.4247     -0.030  0.000e+00
    154.000 270.517917        617      4.789    12.5045   3.790577    32.5208  1024.5906      4.828     1.7885     -0.069  0.000e+00
    154.250 270.517920        618      4.757    12.5049   3.790510    32.5198  1024.5896      4.795     1.8635     -0.107  0.000e+00
    154.500 270.517922        619      4.698    12.5051   3.790610    32.5206  1024.5899      4.736     1.6793     -0.183  0.000e+00
    154.750 270.517925        620      4.605    12.5051   3.790624    32.5208  1024.5896      4.642     1.7609     -0.307  0.000e+00
    155.000 270.517928        621      4.507    12.5054   3.790577    32.5201  1024.5886      4.543     1.7741     -0.387  0.000e+00
    155.250 270.517931        622      4.416    12.5057   3.790717    32.5212  1024.5889      4.452     1.7650     -0.380  0.000e+00
    155.500 270.517934        623      4.337    12.5062   3.790750    32.5211  1024.5885      4.372     1.4877     -0.341  0.000e+00
    155.750 270.517937        624      4.288    12.5067   3.790824    32.5215  1024.5884      4.323     1.4622     -0.258  0.000e+00
    156.000 270.517940        625      4.282    12.5071   3.790123    32.5144  1024.5828      4.317     1.5512     -0.112  0.000e+00
    156.250 270.517943        626      4.289    12.5074   3.790784    32.5205  1024.5875      4.324     2.2441      0.002  0.000e+00
    156.500 270.517946        627      4.279    12.5075   3.790750    32.5200  1024.5871      4.313     1.8766     -0.006  0.000e+00
    156.750 270.517948        628      4.261    12.5075   3.790724    32.5198  1024.5868      4.295     1.5059     -0.058  0.000e+00
    157.000 270.517951        629      4.251    12.5075   3.790650    32.5191  1024.5862      4.285     1.8968     -0.056  0.000e+00
    157.250 270.517954        630      4.251    12.5074   3.790610    32.5188  1024.5861      4.285     2.1255     -0.019  0.000e+00
    157.500 270.517957        631      4.251    12.5068   3.790610    32.5193  1024.5866      4.285     3.0842      0.000  0.000e+00
    157.750 270.517960        632      4.252    12.5066   3.790684    32.5202  1024.5873      4.286     1.7555      0.002  0.000e+00
    158.000 270.517963        633      4.255    12.5065   3.790717    32.5206  1024.5877      4.290     1.4976      0.009  0.000e+00
    158.250 270.517966        634      4.249    12.5065   3.790650    32.5199  1024.5871      4.283     2.2734     -0.006  0.000e+00
    158.500 270.517969        635      4.246    12.5067   3.790657    32.5198  1024.5869      4.280     1.5928     -0.019  0.000e+00
    158.750 270.517972        636      4.254    12.5067   3.790684    32.5201  1024.5872      4.289     1.4634      0.011  0.000e+00
    159.000 270.517975        637      4.273    12.5067   3.790684    32.5201  1024.5873      4.308     1.7790      0.056  0.000e+00
    159.250 270.517977        638      4.296    12.5069   3.790650    32.5196  1024.5870      4.330     1.6031      0.084  0.000e+00
    159.500 270.517980        639      4.314    12.5068   3.790684    32.5200  1024.5874      4.349     1.5339      0.082  0.000e+00
    159.750 270.517983        640      4.321    12.5067   3.790717    32.5204  1024.5877      4.356     2.0241      0.052  0.000e+00
    160.000 270.517986        641      4.313    12.5070   3.790750    32.5205  1024.5877      4.348     2.6982     -0.002  0.000e+00
    160.250 270.517989        642      4.291    12.5070   3.790857    32.5214  1024.5883      4.326     2.0950     -0.060  0.000e+00
    160.500 270.517992        643      4.262    12.5074   3.790757    32.5202  1024.5871      4.296     1.9615     -0.103  0.000e+00
    160.750 270.517995        644      4.237    12.5078   3.790784    32.5201  1024.5870      4.271     1.6200     -0.110  0.000e+00
    161.000 270.517998        645      4.224    12.5079   3.790824    32.5204  1024.5871      4.259     1.9199     -0.075  0.000e+00
    161.250 270.518001        646      4.225    12.5078   3.790750    32.5198  1024.5866      4.260     1.6426     -0.024  0.000e+00
    161.500 270.518003        647      4.239    12.5080   3.790717    32.5193  1024.5862      4.274     1.5195      0.030  0.000e+00
    161.750 270.518006        648      4.254    12.5078   3.790717    32.5195  1024.5865      4.289     1.5096      0.058  0.000e+00
    162.000 270.518009        649      4.270    12.5078   3.790750    32.5198  1024.5868      4.305     2.2145      0.062  0.000e+00
    162.250 270.518012        650      4.279    12.5078   3.790784    32.5201  1024.5871      4.313     1.7308      0.049  0.000e+00
    162.500 270.518015        651      4.280    12.5076   3.790790    32.5203  1024.5873      4.314     1.4688      0.019  0.000e+00
    162.750 270.518018        652      4.276    12.5077   3.790750    32.5199  1024.5869      4.311     1.4556     -0.004  0.000e+00
    163.000 270.518021        653      4.274    12.5076   3.790717    32.5196  1024.5867      4.309     1.7708     -0.011  0.000e+00
    163.250 270.518024        654      4.272    12.5075   3.790750    32.5200  1024.5871      4.307     1.4708     -0.009  0.000e+00
    163.500 270.518027        655      4.275    12.5076   3.790717    32.5197  1024.5868      4.310     1.6056      0.002  0.000e+00
    163.750 270.518030        656      4.280    12.5077   3.790750    32.5199  1024.5869      4.314     1.7790      0.015  0.000e+00
    164.000 270.518032        657      4.287    12.5076   3.790750    32.5200  1024.5871      4.322     1.5100      0.024  0.000e+00
    164.250 270.518035        658      4.294    12.5077   3.790790    32.5202  1024.5873      4.328     1.9558      0.028  0.000e+00
    164.500 270.518038        659      4.303    12.5080   3.790824    32.5203  1024.5874      4.338     1.8771      0.032  0.000e+00
    164.750 270.518041        660      4.306    12.5080   3.790750    32.5196  1024.5868      4.341     1.3798      0.026  0.000e+00
    165.000 270.518044        661      4.306    12.5079   3.790750    32.5197  1024.5869      4.341     1.3497      0.006  0.000e+00
    165.250 270.518047        662      4.300    12.5078   3.790750    32.5197  1024.5869      4.335     1.6748     -0.013  0.000e+00
    165.500 270.518050        663      4.290    12.5079   3.790650    32.5187  1024.5861      4.325     1.6101     -0.032  0.000e+00
    165.750 270.518053        664      4.281    12.5074   3.790610    32.5188  1024.5861      4.315     1.8878     -0.039  0.000e+00
    166.000 270.518056        665      4.273    12.5069   3.790684    32.5199  1024.5871      4.308     1.3851     -0.034  0.000e+00
    166.250 270.518058        666      4.264    12.5069   3.790757    32.5207  1024.5876      4.298     2.3727     -0.034  0.000e+00
    166.500 270.518061        667      4.252    12.5071   3.790650    32.5194  1024.5866      4.286     2.0691     -0.043  0.000e+00
    166.750 270.518064        668      4.241    12.5072   3.790610    32.5189  1024.5861      4.276     2.5428     -0.045  0.000e+00
    167.000 270.518067        669      4.240    12.5069   3.790577    32.5189  1024.5862      4.275     1.5289     -0.024  0.000e+00
    167.250 270.518070        670      4.246    12.5066   3.790577    32.5192  1024.5865      4.280     1.3959      0.009  0.000e+00
    167.500 270.518073        671      4.267    12.5061   3.790543    32.5192  1024.5867      4.301     2.6850      0.054  0.000e+00
    167.750 270.518076        672      4.291    12.5058   3.790470    32.5188  1024.5865      4.326     1.7885      0.092  0.000e+00
    168.000 270.518079        673      4.316    12.5055   3.790610    32.5204  1024.5880      4.351     1.3744      0.099  0.000e+00
    168.250 270.518082        674      4.330    12.5056   3.790557    32.5199  1024.5876      4.365     1.9904      0.077  0.000e+00
    168.500 270.518084        675      4.330    12.5056   3.790510    32.5194  1024.5872      4.365     1.4362      0.028  0.000e+00
    168.750 270.518087        676      4.320    12.5057   3.790577    32.5199  1024.5875      4.355     1.6863     -0.019  0.000e+00
    169.000 270.518090        677      4.309    12.5057   3.790577    32.5199  1024.5875      4.344     1.9088     -0.041  0.000e+00
    169.250 270.518093        678      4.305    12.5057   3.790577    32.5199  1024.5874      4.340     1.5273     -0.030  0.000e+00
    169.500 270.518096        679      4.305    12.5060   3.790684    32.5207  1024.5880      4.340     1.3831     -0.009  0.000e+00
    169.750 270.518099        680      4.308    12.5061   3.790543    32.5193  1024.5869      4.343     1.5429      0.006  0.000e+00
    170.000 270.518102        681      4.307    12.5061   3.790543    32.5192  1024.5869      4.342     2.9635      0.004  0.000e+00
    170.250 270.518105        682      4.303    12.5059   3.790590    32.5198  1024.5874      4.338     1.8536     -0.011  0.000e+00
    170.500 270.518108        683      4.290    12.5058   3.790543    32.5195  1024.5871      4.325     2.2367     -0.034  0.000e+00
    170.750 270.518111        684      4.276    12.5058   3.790510    32.5192  1024.5868      4.311     1.4140     -0.054  0.000e+00
    171.000 270.518113        685      4.271    12.5057   3.790437    32.5186  1024.5863      4.306     1.7741     -0.039  0.000e+00
    171.250 270.518116        686      4.280    12.5053   3.790470    32.5193  1024.5869      4.314     1.6076      0.006  0.000e+00
    171.500 270.518119        687      4.297    12.5052   3.790437    32.5191  1024.5869      4.331     2.6174      0.052  0.000e+00
    171.750 270.518122        688      4.319    12.5050   3.790437    32.5192  1024.5871      4.354     2.3706      0.079  0.000e+00
    172.000 270.518125        689      4.333    12.5048   3.790437    32.5193  1024.5873      4.368     1.8816      0.073  0.000e+00
    172.250 270.518128        690      4.337    12.5048   3.790457    32.5196  1024.5875      4.372     1.5487      0.037  0.000e+00
    172.500 270.518131        691      4.336    12.5045   3.790403    32.5193  1024.5874      4.371     1.7370      0.006  0.000e+00
    172.750 270.518134        692      4.325    12.5044   3.790337    32.5188  1024.5869      4.360     1.6105     -0.024  0.000e+00
    173.000 270.518137        693      4.322    12.5041   3.790337    32.5190  1024.5872      4.357     1.7563     -0.028  0.000e+00
    173.250 270.518139        694      4.322    12.5039   3.790370    32.5195  1024.5875      4.357     1.6266     -0.006  0.000e+00
    173.500 270.518142        695      4.323    12.5038   3.790337    32.5193  1024.5874      4.358     1.5998      0.002  0.000e+00
    173.750 270.518145        696      4.326    12.5037   3.790370    32.5196  1024.5877      4.362     1.3650      0.009  0.000e+00
    174.000 270.518148        697      4.315    12.5037   3.790223    32.5183  1024.5867      4.350     1.4321     -0.017  0.000e+00
    174.250 270.518151        698      4.265    12.5033   3.790263    32.5190  1024.5871      4.299     1.3200     -0.125  0.000e+00
    174.500 270.518154        699      4.175    12.5030   3.790230    32.5190  1024.5867      4.209     2.6063     -0.281  0.000e+00
    174.750 270.518157        700      4.073    12.5027   3.790196    32.5190  1024.5863      4.106     2.0509     -0.386  0.000e+00
    175.000 270.518160        701      3.968    12.5028   3.790230    32.5193  1024.5860      4.000     1.5569     -0.419  0.000e+00
    175.250 270.518163        702      3.854    12.5026   3.790123    32.5184  1024.5849      3.885     1.5825     -0.442  0.000e+00
    175.500 270.518166        703      3.736    12.5022   3.790090    32.5186  1024.5845      3.767     1.6365     -0.466  0.000e+00
    175.750 270.518168        704      3.621    12.5018   3.790090    32.5189  1024.5844      3.651     1.5965     -0.468  0.000e+00
    176.000 270.518171        705      3.496    12.5014   3.790156    32.5200  1024.5847      3.524     2.0835     -0.485  0.000e+00
    176.250 270.518174        706      3.368    12.5015   3.790056    32.5190  1024.5833      3.395     1.5557     -0.511  0.000e+00
    176.500 270.518177        707      3.239    12.5015   3.790089    32.5194  1024.5830      3.265     1.4853     -0.517  0.000e+00
    176.750 270.518180        708      3.117    12.5013   3.790089    32.5195  1024.5826      3.142     2.8337     -0.507  0.000e+00
    177.000 270.518183        709      2.990    12.5013   3.790056    32.5193  1024.5819      3.014     1.8046     -0.502  0.000e+00
    177.250 270.518186        710      2.863    12.5013   3.790123    32.5200  1024.5819      2.886     2.0934     -0.511  0.000e+00
    177.500 270.518189        711      2.745    12.5015   3.790089    32.5196  1024.5810      2.767     1.7926     -0.494  0.000e+00
    177.750 270.518192        712      2.621    12.5016   3.790089    32.5195  1024.5803      2.643     1.9628     -0.487  0.000e+00
    178.000 270.518194        713      2.497    12.5017   3.790089    32.5195  1024.5797      2.517     1.5133     -0.500  0.000e+00
    178.250 270.518197        714      2.364    12.5018   3.790156    32.5201  1024.5796      2.383     1.3682     -0.520  0.000e+00
    178.500 270.518200        715      2.232    12.5020   3.790196    32.5204  1024.5791      2.250     1.6875     -0.535  0.000e+00
    178.750 270.518203        716      2.100    12.5020   3.790089    32.5194  1024.5778      2.117     2.4501     -0.533  0.000e+00
    179.000 270.518206        717      1.965    12.5022   3.790196    32.5203  1024.5778      1.981     1.7469     -0.537  0.000e+00
    179.250 270.518209        718      1.835    12.5023   3.790122    32.5195  1024.5766      1.850     3.2721     -0.532  0.000e+00
    179.500 270.518212        719      1.713    12.5024   3.790089    32.5192  1024.5758      1.727     2.5210     -0.509  0.000e+00
    179.750 270.518215        720      1.624    12.5024   3.790089    32.5192  1024.5754      1.637     1.6373     -0.427  0.000e+00
    180.000 270.518218        721      1.594    12.5025   3.790055    32.5188  1024.5750      1.607     1.6851     -0.240  0.000e+00
