Raw_Data/Cage/SBE19/2020-09-24_SBE19_006_030_processed.cnv
* Sea-Bird SBE19plus Data File:
* FileName = C:\cruises\2020_barkerboys\leg2\data\cage\SBE19\2020-09-25_SBE19_004_030.hex
* Software Version 1.59
* Temperature SN =  4881
* Conductivity SN =  4881
* System UpLoad Time = Sep 25 2020 12:52:05
* ds
* SeacatPlus V 1.5  SERIAL NO. 4881    25 Sep 2020  12:15:39
# nquan = 12
# nvalues = 2476                                  
# units = specified
# name 0 = timeS: Time, Elapsed [seconds]
# name 1 = timeJ: Julian Days
# name 2 = scan: Scan Count
# name 3 = depSM: Depth [salt water, m], lat = 44.00
# name 4 = tv290C: Temperature [ITS-90, deg C]
# name 5 = c0S/m: Conductivity [S/m]
# name 6 = sal00: Salinity, Practical [PSU]
# name 7 = density00: Density [density, kg/m^3]
# name 8 = prdM: Pressure, Strain Gauge [db]
# name 9 = wetStar: Fluorescence, WET Labs WETstar [mg/m^3]
# name 10 = dz/dtM: Descent Rate [m/s]
# name 11 = flag:  0.000e+00
# span 0 =      0.000,    618.750                 
# span 1 = 268.825069, 268.832231                 
# span 2 =          1,       2476                 
# span 3 =     -0.106,    164.635                 
# span 4 =     9.9426,    14.3885                 
# span 5 =   0.047578,   3.858832                 
# span 6 =     0.2916,    33.5079                 
# span 7 =   999.4192,  1026.5453                 
# span 8 =     -0.107,    166.034                 
# span 9 =     0.1257,     3.4154                 
# span 10 =     -1.556,      1.217                
# span 11 = 0.0000e+00, 0.0000e+00                
# interval = seconds: 0.25
# start_time = Sep 24 2020 19:48:06 [Instrument's time stamp, header]
# bad_flag = -9.990e-29
*END*
[from data line 963]
    240.750 268.827856        964     92.040    10.0522   3.667292    33.4632  1026.1637     92.806     0.1574      0.664  0.000e+00
    241.000 268.827859        965     92.273    10.0523   3.667127    33.4613  1026.1633     93.041     0.1520      0.857  0.000e+00
    241.250 268.827862        966     92.523    10.0518   3.667015    33.4606  1026.1639     93.292     0.1442      0.973  0.000e+00
    241.500 268.827865        967     92.782    10.0505   3.667022    33.4617  1026.1662     93.554     0.1459      1.025  0.000e+00
    241.750 268.827867        968     93.036    10.0489   3.666858    33.4614  1026.1673     93.810     0.1545      1.036  0.000e+00
    242.000 268.827870        969     93.271    10.0469   3.666555    33.4601  1026.1678     94.047     0.1483      0.986  0.000e+00
    242.250 268.827873        970     93.490    10.0433   3.666456    33.4623  1026.1711     94.268     0.2328      0.915  0.000e+00
    242.500 268.827876        971     93.672    10.0383   3.666423    33.4665  1026.1761     94.452     0.1578      0.810  0.000e+00
    242.750 268.827879        972     93.817    10.0350   3.666489    33.4702  1026.1802     94.598     0.1393      0.660  0.000e+00
    243.000 268.827882        973     93.930    10.0330   3.666489    33.4719  1026.1824     94.712     0.1438      0.520  0.000e+00
    243.250 268.827885        974     94.015    10.0319   3.666489    33.4729  1026.1837     94.798     0.1516      0.399  0.000e+00
    243.500 268.827888        975     94.078    10.0316   3.666522    33.4735  1026.1845     94.861     0.1549      0.299  0.000e+00
    243.750 268.827891        976     94.139    10.0315   3.666555    33.4740  1026.1852     94.922     0.1508      0.249  0.000e+00
    244.000 268.827894        977     94.206    10.0316   3.666588    33.4741  1026.1855     94.990     0.1508      0.258  0.000e+00
    244.250 268.827896        978     94.302    10.0321   3.666621    33.4740  1026.1858     95.087     0.1500      0.329  0.000e+00
    244.500 268.827899        979     94.437    10.0324   3.666595    33.4733  1026.1859     95.223     0.1566      0.466  0.000e+00
    244.750 268.827902        980     94.624    10.0330   3.666588    33.4727  1026.1861     95.412     0.1512      0.651  0.000e+00
    245.000 268.827905        981     94.846    10.0332   3.666523    33.4718  1026.1864     95.635     0.1549      0.825  0.000e+00
    245.250 268.827908        982     95.077    10.0324   3.666490    33.4720  1026.1877     95.869     0.1595      0.913  0.000e+00
    245.500 268.827911        983     95.306    10.0315   3.666490    33.4728  1026.1896     96.100     0.1504      0.928  0.000e+00
    245.750 268.827914        984     95.523    10.0305   3.666391    33.4726  1026.1906     96.319     0.1496      0.900  0.000e+00
    246.000 268.827917        985     95.725    10.0297   3.666391    33.4732  1026.1921     96.522     0.1632      0.844  0.000e+00
    246.250 268.827920        986     95.905    10.0292   3.666418    33.4739  1026.1936     96.703     0.1487      0.769  0.000e+00
    246.500 268.827922        987     96.075    10.0284   3.666326    33.4736  1026.1942     96.875     0.1376      0.707  0.000e+00
    246.750 268.827925        988     96.248    10.0282   3.666359    33.4740  1026.1954     97.049     0.1409      0.692  0.000e+00
    247.000 268.827928        989     96.435    10.0279   3.666359    33.4742  1026.1965     97.238     0.1776      0.726  0.000e+00
    247.250 268.827931        990     96.645    10.0277   3.666359    33.4743  1026.1975     97.450     0.1533      0.802  0.000e+00
    247.500 268.827934        991     96.866    10.0274   3.666392    33.4749  1026.1990     97.672     0.1582      0.868  0.000e+00
    247.750 268.827937        992     97.087    10.0274   3.666451    33.4754  1026.2004     97.896     0.1780      0.892  0.000e+00
    248.000 268.827940        993     97.302    10.0274   3.666458    33.4753  1026.2013     98.113     0.1438      0.881  0.000e+00
    248.250 268.827943        994     97.496    10.0274   3.666392    33.4746  1026.2017     98.308     0.1590      0.825  0.000e+00
    248.500 268.827946        995     97.654    10.0272   3.666458    33.4754  1026.2030     98.467     0.1636      0.709  0.000e+00
    248.750 268.827948        996     97.786    10.0271   3.666491    33.4758  1026.2040     98.601     0.1516      0.584  0.000e+00
    249.000 268.827951        997     97.882    10.0269   3.666491    33.4758  1026.2045     98.697     0.1446      0.460  0.000e+00
    249.250 268.827954        998     97.971    10.0271   3.666524    33.4760  1026.2049     98.788     0.1537      0.374  0.000e+00
    249.500 268.827957        999     98.071    10.0272   3.666491    33.4755  1026.2051     98.889     0.1450      0.383  0.000e+00
    249.750 268.827960       1000     98.196    10.0274   3.666524    33.4756  1026.2057     99.014     0.1549      0.453  0.000e+00
    250.000 268.827963       1001     98.353    10.0275   3.666524    33.4754  1026.2062     99.172     0.1529      0.567  0.000e+00
    250.250 268.827966       1002     98.560    10.0278   3.666524    33.4750  1026.2068     99.382     0.1520      0.735  0.000e+00
    250.500 268.827969       1003     98.778    10.0276   3.666557    33.4755  1026.2082     99.601     0.1504      0.857  0.000e+00
    250.750 268.827972       1004     98.996    10.0274   3.666590    33.4759  1026.2096     99.821     0.1487      0.879  0.000e+00
    251.000 268.827975       1005     99.222    10.0272   3.666524    33.4753  1026.2102    100.049     0.1574      0.896  0.000e+00
    251.250 268.827977       1006     99.440    10.0269   3.666623    33.4765  1026.2121    100.269     0.2085      0.896  0.000e+00
    251.500 268.827980       1007     99.646    10.0268   3.666623    33.4765  1026.2131    100.476     0.1628      0.855  0.000e+00
    251.750 268.827983       1008     99.827    10.0266   3.666590    33.4762  1026.2137    100.659     0.1636      0.780  0.000e+00
    252.000 268.827986       1009     99.977    10.0266   3.666623    33.4765  1026.2146    100.811     0.1545      0.668  0.000e+00
    252.250 268.827989       1010    100.101    10.0265   3.666590    33.4762  1026.2150    100.935     0.1549      0.552  0.000e+00
    252.500 268.827992       1011    100.201    10.0267   3.666630    33.4764  1026.2156    101.036     0.1504      0.451  0.000e+00
    252.750 268.827995       1012    100.294    10.0268   3.666696    33.4770  1026.2164    101.131     0.1533      0.391  0.000e+00
    253.000 268.827998       1013    100.411    10.0268   3.666656    33.4765  1026.2166    101.248     0.1463      0.423  0.000e+00
    253.250 268.828001       1014    100.560    10.0269   3.666656    33.4764  1026.2171    101.398     0.1512      0.535  0.000e+00
    253.500 268.828003       1015    100.754    10.0271   3.666656    33.4761  1026.2177    101.594     0.1562      0.692  0.000e+00
    253.750 268.828006       1016    100.978    10.0273   3.666696    33.4762  1026.2188    101.820     0.1722      0.844  0.000e+00
    254.000 268.828009       1017    101.216    10.0271   3.666736    33.4767  1026.2203    102.060     0.1508      0.933  0.000e+00
    254.250 268.828012       1018    101.457    10.0270   3.666696    33.4763  1026.2211    102.303     0.1628      0.965  0.000e+00
    254.500 268.828015       1019    101.698    10.0268   3.666762    33.4770  1026.2228    102.547     0.1426      0.973  0.000e+00
    254.750 268.828018       1020    101.919    10.0268   3.666729    33.4766  1026.2235    102.769     0.1520      0.933  0.000e+00
    255.000 268.828021       1021    102.114    10.0268   3.666762    33.4768  1026.2246    102.966     0.1533      0.838  0.000e+00
    255.250 268.828024       1022    102.283    10.0268   3.666762    33.4767  1026.2253    103.137     0.1459      0.735  0.000e+00
    255.500 268.828027       1023    102.420    10.0267   3.666828    33.4774  1026.2265    103.274     0.2361      0.617  0.000e+00
    255.750 268.828030       1024    102.540    10.0265   3.666736    33.4766  1026.2264    103.395     0.1578      0.518  0.000e+00
    256.000 268.828032       1025    102.654    10.0264   3.666795    33.4773  1026.2275    103.510     0.1970      0.473  0.000e+00
    256.250 268.828035       1026    102.787    10.0266   3.666828    33.4773  1026.2281    103.645     0.1487      0.498  0.000e+00
    256.500 268.828038       1027    102.964    10.0268   3.666795    33.4768  1026.2284    103.823     0.1574      0.625  0.000e+00
    256.750 268.828041       1028    103.166    10.0269   3.666828    33.4769  1026.2295    104.027     0.1553      0.765  0.000e+00
    257.000 268.828044       1029    103.379    10.0269   3.666829    33.4769  1026.2304    104.242     0.1698      0.838  0.000e+00
    257.250 268.828047       1030    103.591    10.0266   3.666842    33.4772  1026.2316    104.456     0.1689      0.857  0.000e+00
    257.500 268.828050       1031    103.790    10.0266   3.666862    33.4773  1026.2326    104.657     0.1566      0.829  0.000e+00
    257.750 268.828053       1032    103.966    10.0264   3.666862    33.4773  1026.2335    104.834     0.1986      0.756  0.000e+00
    258.000 268.828056       1033    104.113    10.0266   3.666895    33.4774  1026.2342    104.982     0.1566      0.651  0.000e+00
    258.250 268.828058       1034    104.230    10.0265   3.666928    33.4778  1026.2351    105.100     0.1623      0.533  0.000e+00
    258.500 268.828061       1035    104.325    10.0266   3.666928    33.4777  1026.2354    105.196     0.1512      0.428  0.000e+00
    258.750 268.828064       1036    104.417    10.0266   3.666994    33.4783  1026.2363    105.289     0.1467      0.376  0.000e+00
    259.000 268.828067       1037    104.525    10.0268   3.666915    33.4773  1026.2360    105.398     0.1455      0.404  0.000e+00
    259.250 268.828070       1038    104.670    10.0269   3.666961    33.4776  1026.2369    105.544     0.1450      0.511  0.000e+00
    259.500 268.828073       1039    104.877    10.0270   3.666895    33.4767  1026.2371    105.753     0.1595      0.709  0.000e+00
    259.750 268.828076       1040    105.101    10.0268   3.666928    33.4771  1026.2385    105.978     0.1677      0.868  0.000e+00
    260.000 268.828079       1041    105.335    10.0264   3.666895    33.4771  1026.2396    106.215     0.1619      0.924  0.000e+00
    260.250 268.828082       1042    105.566    10.0256   3.666895    33.4777  1026.2412    106.448     0.1479      0.939  0.000e+00
    260.500 268.828084       1043    105.785    10.0248   3.666948    33.4789  1026.2433    106.668     0.1442      0.907  0.000e+00
    260.750 268.828087       1044    105.987    10.0245   3.666961    33.4793  1026.2446    106.872     0.1508      0.849  0.000e+00
    261.000 268.828090       1045    106.178    10.0240   3.666994    33.4799  1026.2460    107.064     0.1595      0.793  0.000e+00
    261.250 268.828093       1046    106.351    10.0239   3.666961    33.4796  1026.2466    107.240     0.1607      0.735  0.000e+00
    261.500 268.828096       1047    106.527    10.0238   3.666896    33.4790  1026.2469    107.417     0.1496      0.705  0.000e+00
    261.750 268.828099       1048    106.702    10.0234   3.666863    33.4790  1026.2478    107.593     0.1607      0.707  0.000e+00
    262.000 268.828102       1049    106.885    10.0228   3.666830    33.4790  1026.2488    107.778     0.1512      0.722  0.000e+00
    262.250 268.828105       1050    107.072    10.0220   3.666843    33.4799  1026.2504    107.967     0.1549      0.748  0.000e+00
    262.500 268.828108       1051    107.260    10.0213   3.666863    33.4806  1026.2520    108.156     0.1570      0.757  0.000e+00
    262.750 268.828111       1052    107.446    10.0209   3.666863    33.4809  1026.2531    108.344     0.1525      0.754  0.000e+00
    263.000 268.828113       1053    107.631    10.0205   3.666830    33.4808  1026.2540    108.530     0.1586      0.748  0.000e+00
    263.250 268.828116       1054    107.808    10.0202   3.666764    33.4804  1026.2545    108.709     0.1722      0.731  0.000e+00
    263.500 268.828119       1055    107.982    10.0195   3.666626    33.4795  1026.2547    108.885     0.1562      0.709  0.000e+00
    263.750 268.828122       1056    108.144    10.0182   3.666560    33.4800  1026.2560    109.048     0.1520      0.677  0.000e+00
    264.000 268.828125       1057    108.298    10.0166   3.666495    33.4808  1026.2576    109.204     0.1434      0.638  0.000e+00
    264.250 268.828128       1058    108.447    10.0155   3.666626    33.4831  1026.2603    109.353     0.1545      0.610  0.000e+00
    264.500 268.828131       1059    108.591    10.0152   3.666659    33.4836  1026.2614    109.499     0.1487      0.591  0.000e+00
    264.750 268.828134       1060    108.741    10.0155   3.666659    33.4833  1026.2618    109.649     0.1611      0.593  0.000e+00
    265.000 268.828137       1061    108.909    10.0158   3.666561    33.4819  1026.2614    109.819     0.1619      0.640  0.000e+00
    265.250 268.828139       1062    109.098    10.0156   3.666528    33.4816  1026.2621    110.010     0.1492      0.722  0.000e+00
    265.500 268.828142       1063    109.310    10.0149   3.666462    33.4816  1026.2632    110.224     0.1487      0.810  0.000e+00
    265.750 268.828145       1064    109.529    10.0140   3.666462    33.4823  1026.2649    110.445     0.1459      0.868  0.000e+00
    266.000 268.828148       1065    109.743    10.0132   3.666462    33.4830  1026.2665    110.660     0.1475      0.873  0.000e+00
    266.250 268.828151       1066    109.922    10.0126   3.666462    33.4834  1026.2678    110.841     0.1578      0.793  0.000e+00
    266.500 268.828154       1067    110.026    10.0124   3.666462    33.4836  1026.2684    110.946     0.1558      0.571  0.000e+00
    266.750 268.828157       1068    110.087    10.0123   3.666462    33.4836  1026.2687    111.007     0.1578      0.333  0.000e+00
    267.000 268.828160       1069    110.103    10.0125   3.666601    33.4848  1026.2697    111.024     0.1475      0.155  0.000e+00
    267.250 268.828163       1070    110.104    10.0129   3.666627    33.4848  1026.2696    111.025     0.1607      0.034  0.000e+00
    267.500 268.828166       1071    110.109    10.0133   3.666699    33.4851  1026.2698    111.030     0.1525      0.013  0.000e+00
    267.750 268.828168       1072    110.154    10.0136   3.666732    33.4851  1026.2700    111.075     0.1508      0.101  0.000e+00
    268.000 268.828171       1073    110.251    10.0141   3.666732    33.4846  1026.2699    111.173     0.1516      0.286  0.000e+00
    268.250 268.828174       1074    110.405    10.0144   3.666594    33.4828  1026.2692    111.329     0.1549      0.507  0.000e+00
    268.500 268.828177       1075    110.617    10.0145   3.666634    33.4831  1026.2704    111.542     0.1623      0.739  0.000e+00
    268.750 268.828180       1076    110.856    10.0143   3.666561    33.4825  1026.2710    111.783     0.1545      0.909  0.000e+00
    269.000 268.828183       1077    111.101    10.0137   3.666627    33.4835  1026.2731    112.030     0.1496      0.976  0.000e+00
    269.250 268.828186       1078    111.336    10.0133   3.666496    33.4825  1026.2734    112.268     0.1607      0.969  0.000e+00
    269.500 268.828189       1079    111.566    10.0128   3.666529    33.4832  1026.2750    112.500     0.1615      0.939  0.000e+00
    269.750 268.828192       1080    111.777    10.0120   3.666397    33.4825  1026.2756    112.713     0.1957      0.890  0.000e+00
    270.000 268.828194       1081    111.959    10.0109   3.666351    33.4829  1026.2770    112.895     0.1669      0.791  0.000e+00
    270.250 268.828197       1082    112.112    10.0095   3.666397    33.4846  1026.2792    113.050     0.1665      0.675  0.000e+00
