Raw_Data/Cage/SBE19/2020-09-21_SBE19_005_020_processed.cnv
* Sea-Bird SBE19plus Data File:
* FileName = C:\cruises\2020_barkerboys\leg2\data\cage\SBE19\2020-09-25_SBE19_004_020.hex
* Software Version 1.59
* Temperature SN =  4881
* Conductivity SN =  4881
* System UpLoad Time = Sep 25 2020 12:39:38
* ds
* SeacatPlus V 1.5  SERIAL NO. 4881    25 Sep 2020  12:15:39
# nquan = 12
# nvalues = 2704                                  
# units = specified
# name 0 = timeS: Time, Elapsed [seconds]
# name 1 = timeJ: Julian Days
# name 2 = scan: Scan Count
# name 3 = depSM: Depth [salt water, m], lat = 44.00
# name 4 = tv290C: Temperature [ITS-90, deg C]
# name 5 = c0S/m: Conductivity [S/m]
# name 6 = sal00: Salinity, Practical [PSU]
# name 7 = density00: Density [density, kg/m^3]
# name 8 = prdM: Pressure, Strain Gauge [db]
# name 9 = wetStar: Fluorescence, WET Labs WETstar [mg/m^3]
# name 10 = dz/dtM: Descent Rate [m/s]
# name 11 = flag:  0.000e+00
# span 0 =      0.000,    675.750                 
# span 1 = 265.696979, 265.704800                 
# span 2 =          1,       2704                 
# span 3 =      0.144,    167.233                 
# span 4 =     9.8411,    13.4028                 
# span 5 =   0.050684,   3.877029                 
# span 6 =     0.3190,    33.5384                 
# span 7 =   999.5768,  1026.6009                 
# span 8 =      0.145,    168.655                 
# span 9 =     0.0948,     4.0981                 
# span 10 =     -1.441,      1.348                
# span 11 = 0.0000e+00, 0.0000e+00                
# interval = seconds: 0.25
# start_time = Sep 21 2020 16:43:39 [Instrument's time stamp, header]
# bad_flag = -9.990e-29
*END*
[from data line 602]
    150.500 265.698721        603     15.678    13.1469   3.853109    32.5558  1024.5419     15.805     3.5914      0.183  0.000e+00
    150.750 265.698724        604     15.721    13.1477   3.852787    32.5521  1024.5391     15.848     3.7071      0.161  0.000e+00
    151.000 265.698727        605     15.783    13.1477   3.852518    32.5496  1024.5374     15.912     3.6173      0.213  0.000e+00
    151.250 265.698730        606     15.886    13.1462   3.852256    32.5484  1024.5372     16.015     3.6758      0.333  0.000e+00
    151.500 265.698733        607     16.034    13.1440   3.852323    32.5508  1024.5402     16.164     3.6734      0.505  0.000e+00
    151.750 265.698736        608     16.206    13.1420   3.852364    32.5528  1024.5429     16.338     3.6824      0.646  0.000e+00
    152.000 265.698738        609     16.382    13.1413   3.852310    32.5529  1024.5439     16.515     3.6837      0.702  0.000e+00
    152.250 265.698741        610     16.541    13.1405   3.852257    32.5529  1024.5448     16.675     3.9267      0.674  0.000e+00
    152.500 265.698744        611     16.676    13.1399   3.852075    32.5517  1024.5446     16.811     3.8311      0.593  0.000e+00
    152.750 265.698747        612     16.780    13.1388   3.851545    32.5476  1024.5422     16.917     3.8872      0.483  0.000e+00
    153.000 265.698750        613     16.864    13.1364   3.851330    32.5476  1024.5430     17.001     3.7759      0.380  0.000e+00
    153.250 265.698753        614     16.937    13.1336   3.851404    32.5507  1024.5462     17.075     3.6437      0.316  0.000e+00
    153.500 265.698756        615     17.016    13.1321   3.851404    32.5520  1024.5479     17.154     3.5584      0.305  0.000e+00
    153.750 265.698759        616     17.115    13.1312   3.851364    32.5523  1024.5488     17.254     3.5535      0.359  0.000e+00
    154.000 265.698762        617     17.245    13.1305   3.851095    32.5503  1024.5480     17.385     3.5716      0.462  0.000e+00
    154.250 265.698764        618     17.390    13.1291   3.850941    32.5500  1024.5487     17.532     3.4945      0.556  0.000e+00
    154.500 265.698767        619     17.532    13.1275   3.851048    32.5523  1024.5514     17.675     3.4719      0.580  0.000e+00
    154.750 265.698770        620     17.649    13.1264   3.850995    32.5527  1024.5525     17.793     3.6589      0.522  0.000e+00
    155.000 265.698773        621     17.747    13.1258   3.851015    32.5534  1024.5535     17.892     3.5271      0.434  0.000e+00
    155.250 265.698776        622     17.829    13.1253   3.850941    32.5531  1024.5538     17.974     3.6276      0.363  0.000e+00
    155.500 265.698779        623     17.908    13.1248   3.850693    32.5511  1024.5527     18.054     3.5893      0.324  0.000e+00
    155.750 265.698782        624     18.002    13.1237   3.850384    32.5491  1024.5518     18.148     3.5518      0.348  0.000e+00
    156.000 265.698785        625     18.124    13.1215   3.849981    32.5472  1024.5513     18.272     3.4430      0.436  0.000e+00
    156.250 265.698788        626     18.281    13.1189   3.849766    32.5473  1024.5526     18.430     3.6074      0.563  0.000e+00
    156.500 265.698791        627     18.446    13.1162   3.849666    32.5486  1024.5549     18.596     3.4822      0.648  0.000e+00
    156.750 265.698793        628     18.609    13.1143   3.849646    32.5500  1024.5571     18.760     3.5374      0.661  0.000e+00
    157.000 265.698796        629     18.753    13.1132   3.849592    32.5504  1024.5583     18.905     3.4459      0.618  0.000e+00
    157.250 265.698799        630     18.875    13.1123   3.849626    32.5514  1024.5598     19.029     3.6433      0.537  0.000e+00
    157.500 265.698802        631     18.977    13.1116   3.849485    32.5506  1024.5598     19.132     3.5090      0.453  0.000e+00
    157.750 265.698805        632     19.067    13.1109   3.849136    32.5479  1024.5582     19.222     3.4126      0.386  0.000e+00
    158.000 265.698808        633     19.158    13.1091   3.849095    32.5491  1024.5599     19.314     3.7792      0.365  0.000e+00
    158.250 265.698811        634     19.267    13.1069   3.848847    32.5485  1024.5604     19.424     3.7768      0.404  0.000e+00
    158.500 265.698814        635     19.394    13.1047   3.848800    32.5500  1024.5625     19.552     3.5737      0.475  0.000e+00
    158.750 265.698817        636     19.543    13.1023   3.848740    32.5514  1024.5648     19.702     3.6202      0.556  0.000e+00
    159.000 265.698819        637     19.698    13.0997   3.848740    32.5536  1024.5677     19.859     3.5378      0.614  0.000e+00
    159.250 265.698822        638     19.860    13.0971   3.848673    32.5551  1024.5701     20.022     3.5596      0.640  0.000e+00
    159.500 265.698825        639     20.010    13.0941   3.848257    32.5537  1024.5703     20.173     3.4352      0.629  0.000e+00
    159.750 265.698828        640     20.159    13.0904   3.847357    32.5483  1024.5675     20.324     3.4435      0.603  0.000e+00
    160.000 265.698831        641     20.292    13.0847   3.846579    32.5459  1024.5673     20.457     3.3788      0.567  0.000e+00
    160.250 265.698834        642     20.417    13.0784   3.846150    32.5471  1024.5701     20.583     3.2482      0.520  0.000e+00
    160.500 265.698837        643     20.535    13.0725   3.845526    32.5463  1024.5712     20.703     3.1856      0.492  0.000e+00
    160.750 265.698840        644     20.650    13.0666   3.844875    32.5452  1024.5720     20.819     3.1876      0.470  0.000e+00
    161.000 265.698843        645     20.767    13.0606   3.844486    32.5466  1024.5748     20.936     3.0850      0.466  0.000e+00
    161.250 265.698845        646     20.881    13.0554   3.843634    32.5430  1024.5736     21.051     3.0245      0.464  0.000e+00
    161.500 265.698848        647     21.008    13.0497   3.843802    32.5494  1024.5802     21.179     2.9845      0.487  0.000e+00
    161.750 265.698851        648     21.153    13.0458   3.843426    32.5491  1024.5814     21.325     3.2700      0.550  0.000e+00
    162.000 265.698854        649     21.320    13.0427   3.843460    32.5521  1024.5851     21.494     3.2111      0.629  0.000e+00
    162.250 265.698857        650     21.510    13.0406   3.843426    32.5535  1024.5875     21.685     3.2136      0.719  0.000e+00
    162.500 265.698860        651     21.707    13.0394   3.843366    32.5539  1024.5889     21.884     3.2012      0.780  0.000e+00
    162.750 265.698863        652     21.910    13.0383   3.843138    32.5525  1024.5890     22.089     3.2877      0.807  0.000e+00
    163.000 265.698866        653     22.093    13.0373   3.842963    32.5517  1024.5893     22.272     3.3557      0.777  0.000e+00
    163.250 265.698869        654     22.259    13.0361   3.843037    32.5533  1024.5916     22.440     3.2432      0.702  0.000e+00
    163.500 265.698872        655     22.393    13.0351   3.842990    32.5537  1024.5927     22.575     3.2972      0.606  0.000e+00
    163.750 265.698874        656     22.477    13.0345   3.842890    32.5533  1024.5928     22.660     3.3302      0.440  0.000e+00
    164.000 265.698877        657     22.533    13.0336   3.842823    32.5533  1024.5933     22.717     3.2848      0.283  0.000e+00
    164.250 265.698880        658     22.569    13.0330   3.843071    32.5562  1024.5959     22.752     3.3298      0.185  0.000e+00
    164.500 265.698883        659     22.592    13.0333   3.843058    32.5558  1024.5956     22.776     3.3520      0.118  0.000e+00
    164.750 265.698886        660     22.634    13.0336   3.843038    32.5553  1024.5953     22.818     3.4455      0.131  0.000e+00
    165.000 265.698889        661     22.722    13.0337   3.842608    32.5512  1024.5925     22.907     3.3347      0.262  0.000e+00
    165.250 265.698892        662     22.873    13.0322   3.842112    32.5477  1024.5908     23.060     3.4093      0.483  0.000e+00
    165.500 265.698895        663     23.078    13.0290   3.841911    32.5485  1024.5929     23.266     3.2750      0.717  0.000e+00
    165.750 265.698898        664     23.302    13.0254   3.841830    32.5507  1024.5964     23.492     3.2342      0.865  0.000e+00
    166.000 265.698900        665     23.531    13.0232   3.841763    32.5519  1024.5988     23.723     3.2589      0.915  0.000e+00
    166.250 265.698903        666     23.718    13.0216   3.841763    32.5532  1024.6010     23.911     3.2721      0.838  0.000e+00
    166.500 265.698906        667     23.854    13.0205   3.841777    32.5542  1024.6026     24.048     3.2684      0.651  0.000e+00
    166.750 265.698909        668     23.951    13.0201   3.841764    32.5544  1024.6032     24.146     3.3429      0.470  0.000e+00
    167.000 265.698912        669     24.010    13.0199   3.841690    32.5539  1024.6031     24.205     3.4608      0.314  0.000e+00
    167.250 265.698915        670     24.052    13.0196   3.841797    32.5551  1024.6043     24.248     3.4113      0.204  0.000e+00
    167.500 265.698918        671     24.101    13.0195   3.841777    32.5550  1024.6045     24.298     3.3767      0.185  0.000e+00
    167.750 265.698921        672     24.182    13.0197   3.841764    32.5547  1024.6046     24.379     3.2712      0.262  0.000e+00
    168.000 265.698924        673     24.315    13.0192   3.841616    32.5536  1024.6045     24.513     3.3108      0.432  0.000e+00
    168.250 265.698927        674     24.506    13.0183   3.841549    32.5537  1024.6056     24.706     3.2708      0.653  0.000e+00
    168.500 265.698929        675     24.732    13.0174   3.841576    32.5546  1024.6074     24.933     3.2671      0.840  0.000e+00
    168.750 265.698932        676     24.964    13.0168   3.841549    32.5548  1024.6087     25.167     3.1382      0.924  0.000e+00
    169.000 265.698935        677     25.167    13.0163   3.841583    32.5555  1024.6103     25.372     3.0986      0.878  0.000e+00
    169.250 265.698938        678     25.331    13.0159   3.841020    32.5504  1024.6072     25.538     3.2861      0.741  0.000e+00
    169.500 265.698941        679     25.472    13.0128   3.840879    32.5517  1024.6094     25.680     3.2103      0.614  0.000e+00
    169.750 265.698944        680     25.576    13.0081   3.840094    32.5483  1024.6082     25.785     3.0331      0.494  0.000e+00
    170.000 265.698947        681     25.667    13.0009   3.839142    32.5455  1024.6079     25.876     3.1687      0.393  0.000e+00
    170.250 265.698950        682     25.755    12.9884   3.838190    32.5471  1024.6120     25.965     3.0793      0.361  0.000e+00
    170.500 265.698953        683     25.849    12.9737   3.837654    32.5547  1024.6212     26.060     3.1476      0.367  0.000e+00
    170.750 265.698955        684     25.948    12.9602   3.837399    32.5638  1024.6313     26.160     3.0566      0.389  0.000e+00
    171.000 265.698958        685     26.058    12.9499   3.836984    32.5687  1024.6376     26.270     3.0290      0.421  0.000e+00
    171.250 265.698961        686     26.175    12.9413   3.836488    32.5714  1024.6419     26.388     2.9964      0.457  0.000e+00
    171.500 265.698964        687     26.300    12.9334   3.836635    32.5796  1024.6504     26.515     2.9206      0.490  0.000e+00
    171.750 265.698967        688     26.445    12.9288   3.836488    32.5820  1024.6538     26.661     2.7348      0.545  0.000e+00
    172.000 265.698970        689     26.619    12.9258   3.836314    32.5829  1024.6559     26.836     2.4740      0.642  0.000e+00
    172.250 265.698973        690     26.820    12.9235   3.836099    32.5828  1024.6571     27.039     2.2940      0.756  0.000e+00
    172.500 265.698976        691     27.037    12.9206   3.836099    32.5852  1024.6605     27.258     2.3113      0.844  0.000e+00
    172.750 265.698979        692     27.261    12.9181   3.835985    32.5862  1024.6629     27.484     2.2161      0.889  0.000e+00
    173.000 265.698981        693     27.456    12.9161   3.835999    32.5880  1024.6655     27.680     2.0456      0.844  0.000e+00
    173.250 265.698984        694     27.627    12.9149   3.835999    32.5889  1024.6672     27.853     1.9500      0.739  0.000e+00
    173.500 265.698987        695     27.765    12.9143   3.835959    32.5890  1024.6680     27.991     1.8972      0.623  0.000e+00
    173.750 265.698990        696     27.862    12.9135   3.835711    32.5873  1024.6673     28.089     2.1576      0.472  0.000e+00
    174.000 265.698993        697     27.927    12.9118   3.835684    32.5885  1024.6689     28.155     2.0674      0.326  0.000e+00
    174.250 265.698996        698     27.976    12.9102   3.835818    32.5911  1024.6714     28.204     1.9343      0.230  0.000e+00
    174.500 265.698999        699     28.024    12.9098   3.835818    32.5915  1024.6720     28.252     1.9166      0.195  0.000e+00
    174.750 265.699002        700     28.099    12.9100   3.835677    32.5899  1024.6711     28.329     1.8354      0.249  0.000e+00
    175.000 265.699005        701     28.227    12.9097   3.835550    32.5889  1024.6709     28.457     1.9207      0.410  0.000e+00
    175.250 265.699008        702     28.420    12.9089   3.835430    32.5884  1024.6715     28.652     2.0176      0.646  0.000e+00
    175.500 265.699010        703     28.666    12.9075   3.835363    32.5889  1024.6733     28.900     1.9492      0.885  0.000e+00
    175.750 265.699013        704     28.949    12.9056   3.835182    32.5886  1024.6748     29.186     2.0744      1.067  0.000e+00
    176.000 265.699016        705     29.225    12.9034   3.835215    32.5908  1024.6781     29.464     1.8804      1.128  0.000e+00
    176.250 265.699019        706     29.472    12.9014   3.835256    32.5927  1024.6812     29.713     1.8816      1.055  0.000e+00
    176.500 265.699022        707     29.665    12.9004   3.835363    32.5946  1024.6837     29.907     1.9294      0.887  0.000e+00
    176.750 265.699025        708     29.829    12.9003   3.835363    32.5946  1024.6845     30.072     1.8326      0.719  0.000e+00
    177.000 265.699028        709     29.949    12.9001   3.835323    32.5943  1024.6848     30.194     1.8663      0.573  0.000e+00
    177.250 265.699031        710     30.019    12.8998   3.835149    32.5929  1024.6841     30.264     1.8330      0.382  0.000e+00
    177.500 265.699034        711     30.061    12.8991   3.835363    32.5955  1024.6864     30.307     1.8865      0.225  0.000e+00
    177.750 265.699036        712     30.092    12.8991   3.835397    32.5959  1024.6868     30.338     1.8878      0.148  0.000e+00
    178.000 265.699039        713     30.135    12.8995   3.835289    32.5945  1024.6859     30.381     1.8293      0.148  0.000e+00
    178.250 265.699042        714     30.210    12.8997   3.835182    32.5932  1024.6852     30.457     1.7432      0.238  0.000e+00
    178.500 265.699045        715     30.329    12.8990   3.835008    32.5921  1024.6851     30.577     1.7881      0.393  0.000e+00
    178.750 265.699048        716     30.508    12.8976   3.835082    32.5940  1024.6876     30.758     1.7712      0.601  0.000e+00
    179.000 265.699051        717     30.730    12.8964   3.835082    32.5949  1024.6895     30.981     1.8120      0.808  0.000e+00
    179.250 265.699054        718     30.987    12.8957   3.835149    32.5961  1024.6917     31.240     1.7287      0.964  0.000e+00
    179.500 265.699057        719     31.233    12.8955   3.835042    32.5951  1024.6921     31.488     1.7292      1.014  0.000e+00
    179.750 265.699060        720     31.450    12.8940   3.834693    32.5930  1024.6918     31.707     1.7357      0.934  0.000e+00
    180.000 265.699063        721     31.632    12.8902   3.834620    32.5955  1024.6953     31.890     1.7275      0.805  0.000e+00
