Raw_Data/Cage/SBE19/2020-09-20_SBE19_004_012_processed.cnv
* Sea-Bird SBE19plus Data File:
* FileName = C:\cruises\2020_barkerboys\leg2\data\cage\SBE19\2020-09-25_SBE19_004_012.hex
* Software Version 1.59
* Temperature SN =  4881
* Conductivity SN =  4881
* System UpLoad Time = Sep 25 2020 12:24:10
* ds
* SeacatPlus V 1.5  SERIAL NO. 4881    25 Sep 2020  12:15:39
# nquan = 12
# nvalues = 3077                                  
# units = specified
# name 0 = timeS: Time, Elapsed [seconds]
# name 1 = timeJ: Julian Days
# name 2 = scan: Scan Count
# name 3 = depSM: Depth [salt water, m], lat = 44.00
# name 4 = tv290C: Temperature [ITS-90, deg C]
# name 5 = c0S/m: Conductivity [S/m]
# name 6 = sal00: Salinity, Practical [PSU]
# name 7 = density00: Density [density, kg/m^3]
# name 8 = prdM: Pressure, Strain Gauge [db]
# name 9 = wetStar: Fluorescence, WET Labs WETstar [mg/m^3]
# name 10 = dz/dtM: Descent Rate [m/s]
# name 11 = flag:  0.000e+00
# span 0 =      0.000,    769.000                 
# span 1 = 264.544583, 264.553484                 
# span 2 =          1,       3077                 
# span 3 =      0.121,    109.271                 
# span 4 =     8.6303,    13.0623                 
# span 5 =   0.044646,   3.819556                 
# span 6 =     0.3137,    34.8576                 
# span 7 =  1000.0314,  1026.8517                 
# span 8 =      0.122,    110.184                 
# span 9 =     0.1471,     5.9253                 
# span 10 =     -1.534,      1.304                
# span 11 = 0.0000e+00, 0.0000e+00                
# interval = seconds: 0.25
# start_time = Sep 20 2020 13:04:12 [Instrument's time stamp, header]
# bad_flag = -9.990e-29
*END*
[from data line 1444]
    361.000 264.548762       1445     16.030    12.8702   3.807906    32.3662  1024.4511     16.160     1.8808      0.792  0.000e+00
    361.250 264.548764       1446     16.295    12.8696   3.807633    32.3640  1024.4507     16.427     2.2429      0.998  0.000e+00
    361.500 264.548767       1447     16.564    12.8677   3.807526    32.3645  1024.4526     16.699     2.3051      1.078  0.000e+00
    361.750 264.548770       1448     16.813    12.8656   3.807633    32.3672  1024.4563     16.950     1.8952      1.046  0.000e+00
    362.000 264.548773       1449     17.014    12.8644   3.807432    32.3663  1024.4567     17.152     1.7905      0.906  0.000e+00
    362.250 264.548776       1450     17.157    12.8630   3.807386    32.3670  1024.4582     17.297     1.7671      0.694  0.000e+00
    362.500 264.548779       1451     17.226    12.8615   3.807352    32.3679  1024.4595     17.366     2.2590      0.427  0.000e+00
    362.750 264.548782       1452     17.220    12.8607   3.807419    32.3693  1024.4607     17.360     2.0905      0.127  0.000e+00
    363.000 264.548785       1453     17.185    12.8603   3.807419    32.3696  1024.4609     17.325     1.9455     -0.082  0.000e+00
    363.250 264.548788       1454     17.141    12.8603   3.807466    32.3700  1024.4610     17.281     1.9792     -0.159  0.000e+00
    363.500 264.548791       1455     17.136    12.8607   3.807559    32.3706  1024.4613     17.276     2.1947     -0.099  0.000e+00
    363.750 264.548793       1456     17.215    12.8613   3.807700    32.3714  1024.4622     17.355     1.9541      0.148  0.000e+00
    364.000 264.548796       1457     17.394    12.8620   3.807700    32.3707  1024.4623     17.535     1.9508      0.520  0.000e+00
    364.250 264.548799       1458     17.665    12.8629   3.807560    32.3685  1024.4617     17.809     2.0419      0.908  0.000e+00
    364.500 264.548802       1459     17.967    12.8631   3.807353    32.3662  1024.4613     18.113     3.0368      1.155  0.000e+00
    364.750 264.548805       1460     18.263    12.8616   3.807232    32.3663  1024.4629     18.411     2.1374      1.205  0.000e+00
    365.000 264.548808       1461     18.531    12.8593   3.807246    32.3682  1024.4661     18.682     1.6929      1.138  0.000e+00
    365.250 264.548811       1462     18.745    12.8575   3.807246    32.3697  1024.4686     18.898     1.8614      0.973  0.000e+00
    365.500 264.548814       1463     18.882    12.8563   3.807106    32.3694  1024.4692     19.035     1.9199      0.706  0.000e+00
    365.750 264.548817       1464     18.930    12.8551   3.807172    32.3710  1024.4709     19.084     1.7007      0.371  0.000e+00
    366.000 264.548819       1465     18.906    12.8542   3.807139    32.3714  1024.4713     19.060     2.4077      0.049  0.000e+00
    366.250 264.548822       1466     18.859    12.8541   3.807199    32.3721  1024.4716     19.013     1.9059     -0.142  0.000e+00
    366.500 264.548825       1467     18.826    12.8543   3.807279    32.3727  1024.4719     18.979     1.8874     -0.161  0.000e+00
    366.750 264.548828       1468     18.832    12.8548   3.807313    32.3726  1024.4717     18.985     1.7312     -0.056  0.000e+00
    367.000 264.548831       1469     18.913    12.8556   3.807353    32.3723  1024.4717     19.066     1.7889      0.174  0.000e+00
    367.250 264.548834       1470     19.071    12.8566   3.807213    32.3700  1024.4705     19.226     2.5400      0.483  0.000e+00
    367.500 264.548837       1471     19.310    12.8568   3.807313    32.3707  1024.4721     19.467     1.9051      0.801  0.000e+00
    367.750 264.548840       1472     19.590    12.8565   3.807099    32.3689  1024.4719     19.749     1.7151      1.046  0.000e+00
    368.000 264.548843       1473     19.867    12.8550   3.807073    32.3697  1024.4742     20.028     1.9500      1.123  0.000e+00
    368.250 264.548845       1474     20.142    12.8536   3.807033    32.3705  1024.4763     20.305     1.7222      1.112  0.000e+00
    368.500 264.548848       1475     20.393    12.8526   3.806892    32.3699  1024.4771     20.559     2.0831      1.061  0.000e+00
    368.750 264.548851       1476     20.600    12.8509   3.806685    32.3693  1024.4780     20.768     1.9133      0.926  0.000e+00
    369.000 264.548854       1477     20.735    12.8478   3.806619    32.3713  1024.4807     20.904     2.9037      0.689  0.000e+00
    369.250 264.548857       1478     20.776    12.8447   3.806578    32.3736  1024.4833     20.945     2.1770      0.354  0.000e+00
    369.500 264.548860       1479     20.745    12.8427   3.806665    32.3760  1024.4854     20.914     1.7345      0.021  0.000e+00
    369.750 264.548863       1480     20.681    12.8428   3.806826    32.3775  1024.4862     20.850     1.6739     -0.191  0.000e+00
    370.000 264.548866       1481     20.635    12.8439   3.806893    32.3773  1024.4856     20.803     1.9751     -0.223  0.000e+00
    370.250 264.548869       1482     20.640    12.8453   3.806933    32.3764  1024.4847     20.808     1.9846     -0.084  0.000e+00
    370.500 264.548872       1483     20.746    12.8467   3.807033    32.3761  1024.4847     20.915     1.7415      0.225  0.000e+00
    370.750 264.548874       1484     20.946    12.8478   3.806859    32.3735  1024.4833     21.116     2.1926      0.616  0.000e+00
    371.000 264.548877       1485     21.231    12.8483   3.806966    32.3739  1024.4849     21.404     2.0040      0.977  0.000e+00
    371.250 264.548880       1486     21.544    12.8487   3.806719    32.3712  1024.4841     21.720     1.6900      1.207  0.000e+00
    371.500 264.548883       1487     21.841    12.8471   3.806652    32.3718  1024.4862     22.019     1.8416      1.230  0.000e+00
    371.750 264.548886       1488     22.105    12.8441   3.806405    32.3718  1024.4880     22.285     1.7217      1.132  0.000e+00
    372.000 264.548889       1489     22.312    12.8407   3.806338    32.3740  1024.4913     22.494     2.2021      0.949  0.000e+00
    372.250 264.548892       1490     22.425    12.8374   3.806265    32.3761  1024.4941     22.607     1.9150      0.644  0.000e+00
    372.500 264.548895       1491     22.435    12.8349   3.806131    32.3770  1024.4954     22.618     1.8734      0.249  0.000e+00
    372.750 264.548898       1492     22.392    12.8335   3.806439    32.3811  1024.4986     22.574     1.9080     -0.067  0.000e+00
    373.000 264.548900       1493     22.345    12.8339   3.806479    32.3812  1024.4984     22.527     2.0064     -0.182  0.000e+00
    373.250 264.548903       1494     22.340    12.8349   3.806439    32.3800  1024.4972     22.522     2.6961     -0.105  0.000e+00
    373.500 264.548906       1495     22.404    12.8362   3.806579    32.3802  1024.4974     22.586     1.7617      0.118  0.000e+00
    373.750 264.548909       1496     22.555    12.8374   3.806579    32.3791  1024.4970     22.739     1.9298      0.434  0.000e+00
    374.000 264.548912       1497     22.792    12.8381   3.806466    32.3773  1024.4965     22.978     1.8186      0.784  0.000e+00
    374.250 264.548915       1498     23.062    12.8375   3.806198    32.3752  1024.4962     23.250     1.6089      1.022  0.000e+00
    374.500 264.548918       1499     23.335    12.8357   3.806232    32.3769  1024.4992     23.526     1.7382      1.095  0.000e+00
    374.750 264.548921       1500     23.595    12.8338   3.806199    32.3782  1024.5017     23.788     1.7634      1.076  0.000e+00
    375.000 264.548924       1501     23.831    12.8326   3.806199    32.3790  1024.5036     24.025     1.7213      0.999  0.000e+00
    375.250 264.548927       1502     24.023    12.8319   3.806018    32.3778  1024.5037     24.219     2.0740      0.863  0.000e+00
    375.500 264.548929       1503     24.157    12.8310   3.806032    32.3787  1024.5052     24.353     2.0023      0.657  0.000e+00
    375.750 264.548932       1504     24.232    12.8300   3.806092    32.3801  1024.5068     24.430     2.9520      0.421  0.000e+00
    376.000 264.548935       1505     24.272    12.8298   3.806125    32.3806  1024.5074     24.469     2.2796      0.232  0.000e+00
    376.250 264.548938       1506     24.310    12.8298   3.806125    32.3805  1024.5075     24.508     1.9582      0.157  0.000e+00
    376.500 264.548941       1507     24.377    12.8296   3.806159    32.3810  1024.5082     24.576     1.8029      0.213  0.000e+00
    376.750 264.548944       1508     24.495    12.8300   3.806159    32.3806  1024.5084     24.695     1.6575      0.374  0.000e+00
    377.000 264.548947       1509     24.662    12.8302   3.806199    32.3808  1024.5093     24.863     2.0126      0.576  0.000e+00
    377.250 264.548950       1510     24.868    12.8304   3.805531    32.3742  1024.5050     25.071     2.1894      0.752  0.000e+00
    377.500 264.548953       1511     25.097    12.8283   3.804936    32.3703  1024.5035     25.302     2.0101      0.876  0.000e+00
    377.750 264.548955       1512     25.333    12.8228   3.804903    32.3746  1024.5089     25.540     2.0921      0.938  0.000e+00
    378.000 264.548958       1513     25.562    12.8182   3.804796    32.3774  1024.5130     25.771     2.0505      0.938  0.000e+00
    378.250 264.548961       1514     25.772    12.8150   3.804763    32.3797  1024.5164     25.982     1.7584      0.885  0.000e+00
    378.500 264.548964       1515     25.950    12.8130   3.804696    32.3808  1024.5184     26.162     1.5545      0.782  0.000e+00
    378.750 264.548967       1516     26.093    12.8115   3.804623    32.3813  1024.5198     26.306     1.6999      0.646  0.000e+00
    379.000 264.548970       1517     26.195    12.8106   3.804690    32.3826  1024.5214     26.409     2.8094      0.494  0.000e+00
    379.250 264.548973       1518     26.271    12.8102   3.804690    32.3829  1024.5221     26.485     2.7175      0.359  0.000e+00
    379.500 264.548976       1519     26.353    12.8100   3.804656    32.3828  1024.5223     26.568     2.1098      0.318  0.000e+00
    379.750 264.548979       1520     26.468    12.8100   3.804690    32.3830  1024.5231     26.683     1.6262      0.397  0.000e+00
    380.000 264.548981       1521     26.611    12.8099   3.804730    32.3835  1024.5241     26.828     1.7769      0.522  0.000e+00
    380.250 264.548984       1522     26.796    12.8102   3.804870    32.3845  1024.5257     27.014     2.3397      0.661  0.000e+00
    380.500 264.548987       1523     27.013    12.8103   3.804269    32.3786  1024.5221     27.233     1.7625      0.810  0.000e+00
    380.750 264.548990       1524     27.224    12.8087   3.804169    32.3789  1024.5236     27.446     1.8346      0.863  0.000e+00
    381.000 264.548993       1525     27.434    12.8060   3.804029    32.3798  1024.5257     27.657     1.9529      0.848  0.000e+00
    381.250 264.548996       1526     27.626    12.8039   3.803888    32.3802  1024.5274     27.852     2.3179      0.812  0.000e+00
    381.500 264.548999       1527     27.797    12.8021   3.803802    32.3809  1024.5290     28.024     1.6962      0.732  0.000e+00
    381.750 264.549002       1528     27.943    12.8007   3.803889    32.3828  1024.5314     28.171     1.8252      0.638  0.000e+00
    382.000 264.549005       1529     28.056    12.8001   3.803889    32.3833  1024.5324     28.284     1.5631      0.522  0.000e+00
    382.250 264.549008       1530     28.158    12.7997   3.803922    32.3839  1024.5334     28.388     1.7634      0.434  0.000e+00
    382.500 264.549010       1531     28.265    12.7997   3.804062    32.3852  1024.5349     28.496     1.7687      0.423  0.000e+00
    382.750 264.549013       1532     28.392    12.8001   3.803956    32.3838  1024.5343     28.624     1.8099      0.472  0.000e+00
    383.000 264.549016       1533     28.554    12.8005   3.804029    32.3841  1024.5352     28.787     1.9080      0.582  0.000e+00
    383.250 264.549019       1534     28.755    12.8009   3.804136    32.3847  1024.5365     28.990     1.7415      0.732  0.000e+00
    383.500 264.549022       1535     28.986    12.8009   3.803715    32.3806  1024.5343     29.223     1.8845      0.872  0.000e+00
    383.750 264.549025       1536     29.206    12.7996   3.803575    32.3803  1024.5354     29.444     1.9405      0.908  0.000e+00
    384.000 264.549028       1537     29.408    12.7973   3.803261    32.3792  1024.5359     29.648     1.9702      0.850  0.000e+00
    384.250 264.549031       1538     29.596    12.7951   3.802981    32.3784  1024.5365     29.837     1.7798      0.786  0.000e+00
    384.500 264.549034       1539     29.761    12.7922   3.802981    32.3808  1024.5397     30.004     1.8004      0.711  0.000e+00
    384.750 264.549036       1540     29.898    12.7899   3.803068    32.3836  1024.5429     30.142     1.8111      0.610  0.000e+00
    385.000 264.549039       1541     30.016    12.7889   3.802981    32.3835  1024.5436     30.261     1.9825      0.515  0.000e+00
    385.250 264.549042       1542     30.136    12.7887   3.803155    32.3852  1024.5455     30.382     1.5928      0.479  0.000e+00
    385.500 264.549045       1543     30.268    12.7891   3.803081    32.3842  1024.5453     30.515     1.9389      0.507  0.000e+00
    385.750 264.549048       1544     30.420    12.7892   3.803188    32.3851  1024.5466     30.668     1.9487      0.573  0.000e+00
    386.000 264.549051       1545     30.587    12.7892   3.803048    32.3837  1024.5463     30.837     1.7601      0.644  0.000e+00
    386.250 264.549054       1546     30.766    12.7891   3.802968    32.3829  1024.5465     31.017     1.8845      0.698  0.000e+00
    386.500 264.549057       1547     30.946    12.7883   3.802841    32.3823  1024.5470     31.199     1.7234      0.724  0.000e+00
    386.750 264.549060       1548     31.137    12.7870   3.802734    32.3823  1024.5481     31.391     1.6097      0.747  0.000e+00
    387.000 264.549062       1549     31.323    12.7861   3.802875    32.3844  1024.5508     31.579     1.9759      0.760  0.000e+00
    387.250 264.549065       1550     31.505    12.7857   3.803015    32.3860  1024.5529     31.763     1.6657      0.743  0.000e+00
    387.500 264.549068       1551     31.673    12.7857   3.803122    32.3869  1024.5544     31.932     1.6962      0.707  0.000e+00
    387.750 264.549071       1552     31.832    12.7861   3.803122    32.3865  1024.5547     32.092     1.7320      0.659  0.000e+00
    388.000 264.549074       1553     31.988    12.7865   3.803169    32.3866  1024.5554     32.249     1.6381      0.634  0.000e+00
    388.250 264.549077       1554     32.145    12.7868   3.803122    32.3857  1024.5554     32.408     1.6451      0.631  0.000e+00
    388.500 264.549080       1555     32.333    12.7873   3.803122    32.3853  1024.5558     32.597     1.6608      0.696  0.000e+00
    388.750 264.549083       1556     32.525    12.7872   3.803049    32.3846  1024.5561     32.791     1.6365      0.767  0.000e+00
    389.000 264.549086       1557     32.717    12.7868   3.803049    32.3849  1024.5573     32.985     1.9574      0.775  0.000e+00
    389.250 264.549089       1558     32.900    12.7858   3.803082    32.3860  1024.5592     33.169     1.7250      0.756  0.000e+00
    389.500 264.549091       1559     33.061    12.7853   3.803069    32.3862  1024.5602     33.331     1.9067      0.694  0.000e+00
    389.750 264.549094       1560     33.189    12.7849   3.803082    32.3866  1024.5611     33.460     2.0493      0.582  0.000e+00
    390.000 264.549097       1561     33.299    12.7849   3.803189    32.3875  1024.5624     33.571     1.6410      0.479  0.000e+00
    390.250 264.549100       1562     33.403    12.7850   3.803082    32.3864  1024.5620     33.676     1.5775      0.432  0.000e+00
    390.500 264.549103       1563     33.513    12.7853   3.803082    32.3861  1024.5621     33.787     1.7683      0.432  0.000e+00
