Raw_Data/Cage/SBE19/2020-09-25_SBE19_007_034_processed.cnv
* Sea-Bird SBE19plus Data File:
* FileName = C:\cruises\2020_barkerboys\leg2\data\cage\SBE19\2020-09-25_SBE19_004_034.hex
* Software Version 1.59
* Temperature SN =  4881
* Conductivity SN =  4881
* System UpLoad Time = Sep 25 2020 21:21:35
* ds
* SeacatPlus V 1.5  SERIAL NO. 4881    25 Sep 2020  21:17:28
# nquan = 12
# nvalues = 2929                                  
# units = specified
# name 0 = timeS: Time, Elapsed [seconds]
# name 1 = timeJ: Julian Days
# name 2 = scan: Scan Count
# name 3 = depSM: Depth [salt water, m], lat = 44.00
# name 4 = tv290C: Temperature [ITS-90, deg C]
# name 5 = c0S/m: Conductivity [S/m]
# name 6 = sal00: Salinity, Practical [PSU]
# name 7 = density00: Density [density, kg/m^3]
# name 8 = prdM: Pressure, Strain Gauge [db]
# name 9 = wetStar: Fluorescence, WET Labs WETstar [mg/m^3]
# name 10 = dz/dtM: Descent Rate [m/s]
# name 11 = flag:  0.000e+00
# span 0 =      0.000,    732.000                 
# span 1 = 269.760556, 269.769028                 
# span 2 =          1,       2929                 
# span 3 =     -0.012,    170.422                 
# span 4 =     9.7234,    13.7985                 
# span 5 =  -0.066228,   3.899691                 
# span 6 =     0.0000,    33.5993                 
# span 7 =   999.2737,  1026.6829                 
# span 8 =     -0.012,    171.873                 
# span 9 =     0.1347,     5.0078                 
# span 10 =     -1.286,      1.125                
# span 11 = 0.0000e+00, 0.0000e+00                
# interval = seconds: 0.25
# start_time = Sep 25 2020 18:15:12 [Instrument's time stamp, header]
# bad_flag = -9.990e-29
*END*
[from data line 722]
    180.500 269.762645        723      1.519    12.9270   3.840086    32.6278  1024.5769      1.532     2.3735      0.183  0.000e+00
    180.750 269.762648        724      1.533    12.8909   3.840160    32.6596  1024.6086      1.545     2.3393      0.105  0.000e+00
    181.000 269.762650        725      1.528    12.8683   3.840161    32.6792  1024.6282      1.540     2.2017      0.017  0.000e+00
    181.250 269.762653        726      1.507    12.8569   3.840389    32.6913  1024.6397      1.520     2.0262     -0.052  0.000e+00
    181.500 269.762656        727      1.499    12.8519   3.840939    32.7008  1024.6479      1.511     1.8911     -0.058  0.000e+00
    181.750 269.762659        728      1.523    12.8513   3.841080    32.7026  1024.6496      1.536     1.8054      0.032  0.000e+00
    182.000 269.762662        729      1.583    12.8511   3.838960    32.6826  1024.6344      1.596     1.7160      0.170  0.000e+00
    182.250 269.762665        730      1.667    12.8466   3.841838    32.7138  1024.6598      1.681     1.7823      0.290  0.000e+00
    182.500 269.762668        731      1.769    12.8495   3.852214    32.8097  1024.7340      1.784     1.8363      0.376  0.000e+00
    182.750 269.762671        732      1.898    12.8917   3.858152    32.8294  1024.7416      1.914     1.8573      0.466  0.000e+00
    183.000 269.762674        733      2.037    12.9598   3.844091    32.6372  1024.5801      2.053     1.8688      0.539  0.000e+00
    183.250 269.762677        734      2.166    12.9454   3.842414    32.6337  1024.5808      2.183     1.8804      0.539  0.000e+00
    183.500 269.762679        735      2.267    12.9135   3.841824    32.6556  1024.6045      2.285     1.9170      0.464  0.000e+00
    183.750 269.762682        736      2.343    12.8899   3.840724    32.6655  1024.6170      2.362     1.8952      0.359  0.000e+00
    184.000 269.762685        737      2.399    12.8723   3.839913    32.6730  1024.6265      2.418     1.9010      0.266  0.000e+00
    184.250 269.762688        738      2.448    12.8580   3.839108    32.6778  1024.6333      2.468     1.8960      0.210  0.000e+00
    184.500 269.762691        739      2.500    12.8465   3.838532    32.6822  1024.6392      2.520     1.6793      0.204  0.000e+00
    184.750 269.762694        740      2.582    12.8375   3.838324    32.6880  1024.6458      2.603     1.6286      0.271  0.000e+00
    185.000 269.762697        741      2.694    12.8307   3.837794    32.6888  1024.6483      2.716     1.6665      0.391  0.000e+00
    185.250 269.762700        742      2.830    12.8252   3.837124    32.6872  1024.6487      2.853     1.7279      0.500  0.000e+00
    185.500 269.762703        743      2.988    12.8188   3.836628    32.6880  1024.6512      3.012     1.7938      0.593  0.000e+00
    185.750 269.762705        744      3.139    12.8124   3.836273    32.6900  1024.6548      3.164     1.8363      0.623  0.000e+00
    186.000 269.762708        745      3.270    12.8069   3.835810    32.6904  1024.6567      3.296     1.8845      0.569  0.000e+00
    186.250 269.762711        746      3.366    12.8015   3.835039    32.6877  1024.6561      3.393     1.8985      0.457  0.000e+00
    186.500 269.762714        747      3.436    12.7953   3.834718    32.6900  1024.6594      3.464     2.0349      0.335  0.000e+00
    186.750 269.762717        748      3.487    12.7897   3.834577    32.6934  1024.6634      3.515     2.0311      0.245  0.000e+00
    187.000 269.762720        749      3.539    12.7857   3.834329    32.6945  1024.6652      3.568     2.0950      0.208  0.000e+00
    187.250 269.762723        750      3.612    12.7827   3.834115    32.6951  1024.6666      3.641     2.0670      0.251  0.000e+00
    187.500 269.762726        751      3.722    12.7797   3.833760    32.6942  1024.6670      3.752     2.1238      0.367  0.000e+00
    187.750 269.762729        752      3.881    12.7765   3.833337    32.6929  1024.6674      3.913     2.1815      0.543  0.000e+00
    188.000 269.762731        753      4.075    12.7730   3.833056    32.6932  1024.6691      4.108     2.2512      0.713  0.000e+00
    188.250 269.762734        754      4.283    12.7691   3.832386    32.6902  1024.6685      4.317     2.3228      0.810  0.000e+00
    188.500 269.762737        755      4.478    12.7638   3.831100    32.6824  1024.6644      4.514     2.3673      0.812  0.000e+00
    188.750 269.762740        756      4.633    12.7552   3.829740    32.6769  1024.6625      4.671     2.3916      0.706  0.000e+00
    189.000 269.762743        757      4.743    12.7423   3.828996    32.6810  1024.6686      4.781     2.4102      0.535  0.000e+00
    189.250 269.762746        758      4.812    12.7291   3.828896    32.6914  1024.6796      4.851     2.4810      0.361  0.000e+00
    189.500 269.762749        759      4.848    12.7206   3.829070    32.7005  1024.6884      4.888     2.5334      0.213  0.000e+00
    189.750 269.762752        760      4.870    12.7165   3.828950    32.7028  1024.6911      4.909     2.5647      0.116  0.000e+00
    190.000 269.762755        761      4.903    12.7144   3.828963    32.7048  1024.6932      4.942     2.6088      0.110  0.000e+00
    190.250 269.762758        762      4.971    12.7133   3.828963    32.7057  1024.6944      5.011     2.7163      0.204  0.000e+00
    190.500 269.762760        763      5.071    12.7130   3.828963    32.7059  1024.6951      5.112     2.8712      0.339  0.000e+00
    190.750 269.762763        764      5.209    12.7129   3.829017    32.7065  1024.6962      5.251     2.9791      0.481  0.000e+00
    191.000 269.762766        765      5.370    12.7131   3.828963    32.7057  1024.6963      5.414     3.1151      0.603  0.000e+00
    191.250 269.762769        766      5.540    12.7129   3.828119    32.6978  1024.6910      5.585     3.1435      0.668  0.000e+00
    191.500 269.762772        767      5.707    12.7087   3.827128    32.6919  1024.6880      5.753     3.3252      0.679  0.000e+00
    191.750 269.762775        768      5.861    12.6999   3.825862    32.6874  1024.6869      5.909     3.2111      0.646  0.000e+00
    192.000 269.762778        769      5.994    12.6880   3.825193    32.6914  1024.6929      6.043     3.3384      0.580  0.000e+00
    192.250 269.762781        770      6.111    12.6768   3.824912    32.6984  1024.7010      6.161     3.2342      0.505  0.000e+00
    192.500 269.762784        771      6.211    12.6687   3.824805    32.7043  1024.7077      6.262     3.2840      0.438  0.000e+00
    192.750 269.762786        772      6.302    12.6636   3.824805    32.7087  1024.7124      6.353     3.3854      0.384  0.000e+00
    193.000 269.762789        773      6.398    12.6605   3.824664    32.7100  1024.7145      6.450     3.3137      0.376  0.000e+00
    193.250 269.762792        774      6.505    12.6586   3.824658    32.7116  1024.7166      6.558     3.3981      0.410  0.000e+00
    193.500 269.762795        775      6.622    12.6572   3.824598    32.7122  1024.7178      6.676     3.4056      0.453  0.000e+00
    193.750 269.762798        776      6.747    12.6563   3.824598    32.7129  1024.7191      6.802     3.5456      0.487  0.000e+00
    194.000 269.762801        777      6.882    12.6556   3.824598    32.7135  1024.7203      6.938     5.0078      0.524  0.000e+00
    194.250 269.762804        778      7.012    12.6553   3.824558    32.7133  1024.7208      7.069     3.8476      0.535  0.000e+00
    194.500 269.762807        779      7.132    12.6548   3.824457    32.7127  1024.7209      7.189     3.6519      0.502  0.000e+00
    194.750 269.762810        780      7.240    12.6542   3.824317    32.7118  1024.7209      7.299     3.6663      0.460  0.000e+00
    195.000 269.762813        781      7.348    12.6535   3.824035    32.7097  1024.7199      7.407     3.9032      0.436  0.000e+00
    195.250 269.762815        782      7.465    12.6511   3.823888    32.7103  1024.7214      7.525     3.8147      0.453  0.000e+00
    195.500 269.762818        783      7.598    12.6490   3.823681    32.7101  1024.7222      7.660     3.7479      0.505  0.000e+00
    195.750 269.762821        784      7.747    12.6471   3.823319    32.7083  1024.7218      7.810     3.7319      0.569  0.000e+00
    196.000 269.762824        785      7.908    12.6441   3.823226    32.7099  1024.7244      7.972     3.7558      0.625  0.000e+00
    196.250 269.762827        786      8.064    12.6411   3.823119    32.7114  1024.7268      8.130     3.8641      0.640  0.000e+00
    196.500 269.762830        787      8.196    12.6389   3.822764    32.7099  1024.7267      8.263     3.7854      0.582  0.000e+00
    196.750 269.762833        788      8.304    12.6359   3.821539    32.7009  1024.7208      8.371     3.8002      0.483  0.000e+00
    197.000 269.762836        789      8.381    12.6281   3.821044    32.7028  1024.7241      8.449     3.7698      0.371  0.000e+00
    197.250 269.762839        790      8.432    12.6196   3.820622    32.7062  1024.7286      8.500     3.7665      0.258  0.000e+00
    197.500 269.762841        791      8.474    12.6127   3.820582    32.7118  1024.7344      8.543     3.7949      0.189  0.000e+00
    197.750 269.762844        792      8.523    12.6080   3.820549    32.7155  1024.7385      8.593     3.7467      0.185  0.000e+00
    198.000 269.762847        793      8.595    12.6051   3.820408    32.7167  1024.7403      8.664     3.6758      0.243  0.000e+00
    198.250 269.762850        794      8.698    12.6034   3.820736    32.7212  1024.7446      8.769     3.7932      0.352  0.000e+00
    198.500 269.762853        795      8.842    12.6039   3.820515    32.7187  1024.7432      8.914     3.7693      0.498  0.000e+00
    198.750 269.762856        796      9.016    12.6034   3.819739    32.7116  1024.7386      9.090     3.6087      0.642  0.000e+00
    199.000 269.762859        797      9.215    12.5998   3.819318    32.7107  1024.7394      9.289     3.6116      0.752  0.000e+00
    199.250 269.762862        798      9.417    12.5946   3.819144    32.7134  1024.7435      9.493     3.6907      0.807  0.000e+00
    199.500 269.762865        799      9.612    12.5903   3.817759    32.7038  1024.7378      9.690     3.6960      0.801  0.000e+00
    199.750 269.762867        800      9.795    12.5821   3.816789    32.7017  1024.7385      9.874     3.7240      0.762  0.000e+00
    200.000 269.762870        801      9.959    12.5701   3.815912    32.7037  1024.7431     10.040     3.6738      0.700  0.000e+00
    200.250 269.762873        802     10.102    12.5580   3.815525    32.7104  1024.7513     10.184     3.9090      0.618  0.000e+00
    200.500 269.762876        803     10.221    12.5488   3.815351    32.7167  1024.7585     10.304     3.7706      0.528  0.000e+00
    200.750 269.762879        804     10.320    12.5421   3.814849    32.7177  1024.7610     10.404     3.8138      0.440  0.000e+00
    201.000 269.762882        805     10.408    12.5361   3.814609    32.7206  1024.7648     10.493     3.7364      0.378  0.000e+00
    201.250 269.762885        806     10.493    12.5317   3.814823    32.7265  1024.7706     10.578     3.5926      0.348  0.000e+00
    201.500 269.762888        807     10.573    12.5293   3.814789    32.7281  1024.7727     10.659     3.6622      0.333  0.000e+00
    201.750 269.762891        808     10.664    12.5284   3.814823    32.7292  1024.7741     10.751     3.6453      0.346  0.000e+00
    202.000 269.762894        809     10.765    12.5282   3.814716    32.7283  1024.7739     10.853     3.5156      0.387  0.000e+00
    202.250 269.762896        810     10.873    12.5278   3.814401    32.7257  1024.7724     10.961     3.4987      0.421  0.000e+00
    202.500 269.762899        811     10.988    12.5261   3.814154    32.7247  1024.7726     11.077     3.5345      0.449  0.000e+00
    202.750 269.762902        812     11.118    12.5238   3.814228    32.7274  1024.7756     11.208     3.4262      0.494  0.000e+00
    203.000 269.762905        813     11.259    12.5226   3.814121    32.7273  1024.7764     11.351     3.5003      0.548  0.000e+00
    203.250 269.762908        814     11.417    12.5214   3.814188    32.7289  1024.7787     11.510     3.3668      0.603  0.000e+00
    203.500 269.762911        815     11.579    12.5203   3.813646    32.7247  1024.7763     11.673     3.4270      0.644  0.000e+00
    203.750 269.762914        816     11.743    12.5178   3.813526    32.7257  1024.7783     11.838     3.4702      0.657  0.000e+00
    204.000 269.762917        817     11.903    12.5147   3.813452    32.7275  1024.7811     11.999     3.4183      0.653  0.000e+00
    204.250 269.762920        818     12.051    12.5122   3.813171    32.7270  1024.7818     12.148     3.5769      0.621  0.000e+00
    204.500 269.762922        819     12.187    12.5091   3.812924    32.7272  1024.7832     12.286     3.5477      0.573  0.000e+00
    204.750 269.762925        820     12.312    12.5067   3.813011    32.7301  1024.7864     12.412     3.5003      0.526  0.000e+00
    205.000 269.762928        821     12.421    12.5050   3.812824    32.7298  1024.7870     12.522     3.4739      0.472  0.000e+00
    205.250 269.762931        822     12.530    12.5028   3.812543    32.7289  1024.7873     12.632     3.4954      0.440  0.000e+00
    205.500 269.762934        823     12.642    12.5004   3.812503    32.7307  1024.7896     12.744     3.4443      0.445  0.000e+00
    205.750 269.762937        824     12.763    12.4986   3.812470    32.7318  1024.7914     12.867     3.4517      0.470  0.000e+00
    206.000 269.762940        825     12.892    12.4972   3.812296    32.7313  1024.7918     12.997     3.4669      0.505  0.000e+00
    206.250 269.762943        826     13.033    12.4954   3.811875    32.7288  1024.7909     13.138     3.4748      0.543  0.000e+00
    206.500 269.762946        827     13.175    12.4928   3.812089    32.7330  1024.7953     13.282     3.3792      0.571  0.000e+00
    206.750 269.762948        828     13.318    12.4913   3.811908    32.7326  1024.7959     13.426     3.4299      0.575  0.000e+00
    207.000 269.762951        829     13.462    12.4899   3.811627    32.7310  1024.7956     13.571     3.4080      0.578  0.000e+00
    207.250 269.762954        830     13.602    12.4873   3.810825    32.7256  1024.7925     13.713     3.4295      0.573  0.000e+00
    207.500 269.762957        831     13.746    12.4819   3.810645    32.7285  1024.7964     13.858     3.4900      0.573  0.000e+00
    207.750 269.762960        832     13.888    12.4768   3.810070    32.7274  1024.7972     14.001     3.4348      0.576  0.000e+00
    208.000 269.762963        833     14.042    12.4711   3.809455    32.7264  1024.7983     14.156     3.3948      0.597  0.000e+00
    208.250 269.762966        834     14.210    12.4639   3.807423    32.7132  1024.7901     14.326     3.3668      0.651  0.000e+00
    208.500 269.762969        835     14.390    12.4490   3.804870    32.7016  1024.7848     14.507     3.3557      0.702  0.000e+00
    208.750 269.762972        836     14.583    12.4253   3.803608    32.7102  1024.7969     14.702     3.3565      0.752  0.000e+00
    209.000 269.762975        837     14.777    12.4025   3.803154    32.7256  1024.8141     14.897     3.4035      0.780  0.000e+00
    209.250 269.762977        838     14.969    12.3858   3.801370    32.7230  1024.8161     15.090     3.4439      0.777  0.000e+00
    209.500 269.762980        839     15.141    12.3682   3.799554    32.7209  1024.8186     15.264     3.4616      0.734  0.000e+00
    209.750 269.762983        840     15.291    12.3469   3.799027    32.7343  1024.8338     15.416     3.6013      0.651  0.000e+00
    210.000 269.762986        841     15.413    12.3306   3.798787    32.7462  1024.8467     15.538     3.3874      0.548  0.000e+00
    210.250 269.762989        842     15.494    12.3197   3.797839    32.7466  1024.8494     15.620     3.2292      0.408  0.000e+00
