Raw_Data/Cage/SBE19/2020-09-20_SBE19_004_013_processed.cnv
* Sea-Bird SBE19plus Data File:
* FileName = C:\cruises\2020_barkerboys\leg2\data\cage\SBE19\2020-09-25_SBE19_004_013.hex
* Software Version 1.59
* Temperature SN =  4881
* Conductivity SN =  4881
* System UpLoad Time = Sep 25 2020 12:25:15
* ds
* SeacatPlus V 1.5  SERIAL NO. 4881    25 Sep 2020  12:15:39
# nquan = 12
# nvalues = 3757                                  
# units = specified
# name 0 = timeS: Time, Elapsed [seconds]
# name 1 = timeJ: Julian Days
# name 2 = scan: Scan Count
# name 3 = depSM: Depth [salt water, m], lat = 44.00
# name 4 = tv290C: Temperature [ITS-90, deg C]
# name 5 = c0S/m: Conductivity [S/m]
# name 6 = sal00: Salinity, Practical [PSU]
# name 7 = density00: Density [density, kg/m^3]
# name 8 = prdM: Pressure, Strain Gauge [db]
# name 9 = wetStar: Fluorescence, WET Labs WETstar [mg/m^3]
# name 10 = dz/dtM: Descent Rate [m/s]
# name 11 = flag:  0.000e+00
# span 0 =      0.000,    939.000                 
# span 1 = 264.570220, 264.581088                 
# span 2 =          1,       3757                 
# span 3 =      0.125,    133.709                 
# span 4 =     8.7593,    12.9204                 
# span 5 =   0.048824,   3.809801                 
# span 6 =     0.3455,    32.9295                 
# span 7 =  1000.0678,  1025.7108                 
# span 8 =      0.126,    134.835                 
# span 9 =     0.1516,     3.2943                 
# span 10 =     -1.534,      1.070                
# span 11 = 0.0000e+00, 0.0000e+00                
# interval = seconds: 0.25
# start_time = Sep 20 2020 13:41:07 [Instrument's time stamp, header]
# bad_flag = -9.990e-29
*END*
[from data line 1204]
    301.000 264.573704       1205     13.917    12.7895   3.797485    32.3375  1024.4350     14.030     2.1473      0.777  0.000e+00
    301.250 264.573707       1206     14.106    12.7508   3.797799    32.3735  1024.4713     14.220     2.0748      0.762  0.000e+00
    301.500 264.573709       1207     14.273    12.7242   3.798287    32.4009  1024.4983     14.389     2.1791      0.717  0.000e+00
    301.750 264.573712       1208     14.433    12.7123   3.798234    32.4105  1024.5088     14.550     2.8465      0.659  0.000e+00
    302.000 264.573715       1209     14.567    12.7078   3.798147    32.4135  1024.5126     14.685     1.8214      0.593  0.000e+00
    302.250 264.573718       1210     14.680    12.7055   3.798187    32.4159  1024.5154     14.799     1.8808      0.498  0.000e+00
    302.500 264.573721       1211     14.767    12.7039   3.798461    32.4198  1024.5192     14.887     1.9780      0.404  0.000e+00
    302.750 264.573724       1212     14.841    12.7042   3.798081    32.4159  1024.5164     14.961     1.9022      0.324  0.000e+00
    303.000 264.573727       1213     14.927    12.7031   3.798047    32.4165  1024.5175     15.048     1.6443      0.322  0.000e+00
    303.250 264.573730       1214     15.028    12.7005   3.797593    32.4144  1024.5168     15.150     1.6113      0.378  0.000e+00
    303.500 264.573733       1215     15.161    12.6971   3.797406    32.4154  1024.5189     15.284     1.6295      0.472  0.000e+00
    303.750 264.573736       1216     15.345    12.6926   3.797206    32.4173  1024.5221     15.470     1.6632      0.640  0.000e+00
    304.000 264.573738       1217     15.556    12.6875   3.794763    32.3985  1024.5094     15.683     2.2112      0.797  0.000e+00
    304.250 264.573741       1218     15.759    12.6706   3.794343    32.4089  1024.5216     15.887     1.5730      0.833  0.000e+00
    304.500 264.573744       1219     15.957    12.6528   3.794243    32.4232  1024.5371     16.086     1.5948      0.807  0.000e+00
    304.750 264.573747       1220     16.142    12.6417   3.794590    32.4360  1024.5499     16.273     2.1387      0.773  0.000e+00
    305.000 264.573750       1221     16.296    12.6375   3.794837    32.4419  1024.5560     16.429     1.4255      0.685  0.000e+00
    305.250 264.573753       1222     16.434    12.6376   3.794731    32.4407  1024.5557     16.567     1.5227      0.588  0.000e+00
    305.500 264.573756       1223     16.532    12.6380   3.794677    32.4398  1024.5554     16.666     1.8334      0.475  0.000e+00
    305.750 264.573759       1224     16.597    12.6376   3.794797    32.4412  1024.5569     16.732     2.0225      0.329  0.000e+00
    306.000 264.573762       1225     16.637    12.6378   3.794904    32.4421  1024.5577     16.772     1.7003      0.213  0.000e+00
    306.250 264.573764       1226     16.698    12.6383   3.794697    32.4397  1024.5560     16.834     1.4041      0.204  0.000e+00
    306.500 264.573767       1227     16.794    12.6378   3.794764    32.4407  1024.5573     16.930     1.3402      0.316  0.000e+00
    306.750 264.573770       1228     16.941    12.6377   3.794697    32.4401  1024.5575     17.078     1.4795      0.490  0.000e+00
    307.000 264.573773       1229     17.150    12.6376   3.794624    32.4394  1024.5580     17.290     1.3444      0.719  0.000e+00
    307.250 264.573776       1230     17.392    12.6371   3.794544    32.4390  1024.5588     17.534     1.5701      0.910  0.000e+00
    307.500 264.573779       1231     17.619    12.6360   3.794417    32.4386  1024.5598     17.762     1.5368      0.945  0.000e+00
    307.750 264.573782       1232     17.843    12.6349   3.794451    32.4398  1024.5619     17.988     1.8507      0.908  0.000e+00
    308.000 264.573785       1233     18.044    12.6343   3.794524    32.4409  1024.5638     18.191     1.8239      0.857  0.000e+00
    308.250 264.573788       1234     18.199    12.6340   3.794418    32.4401  1024.5639     18.348     1.3048      0.719  0.000e+00
    308.500 264.573791       1235     18.313    12.6331   3.794451    32.4411  1024.5654     18.462     1.5083      0.543  0.000e+00
    308.750 264.573793       1236     18.383    12.6329   3.794418    32.4410  1024.5657     18.532     1.4605      0.369  0.000e+00
    309.000 264.573796       1237     18.411    12.6327   3.794544    32.4423  1024.5668     18.561     1.2673      0.198  0.000e+00
    309.250 264.573799       1238     18.415    12.6330   3.794591    32.4425  1024.5670     18.564     1.5277      0.064  0.000e+00
    309.500 264.573802       1239     18.428    12.6340   3.794658    32.4423  1024.5666     18.578     1.2821      0.034  0.000e+00
    309.750 264.573805       1240     18.477    12.6351   3.794698    32.4417  1024.5662     18.628     1.1173      0.127  0.000e+00
    310.000 264.573808       1241     18.582    12.6359   3.794698    32.4410  1024.5660     18.733     1.1693      0.309  0.000e+00
    310.250 264.573811       1242     18.759    12.6363   3.794698    32.4405  1024.5664     18.911     1.4053      0.567  0.000e+00
    310.500 264.573814       1243     18.967    12.6362   3.794732    32.4409  1024.5676     19.122     1.2904      0.777  0.000e+00
    310.750 264.573817       1244     19.204    12.6367   3.794979    32.4427  1024.5700     19.360     1.1454      0.898  0.000e+00
    311.000 264.573819       1245     19.439    12.6383   3.793931    32.4313  1024.5619     19.597     1.3341      0.951  0.000e+00
    311.250 264.573822       1246     19.669    12.6343   3.793577    32.4312  1024.5637     19.829     1.3093      0.938  0.000e+00
    311.500 264.573825       1247     19.886    12.6254   3.793123    32.4345  1024.5689     20.048     1.7028      0.902  0.000e+00
    311.750 264.573828       1248     20.073    12.6177   3.792743    32.4374  1024.5734     20.236     1.3641      0.814  0.000e+00
    312.000 264.573831       1249     20.227    12.6097   3.792917    32.4459  1024.5823     20.392     1.5808      0.687  0.000e+00
    312.250 264.573834       1250     20.360    12.6058   3.792950    32.4495  1024.5864     20.526     1.3942      0.580  0.000e+00
    312.500 264.573837       1251     20.457    12.6048   3.793197    32.4527  1024.5896     20.624     1.2768      0.464  0.000e+00
    312.750 264.573840       1252     20.521    12.6054   3.793217    32.4524  1024.5895     20.688     1.1577      0.324  0.000e+00
    313.000 264.573843       1253     20.574    12.6065   3.793197    32.4512  1024.5886     20.742     1.2002      0.236  0.000e+00
    313.250 264.573845       1254     20.636    12.6071   3.793338    32.4520  1024.5894     20.804     1.2331      0.232  0.000e+00
    313.500 264.573848       1255     20.718    12.6082   3.793264    32.4503  1024.5882     20.887     1.1791      0.290  0.000e+00
    313.750 264.573851       1256     20.832    12.6090   3.793231    32.4493  1024.5878     21.002     1.1157      0.395  0.000e+00
    314.000 264.573854       1257     20.984    12.6090   3.793164    32.4485  1024.5879     21.155     1.2026      0.537  0.000e+00
    314.250 264.573857       1258     21.190    12.6084   3.792810    32.4457  1024.5867     21.362     1.0733      0.722  0.000e+00
    314.500 264.573860       1259     21.374    12.6058   3.792724    32.4470  1024.5891     21.548     1.1824      0.786  0.000e+00
    314.750 264.573863       1260     21.573    12.6029   3.792777    32.4499  1024.5928     21.749     1.2315      0.773  0.000e+00
    315.000 264.573866       1261     21.780    12.6015   3.792744    32.4507  1024.5946     21.957     1.1787      0.818  0.000e+00
    315.250 264.573869       1262     21.977    12.6006   3.792777    32.4518  1024.5965     22.156     1.1417      0.814  0.000e+00
    315.500 264.573872       1263     22.179    12.6000   3.792778    32.4522  1024.5979     22.360     1.2681      0.805  0.000e+00
    315.750 264.573874       1264     22.376    12.5996   3.792778    32.4524  1024.5990     22.559     1.3065      0.805  0.000e+00
    316.000 264.573877       1265     22.574    12.5996   3.792778    32.4524  1024.5999     22.758     2.0213      0.797  0.000e+00
    316.250 264.573880       1266     22.754    12.5995   3.792724    32.4518  1024.6003     22.940     1.5751      0.762  0.000e+00
    316.500 264.573883       1267     22.922    12.5993   3.792851    32.4531  1024.6021     23.108     1.2933      0.700  0.000e+00
    316.750 264.573886       1268     23.060    12.5992   3.792778    32.4525  1024.6022     23.248     1.4482      0.616  0.000e+00
    317.000 264.573889       1269     23.159    12.5991   3.792851    32.4533  1024.6033     23.348     1.5644      0.479  0.000e+00
    317.250 264.573892       1270     23.235    12.5993   3.792851    32.4530  1024.6034     23.424     1.3291      0.352  0.000e+00
    317.500 264.573895       1271     23.302    12.5991   3.792711    32.4519  1024.6029     23.492     1.4960      0.288  0.000e+00
    317.750 264.573898       1272     23.373    12.5985   3.792711    32.4523  1024.6036     23.564     1.1091      0.279  0.000e+00
    318.000 264.573900       1273     23.466    12.5977   3.792745    32.4533  1024.6050     23.657     1.1215      0.331  0.000e+00
    318.250 264.573903       1274     23.594    12.5972   3.792658    32.4528  1024.6053     23.786     1.3184      0.445  0.000e+00
    318.500 264.573906       1275     23.763    12.5969   3.792711    32.4535  1024.6067     23.957     1.0790      0.599  0.000e+00
    318.750 264.573909       1276     23.987    12.5966   3.792678    32.4534  1024.6077     24.182     1.4148      0.792  0.000e+00
    319.000 264.573912       1277     24.215    12.5964   3.792638    32.4531  1024.6085     24.412     1.1161      0.911  0.000e+00
    319.250 264.573915       1278     24.438    12.5963   3.792538    32.4522  1024.6088     24.637     1.1293      0.911  0.000e+00
    319.500 264.573918       1279     24.667    12.5957   3.792572    32.4528  1024.6105     24.868     1.1248      0.913  0.000e+00
    319.750 264.573921       1280     24.875    12.5951   3.792605    32.4536  1024.6121     25.078     1.0333      0.880  0.000e+00
    320.000 264.573924       1281     25.051    12.5946   3.792659    32.4545  1024.6137     25.255     1.1520      0.773  0.000e+00
    320.250 264.573927       1282     25.193    12.5946   3.792639    32.4542  1024.6141     25.399     1.1165      0.642  0.000e+00
    320.500 264.573929       1283     25.307    12.5947   3.792605    32.4538  1024.6143     25.514     1.1359      0.518  0.000e+00
    320.750 264.573932       1284     25.375    12.5947   3.792639    32.4541  1024.6148     25.582     1.0794      0.367  0.000e+00
    321.000 264.573935       1285     25.421    12.5951   3.792639    32.4537  1024.6147     25.628     1.2756      0.230  0.000e+00
    321.250 264.573938       1286     25.473    12.5951   3.792605    32.4534  1024.6147     25.681     1.2253      0.198  0.000e+00
    321.500 264.573941       1287     25.532    12.5951   3.792679    32.4541  1024.6155     25.740     1.2628      0.223  0.000e+00
    321.750 264.573944       1288     25.615    12.5949   3.792679    32.4542  1024.6160     25.824     1.1046      0.286  0.000e+00
    322.000 264.573947       1289     25.728    12.5951   3.792659    32.4538  1024.6161     25.938     1.1474      0.395  0.000e+00
    322.250 264.573950       1290     25.883    12.5949   3.792605    32.4534  1024.6166     26.094     1.2665      0.541  0.000e+00
    322.500 264.573953       1291     26.085    12.5950   3.792572    32.4529  1024.6171     26.297     1.1816      0.719  0.000e+00
    322.750 264.573955       1292     26.287    12.5943   3.792465    32.4524  1024.6177     26.501     1.0976      0.814  0.000e+00
    323.000 264.573958       1293     26.500    12.5937   3.792606    32.4542  1024.6202     26.716     1.2142      0.837  0.000e+00
    323.250 264.573961       1294     26.694    12.5938   3.792639    32.4543  1024.6212     26.912     1.1359      0.820  0.000e+00
    323.500 264.573964       1295     26.883    12.5942   3.792713    32.4546  1024.6221     27.103     1.3102      0.773  0.000e+00
    323.750 264.573967       1296     27.068    12.5943   3.792659    32.4539  1024.6225     27.289     1.3151      0.754  0.000e+00
    324.000 264.573970       1297     27.238    12.5946   3.792679    32.4538  1024.6230     27.460     1.3452      0.715  0.000e+00
    324.250 264.573973       1298     27.383    12.5948   3.792713    32.4539  1024.6238     27.606     1.2269      0.636  0.000e+00
    324.500 264.573976       1299     27.500    12.5949   3.792746    32.4541  1024.6244     27.724     1.2657      0.528  0.000e+00
    324.750 264.573979       1300     27.594    12.5950   3.792780    32.4542  1024.6249     27.819     1.1660      0.425  0.000e+00
    325.000 264.573981       1301     27.662    12.5951   3.792813    32.4544  1024.6254     27.888     1.4601      0.326  0.000e+00
    325.250 264.573984       1302     27.711    12.5954   3.792713    32.4532  1024.6246     27.937     1.1099      0.236  0.000e+00
    325.500 264.573987       1303     27.751    12.5955   3.792780    32.4537  1024.6252     27.978     1.1973      0.180  0.000e+00
    325.750 264.573990       1304     27.805    12.5955   3.792693    32.4529  1024.6247     28.032     1.0321      0.189  0.000e+00
    326.000 264.573993       1305     27.882    12.5956   3.792746    32.4533  1024.6254     28.110     1.2249      0.264  0.000e+00
    326.250 264.573996       1306     28.018    12.5957   3.792746    32.4532  1024.6259     28.246     1.2846      0.430  0.000e+00
    326.500 264.573999       1307     28.203    12.5957   3.792780    32.4534  1024.6269     28.433     1.1824      0.646  0.000e+00
    326.750 264.574002       1308     28.414    12.5957   3.792780    32.4534  1024.6278     28.646     1.7053      0.799  0.000e+00
    327.000 264.574005       1309     28.634    12.5959   3.792813    32.4534  1024.6288     28.868     1.8149      0.870  0.000e+00
    327.250 264.574008       1310     28.837    12.5959   3.792780    32.4530  1024.6294     29.072     1.4280      0.853  0.000e+00
    327.500 264.574010       1311     29.017    12.5961   3.792820    32.4532  1024.6303     29.254     1.1997      0.771  0.000e+00
    327.750 264.574013       1312     29.168    12.5961   3.792887    32.4537  1024.6315     29.406     1.1969      0.668  0.000e+00
    328.000 264.574016       1313     29.291    12.5961   3.792854    32.4534  1024.6317     29.531     1.1573      0.554  0.000e+00
    328.250 264.574019       1314     29.382    12.5962   3.792854    32.4532  1024.6320     29.622     1.3378      0.432  0.000e+00
    328.500 264.574022       1315     29.437    12.5963   3.792920    32.4537  1024.6326     29.678     1.3081      0.294  0.000e+00
    328.750 264.574025       1316     29.488    12.5965   3.792887    32.4533  1024.6325     29.729     1.1379      0.215  0.000e+00
    329.000 264.574028       1317     29.550    12.5966   3.792887    32.4531  1024.6326     29.792     1.0877      0.228  0.000e+00
    329.250 264.574031       1318     29.635    12.5970   3.792920    32.4531  1024.6329     29.877     1.3818      0.296  0.000e+00
    329.500 264.574034       1319     29.753    12.5972   3.792921    32.4528  1024.6332     29.996     1.1260      0.408  0.000e+00
    329.750 264.574036       1320     29.910    12.5971   3.792954    32.4532  1024.6342     30.154     1.2471      0.554  0.000e+00
    330.000 264.574039       1321     30.101    12.5971   3.792921    32.4528  1024.6347     30.347     1.1944      0.702  0.000e+00
    330.250 264.574042       1322     30.272    12.5969   3.792921    32.4529  1024.6356     30.520     1.2100      0.730  0.000e+00
    330.500 264.574045       1323     30.431    12.5965   3.792921    32.4531  1024.6366     30.680     1.1470      0.666  0.000e+00
