Raw_Data/Cage/SBE19/2020-09-20_SBE19_004_011_processed.cnv
* Sea-Bird SBE19plus Data File:
* FileName = C:\cruises\2020_barkerboys\leg2\data\cage\SBE19\2020-09-25_SBE19_004_011.hex
* Software Version 1.59
* Temperature SN =  4881
* Conductivity SN =  4881
* System UpLoad Time = Sep 25 2020 12:23:18
* ds
* SeacatPlus V 1.5  SERIAL NO. 4881    25 Sep 2020  12:15:39
# nquan = 12
# nvalues = 2357                                  
# units = specified
# name 0 = timeS: Time, Elapsed [seconds]
# name 1 = timeJ: Julian Days
# name 2 = scan: Scan Count
# name 3 = depSM: Depth [salt water, m], lat = 44.00
# name 4 = tv290C: Temperature [ITS-90, deg C]
# name 5 = c0S/m: Conductivity [S/m]
# name 6 = sal00: Salinity, Practical [PSU]
# name 7 = density00: Density [density, kg/m^3]
# name 8 = prdM: Pressure, Strain Gauge [db]
# name 9 = wetStar: Fluorescence, WET Labs WETstar [mg/m^3]
# name 10 = dz/dtM: Descent Rate [m/s]
# name 11 = flag:  0.000e+00
# span 0 =      0.000,    589.000                 
# span 1 = 264.513843, 264.520660                 
# span 2 =          1,       2357                 
# span 3 =      0.120,    104.862                 
# span 4 =     9.2869,    13.0509                 
# span 5 =   0.004823,   3.818681                 
# span 6 =     0.0334,    32.9612                 
# span 7 =   999.7623,  1025.6643                 
# span 8 =      0.121,    105.738                 
# span 9 =     0.1496,     4.5064                 
# span 10 =     -1.553,      1.310                
# span 11 = 0.0000e+00, 0.0000e+00                
# interval = seconds: 0.25
# start_time = Sep 20 2020 12:19:56 [Instrument's time stamp, header]
# bad_flag = -9.990e-29
*END*
[from data line 121]
     30.250 264.514193        122      0.122     9.6963   0.008384     0.0565   999.7733      0.123     0.1615     -0.002  0.000e+00
     30.500 264.514196        123      0.122     9.6944   0.008430     0.0568   999.7737      0.123     0.1677     -0.004  0.000e+00
     30.750 264.514198        124      0.122     9.6923   0.008335     0.0562   999.7733      0.123     0.1673      0.000  0.000e+00
     31.000 264.514201        125      0.122     9.6907   0.008187     0.0552   999.7727      0.123     0.1685     -0.000  0.000e+00
     31.250 264.514204        126      0.122     9.6888   0.008085     0.0545   999.7723      0.123     0.1640      0.000  0.000e+00
     31.500 264.514207        127      0.123     9.6871   0.008042     0.0543   999.7723      0.124     0.1669      0.002  0.000e+00
     31.750 264.514210        128      0.122     9.6853   0.008033     0.0542   999.7724      0.123     0.1623     -0.000  0.000e+00
     32.000 264.514213        129      0.123     9.6837   0.008024     0.0541   999.7725      0.124     0.1628      0.000  0.000e+00
     32.250 264.514216        130      0.121     9.6822   0.008085     0.0546   999.7729      0.122     0.1648     -0.002  0.000e+00
     32.500 264.514219        131      0.122     9.6806   0.008430     0.0568   999.7748      0.123     0.1619     -0.002  0.000e+00
     32.750 264.514222        132      0.121     9.6791   0.008769     0.0591   999.7767      0.122     0.1677      0.000  0.000e+00
     33.000 264.514225        133      0.122     9.6776   0.008929     0.0601   999.7777      0.123     0.1673      0.000  0.000e+00
     33.250 264.514227        134      0.123     9.6761   0.008922     0.0601   999.7778      0.124     0.1669      0.004  0.000e+00
     33.500 264.514230        135      0.123     9.6746   0.008732     0.0588   999.7769      0.124     0.1656      0.002  0.000e+00
     33.750 264.514233        136      0.123     9.6733   0.008516     0.0574   999.7759      0.124     0.1652      0.000  0.000e+00
     34.000 264.514236        137      0.122     9.6719   0.008378     0.0565   999.7753      0.123     0.1648     -0.002  0.000e+00
     34.250 264.514239        138      0.123     9.6704   0.008316     0.0561   999.7751      0.124     0.1623      0.000  0.000e+00
     34.500 264.514242        139      0.122     9.6691   0.008292     0.0559   999.7751      0.123     0.1607 -1.895e-14  0.000e+00
     34.750 264.514245        140      0.123     9.6677   0.008292     0.0559   999.7752      0.124     0.1636      0.000  0.000e+00
     35.000 264.514248        141      0.121     9.6666   0.008338     0.0562   999.7755      0.122     0.1669     -0.002  0.000e+00
     35.250 264.514251        142      0.123     9.6651   0.008387     0.0566   999.7759      0.124     0.1689     -0.000  0.000e+00
     35.500 264.514253        143      0.122     9.6639   0.008325     0.0562   999.7757      0.123     0.1636      0.002  0.000e+00
     35.750 264.514256        144      0.124     9.6627   0.008335     0.0562   999.7759      0.125     0.1673      0.002  0.000e+00
     36.000 264.514259        145      0.123     9.6613   0.008368     0.0564   999.7761      0.124     0.1669      0.002  0.000e+00
     36.250 264.514262        146      0.122     9.6601   0.008310     0.0561   999.7759      0.123     0.1689     -0.004  0.000e+00
     36.500 264.514265        147      0.121     9.6590   0.008215     0.0554   999.7755      0.122     0.1685     -0.004  0.000e+00
     36.750 264.514268        148      0.123     9.6578   0.008076     0.0545   999.7749      0.124     0.1685      0.002  0.000e+00
     37.000 264.514271        149      0.122     9.6566   0.007904     0.0534   999.7741      0.123     0.1656      0.002  0.000e+00
     37.250 264.514274        150      0.121     9.6553   0.007747     0.0523   999.7734      0.122     0.1611     -0.004  0.000e+00
     37.500 264.514277        151      0.122     9.6543   0.007642     0.0517   999.7730      0.123     0.1632      0.000  0.000e+00
     37.750 264.514280        152      0.122     9.6531   0.007599     0.0514   999.7728      0.123     0.1640      0.002  0.000e+00
     38.000 264.514282        153      0.121     9.6521   0.007609     0.0514   999.7730      0.122     0.1615     -0.002  0.000e+00
     38.250 264.514285        154      0.124     9.6512   0.007652     0.0517   999.7733      0.125     0.1661      0.004  0.000e+00
     38.500 264.514288        155      0.121     9.6503   0.007747     0.0524   999.7738      0.122     0.1607     -0.000  0.000e+00
     38.750 264.514291        156      0.123     9.6491   0.008008     0.0541   999.7753      0.124     0.1648     -0.002  0.000e+00
     39.000 264.514294        157      0.123     9.6482   0.008224     0.0555   999.7765      0.124     0.1652      0.004  0.000e+00
     39.250 264.514297        158      0.122     9.6472   0.008316     0.0561   999.7771      0.123     0.1636     -0.002  0.000e+00
     39.500 264.514300        159      0.123     9.6462   0.008258     0.0557   999.7768      0.124     0.1665      0.000  0.000e+00
     39.750 264.514303        160      0.124     9.6452   0.008116     0.0548   999.7762      0.125     0.1652      0.004  0.000e+00
     40.000 264.514306        161      0.124     9.6442   0.007953     0.0537   999.7754      0.125     0.1656      0.002  0.000e+00
     40.250 264.514308        162      0.121     9.6433   0.007852     0.0531   999.7750      0.122     0.1619     -0.006  0.000e+00
     40.500 264.514311        163      0.123     9.6424   0.007799     0.0527   999.7748      0.124     0.1636     -0.002  0.000e+00
     40.750 264.514314        164      0.125     9.6415   0.007765     0.0525   999.7747      0.126     0.1628      0.009  0.000e+00
     41.000 264.514317        165      0.123     9.6408   0.007765     0.0525   999.7747      0.124     0.1619     -0.000  0.000e+00
     41.250 264.514320        166      0.122     9.6399   0.007833     0.0529   999.7752      0.123     0.1615     -0.006  0.000e+00
     41.500 264.514323        167      0.121     9.6389   0.008199     0.0553   999.7771      0.122     0.1648     -0.004  0.000e+00
     41.750 264.514326        168      0.123     9.6382   0.008525     0.0575   999.7789      0.124     0.1673      0.002  0.000e+00
     42.000 264.514329        169      0.123     9.6374   0.008689     0.0586   999.7798      0.124     0.1652      0.004  0.000e+00
     42.250 264.514332        170      0.123     9.6366   0.008673     0.0585   999.7798      0.124     0.1661      0.000  0.000e+00
     42.500 264.514334        171      0.121     9.6357   0.008439     0.0569   999.7787      0.122     0.1673     -0.004  0.000e+00
     42.750 264.514337        172      0.123     9.6350   0.008224     0.0555   999.7776      0.124     0.1689     -0.000  0.000e+00
     43.000 264.514340        173      0.120     9.6344   0.008128     0.0549   999.7772      0.121     0.1698     -0.002  0.000e+00
     43.250 264.514343        174      0.122     9.6335   0.008092     0.0546   999.7770      0.123     0.1689     -0.002  0.000e+00
     43.500 264.514346        175      0.122     9.6326   0.008076     0.0545   999.7770      0.123     0.1640      0.004  0.000e+00
     43.750 264.514349        176      0.121     9.6319   0.008067     0.0545   999.7770      0.122     0.1656     -0.002  0.000e+00
     44.000 264.514352        177      0.121     9.6311   0.008076     0.0545   999.7772      0.122     0.1673     -0.002  0.000e+00
     44.250 264.514355        178      0.121     9.6303   0.008292     0.0560   999.7784      0.122     0.1656      0.000  0.000e+00
     44.500 264.514358        179      0.122     9.6295   0.008769     0.0591   999.7809      0.123     0.1689      0.002  0.000e+00
     44.750 264.514361        180      0.122     9.6288   0.009055     0.0610   999.7825      0.123     0.1685      0.002  0.000e+00
     45.000 264.514363        181      0.123     9.6282   0.009132     0.0615   999.7829      0.124     0.1693      0.002  0.000e+00
     45.250 264.514366        182      0.124     9.6274   0.008861     0.0597   999.7816      0.125     0.1669      0.004  0.000e+00
     45.500 264.514369        183      0.122     9.6268   0.008587     0.0579   999.7802      0.123     0.1652     -0.002  0.000e+00
     45.750 264.514372        184      0.123     9.6261   0.008544     0.0576   999.7800      0.124     0.1652     -0.002  0.000e+00
     46.000 264.514375        185      0.121     9.6254   0.008550     0.0577   999.7801      0.122     0.1673     -0.002  0.000e+00
     46.250 264.514378        186      0.122     9.6248   0.008538     0.0576   999.7801      0.123     0.1656     -0.002  0.000e+00
     46.500 264.514381        187      0.123     9.6240   0.008535     0.0576   999.7802      0.124     0.1693      0.004  0.000e+00
     46.750 264.514384        188      0.123     9.6233   0.008368     0.0565   999.7794      0.124     0.1661      0.002  0.000e+00
     47.000 264.514387        189      0.123     9.6226   0.008135     0.0549   999.7782      0.124     0.1652 -1.895e-14  0.000e+00
     47.250 264.514389        190      0.123     9.6221   0.007885     0.0533   999.7769      0.124     0.1644      0.000  0.000e+00
     47.500 264.514392        191      0.120     9.6215   0.007652     0.0518   999.7757      0.121     0.1718     -0.006  0.000e+00
     47.750 264.514395        192      0.121     9.6209   0.007445     0.0504   999.7747      0.122     0.1611     -0.004  0.000e+00
     48.000 264.514398        193      0.122     9.6203   0.007239     0.0490   999.7737      0.123     0.1665      0.004  0.000e+00
     48.250 264.514401        194      0.121     9.6199   0.007083     0.0480   999.7729      0.122     0.1669     -0.000  0.000e+00
     48.500 264.514404        195      0.124     9.6193   0.006987     0.0474   999.7725      0.125     0.1702      0.004  0.000e+00
     48.750 264.514407        196      0.123     9.6188   0.006935     0.0470   999.7723      0.124     0.1652      0.004  0.000e+00
     49.000 264.514410        197      0.124     9.6183   0.006901     0.0468   999.7721      0.125     0.1689 -1.895e-14  0.000e+00
     49.250 264.514413        198      0.126     9.6176   0.006883     0.0467   999.7721      0.127     0.1644      0.004  0.000e+00
     49.500 264.514416        199      0.122     9.6172   0.006873     0.0466   999.7721      0.123     0.1665     -0.004  0.000e+00
     49.750 264.514418        200      0.121     9.6166   0.006849     0.0465   999.7720      0.122     0.1615     -0.009  0.000e+00
     50.000 264.514421        201      0.121     9.6161   0.006818     0.0463   999.7719      0.122     0.1685     -0.002  0.000e+00
     50.250 264.514424        202      0.123     9.6156   0.006763     0.0459   999.7716      0.124     0.1661      0.004  0.000e+00
     50.500 264.514427        203      0.123     9.6153   0.006720     0.0456   999.7715      0.124     0.1681      0.004  0.000e+00
     50.750 264.514430        204      0.122     9.6147   0.006649     0.0452   999.7711      0.123     0.1685     -0.002  0.000e+00
     51.000 264.514433        205      0.124     9.6142   0.006563     0.0446   999.7707      0.125     0.1623      0.002  0.000e+00
     51.250 264.514436        206      0.123     9.6138   0.006486     0.0441   999.7704      0.124     0.1661      0.002  0.000e+00
     51.500 264.514439        207      0.121     9.6135   0.006391     0.0435   999.7699      0.122     0.1693     -0.006  0.000e+00
     51.750 264.514442        208      0.122     9.6131   0.006323     0.0431   999.7696      0.123     0.1689     -0.002  0.000e+00
     52.000 264.514444        209      0.123     9.6127   0.006243     0.0425   999.7692      0.124     0.1628      0.004  0.000e+00
     52.250 264.514447        210      0.122     9.6122   0.006185     0.0421   999.7689      0.123     0.1656      0.000  0.000e+00
     52.500 264.514450        211      0.122     9.6118   0.006132     0.0418   999.7687      0.123     0.1656     -0.002  0.000e+00
     52.750 264.514453        212      0.124     9.6113   0.006089     0.0415   999.7685      0.125     0.1685      0.004  0.000e+00
     53.000 264.514456        213      0.121     9.6109   0.006049     0.0413   999.7684      0.122     0.1652     -0.002  0.000e+00
     53.250 264.514459        214      0.121     9.6104   0.006037     0.0412   999.7683      0.122     0.1665     -0.006  0.000e+00
     53.500 264.514462        215      0.123     9.6100   0.006028     0.0411   999.7683      0.124     0.1677      0.004  0.000e+00
     53.750 264.514465        216      0.124     9.6097   0.006019     0.0411   999.7683      0.125     0.1677      0.006  0.000e+00
     54.000 264.514468        217      0.122     9.6090   0.006003     0.0410   999.7683      0.123     0.1611     -0.002  0.000e+00
     54.250 264.514470        218      0.123     9.6086   0.006071     0.0414   999.7687      0.124     0.1640     -0.002  0.000e+00
     54.500 264.514473        219      0.121     9.6082   0.006271     0.0427   999.7697      0.122     0.1656     -0.002  0.000e+00
     54.750 264.514476        220      0.123     9.6078   0.006464     0.0440   999.7708      0.124     0.1648      0.000  0.000e+00
     55.000 264.514479        221      0.122     9.6073   0.006649     0.0452   999.7717      0.123     0.1669      0.002  0.000e+00
     55.250 264.514482        222      0.123     9.6068   0.006830     0.0464   999.7727      0.124     0.1677     -0.000  0.000e+00
     55.500 264.514485        223      0.121     9.6065   0.007003     0.0475   999.7736      0.122     0.1652     -0.002  0.000e+00
     55.750 264.514488        224      0.120     9.6061   0.007107     0.0482   999.7742      0.121     0.1640     -0.006  0.000e+00
     56.000 264.514491        225      0.123     9.6057   0.007055     0.0478   999.7740      0.124     0.1648      0.004  0.000e+00
     56.250 264.514494        226      0.127     9.6053   0.006969     0.0473   999.7736      0.128     0.1669      0.013  0.000e+00
     56.500 264.514497        227      0.122     9.6048   0.006867     0.0466   999.7731      0.123     0.1685     -0.002  0.000e+00
     56.750 264.514499        228      0.123     9.6045   0.006803     0.0462   999.7728      0.124     0.1669     -0.006  0.000e+00
     57.000 264.514502        229      0.122     9.6039   0.006735     0.0458   999.7725      0.123     0.1632     -0.000  0.000e+00
     57.250 264.514505        230      0.126     9.6036   0.006701     0.0455   999.7723      0.127     0.1656      0.004  0.000e+00
     57.500 264.514508        231      0.122     9.6030   0.006686     0.0454   999.7723      0.123     0.1677      0.000  0.000e+00
     57.750 264.514511        232      0.122     9.6026   0.006655     0.0452   999.7722      0.123     0.1685     -0.006  0.000e+00
     58.000 264.514514        233      0.122     9.6021   0.006658     0.0452   999.7722      0.123     0.1685     -0.000  0.000e+00
     58.250 264.514517        234      0.124     9.6018   0.006649     0.0452   999.7722      0.125     0.1681      0.004  0.000e+00
     58.500 264.514520        235      0.123     9.6013   0.006643     0.0451   999.7722      0.124     0.1661      0.002  0.000e+00
     58.750 264.514523        236      0.123     9.6010   0.006649     0.0452   999.7723      0.124     0.1661     -0.002  0.000e+00
     59.000 264.514525        237      0.122     9.6005   0.006649     0.0452   999.7723      0.123     0.1685     -0.002  0.000e+00
     59.250 264.514528        238      0.122     9.6002   0.006643     0.0452   999.7723      0.123     0.1665     -0.002  0.000e+00
     59.500 264.514531        239      0.122     9.5997   0.006634     0.0451   999.7723      0.123     0.1656      0.000  0.000e+00
     59.750 264.514534        240      0.126     9.5992   0.006572     0.0447   999.7720      0.127     0.1652      0.006  0.000e+00
