Raw_Data/Cage/SBE19/2020-09-25_SBE19_007_031_processed.cnv
* Sea-Bird SBE19plus Data File:
* FileName = C:\cruises\2020_barkerboys\leg2\data\cage\SBE19\2020-09-25_SBE19_004_031.hex
* Software Version 1.59
* Temperature SN =  4881
* Conductivity SN =  4881
* System UpLoad Time = Sep 25 2020 21:18:24
* ds
* SeacatPlus V 1.5  SERIAL NO. 4881    25 Sep 2020  21:17:28
# nquan = 12
# nvalues = 3124                                  
# units = specified
# name 0 = timeS: Time, Elapsed [seconds]
# name 1 = timeJ: Julian Days
# name 2 = scan: Scan Count
# name 3 = depSM: Depth [salt water, m], lat = 44.00
# name 4 = tv290C: Temperature [ITS-90, deg C]
# name 5 = c0S/m: Conductivity [S/m]
# name 6 = sal00: Salinity, Practical [PSU]
# name 7 = density00: Density [density, kg/m^3]
# name 8 = prdM: Pressure, Strain Gauge [db]
# name 9 = wetStar: Fluorescence, WET Labs WETstar [mg/m^3]
# name 10 = dz/dtM: Descent Rate [m/s]
# name 11 = flag:  0.000e+00
# span 0 =      0.000,    780.750                 
# span 1 = 269.667419, 269.676455                 
# span 2 =          1,       3124                 
# span 3 =      0.009,    184.603                 
# span 4 =     9.5707,    17.2051                 
# span 5 =  -0.063136,   3.908549                 
# span 6 =     0.0000,    33.6501                 
# span 7 =   998.7430,  1026.8128                 
# span 8 =      0.009,    186.181                 
# span 9 =     0.1417,     4.3927                 
# span 10 =     -1.254,      1.252                
# span 11 = 0.0000e+00, 0.0000e+00                
# interval = seconds: 0.25
# start_time = Sep 25 2020 16:01:05 [Instrument's time stamp, header]
# bad_flag = -9.990e-29
*END*
[from data line 2527]
    631.750 269.674731       2528     95.533    10.1572   3.674861    33.4414  1026.1446     96.329     0.2077     -0.836  0.000e+00
    632.000 269.674734       2529     95.369    10.1598   3.674979    33.4402  1026.1426     96.163     0.2089     -0.722  0.000e+00
    632.250 269.674737       2530     95.236    10.1625   3.675078    33.4388  1026.1404     96.029     0.2180     -0.599  0.000e+00
    632.500 269.674740       2531     95.117    10.1647   3.675111    33.4372  1026.1382     95.909     0.2064     -0.509  0.000e+00
    632.750 269.674742       2532     95.000    10.1664   3.675282    33.4374  1026.1376     95.791     0.2225     -0.477  0.000e+00
    633.000 269.674745       2533     94.874    10.1683   3.675585    33.4388  1026.1377     95.664     0.2081     -0.490  0.000e+00
    633.250 269.674748       2534     94.728    10.1715   3.675480    33.4349  1026.1334     95.517     0.2110     -0.548  0.000e+00
    633.500 269.674751       2535     94.553    10.1734   3.675446    33.4328  1026.1307     95.340     0.2077     -0.647  0.000e+00
    633.750 269.674754       2536     94.353    10.1741   3.675598    33.4338  1026.1304     95.138     0.2629     -0.756  0.000e+00
    634.000 269.674757       2537     94.128    10.1755   3.675651    33.4332  1026.1287     94.912     0.2184     -0.857  0.000e+00
    634.250 269.674760       2538     93.892    10.1774   3.676020    33.4352  1026.1289     94.673     0.2262     -0.930  0.000e+00
    634.500 269.674763       2539     93.650    10.1806   3.676257    33.4348  1026.1269     94.429     0.2060     -0.965  0.000e+00
    634.750 269.674766       2540     93.417    10.1850   3.676520    33.4335  1026.1241     94.194     0.2155     -0.958  0.000e+00
    635.000 269.674769       2541     93.203    10.1896   3.676691    33.4311  1026.1204     93.978     0.2138     -0.902  0.000e+00
    635.250 269.674771       2542     93.008    10.1940   3.676962    33.4299  1026.1178     93.782     0.2089     -0.825  0.000e+00
    635.500 269.674774       2543     92.814    10.1980   3.677192    33.4285  1026.1152     93.586     0.2040     -0.784  0.000e+00
    635.750 269.674777       2544     92.613    10.2021   3.677225    33.4252  1026.1110     93.383     0.2274     -0.797  0.000e+00
    636.000 269.674780       2545     92.394    10.2057   3.677732    33.4271  1026.1109     93.163     0.2163     -0.847  0.000e+00
    636.250 269.674783       2546     92.158    10.2110   3.677699    33.4220  1026.1049     92.924     0.2316     -0.917  0.000e+00
    636.500 269.674786       2547     91.917    10.2154   3.677462    33.4156  1026.0981     92.681     0.2295     -0.963  0.000e+00
    636.750 269.674789       2548     91.687    10.2164   3.677765    33.4179  1026.0986     92.449     0.2126     -0.950  0.000e+00
    637.000 269.674792       2549     91.478    10.2174   3.678101    33.4204  1026.0995     92.239     0.2093     -0.885  0.000e+00
    637.250 269.674795       2550     91.297    10.2207   3.678200    33.4185  1026.0966     92.056     0.2068     -0.786  0.000e+00
    637.500 269.674797       2551     91.136    10.2247   3.678569    33.4187  1026.0953     91.894     0.2060     -0.690  0.000e+00
    637.750 269.674800       2552     90.993    10.2292   3.678740    33.4163  1026.0920     91.750     0.2163     -0.612  0.000e+00
    638.000 269.674803       2553     90.850    10.2333   3.679109    33.4163  1026.0907     91.605     0.2250     -0.578  0.000e+00
    638.250 269.674806       2554     90.687    10.2379   3.679109    33.4122  1026.0859     91.441     0.2435     -0.619  0.000e+00
    638.500 269.674809       2555     90.501    10.2413   3.678944    33.4075  1026.0808     91.254     0.2419     -0.703  0.000e+00
    638.750 269.674812       2556     90.288    10.2429   3.679716    33.4139  1026.0845     91.039     0.2361     -0.804  0.000e+00
    639.000 269.674815       2557     90.053    10.2479   3.679617    33.4083  1026.0783     90.801     0.2493     -0.905  0.000e+00
    639.250 269.674818       2558     89.798    10.2524   3.679847    33.4067  1026.0751     90.545     0.2616     -0.988  0.000e+00
    639.500 269.674821       2559     89.539    10.2560   3.680131    33.4063  1026.0730     90.284     0.2328     -1.036  0.000e+00
    639.750 269.674823       2560     89.295    10.2598   3.680256    33.4041  1026.0695     90.038     0.2369     -1.014  0.000e+00
    640.000 269.674826       2561     89.069    10.2636   3.680355    33.4018  1026.0660     89.809     0.2311     -0.950  0.000e+00
    640.250 269.674829       2562     88.867    10.2668   3.680559    33.4010  1026.0639     89.606     0.2311     -0.864  0.000e+00
    640.500 269.674832       2563     88.684    10.2698   3.680453    33.3972  1026.0596     89.421     0.2311     -0.776  0.000e+00
    640.750 269.674835       2564     88.509    10.2716   3.680592    33.3970  1026.0584     89.245     0.2200     -0.722  0.000e+00
    641.000 269.674838       2565     88.326    10.2729   3.680691    33.3970  1026.0573     89.060     0.2328     -0.722  0.000e+00
    641.250 269.674841       2566     88.127    10.2744   3.680822    33.3970  1026.0561     88.859     0.2266     -0.771  0.000e+00
    641.500 269.674844       2567     87.911    10.2764   3.681119    33.3982  1026.0557     88.641     0.2188     -0.838  0.000e+00
    641.750 269.674847       2568     87.673    10.2801   3.681198    33.3958  1026.0521     88.401     0.2472     -0.915  0.000e+00
    642.000 269.674850       2569     87.424    10.2834   3.681264    33.3934  1026.0486     88.150     0.2246     -0.982  0.000e+00
    642.250 269.674852       2570     87.177    10.2855   3.681429    33.3933  1026.0470     87.901     0.2353     -1.001  0.000e+00
    642.500 269.674855       2571     86.939    10.2882   3.681600    33.3927  1026.0450     87.661     0.2316     -0.978  0.000e+00
    642.750 269.674858       2572     86.726    10.2908   3.681699    33.3914  1026.0425     87.446     0.2353     -0.909  0.000e+00
    643.000 269.674861       2573     86.534    10.2937   3.681798    33.3898  1026.0399     87.253     0.2270     -0.817  0.000e+00
    643.250 269.674864       2574     86.367    10.2958   3.681837    33.3884  1026.0377     87.084     0.2237     -0.724  0.000e+00
    643.500 269.674867       2575     86.210    10.2974   3.682002    33.3886  1026.0369     86.925     0.2377     -0.655  0.000e+00
    643.750 269.674870       2576     86.050    10.2991   3.682035    33.3875  1026.0350     86.764     0.2344     -0.640  0.000e+00
    644.000 269.674873       2577     85.884    10.3005   3.682068    33.3865  1026.0332     86.597     0.2184     -0.657  0.000e+00
    644.250 269.674876       2578     85.703    10.3021   3.682101    33.3855  1026.0314     86.414     0.2324     -0.700  0.000e+00
    644.500 269.674878       2579     85.513    10.3033   3.682272    33.3862  1026.0308     86.223     0.2353     -0.748  0.000e+00
    644.750 269.674881       2580     85.319    10.3050   3.682272    33.3848  1026.0285     86.027     0.2324     -0.774  0.000e+00
    645.000 269.674884       2581     85.119    10.3071   3.682404    33.3842  1026.0268     85.825     0.2373     -0.795  0.000e+00
    645.250 269.674887       2582     84.925    10.3087   3.682404    33.3828  1026.0245     85.630     0.2649     -0.795  0.000e+00
    645.500 269.674890       2583     84.731    10.3100   3.682568    33.3834  1026.0239     85.434     0.2406     -0.782  0.000e+00
    645.750 269.674893       2584     84.533    10.3116   3.682740    33.3837  1026.0230     85.235     0.2394     -0.790  0.000e+00
    646.000 269.674896       2585     84.334    10.3137   3.682674    33.3812  1026.0197     85.034     0.2365     -0.801  0.000e+00
    646.250 269.674899       2586     84.119    10.3153   3.683043    33.3836  1026.0203     84.817     0.2283     -0.836  0.000e+00
    646.500 269.674902       2587     83.887    10.3180   3.682977    33.3805  1026.0164     84.584     0.2497     -0.900  0.000e+00
    646.750 269.674905       2588     83.635    10.3207   3.683148    33.3799  1026.0143     84.329     0.2649     -0.976  0.000e+00
    647.000 269.674907       2589     83.369    10.3230   3.683247    33.3789  1026.0119     84.060     0.2509     -1.046  0.000e+00
    647.250 269.674910       2590     83.096    10.3254   3.683418    33.3786  1026.0100     83.785     0.2365     -1.087  0.000e+00
    647.500 269.674913       2591     82.834    10.3278   3.683616    33.3784  1026.0083     83.521     0.2344     -1.078  0.000e+00
    647.750 269.674916       2592     82.592    10.3308   3.683814    33.3778  1026.0062     83.277     0.2493     -1.016  0.000e+00
    648.000 269.674919       2593     82.387    10.3340   3.683820    33.3751  1026.0026     83.070     0.2485     -0.902  0.000e+00
    648.250 269.674922       2594     82.205    10.3365   3.683886    33.3735  1026.0001     82.886     0.2517     -0.782  0.000e+00
    648.500 269.674925       2595     82.033    10.3384   3.683985    33.3728  1025.9984     82.713     0.2402     -0.713  0.000e+00
    648.750 269.674928       2596     81.869    10.3404   3.684223    33.3734  1025.9978     82.548     0.2530     -0.677  0.000e+00
    649.000 269.674931       2597     81.692    10.3433   3.684394    33.3726  1025.9959     82.370     0.2596     -0.687  0.000e+00
    649.250 269.674933       2598     81.493    10.3461   3.684394    33.3701  1025.9925     82.169     0.2287     -0.758  0.000e+00
    649.500 269.674936       2599     81.281    10.3484   3.684895    33.3731  1025.9935     81.955     0.2522     -0.829  0.000e+00
    649.750 269.674939       2600     81.064    10.3523   3.684948    33.3702  1025.9895     81.736     0.2419     -0.866  0.000e+00
    650.000 269.674942       2601     80.849    10.3564   3.684895    33.3660  1025.9846     81.519     0.2423     -0.872  0.000e+00
    650.250 269.674945       2602     80.646    10.3586   3.684928    33.3644  1025.9820     81.315     0.2344     -0.842  0.000e+00
    650.500 269.674948       2603     80.453    10.3605   3.685099    33.3644  1025.9808     81.120     0.2781     -0.797  0.000e+00
    650.750 269.674951       2604     80.268    10.3622   3.685165    33.3636  1025.9791     80.933     0.3024     -0.763  0.000e+00
    651.000 269.674954       2605     80.075    10.3640   3.685502    33.3654  1025.9793     80.739     0.2575     -0.763  0.000e+00
    651.250 269.674957       2606     79.869    10.3672   3.685706    33.3647  1025.9772     80.531     0.2435     -0.806  0.000e+00
    651.500 269.674959       2607     79.646    10.3714   3.685739    33.3612  1025.9728     80.306     0.2550     -0.866  0.000e+00
    651.750 269.674962       2608     79.412    10.3751   3.685607    33.3566  1025.9675     80.070     0.2641     -0.922  0.000e+00
    652.000 269.674965       2609     79.179    10.3765   3.685758    33.3570  1025.9665     79.835     0.2452     -0.941  0.000e+00
    652.250 269.674968       2610     78.960    10.3773   3.685976    33.3585  1025.9665     79.614     0.2439     -0.911  0.000e+00
    652.500 269.674971       2611     78.763    10.3794   3.686075    33.3577  1025.9646     79.415     0.2406     -0.840  0.000e+00
    652.750 269.674974       2612     78.584    10.3819   3.686213    33.3568  1025.9627     79.235     0.2530     -0.758  0.000e+00
    653.000 269.674977       2613     78.416    10.3844   3.686246    33.3550  1025.9601     79.065     0.2377     -0.700  0.000e+00
    653.250 269.674980       2614     78.251    10.3858   3.686312    33.3544  1025.9587     78.899     0.2493     -0.672  0.000e+00
    653.500 269.674983       2615     78.075    10.3869   3.686312    33.3535  1025.9569     78.722     0.2279     -0.687  0.000e+00
    653.750 269.674986       2616     77.880    10.3883   3.686411    33.3533  1025.9557     78.525     0.2485     -0.748  0.000e+00
    654.000 269.674988       2617     77.668    10.3897   3.686681    33.3548  1025.9556     78.311     0.2476     -0.821  0.000e+00
    654.250 269.674991       2618     77.448    10.3922   3.686681    33.3526  1025.9525     78.089     0.2781     -0.872  0.000e+00
    654.500 269.674994       2619     77.217    10.3947   3.686714    33.3508  1025.9496     77.857     0.2666     -0.909  0.000e+00
    654.750 269.674997       2620     76.992    10.3963   3.686747    33.3497  1025.9474     77.629     0.2497     -0.919  0.000e+00
    655.000 269.675000       2621     76.771    10.3983   3.687017    33.3507  1025.9468     77.407     0.2493     -0.900  0.000e+00
    655.250 269.675003       2622     76.547    10.4009   3.687321    33.3515  1025.9460     77.181     0.2567     -0.896  0.000e+00
    655.500 269.675006       2623     76.317    10.4044   3.687354    33.3487  1025.9421     76.949     0.2736     -0.915  0.000e+00
    655.750 269.675009       2624     76.072    10.4078   3.687558    33.3477  1025.9397     76.702     0.2452     -0.958  0.000e+00
    656.000 269.675012       2625     75.810    10.4110   3.687492    33.3442  1025.9352     76.438     0.2962     -1.023  0.000e+00
    656.250 269.675014       2626     75.545    10.4136   3.687796    33.3451  1025.9342     76.170     0.3729     -1.063  0.000e+00
    656.500 269.675017       2627     75.281    10.4168   3.688383    33.3481  1025.9348     75.904     0.2588     -1.068  0.000e+00
    656.750 269.675020       2628     75.036    10.4239   3.688805    33.3460  1025.9309     75.657     0.2340     -1.027  0.000e+00
    657.000 269.675023       2629     74.820    10.4319   3.688673    33.3375  1025.9218     75.439     0.2596     -0.930  0.000e+00
    657.250 269.675026       2630     74.638    10.4366   3.688910    33.3356  1025.9187     75.255     0.2530     -0.803  0.000e+00
    657.500 269.675029       2631     74.484    10.4408   3.689141    33.3342  1025.9161     75.101     0.2468     -0.677  0.000e+00
    657.750 269.675032       2632     74.354    10.4450   3.689484    33.3338  1025.9145     74.970     0.2505     -0.571  0.000e+00
    658.000 269.675035       2633     74.224    10.4504   3.689682    33.3309  1025.9107     74.838     0.2456     -0.524  0.000e+00
    658.250 269.675038       2634     74.084    10.4559   3.689715    33.3263  1025.9056     74.697     0.2386     -0.546  0.000e+00
    658.500 269.675041       2635     73.919    10.4598   3.689649    33.3221  1025.9009     74.530     0.2373     -0.616  0.000e+00
    658.750 269.675043       2636     73.722    10.4613   3.689444    33.3187  1025.8971     74.332     0.2431     -0.730  0.000e+00
    659.000 269.675046       2637     73.499    10.4611   3.689807    33.3227  1025.8992     74.107     0.2476     -0.846  0.000e+00
    659.250 269.675049       2638     73.251    10.4641   3.689886    33.3208  1025.8961     73.857     0.2452     -0.950  0.000e+00
    659.500 269.675052       2639     72.989    10.4692   3.690190    33.3193  1025.8928     73.592     0.2435     -1.029  0.000e+00
    659.750 269.675055       2640     72.728    10.4756   3.690394    33.3156  1025.8877     73.329     0.2472     -1.055  0.000e+00
    660.000 269.675058       2641     72.471    10.4835   3.690559    33.3102  1025.8809     73.070     0.2501     -1.044  0.000e+00
    660.250 269.675061       2642     72.225    10.4916   3.690665    33.3039  1025.8734     72.822     0.2629     -1.014  0.000e+00
    660.500 269.675064       2643     72.001    10.4990   3.690862    33.2993  1025.8675     72.597     0.2522     -0.947  0.000e+00
    660.750 269.675067       2644     71.798    10.5073   3.690862    33.2918  1025.8594     72.392     0.2563     -0.861  0.000e+00
    661.000 269.675069       2645     71.607    10.5155   3.691133    33.2871  1025.8533     72.199     0.2868     -0.795  0.000e+00
    661.250 269.675072       2646     71.432    10.5219   3.691238    33.2823  1025.8477     72.022     0.2686     -0.739  0.000e+00
