Raw_Data/Cage/SBE19/2020-09-24_SBE19_006_029_processed.cnv
* Sea-Bird SBE19plus Data File:
* FileName = C:\cruises\2020_barkerboys\leg2\data\cage\SBE19\2020-09-25_SBE19_004_029.hex
* Software Version 1.59
* Temperature SN =  4881
* Conductivity SN =  4881
* System UpLoad Time = Sep 25 2020 12:49:19
* ds
* SeacatPlus V 1.5  SERIAL NO. 4881    25 Sep 2020  12:15:39
# nquan = 12
# nvalues = 8541                                  
# units = specified
# name 0 = timeS: Time, Elapsed [seconds]
# name 1 = timeJ: Julian Days
# name 2 = scan: Scan Count
# name 3 = depSM: Depth [salt water, m], lat = 44.00
# name 4 = tv290C: Temperature [ITS-90, deg C]
# name 5 = c0S/m: Conductivity [S/m]
# name 6 = sal00: Salinity, Practical [PSU]
# name 7 = density00: Density [density, kg/m^3]
# name 8 = prdM: Pressure, Strain Gauge [db]
# name 9 = wetStar: Fluorescence, WET Labs WETstar [mg/m^3]
# name 10 = dz/dtM: Descent Rate [m/s]
# name 11 = flag:  0.000e+00
# span 0 =      0.000,   2135.000                 
# span 1 = 268.796030, 268.820741                 
# span 2 =          1,       8541                 
# span 3 =     -0.112,    161.529                 
# span 4 =     9.9522,    14.1480                 
# span 5 =   0.049799,   3.856479                 
# span 6 =     0.3074,    33.5037                 
# span 7 =   999.4644,  1026.5266                 
# span 8 =     -0.113,    162.901                 
# span 9 =     0.1232,     3.3928                 
# span 10 =     -1.358,      1.174                
# span 11 = 0.0000e+00, 0.0000e+00                
# interval = seconds: 0.25
# start_time = Sep 24 2020 19:06:17 [Instrument's time stamp, header]
# bad_flag = -9.990e-29
*END*
[from data line 6136]
   1534.000 268.813785       6137     -0.101    13.5530   0.056522     0.3556   999.5832     -0.102     0.1805     -0.000  0.000e+00
   1534.250 268.813788       6138     -0.100    13.5533   0.056437     0.3550   999.5828     -0.101     0.1829      0.004  0.000e+00
   1534.500 268.813791       6139     -0.101    13.5535   0.056384     0.3547   999.5825     -0.102     0.1813      0.000  0.000e+00
   1534.750 268.813793       6140     -0.100    13.5539   0.056355     0.3545   999.5823     -0.101     0.1796      0.000  0.000e+00
   1535.000 268.813796       6141     -0.104    13.5541   0.056384     0.3547   999.5824     -0.105     0.1718     -0.006  0.000e+00
   1535.250 268.813799       6142     -0.104    13.5543   0.056469     0.3552   999.5828     -0.105     0.1796     -0.009  0.000e+00
   1535.500 268.813802       6143     -0.102    13.5546   0.056617     0.3562   999.5835     -0.103     0.1821      0.004  0.000e+00
   1535.750 268.813805       6144     -0.103    13.5548   0.056758     0.3571   999.5842     -0.104     0.1743      0.002  0.000e+00
   1536.000 268.813808       6145     -0.106    13.5552   0.056894     0.3580   999.5848     -0.106     0.1809     -0.006  0.000e+00
   1536.250 268.813811       6146     -0.102    13.5554   0.056988     0.3586   999.5852     -0.103     0.1780      0.002  0.000e+00
   1536.500 268.813814       6147     -0.102    13.5556   0.057004     0.3587   999.5853     -0.103     0.1788      0.006  0.000e+00
   1536.750 268.813817       6148     -0.099    13.5560   0.056947     0.3583   999.5850     -0.100     0.1805      0.006  0.000e+00
   1537.000 268.813819       6149     -0.101    13.5563   0.056837     0.3576   999.5844     -0.102     0.1809      0.002  0.000e+00
   1537.250 268.813822       6150     -0.100    13.5566   0.056727     0.3569   999.5838     -0.101     0.1801     -0.002  0.000e+00
   1537.500 268.813825       6151     -0.102    13.5569   0.056598     0.3560   999.5831     -0.103     0.1829     -0.002  0.000e+00
   1537.750 268.813828       6152     -0.102    13.5571   0.056503     0.3554   999.5825     -0.103     0.1792     -0.004  0.000e+00
   1538.000 268.813831       6153     -0.102    13.5575   0.056431     0.3549   999.5821     -0.103     0.1784      0.000  0.000e+00
   1538.250 268.813834       6154     -0.103    13.5576   0.056421     0.3549   999.5821     -0.104     0.1825     -0.002  0.000e+00
   1538.500 268.813837       6155     -0.103    13.5580   0.056412     0.3548   999.5820     -0.104     0.1801     -0.002  0.000e+00
   1538.750 268.813840       6156     -0.102    13.5581   0.056447     0.3550   999.5821     -0.103     0.1862      0.002  0.000e+00
   1539.000 268.813843       6157     -0.101    13.5586   0.056478     0.3552   999.5822     -0.102     0.1784      0.004  0.000e+00
   1539.250 268.813845       6158     -0.102    13.5587   0.056535     0.3556   999.5825     -0.103     0.1801     -0.000  0.000e+00
   1539.500 268.813848       6159     -0.103    13.5590   0.056598     0.3560   999.5827     -0.104     0.1813     -0.004  0.000e+00
   1539.750 268.813851       6160     -0.104    13.5593   0.056661     0.3564   999.5830     -0.105     0.1850     -0.004  0.000e+00
   1540.000 268.813854       6161     -0.102    13.5594   0.056736     0.3569   999.5834     -0.103     0.1821      0.002  0.000e+00
   1540.250 268.813857       6162     -0.104    13.5597   0.056758     0.3570   999.5835     -0.105     0.1821      0.000  0.000e+00
   1540.500 268.813860       6163     -0.102    13.5599   0.056774     0.3571   999.5835     -0.103     0.1809      0.000  0.000e+00
   1540.750 268.813863       6164     -0.101    13.5603   0.056768     0.3571   999.5834     -0.102     0.1829      0.006  0.000e+00
   1541.000 268.813866       6165     -0.102    13.5607   0.056746     0.3570   999.5833     -0.103     0.1821     -0.000  0.000e+00
   1541.250 268.813869       6166     -0.102    13.5608   0.056692     0.3566   999.5830     -0.103     0.1784     -0.002  0.000e+00
   1541.500 268.813872       6167     -0.101    13.5610   0.056617     0.3561   999.5826     -0.102     0.1817      0.002  0.000e+00
   1541.750 268.813874       6168     -0.102    13.5613   0.056544     0.3556   999.5822     -0.103     0.1809      0.000  0.000e+00
   1542.000 268.813877       6169     -0.102    13.5617   0.056506     0.3554   999.5819     -0.103     0.1792     -0.002  0.000e+00
   1542.250 268.813880       6170     -0.102    13.5620   0.056488     0.3553   999.5818     -0.103     0.1829      0.000  0.000e+00
   1542.500 268.813883       6171     -0.103    13.5623   0.056459     0.3551   999.5816     -0.104     0.1809     -0.002  0.000e+00
   1542.750 268.813886       6172     -0.105    13.5625   0.056453     0.3550   999.5815     -0.106     0.1838     -0.006  0.000e+00
   1543.000 268.813889       6173     -0.103    13.5628   0.056450     0.3550   999.5815     -0.104     0.1829     -0.000  0.000e+00
   1543.250 268.813892       6174     -0.103    13.5632   0.056437     0.3549   999.5814     -0.104     0.1821      0.004  0.000e+00
   1543.500 268.813895       6175     -0.101    13.5632   0.056393     0.3546   999.5811     -0.102     0.1788      0.004  0.000e+00
   1543.750 268.813898       6176     -0.099    13.5636   0.056355     0.3544   999.5809     -0.100     0.1825      0.009  0.000e+00
   1544.000 268.813900       6177     -0.102    13.5638   0.056340     0.3543   999.5808     -0.103     0.1801     -0.002  0.000e+00
   1544.250 268.813903       6178     -0.102    13.5642   0.056330     0.3542   999.5807     -0.103     0.1829     -0.006  0.000e+00
   1544.500 268.813906       6179     -0.102    13.5644   0.056365     0.3544   999.5808     -0.103     0.1796      0.000  0.000e+00
   1544.750 268.813909       6180     -0.105    13.5647   0.056421     0.3548   999.5810     -0.106     0.1801     -0.006  0.000e+00
   1545.000 268.813912       6181     -0.102    13.5648   0.056506     0.3554   999.5815     -0.103     0.1813     -0.000  0.000e+00
   1545.250 268.813915       6182     -0.103    13.5651   0.056569     0.3558   999.5817     -0.104     0.1809      0.004  0.000e+00
   1545.500 268.813918       6183     -0.102    13.5654   0.056588     0.3559   999.5818     -0.103     0.1817      0.000  0.000e+00
   1545.750 268.813921       6184     -0.101    13.5658   0.056535     0.3555   999.5815     -0.102     0.1813      0.004  0.000e+00
   1546.000 268.813924       6185     -0.102    13.5660   0.056478     0.3552   999.5812     -0.103     0.1842      0.000  0.000e+00
   1546.250 268.813927       6186     -0.100    13.5663   0.056396     0.3546   999.5807     -0.101     0.1805      0.002  0.000e+00
   1546.500 268.813929       6187     -0.101    13.5666   0.056302     0.3540   999.5802     -0.102     0.1796      0.002  0.000e+00
   1546.750 268.813932       6188     -0.103    13.5668   0.056255     0.3537   999.5799     -0.104     0.1780     -0.006  0.000e+00
   1547.000 268.813935       6189     -0.100    13.5671   0.056226     0.3535   999.5797     -0.101     0.1805      0.002  0.000e+00
   1547.250 268.813938       6190     -0.102    13.5674   0.056192     0.3533   999.5795     -0.103     0.1813      0.002  0.000e+00
   1547.500 268.813941       6191     -0.102    13.5677   0.056182     0.3532   999.5794     -0.103     0.1784     -0.004  0.000e+00
   1547.750 268.813944       6192     -0.102    13.5679   0.056198     0.3533   999.5795     -0.103     0.1838     -0.000  0.000e+00
   1548.000 268.813947       6193     -0.103    13.5683   0.056274     0.3538   999.5798     -0.104     0.1829     -0.002  0.000e+00
   1548.250 268.813950       6194     -0.104    13.5685   0.056384     0.3545   999.5803     -0.105     0.1796     -0.004  0.000e+00
   1548.500 268.813953       6195     -0.103    13.5687   0.056494     0.3552   999.5808     -0.104     0.1792      0.000  0.000e+00
   1548.750 268.813955       6196     -0.103    13.5690   0.056560     0.3557   999.5811     -0.104     0.1842      0.002  0.000e+00
   1549.000 268.813958       6197     -0.102    13.5694   0.056585     0.3558   999.5812     -0.103     0.1850      0.002  0.000e+00
   1549.250 268.813961       6198     -0.103    13.5696   0.056551     0.3556   999.5810     -0.104     0.1850      0.000  0.000e+00
   1549.500 268.813964       6199     -0.101    13.5699   0.056503     0.3553   999.5807     -0.102     0.1805      0.002  0.000e+00
   1549.750 268.813967       6200     -0.101    13.5701   0.056403     0.3546   999.5802     -0.102     0.1838      0.004  0.000e+00
   1550.000 268.813970       6201     -0.100    13.5703   0.056299     0.3540   999.5797     -0.101     0.1813      0.002  0.000e+00
   1550.250 268.813973       6202     -0.102    13.5707   0.056217     0.3534   999.5792     -0.103     0.1817     -0.002  0.000e+00
   1550.500 268.813976       6203     -0.101    13.5711   0.056166     0.3531   999.5789     -0.102     0.1792     -0.002  0.000e+00
   1550.750 268.813979       6204     -0.101    13.5712   0.056135     0.3529   999.5787     -0.102     0.1809      0.002  0.000e+00
   1551.000 268.813981       6205     -0.102    13.5716   0.056100     0.3527   999.5785     -0.103     0.1821     -0.002  0.000e+00
   1551.250 268.813984       6206     -0.104    13.5718   0.056107     0.3527   999.5785     -0.105     0.1792     -0.006  0.000e+00
   1551.500 268.813987       6207     -0.103    13.5720   0.056141     0.3529   999.5786     -0.104     0.1809     -0.002  0.000e+00
   1551.750 268.813990       6208     -0.103    13.5725   0.056182     0.3532   999.5787     -0.104     0.1796      0.002  0.000e+00
   1552.000 268.813993       6209     -0.102    13.5726   0.056239     0.3536   999.5790     -0.103     0.1813      0.002  0.000e+00
   1552.250 268.813996       6210     -0.104    13.5728   0.056274     0.3538   999.5792     -0.105     0.1801     -0.002  0.000e+00
   1552.500 268.813999       6211     -0.101    13.5733   0.056280     0.3538   999.5791     -0.102     0.1821      0.002  0.000e+00
   1552.750 268.814002       6212     -0.103    13.5735   0.056292     0.3539   999.5792     -0.104     0.1817      0.002  0.000e+00
   1553.000 268.814005       6213     -0.102    13.5739   0.056264     0.3537   999.5790     -0.103     0.1792     -0.002  0.000e+00
   1553.250 268.814008       6214     -0.104    13.5742   0.056226     0.3535   999.5787     -0.105     0.1796     -0.002  0.000e+00
   1553.500 268.814010       6215     -0.102    13.5745   0.056214     0.3534   999.5786     -0.103     0.1817     -0.000  0.000e+00
   1553.750 268.814013       6216     -0.102    13.5747   0.056217     0.3534   999.5786     -0.103     0.1809      0.004  0.000e+00
   1554.000 268.814016       6217     -0.102    13.5750   0.056239     0.3535   999.5787     -0.103     0.1817     -0.000  0.000e+00
   1554.250 268.814019       6218     -0.105    13.5753   0.056274     0.3538   999.5788     -0.106     0.1817     -0.006  0.000e+00
   1554.500 268.814022       6219     -0.103    13.5755   0.056289     0.3539   999.5789     -0.104     0.1801     -0.002  0.000e+00
   1554.750 268.814025       6220     -0.102    13.5757   0.056302     0.3539   999.5789     -0.103     0.1809      0.006  0.000e+00
   1555.000 268.814028       6221     -0.102    13.5760   0.056264     0.3537   999.5787     -0.103     0.1813      0.002  0.000e+00
   1555.250 268.814031       6222     -0.103    13.5766   0.056207     0.3533   999.5783     -0.104     0.1829     -0.002  0.000e+00
   1555.500 268.814034       6223     -0.103    13.5766   0.056148     0.3529   999.5780     -0.104     0.1809     -0.002  0.000e+00
   1555.750 268.814036       6224     -0.102    13.5770   0.056097     0.3526   999.5777     -0.103     0.1747      0.002  0.000e+00
   1556.000 268.814039       6225     -0.103    13.5772   0.056050     0.3523   999.5774     -0.104     0.1813      0.000  0.000e+00
   1556.250 268.814042       6226     -0.102    13.5776   0.056050     0.3523   999.5774     -0.103     0.1809     -0.000  0.000e+00
   1556.500 268.814045       6227     -0.102    13.5778   0.056066     0.3524   999.5774     -0.103     0.1817      0.002  0.000e+00
   1556.750 268.814048       6228     -0.101    13.5780   0.056107     0.3526   999.5776     -0.102     0.1792      0.002  0.000e+00
   1557.000 268.814051       6229     -0.103    13.5784   0.056157     0.3530   999.5778     -0.104     0.1796     -0.002  0.000e+00
   1557.250 268.814054       6230     -0.103    13.5786   0.056198     0.3532   999.5780     -0.104     0.1854     -0.004  0.000e+00
   1557.500 268.814057       6231     -0.103    13.5788   0.056233     0.3535   999.5781     -0.104     0.1838     -0.000  0.000e+00
   1557.750 268.814060       6232     -0.101    13.5792   0.056245     0.3535   999.5781     -0.102     0.1805      0.004  0.000e+00
   1558.000 268.814062       6233     -0.101    13.5795   0.056223     0.3534   999.5780     -0.102     0.1829      0.004  0.000e+00
   1558.250 268.814065       6234     -0.102    13.5798   0.056182     0.3531   999.5777     -0.103     0.1796     -0.002  0.000e+00
   1558.500 268.814068       6235     -0.102    13.5801   0.056116     0.3527   999.5773     -0.103     0.1829     -0.002  0.000e+00
   1558.750 268.814071       6236     -0.102    13.5805   0.056034     0.3522   999.5769     -0.103     0.1792      0.000  0.000e+00
   1559.000 268.814074       6237     -0.102    13.5806   0.055978     0.3518   999.5766     -0.103     0.1801      0.000  0.000e+00
   1559.250 268.814077       6238     -0.103    13.5809   0.055968     0.3517   999.5765     -0.104     0.1838     -0.002  0.000e+00
   1559.500 268.814080       6239     -0.101    13.5811   0.055984     0.3518   999.5765     -0.102     0.1829      0.002  0.000e+00
   1559.750 268.814083       6240     -0.102    13.5815   0.056050     0.3522   999.5768     -0.103     0.1805      0.002  0.000e+00
   1560.000 268.814086       6241     -0.104    13.5819   0.056132     0.3528   999.5772     -0.105     0.1788     -0.006  0.000e+00
   1560.250 268.814089       6242     -0.104    13.5819   0.056226     0.3534   999.5776     -0.105     0.1842     -0.004  0.000e+00
   1560.500 268.814091       6243     -0.103    13.5822   0.056264     0.3536   999.5778     -0.104     0.1813      0.002  0.000e+00
   1560.750 268.814094       6244     -0.102    13.5825   0.056236     0.3534   999.5776     -0.103     0.1805      0.004  0.000e+00
   1561.000 268.814097       6245     -0.101    13.5831   0.056182     0.3531   999.5773     -0.102     0.1792      0.004  0.000e+00
   1561.250 268.814100       6246     -0.099    13.5832   0.056126     0.3527   999.5770     -0.100     0.1817      0.006  0.000e+00
   1561.500 268.814103       6247     -0.101    13.5834   0.056075     0.3524   999.5767     -0.102     0.1796     -0.000  0.000e+00
   1561.750 268.814106       6248     -0.102    13.5837   0.056059     0.3523   999.5765     -0.103     0.1788     -0.006  0.000e+00
   1562.000 268.814109       6249     -0.103    13.5841   0.056075     0.3524   999.5766     -0.104     0.1772     -0.004  0.000e+00
   1562.250 268.814112       6250     -0.103    13.5843   0.056126     0.3527   999.5768     -0.104     0.1801     -0.002  0.000e+00
   1562.500 268.814115       6251     -0.103    13.5846   0.056116     0.3526   999.5767     -0.104     0.1801      0.000  0.000e+00
   1562.750 268.814117       6252     -0.101    13.5848   0.056069     0.3523   999.5764     -0.102     0.1792      0.004  0.000e+00
   1563.000 268.814120       6253     -0.099    13.5852   0.056000     0.3519   999.5760     -0.100     0.1825      0.009  0.000e+00
   1563.250 268.814123       6254     -0.102    13.5854   0.055978     0.3517   999.5759     -0.103     0.1805     -0.002  0.000e+00
   1563.500 268.814126       6255     -0.102    13.5857   0.055978     0.3517   999.5758     -0.103     0.1813     -0.006  0.000e+00
