Raw_Data/Cage/SBE19/2020-09-25_SBE19_007_036_processed.cnv
* Sea-Bird SBE19plus Data File:
* FileName = C:\cruises\2020_barkerboys\leg2\data\cage\SBE19\2020-09-25_SBE19_004_036.hex
* Software Version 1.59
* Temperature SN =  4881
* Conductivity SN =  4881
* System UpLoad Time = Sep 25 2020 21:23:36
* ds
* SeacatPlus V 1.5  SERIAL NO. 4881    25 Sep 2020  21:17:28
# nquan = 12
# nvalues = 459                                   
# units = specified
# name 0 = timeS: Time, Elapsed [seconds]
# name 1 = timeJ: Julian Days
# name 2 = scan: Scan Count
# name 3 = depSM: Depth [salt water, m], lat = 44.00
# name 4 = tv290C: Temperature [ITS-90, deg C]
# name 5 = c0S/m: Conductivity [S/m]
# name 6 = sal00: Salinity, Practical [PSU]
# name 7 = density00: Density [density, kg/m^3]
# name 8 = prdM: Pressure, Strain Gauge [db]
# name 9 = wetStar: Fluorescence, WET Labs WETstar [mg/m^3]
# name 10 = dz/dtM: Descent Rate [m/s]
# name 11 = flag:  0.000e+00
# span 0 =      0.000,    114.500                 
# span 1 = 269.817778, 269.819103                 
# span 2 =          1,        459                 
# span 3 =     -0.008,      5.239                 
# span 4 =    12.6740,    13.7040                 
# span 5 =   0.046882,   3.861963                 
# span 6 =     0.2921,    32.8879                 
# span 7 =   999.5144,  1024.8338                 
# span 8 =     -0.008,      5.282                 
# span 9 =     0.1788,     5.6530                 
# span 10 =     -0.251,      0.657                
# span 11 = 0.0000e+00, 0.0000e+00                
# interval = seconds: 0.25
# start_time = Sep 25 2020 19:37:36 [Instrument's time stamp, header]
# bad_flag = -9.990e-29
*END*
[from data line 121]
     30.250 269.818128        122      1.216    12.9943   3.857795    32.7373  1024.6470      1.226     0.1842      0.498  0.000e+00
     30.500 269.818131        123      1.315    12.9831   3.858440    32.7531  1024.6619      1.326     0.1858      0.434  0.000e+00
     30.750 269.818134        124      1.411    12.9746   3.855914    32.7365  1024.6512      1.422     0.1875      0.393  0.000e+00
     31.000 269.818137        125      1.521    12.9691   3.855020    32.7328  1024.6499      1.534     0.1937      0.417  0.000e+00
     31.250 269.818139        126      1.638    12.9639   3.853496    32.7228  1024.6437      1.651     0.1875      0.457  0.000e+00
     31.500 269.818142        127      1.759    12.9529   3.850823    32.7069  1024.6341      1.773     0.1858      0.479  0.000e+00
     31.750 269.818145        128      1.895    12.9378   3.851609    32.7274  1024.6536      1.911     0.1854      0.520  0.000e+00
     32.000 269.818148        129      2.041    12.9303   3.851011    32.7282  1024.6563      2.058     0.1908      0.569  0.000e+00
     32.250 269.818151        130      2.192    12.9166   3.847460    32.7063  1024.6427      2.210     0.1928      0.599  0.000e+00
     32.500 269.818154        131      2.344    12.8869   3.842348    32.6835  1024.6316      2.363     0.1850      0.610  0.000e+00
     32.750 269.818157        132      2.496    12.8496   3.838672    32.6809  1024.6375      2.516     0.1875      0.612  0.000e+00
     33.000 269.818160        133      2.654    12.8146   3.836132    32.6870  1024.6498      2.675     0.1908      0.625  0.000e+00
     33.250 269.818163        134      2.816    12.7840   3.835073    32.7034  1024.6692      2.838     0.1937      0.644  0.000e+00
     33.500 269.818166        135      2.970    12.7609   3.834664    32.7195  1024.6868      2.994     0.1862      0.638  0.000e+00
     33.750 269.818168        136      3.114    12.7442   3.834397    32.7314  1024.6999      3.139     0.1916      0.601  0.000e+00
     34.000 269.818171        137      3.251    12.7308   3.833908    32.7383  1024.7085      3.277     0.1887      0.567  0.000e+00
     34.250 269.818174        138      3.376    12.7191   3.833023    32.7399  1024.7126      3.403     0.1871      0.528  0.000e+00
     34.500 269.818177        139      3.497    12.7101   3.832413    32.7420  1024.7165      3.525     0.1867      0.496  0.000e+00
     34.750 269.818180        140      3.613    12.7033   3.831891    32.7428  1024.7189      3.642     0.1862      0.479  0.000e+00
     35.000 269.818183        141      3.732    12.6978   3.831187    32.7409  1024.7191      3.763     0.3189      0.475  0.000e+00
     35.250 269.818186        142      3.861    12.6935   3.830625    32.7392  1024.7192      3.893     1.3959      0.500  0.000e+00
     35.500 269.818189        143      3.997    12.6890   3.830444    32.7413  1024.7223      4.029     2.3632      0.533  0.000e+00
     35.750 269.818192        144      4.135    12.6843   3.830095    32.7420  1024.7244      4.169     2.4324      0.552  0.000e+00
     36.000 269.818194        145      4.279    12.6804   3.829774    32.7423  1024.7261      4.314     2.3883      0.569  0.000e+00
     36.250 269.818197        146      4.434    12.6776   3.829493    32.7420  1024.7270      4.470     2.4473      0.603  0.000e+00
     36.500 269.818200        147      4.594    12.6766   3.829600    32.7438  1024.7294      4.631     2.4951      0.636  0.000e+00
     36.750 269.818203        148      4.760    12.6755   3.829995    32.7484  1024.7339      4.799     2.4440      0.657  0.000e+00
     37.000 269.818206        149      4.875    12.6740   3.841050    32.8550  1024.8173      4.915     2.4736      0.567  0.000e+00
     37.250 269.818209        150      4.918    12.6759   3.843492    32.8766  1024.8338      4.958     2.5194      0.318  0.000e+00
     37.500 269.818212        151      4.910    12.6896   3.843706    32.8667  1024.8235      4.950     2.5503      0.071  0.000e+00
     37.750 269.818215        152      4.892    12.7233   3.842351    32.8245  1024.7842      4.932     2.4201     -0.051  0.000e+00
     38.000 269.818218        153      4.875    12.7492   3.838923    32.7693  1024.7363      4.915     2.4056     -0.071  0.000e+00
     38.250 269.818220        154      4.835    12.7487   3.837226    32.7536  1024.7241      4.874     2.4707     -0.116  0.000e+00
     38.500 269.818223        155      4.798    12.7380   3.835745    32.7488  1024.7223      4.836     2.4810     -0.157  0.000e+00
     38.750 269.818226        156      4.776    12.7244   3.832990    32.7344  1024.7137      4.815     2.5630     -0.118  0.000e+00
     39.000 269.818229        157      4.772    12.7112   3.832347    32.7398  1024.7204      4.811     2.6207     -0.052  0.000e+00
     39.250 269.818232        158      4.778    12.7024   3.831469    32.7391  1024.7216      4.817     2.6928      0.004  0.000e+00
     39.500 269.818235        159      4.789    12.6978   3.831013    32.7388  1024.7222      4.828     3.0092      0.034  0.000e+00
     39.750 269.818238        160      4.799    12.6965   3.831684    32.7462  1024.7283      4.837     2.6306      0.041  0.000e+00
     40.000 269.818241        161      4.803    12.6973   3.832816    32.7564  1024.7360      4.842     2.5309      0.028  0.000e+00
     40.250 269.818244        162      4.792    12.6983   3.833660    32.7635  1024.7413      4.831     2.5441     -0.013  0.000e+00
     40.500 269.818247        163      4.774    12.6977   3.833024    32.7580  1024.7371      4.813     2.5260     -0.058  0.000e+00
     40.750 269.818249        164      4.753    12.6957   3.832213    32.7520  1024.7327      4.791     2.5082     -0.079  0.000e+00
     41.000 269.818252        165      4.749    12.6938   3.831824    32.7500  1024.7315      4.787     2.4996     -0.052  0.000e+00
     41.250 269.818255        166      4.753    12.6932   3.831543    32.7478  1024.7300      4.791     2.5630 1.2127e-12  0.000e+00
     41.500 269.818258        167      4.771    12.6950   3.831784    32.7485  1024.7303      4.810     2.6392      0.045  0.000e+00
     41.750 269.818261        168      4.799    12.6977   3.832280    32.7509  1024.7317      4.837     2.6487      0.092  0.000e+00
     42.000 269.818264        169      4.823    12.7005   3.833057    32.7558  1024.7351      4.862     2.6327      0.105  0.000e+00
     42.250 269.818267        170      4.835    12.7020   3.834029    32.7638  1024.7410      4.874     2.6343      0.073  0.000e+00
     42.500 269.818270        171      4.838    12.7022   3.834787    32.7709  1024.7465      4.877     2.4633      0.030  0.000e+00
     42.750 269.818273        172      4.824    12.7021   3.835705    32.7797  1024.7532      4.863     2.9091     -0.021  0.000e+00
     43.000 269.818275        173      4.801    12.7010   3.835993    32.7833  1024.7562      4.840     2.6817     -0.075  0.000e+00
     43.250 269.818278        174      4.771    12.6990   3.835511    32.7806  1024.7543      4.810     2.6598     -0.107  0.000e+00
     43.500 269.818281        175      4.741    12.6969   3.834927    32.7768  1024.7517      4.779     2.7806     -0.120  0.000e+00
     43.750 269.818284        176      4.717    12.6948   3.834049    32.7702  1024.7469      4.755     2.6652     -0.109  0.000e+00
     44.000 269.818287        177      4.709    12.6920   3.832809    32.7609  1024.7401      4.747     2.7229     -0.064  0.000e+00
     44.250 269.818290        178      4.719    12.6888   3.831295    32.7492  1024.7318      4.757     2.7126      0.004  0.000e+00
     44.500 269.818293        179      4.750    12.6873   3.830900    32.7468  1024.7303      4.788     2.7422      0.082  0.000e+00
     44.750 269.818296        180      4.795    12.6892   3.831362    32.7495  1024.7322      4.834     2.7159      0.155  0.000e+00
     45.000 269.818299        181      4.848    12.6930   3.832280    32.7549  1024.7360      4.887     2.5651      0.197  0.000e+00
     45.250 269.818302        182      4.894    12.6959   3.836201    32.7897  1024.7626      4.934     3.0175      0.200  0.000e+00
     45.500 269.818304        183      4.919    12.6984   3.842552    32.8480  1024.8073      4.959     2.6973      0.144  0.000e+00
     45.750 269.818307        184      4.930    12.6989   3.843740    32.8589  1024.8157      4.969     2.6154      0.071  0.000e+00
     46.000 269.818310        185      4.915    12.6999   3.844947    32.8695  1024.8237      4.954     2.6833     -0.009  0.000e+00
     46.250 269.818313        186      4.878    12.7082   3.845726    32.8697  1024.8221      4.918     3.4694     -0.103  0.000e+00
     46.500 269.818316        187      4.832    12.7242   3.846095    32.8593  1024.8106      4.871     2.9355     -0.168  0.000e+00
     46.750 269.818319        188      4.773    12.7439   3.846504    32.8460  1024.7963      4.812     3.0500     -0.213  0.000e+00
     47.000 269.818322        189      4.722    12.7590   3.846222    32.8302  1024.7809      4.760     2.9470     -0.221  0.000e+00
     47.250 269.818325        190      4.692    12.7654   3.844557    32.8088  1024.7629      4.730     2.6879     -0.163  0.000e+00
     47.500 269.818328        191      4.688    12.7658   3.840901    32.7738  1024.7357      4.726     2.7311     -0.069  0.000e+00
     47.750 269.818330        192      4.706    12.7615   3.838078    32.7507  1024.7188      4.744     2.7282      0.028  0.000e+00
     48.000 269.818333        193      4.739    12.7526   3.836663    32.7449  1024.7161      4.777     2.7043      0.103  0.000e+00
     48.250 269.818336        194      4.777    12.7413   3.836201    32.7503  1024.7227      4.816     2.7892      0.144  0.000e+00
     48.500 269.818339        195      4.812    12.7331   3.836791    32.7631  1024.7343      4.851     2.7707      0.148  0.000e+00
     48.750 269.818342        196      4.837    12.7282   3.838822    32.7866  1024.7536      4.876     2.6887      0.120  0.000e+00
     49.000 269.818345        197      4.854    12.7279   3.841156    32.8091  1024.7712      4.893     2.6116      0.084  0.000e+00
     49.250 269.818348        198      4.869    12.7289   3.842183    32.8179  1024.7779      4.908     2.5684      0.064  0.000e+00
     49.500 269.818351        199      4.886    12.7289   3.842719    32.8231  1024.7820      4.925     2.5354      0.064  0.000e+00
     49.750 269.818354        200      4.902    12.7280   3.844343    32.8393  1024.7947      4.942     2.5762      0.067  0.000e+00
     50.000 269.818356        201      4.915    12.7275   3.845799    32.8536  1024.8060      4.954     2.6191      0.058  0.000e+00
     50.250 269.818359        202      4.917    12.7271   3.847390    32.8691  1024.8181      4.957     2.6092      0.030  0.000e+00
     50.500 269.818362        203      4.905    12.7262   3.847987    32.8755  1024.8232      4.945     2.6236     -0.019  0.000e+00
     50.750 269.818365        204      4.878    12.7237   3.848209    32.8798  1024.8269      4.918     3.0179     -0.077  0.000e+00
     51.000 269.818368        205      4.842    12.7218   3.848880    32.8879  1024.8333      4.881     2.7344     -0.127  0.000e+00
     51.250 269.818371        206      4.811    12.7344   3.849095    32.8789  1024.8238      4.850     2.6730     -0.135  0.000e+00
     51.500 269.818374        207      4.794    12.7640   3.849403    32.8561  1024.8003      4.833     2.7216     -0.097  0.000e+00
     51.750 269.818377        208      4.793    12.7916   3.849665    32.8346  1024.7782      4.832     2.7155     -0.037  0.000e+00
     52.000 269.818380        209      4.811    12.8106   3.849839    32.8197  1024.7631      4.850     2.6718      0.034  0.000e+00
     52.250 269.818383        210      4.836    12.8220   3.849342    32.8050  1024.7496      4.875     2.8345      0.086  0.000e+00
     52.500 269.818385        211      4.862    12.8270   3.848865    32.7962  1024.7419      4.902     2.9940      0.103  0.000e+00
     52.750 269.818388        212      4.888    12.8285   3.849167    32.7977  1024.7429      4.928     2.9845      0.105  0.000e+00
     53.000 269.818391        213      4.902    12.8308   3.850443    32.8078  1024.7504      4.942     2.8704      0.079  0.000e+00
     53.250 269.818394        214      4.909    12.8346   3.852108    32.8204  1024.7594      4.949     2.6607      0.043  0.000e+00
     53.500 269.818397        215      4.900    12.8393   3.852451    32.8195  1024.7578      4.939     2.6920     -0.004  0.000e+00
     53.750 269.818400        216      4.876    12.8427   3.852538    32.8174  1024.7553      4.916     3.2144     -0.067  0.000e+00
     54.000 269.818403        217      4.842    12.8498   3.852074    32.8069  1024.7457      4.881     2.7991     -0.116  0.000e+00
     54.250 269.818406        218      4.808    12.8650   3.850939    32.7829  1024.7240      4.847     3.0039     -0.137  0.000e+00
     54.500 269.818409        219      4.787    12.8843   3.850516    32.7622  1024.7041      4.826     2.9726     -0.112  0.000e+00
     54.750 269.818411        220      4.786    12.9026   3.851154    32.7523  1024.6928      4.825     2.9478     -0.045  0.000e+00
     55.000 269.818414        221      4.808    12.9157   3.850261    32.7325  1024.6751      4.847     2.9433      0.043  0.000e+00
     55.250 269.818417        222      4.854    12.9219   3.849200    32.7171  1024.6621      4.893     2.8988      0.137  0.000e+00
     55.500 269.818420        223      4.905    12.9239   3.848770    32.7113  1024.6574      4.945     2.9231      0.195  0.000e+00
     55.750 269.818423        224      4.954    12.9158   3.848844    32.7190  1024.6652      4.994     3.2774      0.202  0.000e+00
     56.000 269.818426        225      4.985    12.8900   3.849590    32.7484  1024.6931      5.025     3.1118      0.161  0.000e+00
     56.250 269.818429        226      4.989    12.8710   3.851329    32.7813  1024.7224      5.030     2.8304      0.071  0.000e+00
     56.500 269.818432        227      4.969    12.8656   3.851188    32.7847  1024.7260      5.009     2.9466     -0.032  0.000e+00
     56.750 269.818435        228      4.927    12.8629   3.850691    32.7823  1024.7245      4.967     2.9458     -0.125  0.000e+00
     57.000 269.818438        229      4.885    12.8713   3.850053    32.7690  1024.7123      4.924     2.9618     -0.170  0.000e+00
     57.250 269.818440        230      4.854    12.8882   3.849945    32.7533  1024.6967      4.893     3.0228     -0.148  0.000e+00
     57.500 269.818443        231      4.845    12.9042   3.850583    32.7455  1024.6875      4.885     2.9606     -0.079  0.000e+00
     57.750 269.818446        232      4.858    12.9161   3.849804    32.7279  1024.6716      4.898     2.7793      0.009  0.000e+00
     58.000 269.818449        233      4.891    12.9231   3.849374    32.7177  1024.6625      4.931     2.8102      0.092  0.000e+00
     58.250 269.818452        234      4.928    12.9262   3.849133    32.7128  1024.6582      4.968     2.8337      0.142  0.000e+00
     58.500 269.818455        235      4.957    12.9171   3.849556    32.7246  1024.6693      4.997     2.9198      0.133  0.000e+00
     58.750 269.818458        236      4.972    12.8993   3.850758    32.7514  1024.6936      5.012     2.9103      0.088  0.000e+00
     59.000 269.818461        237      4.972    12.8929   3.851470    32.7637  1024.7044      5.012     2.9660      0.030  0.000e+00
     59.250 269.818464        238      4.955    12.8903   3.851362    32.7649  1024.7058      4.995     2.8988     -0.034  0.000e+00
     59.500 269.818466        239      4.931    12.8901   3.851436    32.7658  1024.7063      4.971     2.9355     -0.084  0.000e+00
     59.750 269.818469        240      4.902    12.8993   3.851295    32.7565  1024.6973      4.942     2.8766     -0.107  0.000e+00
