Raw_Data/Cage/SBE19/2020-09-24_SBE19_006_023_processed.cnv
* Sea-Bird SBE19plus Data File:
* FileName = C:\cruises\2020_barkerboys\leg2\data\cage\SBE19\2020-09-25_SBE19_004_023.hex
* Software Version 1.59
* Temperature SN =  4881
* Conductivity SN =  4881
* System UpLoad Time = Sep 25 2020 12:43:06
* ds
* SeacatPlus V 1.5  SERIAL NO. 4881    25 Sep 2020  12:15:39
# nquan = 12
# nvalues = 2632                                  
# units = specified
# name 0 = timeS: Time, Elapsed [seconds]
# name 1 = timeJ: Julian Days
# name 2 = scan: Scan Count
# name 3 = depSM: Depth [salt water, m], lat = 44.00
# name 4 = tv290C: Temperature [ITS-90, deg C]
# name 5 = c0S/m: Conductivity [S/m]
# name 6 = sal00: Salinity, Practical [PSU]
# name 7 = density00: Density [density, kg/m^3]
# name 8 = prdM: Pressure, Strain Gauge [db]
# name 9 = wetStar: Fluorescence, WET Labs WETstar [mg/m^3]
# name 10 = dz/dtM: Descent Rate [m/s]
# name 11 = flag:  0.000e+00
# span 0 =      0.000,    657.750                 
# span 1 = 268.623993, 268.631606                 
# span 2 =          1,       2632                 
# span 3 =     -0.090,    183.168                 
# span 4 =     9.6774,    16.4034                 
# span 5 =   0.002640,   3.909093                 
# span 6 =     0.0197,    33.6216                 
# span 7 =   998.8928,  1026.7658                 
# span 8 =     -0.090,    184.733                 
# span 9 =     0.1080,     3.3710                 
# span 10 =     -1.380,      1.154                
# span 11 = 0.0000e+00, 0.0000e+00                
# interval = seconds: 0.25
# start_time = Sep 24 2020 14:58:33 [Instrument's time stamp, header]
# bad_flag = -9.990e-29
*END*
[from data line 241]
     60.250 268.624690        242     -0.088    16.3817   0.004206     0.0277   998.9025     -0.088     0.1512      0.000  0.000e+00
     60.500 268.624693        243     -0.085    16.3817   0.004193     0.0277   998.9025     -0.086     0.1512      0.004  0.000e+00
     60.750 268.624696        244     -0.087    16.3815   0.004193     0.0277   998.9026     -0.087     0.1545      0.002  0.000e+00
     61.000 268.624699        245     -0.087    16.3815   0.004187     0.0276   998.9025     -0.087     0.1525     -0.002  0.000e+00
     61.250 268.624702        246     -0.088    16.3812   0.004193     0.0277   998.9026     -0.088     0.1566     -0.002  0.000e+00
     61.500 268.624705        247     -0.087    16.3809   0.004181     0.0276   998.9026     -0.087     0.1541      0.000  0.000e+00
     61.750 268.624708        248     -0.084    16.3809   0.004203     0.0277   998.9027     -0.085     0.1520      0.006  0.000e+00
     62.000 268.624711        249     -0.038    16.3805   0.105122     0.6315   999.3688     -0.038     0.1508      0.099  0.000e+00
     62.250 268.624714        250      0.172    16.0724   3.665647    28.5716  1020.7945      0.174     0.1492      0.518  0.000e+00
     62.500 268.624716        251      0.378    15.0908   3.804619    30.5275  1022.5091      0.381     0.1529      0.838  0.000e+00
     62.750 268.624719        252      0.532    14.3010   3.825385    31.3426  1023.3031      0.537     0.1512      0.726  0.000e+00
     63.000 268.624722        253      0.652    13.8248   3.833993    31.8120  1023.7633      0.657     0.1562      0.552  0.000e+00
     63.250 268.624725        254      0.754    13.5551   3.844439    32.1340  1024.0669      0.760     0.1549      0.447  0.000e+00
     63.500 268.624728        255      0.850    13.4018   3.851562    32.3299  1024.2495      0.857     0.1529      0.399  0.000e+00
     63.750 268.624731        256      0.939    13.3117   3.855943    32.4474  1024.3588      0.947     0.1541      0.374  0.000e+00
     64.000 268.624734        257      1.028    13.2596   3.852457    32.4592  1024.3786      1.036     0.1541      0.359  0.000e+00
     64.250 268.624737        258      1.147    13.2238   3.853351    32.4982  1024.4164      1.156     0.1537      0.419  0.000e+00
     64.500 268.624740        259      1.331    13.2046   3.845584    32.4415  1024.3772      1.342     0.1525      0.612  0.000e+00
     64.750 268.624742        260      1.563    13.1977   3.841820    32.4119  1024.3567      1.576     0.1529      0.840  0.000e+00
     65.000 268.624745        261      1.833    13.1814   3.844692    32.4527  1024.3927      1.848     0.1549      1.012  0.000e+00
     65.250 268.624748        262      2.119    13.1552   3.846108    32.4883  1024.4267      2.136     0.1537      1.121  0.000e+00
     65.500 268.624751        263      2.404    13.1259   3.848116    32.5322  1024.4678      2.423     0.1541      1.151  0.000e+00
     65.750 268.624754        264      2.645    13.0999   3.850754    32.5793  1024.5105      2.667     0.1541      1.061  0.000e+00
     66.000 268.624757        265      2.811    13.0757   3.858863    32.6765  1024.5912      2.833     0.1529      0.820  0.000e+00
     66.250 268.624760        266      2.908    13.0796   3.863971    32.7213  1024.6255      2.931     0.1525      0.528  0.000e+00
     66.500 268.624763        267      2.981    13.1518   3.856194    32.5858  1024.5068      3.005     0.1553      0.344  0.000e+00
     66.750 268.624766        268      3.088    13.2107   3.845007    32.4302  1024.3752      3.113     0.1537      0.363  0.000e+00
     67.000 268.624769        269      3.248    13.1769   3.840298    32.4147  1024.3706      3.275     0.1529      0.539  0.000e+00
     67.250 268.624771        270      3.437    13.0960   3.841299    32.4932  1024.4482      3.465     0.1545      0.704  0.000e+00
     67.500 268.624774        271      3.646    13.0251   3.842883    32.5689  1024.5217      3.675     0.1562      0.801  0.000e+00
     67.750 268.624777        272      3.859    12.9755   3.843454    32.6169  1024.5695      3.890     0.1562      0.850  0.000e+00
     68.000 268.624780        273      4.086    12.9401   3.842784    32.6410  1024.5961      4.119     0.1504      0.887  0.000e+00
     68.250 268.624783        274      4.307    12.9131   3.843153    32.6677  1024.6231      4.342     0.1541      0.904  0.000e+00
     68.500 268.624786        275      4.500    12.8917   3.846394    32.7168  1024.6662      4.536     0.1516      0.835  0.000e+00
     68.750 268.624789        276      4.651    12.8779   3.853887    32.7997  1024.7338      4.689     0.9138      0.694  0.000e+00
     69.000 268.624792        277      4.763    12.8744   3.857300    32.8351  1024.7623      4.802     1.1330      0.530  0.000e+00
     69.250 268.624795        278      4.851    12.8696   3.853021    32.7987  1024.7355      4.891     1.2014      0.404  0.000e+00
     69.500 268.624797        279      4.925    12.8572   3.848563    32.7671  1024.7138      4.965     1.0992      0.326  0.000e+00
     69.750 268.624800        280      4.995    12.8498   3.847247    32.7610  1024.7109      5.036     1.0572      0.290  0.000e+00
     70.000 268.624803        281      5.039    12.8535   3.858476    32.8643  1024.7903      5.080     1.1103      0.230  0.000e+00
     70.250 268.624806        282      5.036    12.8619   3.859578    32.8675  1024.7911      5.076     1.1577      0.082  0.000e+00
     70.500 268.624809        283      5.025    12.8643   3.852323    32.7965  1024.7356      5.066     1.1820     -0.028  0.000e+00
     70.750 268.624812        284      5.032    12.8612   3.844234    32.7225  1024.6790      5.073     1.1417     -0.006  0.000e+00
     71.000 268.624815        285      5.091    12.8549   3.843798    32.7238  1024.6815      5.132     1.1136      0.133  0.000e+00
     71.250 268.624818        286      5.160    12.8576   3.849805    32.7784  1024.7236      5.202     1.1330      0.258  0.000e+00
     71.500 268.624821        287      5.207    12.8646   3.854915    32.8208  1024.7552      5.249     1.0654      0.234  0.000e+00
     71.750 268.624823        288      5.251    12.8644   3.851611    32.7896  1024.7313      5.293     1.0864      0.182  0.000e+00
     72.000 268.624826        289      5.300    12.8554   3.847509    32.7585  1024.7092      5.343     1.0823      0.187  0.000e+00
     72.250 268.624829        290      5.339    12.8493   3.849308    32.7808  1024.7278      5.382     1.1120      0.178  0.000e+00
     72.500 268.624832        291      5.355    12.8550   3.851222    32.7940  1024.7370      5.399     1.1602      0.112  0.000e+00
     72.750 268.624835        292      5.351    12.8597   3.851222    32.7899  1024.7329      5.394     1.1997      0.024  0.000e+00
     73.000 268.624838        293      5.326    12.8581   3.852954    32.8078  1024.7469      5.370     1.1783     -0.058  0.000e+00
     73.250 268.624841        294      5.272    12.8558   3.854815    32.8275  1024.7624      5.315     1.0918     -0.159  0.000e+00
     73.500 268.624844        295      5.200    12.8544   3.854989    32.8303  1024.7645      5.242     1.0844     -0.256  0.000e+00
     73.750 268.624847        296      5.121    12.8527   3.852142    32.8049  1024.7448      5.162     1.0774     -0.305  0.000e+00
     74.000 268.624850        297      5.060    12.8504   3.850302    32.7895  1024.7331      5.101     1.0943     -0.281  0.000e+00
     74.250 268.624852        298      5.024    12.8529   3.849020    32.7752  1024.7213      5.065     1.0902     -0.195  0.000e+00
     74.500 268.624855        299      5.023    12.8653   3.848952    32.7638  1024.7101      5.064     1.0572     -0.075  0.000e+00
     74.750 268.624858        300      5.059    12.8821   3.849979    32.7589  1024.7032      5.100     1.0761      0.071  0.000e+00
     75.000 268.624861        301      5.117    12.8959   3.851758    32.7637  1024.7045      5.158     1.2323      0.189  0.000e+00
     75.250 268.624864        302      5.175    12.9055   3.855237    32.7884  1024.7219      5.217     1.2409      0.234  0.000e+00
     75.500 268.624867        303      5.216    12.9124   3.864996    32.8748  1024.7877      5.258     1.1721      0.200  0.000e+00
     75.750 268.624870        304      5.240    12.9208   3.874960    32.9620  1024.8537      5.283     1.1371      0.131  0.000e+00
     76.000 268.624873        305      5.238    12.9225   3.878865    32.9975  1024.8808      5.280     1.1441      0.045  0.000e+00
     76.250 268.624876        306      5.224    12.9200   3.873425    32.9481  1024.8430      5.266     1.1532     -0.032  0.000e+00
     76.500 268.624878        307      5.208    12.9170   3.865124    32.8720  1024.7846      5.250     1.1326     -0.060  0.000e+00
     76.750 268.624881        308      5.195    12.9110   3.859114    32.8204  1024.7457      5.237     1.1585     -0.058  0.000e+00
     77.000 268.624884        309      5.187    12.9008   3.855735    32.7972  1024.7297      5.229     1.2113     -0.043  0.000e+00
     77.250 268.624887        310      5.183    12.8932   3.855560    32.8021  1024.7350      5.225     1.2084     -0.026  0.000e+00
     77.500 268.624890        311      5.173    12.8959   3.857300    32.8162  1024.7454      5.215     1.1643     -0.028  0.000e+00
     77.750 268.624893        312      5.164    12.9074   3.859511    32.8272  1024.7516      5.206     1.1264     -0.036  0.000e+00
     78.000 268.624896        313      5.146    12.9185   3.861682    32.8381  1024.7578      5.188     1.1721     -0.054  0.000e+00
     78.250 268.624899        314      5.132    12.9233   3.863086    32.8473  1024.7639      5.174     1.2006     -0.064  0.000e+00
     78.500 268.624902        315      5.126    12.9219   3.861997    32.8382  1024.7571      5.168     1.1771     -0.041  0.000e+00
     78.750 268.624905        316      5.128    12.9187   3.860290    32.8249  1024.7474      5.170     1.1709     -0.009  0.000e+00
     79.000 268.624907        317      5.141    12.9148   3.859867    32.8242  1024.7477      5.183     1.2199      0.030  0.000e+00
     79.250 268.624910        318      5.170    12.9121   3.860398    32.8316  1024.7541      5.212     1.3052      0.084  0.000e+00
     79.500 268.624913        319      5.200    12.9113   3.861682    32.8444  1024.7643      5.242     1.1804      0.118  0.000e+00
     79.750 268.624916        320      5.235    12.9122   3.863746    32.8632  1024.7788      5.277     1.2962      0.131  0.000e+00
     80.000 268.624919        321      5.261    12.9148   3.868251    32.9035  1024.8097      5.304     1.2599      0.125  0.000e+00
     80.250 268.624922        322      5.283    12.9213   3.876071    32.9720  1024.8615      5.325     1.2022      0.097  0.000e+00
     80.500 268.624925        323      5.291    12.9331   3.881296    33.0113  1024.8897      5.334     1.2372      0.060  0.000e+00
     80.750 268.624928        324      5.282    12.9448   3.883795    33.0247  1024.8977      5.324     1.2290     -0.002  0.000e+00
     81.000 268.624931        325      5.258    12.9514   3.883162    33.0130  1024.8872      5.301     1.2393     -0.067  0.000e+00
     81.250 268.624933        326      5.222    12.9546   3.876609    32.9482  1024.8362      5.264     1.2298     -0.120  0.000e+00
     81.500 268.624936        327      5.176    12.9536   3.871992    32.9053  1024.8030      5.218     1.2216     -0.165  0.000e+00
     81.750 268.624939        328      5.135    12.9479   3.867921    32.8717  1024.7780      5.176     1.2072     -0.176  0.000e+00
     82.000 268.624942        329      5.103    12.9401   3.863248    32.8343  1024.7504      5.144     1.2014     -0.148  0.000e+00
     82.250 268.624945        330      5.097    12.9305   3.860270    32.8144  1024.7368      5.139     1.2166     -0.075  0.000e+00
     82.500 268.624948        331      5.114    12.9184   3.858119    32.8045  1024.7316      5.156     1.1808      0.024  0.000e+00
     82.750 268.624951        332      5.149    12.9100   3.855022    32.7825  1024.7164      5.191     1.2265      0.105  0.000e+00
     83.000 268.624954        333      5.198    12.9085   3.853531    32.7696  1024.7069      5.241     1.2224      0.170  0.000e+00
     83.250 268.624957        334      5.244    12.9113   3.854512    32.7764  1024.7119      5.287     1.2166      0.191  0.000e+00
     83.500 268.624959        335      5.277    12.9165   3.861897    32.8419  1024.7617      5.320     1.2113      0.159  0.000e+00
     83.750 268.624962        336      5.292    12.9317   3.878037    32.9816  1024.8670      5.335     1.2352      0.097  0.000e+00
     84.000 268.624965        337      5.290    12.9472   3.884820    33.0323  1024.9032      5.333     1.2051      0.026  0.000e+00
     84.250 268.624968        338      5.267    12.9482   3.892538    33.1046  1024.9588      5.309     1.2451     -0.052  0.000e+00
     84.500 268.624971        339      5.228    12.9785   3.894730    33.0989  1024.9482      5.271     1.2331     -0.125  0.000e+00
     84.750 268.624974        340      5.186    13.0546   3.896044    33.0449  1024.8913      5.228     1.2731     -0.163  0.000e+00
     85.000 268.624977        341      5.141    13.1315   3.896927    32.9863  1024.8305      5.183     1.3184     -0.176  0.000e+00
     85.250 268.624980        342      5.107    13.1965   3.897574    32.9360  1024.7785      5.148     1.2830     -0.159  0.000e+00
     85.500 268.624983        343      5.081    13.2536   3.897755    32.8883  1024.7300      5.122     1.2817     -0.120  0.000e+00
     85.750 268.624986        344      5.077    13.2960   3.896560    32.8404  1024.6845      5.118     1.3361     -0.060  0.000e+00
     86.000 268.624988        345      5.090    13.3149   3.891623    32.7777  1024.6323      5.131     1.3081      0.017  0.000e+00
     86.250 268.624991        346      5.116    13.3149   3.885057    32.7161  1024.5847      5.158     1.2315      0.079  0.000e+00
     86.500 268.624994        347      5.163    13.3145   3.880220    32.6711  1024.5502      5.205     1.2220      0.148  0.000e+00
     86.750 268.624997        348      5.217    13.3129   3.878739    32.6585  1024.5410      5.259     1.2051      0.202  0.000e+00
     87.000 268.625000        349      5.268    13.2897   3.879823    32.6885  1024.5692      5.310     1.2224      0.210  0.000e+00
     87.250 268.625003        350      5.302    13.2459   3.885348    32.7782  1024.6474      5.345     1.1903      0.172  0.000e+00
     87.500 268.625006        351      5.310    13.2228   3.894841    32.8873  1024.7365      5.353     1.2459      0.086  0.000e+00
     87.750 268.625009        352      5.287    13.2127   3.896494    32.9117  1024.7572      5.330     1.2409     -0.030  0.000e+00
     88.000 268.625012        353      5.238    13.2092   3.897715    32.9263  1024.7690      5.280     1.2278     -0.146  0.000e+00
     88.250 268.625014        354      5.177    13.2594   3.897141    32.8774  1024.7209      5.219     1.2854     -0.221  0.000e+00
     88.500 268.625017        355      5.122    13.3314   3.897572    32.8193  1024.6613      5.163     1.3221     -0.234  0.000e+00
     88.750 268.625020        356      5.091    13.3825   3.896897    32.7690  1024.6121      5.132     1.2974     -0.174  0.000e+00
     89.000 268.625023        357      5.088    13.4161   3.891703    32.6914  1024.5453      5.129     1.2414     -0.069  0.000e+00
     89.250 268.625026        358      5.116    13.4326   3.886963    32.6330  1024.4969      5.158     1.2471      0.051  0.000e+00
     89.500 268.625029        359      5.163    13.4331   3.884234    32.6070  1024.4770      5.205     1.2368      0.152  0.000e+00
     89.750 268.625032        360      5.220    13.3840   3.881904    32.6272  1024.5027      5.262     1.2265      0.208  0.000e+00
