Raw_Data/Cage/SBE19/2020-09-24_SBE19_006_030_processed.cnv
* Sea-Bird SBE19plus Data File:
* FileName = C:\cruises\2020_barkerboys\leg2\data\cage\SBE19\2020-09-25_SBE19_004_030.hex
* Software Version 1.59
* Temperature SN =  4881
* Conductivity SN =  4881
* System UpLoad Time = Sep 25 2020 12:52:05
* ds
* SeacatPlus V 1.5  SERIAL NO. 4881    25 Sep 2020  12:15:39
# nquan = 12
# nvalues = 2476                                  
# units = specified
# name 0 = timeS: Time, Elapsed [seconds]
# name 1 = timeJ: Julian Days
# name 2 = scan: Scan Count
# name 3 = depSM: Depth [salt water, m], lat = 44.00
# name 4 = tv290C: Temperature [ITS-90, deg C]
# name 5 = c0S/m: Conductivity [S/m]
# name 6 = sal00: Salinity, Practical [PSU]
# name 7 = density00: Density [density, kg/m^3]
# name 8 = prdM: Pressure, Strain Gauge [db]
# name 9 = wetStar: Fluorescence, WET Labs WETstar [mg/m^3]
# name 10 = dz/dtM: Descent Rate [m/s]
# name 11 = flag:  0.000e+00
# span 0 =      0.000,    618.750                 
# span 1 = 268.825069, 268.832231                 
# span 2 =          1,       2476                 
# span 3 =     -0.106,    164.635                 
# span 4 =     9.9426,    14.3885                 
# span 5 =   0.047578,   3.858832                 
# span 6 =     0.2916,    33.5079                 
# span 7 =   999.4192,  1026.5453                 
# span 8 =     -0.107,    166.034                 
# span 9 =     0.1257,     3.4154                 
# span 10 =     -1.556,      1.217                
# span 11 = 0.0000e+00, 0.0000e+00                
# interval = seconds: 0.25
# start_time = Sep 24 2020 19:48:06 [Instrument's time stamp, header]
# bad_flag = -9.990e-29
*END*
[from data line 1324]
    331.000 268.828900       1325    147.206     9.9446   3.663968    33.5043  1026.4658    148.450     0.1574      0.883  0.000e+00
    331.250 268.828903       1326    147.413     9.9446   3.663962    33.5042  1026.4667    148.660     0.1405      0.860  0.000e+00
    331.500 268.828906       1327    147.606     9.9447   3.664034    33.5047  1026.4679    148.854     0.1430      0.808  0.000e+00
    331.750 268.828909       1328    147.775     9.9449   3.663962    33.5037  1026.4679    149.024     0.1405      0.728  0.000e+00
    332.000 268.828912       1329    147.918     9.9451   3.663962    33.5035  1026.4683    149.169     0.1582      0.630  0.000e+00
    332.250 268.828915       1330    148.030     9.9451   3.663863    33.5024  1026.4680    149.282     0.1533      0.516  0.000e+00
    332.500 268.828918       1331    148.107     9.9448   3.663936    33.5034  1026.4692    149.359     0.1467      0.381  0.000e+00
    332.750 268.828921       1332    148.154     9.9445   3.663962    33.5039  1026.4698    149.406     0.1455      0.249  0.000e+00
    333.000 268.828924       1333    148.173     9.9446   3.663896    33.5032  1026.4693    149.426     0.1504      0.133  0.000e+00
    333.250 268.828927       1334    148.182     9.9444   3.663995    33.5043  1026.4703    149.435     0.1500      0.058  0.000e+00
    333.500 268.828929       1335    148.216     9.9447   3.664067    33.5048  1026.4708    149.469     0.1393      0.086  0.000e+00
    333.750 268.828932       1336    148.292     9.9449   3.663995    33.5039  1026.4704    149.546     0.1508      0.221  0.000e+00
    334.000 268.828935       1337    148.435     9.9451   3.664008    33.5037  1026.4708    149.690     0.1599      0.443  0.000e+00
    334.250 268.828938       1338    148.644     9.9450   3.663995    33.5036  1026.4717    149.901     0.1578      0.709  0.000e+00
    334.500 268.828941       1339    148.903     9.9448   3.663929    33.5030  1026.4725    150.162     0.1899      0.944  0.000e+00
    334.750 268.828944       1340    149.156     9.9446   3.663962    33.5034  1026.4740    150.418     0.1586      1.034  0.000e+00
    335.000 268.828947       1341    149.398     9.9442   3.663962    33.5037  1026.4753    150.662     0.1434      1.000  0.000e+00
    335.250 268.828950       1342    149.604     9.9439   3.663962    33.5039  1026.4765    150.869     0.1422      0.903  0.000e+00
    335.500 268.828953       1343    149.768     9.9440   3.664009    33.5041  1026.4774    151.035     0.1739      0.746  0.000e+00
    335.750 268.828955       1344    149.885     9.9441   3.664035    33.5043  1026.4781    151.153     0.1533      0.567  0.000e+00
    336.000 268.828958       1345    149.955     9.9440   3.663963    33.5036  1026.4779    151.224     0.1496      0.378  0.000e+00
    336.250 268.828961       1346    150.006     9.9440   3.663930    33.5032  1026.4778    151.275     0.1611      0.245  0.000e+00
    336.500 268.828964       1347    150.065     9.9440   3.663996    33.5039  1026.4786    151.334     0.1520      0.221  0.000e+00
    336.750 268.828967       1348    150.148     9.9440   3.664035    33.5043  1026.4793    151.418     0.1430      0.286  0.000e+00
    337.000 268.828970       1349    150.272     9.9441   3.664009    33.5038  1026.4794    151.543     0.1479      0.417  0.000e+00
    337.250 268.828973       1350    150.431     9.9442   3.663996    33.5035  1026.4800    151.704     0.1599      0.572  0.000e+00
    337.500 268.828976       1351    150.620     9.9441   3.664068    33.5043  1026.4814    151.894     0.1516      0.703  0.000e+00
    337.750 268.828979       1352    150.815     9.9442   3.664068    33.5041  1026.4822    152.091     0.1442      0.774  0.000e+00
    338.000 268.828981       1353    151.017     9.9442   3.664068    33.5040  1026.4830    152.295     0.1628      0.802  0.000e+00
    338.250 268.828984       1354    151.210     9.9441   3.664035    33.5037  1026.4837    152.490     0.1504      0.798  0.000e+00
    338.500 268.828987       1355    151.391     9.9444   3.664042    33.5034  1026.4842    152.672     0.1677      0.754  0.000e+00
    338.750 268.828990       1356    151.550     9.9440   3.663963    33.5029  1026.4846    152.833     0.1710      0.686  0.000e+00
    339.000 268.828993       1357    151.698     9.9437   3.663996    33.5034  1026.4857    152.982     0.1689      0.619  0.000e+00
    339.250 268.828996       1358    151.840     9.9433   3.663996    33.5038  1026.4867    153.125     0.1603      0.585  0.000e+00
    339.500 268.828999       1359    151.981     9.9432   3.663963    33.5034  1026.4871    153.268     0.1891      0.572  0.000e+00
    339.750 268.829002       1360    152.141     9.9434   3.664036    33.5039  1026.4882    153.429     0.1640      0.608  0.000e+00
    340.000 268.829005       1361    152.322     9.9434   3.664036    33.5038  1026.4889    153.612     0.1718      0.688  0.000e+00
    340.250 268.829008       1362    152.504     9.9437   3.663970    33.5029  1026.4890    153.796     0.1483      0.733  0.000e+00
    340.500 268.829010       1363    152.671     9.9432   3.664036    33.5038  1026.4906    153.963     0.1636      0.703  0.000e+00
    340.750 268.829013       1364    152.812     9.9434   3.664102    33.5043  1026.4916    154.106     0.1487      0.621  0.000e+00
    341.000 268.829016       1365    152.920     9.9435   3.664102    33.5042  1026.4919    154.215     0.1496      0.503  0.000e+00
    341.250 268.829019       1366    152.992     9.9437   3.664135    33.5043  1026.4923    154.288     0.1496      0.363  0.000e+00
    341.500 268.829022       1367    153.043     9.9437   3.664135    33.5043  1026.4926    154.339     0.1623      0.249  0.000e+00
    341.750 268.829025       1368    153.087     9.9437   3.664181    33.5047  1026.4931    154.383     0.1475      0.191  0.000e+00
    342.000 268.829028       1369    153.149     9.9439   3.664135    33.5040  1026.4928    154.446     0.1512      0.213  0.000e+00
    342.250 268.829031       1370    153.250     9.9440   3.664102    33.5035  1026.4928    154.548     0.1615      0.329  0.000e+00
    342.500 268.829034       1371    153.397     9.9443   3.664201    33.5043  1026.4940    154.696     0.1541      0.501  0.000e+00
    342.750 268.829036       1372    153.576     9.9443   3.664168    33.5038  1026.4945    154.877     0.1570      0.658  0.000e+00
    343.000 268.829039       1373    153.793     9.9444   3.664201    33.5040  1026.4956    155.096     0.1834      0.799  0.000e+00
    343.250 268.829042       1374    154.006     9.9443   3.664254    33.5045  1026.4970    155.311     0.1558      0.868  0.000e+00
    343.500 268.829045       1375    154.209     9.9443   3.664201    33.5038  1026.4974    155.515     0.1504      0.838  0.000e+00
    343.750 268.829048       1376    154.387     9.9441   3.664168    33.5036  1026.4980    155.695     0.1537      0.767  0.000e+00
    344.000 268.829051       1377    154.543     9.9443   3.664168    33.5034  1026.4985    155.853     0.1500      0.675  0.000e+00
    344.250 268.829054       1378    154.684     9.9443   3.664168    33.5033  1026.4991    155.994     0.1487      0.600  0.000e+00
    344.500 268.829057       1379    154.815     9.9440   3.664168    33.5036  1026.5000    156.127     0.1463      0.548  0.000e+00
    344.750 268.829060       1380    154.941     9.9439   3.664221    33.5041  1026.5010    156.253     0.1586      0.518  0.000e+00
    345.000 268.829063       1381    155.091     9.9441   3.664201    33.5037  1026.5013    156.405     0.1578      0.557  0.000e+00
    345.250 268.829065       1382    155.261     9.9440   3.664234    33.5040  1026.5024    156.577     0.1912      0.647  0.000e+00
    345.500 268.829068       1383    155.445     9.9441   3.664169    33.5031  1026.5025    156.762     0.2176      0.714  0.000e+00
    345.750 268.829071       1384    155.626     9.9438   3.664169    33.5033  1026.5035    156.945     0.1706      0.735  0.000e+00
    346.000 268.829074       1385    155.801     9.9437   3.664235    33.5041  1026.5050    157.122     0.1669      0.720  0.000e+00
    346.250 268.829077       1386    155.966     9.9435   3.664182    33.5036  1026.5053    157.287     0.1545      0.686  0.000e+00
    346.500 268.829080       1387    156.118     9.9435   3.664300    33.5047  1026.5069    157.441     0.1603      0.638  0.000e+00
    346.750 268.829083       1388    156.254     9.9437   3.664235    33.5039  1026.5069    157.579     0.1978      0.583  0.000e+00
    347.000 268.829086       1389    156.376     9.9438   3.664235    33.5037  1026.5073    157.701     0.1867      0.520  0.000e+00
    347.250 268.829089       1390    156.496     9.9438   3.664235    33.5036  1026.5077    157.823     0.1533      0.488  0.000e+00
    347.500 268.829091       1391    156.618     9.9437   3.664235    33.5037  1026.5084    157.945     0.1603      0.488  0.000e+00
    347.750 268.829094       1392    156.750     9.9438   3.664287    33.5041  1026.5093    158.078     0.1619      0.512  0.000e+00
    348.000 268.829097       1393    156.896     9.9439   3.664301    33.5040  1026.5099    158.226     0.1656      0.561  0.000e+00
    348.250 268.829100       1394    157.038     9.9440   3.664334    33.5042  1026.5106    158.370     0.1611      0.582  0.000e+00
    348.500 268.829103       1395    157.190     9.9441   3.664301    33.5037  1026.5110    158.522     0.1599      0.593  0.000e+00
    348.750 268.829106       1396    157.353     9.9440   3.664268    33.5034  1026.5114    158.687     0.1693      0.634  0.000e+00
    349.000 268.829109       1397    157.508     9.9439   3.664334    33.5041  1026.5127    158.844     0.1607      0.643  0.000e+00
    349.250 268.829112       1398    157.652     9.9440   3.664334    33.5039  1026.5132    158.989     0.1504      0.604  0.000e+00
    349.500 268.829115       1399    157.789     9.9440   3.664360    33.5042  1026.5141    159.127     0.1558      0.567  0.000e+00
    349.750 268.829117       1400    157.915     9.9441   3.664367    33.5040  1026.5145    159.254     0.1562      0.531  0.000e+00
    350.000 268.829120       1401    158.053     9.9441   3.664400    33.5044  1026.5154    159.393     0.1788      0.531  0.000e+00
    350.250 268.829123       1402    158.190     9.9441   3.664400    33.5042  1026.5159    159.531     0.1533      0.554  0.000e+00
    350.500 268.829126       1403    158.329     9.9441   3.664400    33.5042  1026.5165    159.672     0.1640      0.559  0.000e+00
    350.750 268.829129       1404    158.490     9.9443   3.664400    33.5040  1026.5171    159.834     0.1525      0.606  0.000e+00
    351.000 268.829132       1405    158.661     9.9443   3.664393    33.5039  1026.5177    160.007     0.1607      0.669  0.000e+00
    351.250 268.829135       1406    158.833     9.9442   3.664367    33.5036  1026.5183    160.181     0.1545      0.692  0.000e+00
    351.500 268.829138       1407    159.005     9.9441   3.664367    33.5036  1026.5191    160.354     0.1681      0.694  0.000e+00
    351.750 268.829141       1408    159.180     9.9440   3.664400    33.5040  1026.5202    160.530     0.1661      0.699  0.000e+00
    352.000 268.829144       1409    159.345     9.9439   3.664400    33.5040  1026.5210    160.697     0.1541      0.686  0.000e+00
    352.250 268.829146       1410    159.505     9.9438   3.664400    33.5040  1026.5218    160.858     0.1541      0.656  0.000e+00
    352.500 268.829149       1411    159.659     9.9438   3.664361    33.5035  1026.5221    161.014     0.1529      0.634  0.000e+00
    352.750 268.829152       1412    159.807     9.9435   3.664302    33.5031  1026.5225    161.163     0.1801      0.610  0.000e+00
    353.000 268.829155       1413    159.962     9.9434   3.664401    33.5041  1026.5240    161.319     0.1582      0.611  0.000e+00
    353.250 268.829158       1414    160.115     9.9432   3.664335    33.5036  1026.5244    161.474     0.1549      0.621  0.000e+00
    353.500 268.829161       1415    160.266     9.9433   3.664401    33.5041  1026.5254    161.626     0.1603      0.615  0.000e+00
    353.750 268.829164       1416    160.403     9.9432   3.664368    33.5038  1026.5258    161.764     0.1516      0.580  0.000e+00
    354.000 268.829167       1417    160.532     9.9433   3.664394    33.5039  1026.5265    161.894     0.1562      0.535  0.000e+00
    354.250 268.829170       1418    160.660     9.9432   3.664440    33.5044  1026.5274    162.024     0.1512      0.520  0.000e+00
    354.500 268.829172       1419    160.772     9.9435   3.664440    33.5041  1026.5276    162.137     0.1607      0.486  0.000e+00
    354.750 268.829175       1420    160.900     9.9435   3.664401    33.5036  1026.5279    162.266     0.1615      0.484  0.000e+00
    355.000 268.829178       1421    161.040     9.9435   3.664440    33.5040  1026.5288    162.406     0.1541      0.539  0.000e+00
    355.250 268.829181       1422    161.203     9.9437   3.664473    33.5041  1026.5296    162.571     0.1829      0.610  0.000e+00
    355.500 268.829184       1423    161.384     9.9436   3.664434    33.5037  1026.5301    162.754     0.1949      0.695  0.000e+00
    355.750 268.829187       1424    161.572     9.9435   3.664474    33.5040  1026.5313    162.944     0.1792      0.746  0.000e+00
    356.000 268.829190       1425    161.776     9.9435   3.664441    33.5036  1026.5319    163.149     0.1611      0.791  0.000e+00
    356.250 268.829193       1426    161.981     9.9435   3.664474    33.5039  1026.5331    163.357     0.1768      0.826  0.000e+00
    356.500 268.829196       1427    162.175     9.9434   3.664474    33.5039  1026.5340    163.552     0.1784      0.806  0.000e+00
    356.750 268.829198       1428    162.350     9.9434   3.664474    33.5039  1026.5347    163.729     0.1722      0.744  0.000e+00
    357.000 268.829201       1429    162.498     9.9433   3.664434    33.5034  1026.5351    163.878     0.1669      0.651  0.000e+00
    357.250 268.829204       1430    162.617     9.9433   3.664507    33.5041  1026.5362    163.998     0.1549      0.540  0.000e+00
    357.500 268.829207       1431    162.713     9.9434   3.664540    33.5044  1026.5368    164.095     0.1636      0.434  0.000e+00
    357.750 268.829210       1432    162.800     9.9435   3.664540    33.5042  1026.5370    164.182     0.1698      0.368  0.000e+00
    358.000 268.829213       1433    162.884     9.9435   3.664507    33.5038  1026.5371    164.267     0.1607      0.344  0.000e+00
    358.250 268.829216       1434    162.976     9.9437   3.664573    33.5043  1026.5378    164.361     0.1661      0.357  0.000e+00
    358.500 268.829219       1435    163.088     9.9437   3.664540    33.5039  1026.5380    164.473     0.1764      0.413  0.000e+00
    358.750 268.829222       1436    163.243     9.9438   3.664540    33.5037  1026.5386    164.629     0.1751      0.537  0.000e+00
    359.000 268.829225       1437    163.451     9.9439   3.664573    33.5039  1026.5397    164.839     0.1755      0.731  0.000e+00
    359.250 268.829227       1438    163.685     9.9440   3.664573    33.5037  1026.5406    165.075     0.1595      0.892  0.000e+00
    359.500 268.829230       1439    163.927     9.9437   3.664540    33.5035  1026.5416    165.319     0.1920      0.961  0.000e+00
    359.750 268.829233       1440    164.152     9.9436   3.664606    33.5042  1026.5431    165.546     0.1578      0.942  0.000e+00
    360.000 268.829236       1441    164.343     9.9436   3.664606    33.5041  1026.5439    165.740     0.1586      0.841  0.000e+00
    360.250 268.829239       1442    164.493     9.9437   3.664613    33.5040  1026.5445    165.890     0.1665      0.688  0.000e+00
    360.500 268.829242       1443    164.600     9.9435   3.664639    33.5044  1026.5453    165.999     0.1693      0.518  0.000e+00
