Raw_Data/Cage/SBE19/2020-09-26_SBE19_008_037_processed.cnv
* Sea-Bird SBE19plus Data File:
* FileName = C:\cruises\2020_barkerboys\leg2\data\cage\SBE19\2020-09-25_SBE19_008_037037.hex
* Software Version 1.59
* Temperature SN =  4881
* Conductivity SN =  4881
* System UpLoad Time = Sep 26 2020 18:12:39
* ds
* SeacatPlus V 1.5  SERIAL NO. 4881    26 Sep 2020  18:11:53
# nquan = 12
# nvalues = 2205                                  
# units = specified
# name 0 = timeS: Time, Elapsed [seconds]
# name 1 = timeJ: Julian Days
# name 2 = scan: Scan Count
# name 3 = depSM: Depth [salt water, m], lat = 44.00
# name 4 = tv290C: Temperature [ITS-90, deg C]
# name 5 = c0S/m: Conductivity [S/m]
# name 6 = sal00: Salinity, Practical [PSU]
# name 7 = density00: Density [density, kg/m^3]
# name 8 = prdM: Pressure, Strain Gauge [db]
# name 9 = wetStar: Fluorescence, WET Labs WETstar [mg/m^3]
# name 10 = dz/dtM: Descent Rate [m/s]
# name 11 = flag:  0.000e+00
# span 0 =      0.000,    551.000                 
# span 1 = 270.516134, 270.522512                 
# span 2 =          1,       2205                 
# span 3 =     -0.001,    137.281                 
# span 4 =    10.6693,    13.3505                 
# span 5 =   0.000695,   3.802133                 
# span 6 =     0.0094,    33.2123                 
# span 7 =   999.3410,  1026.0661                 
# span 8 =     -0.001,    138.438                 
# span 9 =     0.1801,     6.9986                 
# span 10 =     -1.112,      1.025                
# span 11 = 0.0000e+00, 0.0000e+00                
# interval = seconds: 0.25
# start_time = Sep 26 2020 12:23:14 [Instrument's time stamp, header]
# bad_flag = -9.990e-29
*END*
[from data line 1564]
    391.000 270.520660       1565    113.161    11.0846   3.718757    33.0287  1025.7406    114.108     0.4219     -0.849  0.000e+00
    391.250 270.520663       1566    112.949    11.0932   3.719061    33.0242  1025.7345    113.894     0.3865     -0.851  0.000e+00
    391.500 270.520666       1567    112.734    11.1001   3.720153    33.0288  1025.7359    113.677     0.3984     -0.862  0.000e+00
    391.750 270.520668       1568    112.517    11.1117   3.720696    33.0239  1025.7290    113.458     0.3626     -0.873  0.000e+00
    392.000 270.520671       1569    112.297    11.1253   3.720630    33.0111  1025.7156    113.237     0.4363     -0.881  0.000e+00
    392.250 270.520674       1570    112.085    11.1345   3.720491    33.0016  1025.7056    113.023     0.4413     -0.870  0.000e+00
    392.500 270.520677       1571    111.878    11.1385   3.720663    32.9998  1025.7026    112.814     0.3758     -0.845  0.000e+00
    392.750 270.520680       1572    111.673    11.1408   3.720762    32.9988  1025.7004    112.607     0.3671     -0.832  0.000e+00
    393.000 270.520683       1573    111.474    11.1438   3.721106    32.9996  1025.6996    112.406     0.3700     -0.817  0.000e+00
    393.250 270.520686       1574    111.273    11.1474   3.721272    32.9981  1025.6969    112.204     0.3379     -0.806  0.000e+00
    393.500 270.520689       1575    111.063    11.1521   3.721993    33.0011  1025.6974    111.992     0.5789     -0.828  0.000e+00
    393.750 270.520692       1576    110.853    11.1605   3.722808    33.0017  1025.6954    111.781     0.4561     -0.847  0.000e+00
    394.000 270.520694       1577    110.631    11.1730   3.722602    32.9886  1025.6819    111.556     0.4388     -0.872  0.000e+00
    394.250 270.520697       1578    110.405    11.1805   3.722708    32.9830  1025.6752    111.328     0.3692     -0.905  0.000e+00
    394.500 270.520700       1579    110.175    11.1850   3.722807    32.9801  1025.6711    111.096     0.6291     -0.920  0.000e+00
    394.750 270.520703       1580    109.945    11.1884   3.723284    32.9818  1025.6707    110.864     0.4907     -0.929  0.000e+00
    395.000 270.520706       1581    109.716    11.1935   3.723456    32.9790  1025.6666    110.633     0.6316     -0.926  0.000e+00
    395.250 270.520709       1582    109.493    11.1993   3.723556    32.9749  1025.6613    110.408     0.3877     -0.911  0.000e+00
    395.500 270.520712       1583    109.278    11.2037   3.723695    32.9725  1025.6577    110.191     0.3700     -0.883  0.000e+00
    395.750 270.520715       1584    109.079    11.2068   3.723933    32.9721  1025.6559    109.990     0.4862     -0.836  0.000e+00
    396.000 270.520718       1585    108.892    11.2106   3.723999    32.9695  1025.6523    109.802     0.6382     -0.778  0.000e+00
    396.250 270.520720       1586    108.715    11.2138   3.724105    32.9677  1025.6496    109.624     0.3836     -0.733  0.000e+00
    396.500 270.520723       1587    108.547    11.2164   3.724244    32.9668  1025.6477    109.454     0.4981     -0.696  0.000e+00
    396.750 270.520726       1588    108.377    11.2189   3.724443    32.9666  1025.6463    109.283     0.4124     -0.681  0.000e+00
    397.000 270.520729       1589    108.200    11.2220   3.724549    32.9650  1025.6436    109.104     0.3959     -0.701  0.000e+00
    397.250 270.520732       1590    108.013    11.2257   3.724926    32.9655  1025.6425    108.916     0.5389     -0.735  0.000e+00
    397.500 270.520735       1591    107.812    11.2304   3.724754    32.9597  1025.6362    108.713     0.4050     -0.782  0.000e+00
    397.750 270.520738       1592    107.608    11.2335   3.724926    32.9586  1025.6339    108.507     0.3568     -0.817  0.000e+00
    398.000 270.520741       1593    107.395    11.2356   3.725297    32.9605  1025.6341    108.292     0.3659     -0.840  0.000e+00
    398.250 270.520744       1594    107.178    11.2398   3.725502    32.9589  1025.6310    108.073     0.3498     -0.868  0.000e+00
    398.500 270.520747       1595    106.966    11.2453   3.725847    32.9574  1025.6279    107.859     0.3939     -0.866  0.000e+00
    398.750 270.520749       1596    106.756    11.2508   3.725846    32.9526  1025.6223    107.648     0.8747     -0.851  0.000e+00
    399.000 270.520752       1597    106.546    11.2549   3.725913    32.9497  1025.6183    107.436     0.4301     -0.847  0.000e+00
    399.250 270.520755       1598    106.337    11.2579   3.726118    32.9491  1025.6163    107.225     0.4598     -0.845  0.000e+00
    399.500 270.520758       1599    106.122    11.2609   3.726217    32.9475  1025.6135    107.008     0.5002     -0.855  0.000e+00
    399.750 270.520761       1600    105.901    11.2639   3.726290    32.9456  1025.6105    106.786     0.4512     -0.879  0.000e+00
    400.000 270.520764       1601    105.674    11.2667   3.726217    32.9425  1025.6066    106.556     0.4359     -0.905  0.000e+00
    400.250 270.520767       1602    105.444    11.2682   3.726323    32.9423  1025.6051    106.325     0.3683     -0.922  0.000e+00
    400.500 270.520770       1603    105.216    11.2693   3.726455    32.9428  1025.6042    106.095     0.4198     -0.922  0.000e+00
    400.750 270.520773       1604    104.994    11.2702   3.726515    32.9426  1025.6029    105.870     0.4520     -0.909  0.000e+00
    401.000 270.520775       1605    104.776    11.2715   3.726561    32.9420  1025.6012    105.651     0.4627     -0.888  0.000e+00
    401.250 270.520778       1606    104.567    11.2728   3.726561    32.9409  1025.5992    105.440     0.4289     -0.862  0.000e+00
    401.500 270.520781       1607    104.357    11.2737   3.726528    32.9399  1025.5973    105.228     0.4170     -0.847  0.000e+00
    401.750 270.520784       1608    104.148    11.2745   3.726561    32.9396  1025.5960    105.017     0.4240     -0.844  0.000e+00
    402.000 270.520787       1609    103.942    11.2752   3.726594    32.9394  1025.5948    104.810     0.5430     -0.836  0.000e+00
    402.250 270.520790       1610    103.730    11.2757   3.726594    32.9390  1025.5934    104.596     0.4837     -0.842  0.000e+00
    402.500 270.520793       1611    103.519    11.2761   3.726561    32.9385  1025.5919    104.383     0.5455     -0.853  0.000e+00
    402.750 270.520796       1612    103.309    11.2759   3.726527    32.9384  1025.5910    104.172     0.3980     -0.849  0.000e+00
    403.000 270.520799       1613    103.106    11.2756   3.726594    32.9394  1025.5908    103.966     0.4083     -0.834  0.000e+00
    403.250 270.520802       1614    102.909    11.2757   3.726593    32.9394  1025.5900    103.768     0.3547     -0.808  0.000e+00
    403.500 270.520804       1615    102.718    11.2761   3.726627    32.9394  1025.5890    103.575     0.4413     -0.782  0.000e+00
    403.750 270.520807       1616    102.531    11.2768   3.726626    32.9389  1025.5876    103.386     0.4623     -0.763  0.000e+00
    404.000 270.520810       1617    102.352    11.2772   3.726766    32.9399  1025.5876    103.206     0.4680     -0.739  0.000e+00
    404.250 270.520813       1618    102.172    11.2784   3.726732    32.9387  1025.5856    103.024     0.3659     -0.724  0.000e+00
    404.500 270.520816       1619    101.989    11.2794   3.726699    32.9375  1025.5836    102.840     0.4944     -0.731  0.000e+00
    404.750 270.520819       1620    101.804    11.2795   3.726626    32.9368  1025.5822    102.653     0.4672     -0.741  0.000e+00
    405.000 270.520822       1621    101.621    11.2792   3.726560    32.9365  1025.5812    102.468     0.4194     -0.744  0.000e+00
    405.250 270.520825       1622    101.446    11.2786   3.726593    32.9374  1025.5812    102.292     0.3964     -0.722  0.000e+00
    405.500 270.520828       1623    101.265    11.2781   3.726626    32.9382  1025.5811    102.110     0.3873     -0.718  0.000e+00
    405.750 270.520830       1624    101.075    11.2782   3.726699    32.9389  1025.5808    101.918     0.3762     -0.748  0.000e+00
    406.000 270.520833       1625    100.877    11.2788   3.726765    32.9392  1025.5800    101.718     0.4647     -0.782  0.000e+00
    406.250 270.520836       1626    100.665    11.2801   3.726897    32.9394  1025.5790    101.505     0.5607     -0.827  0.000e+00
    406.500 270.520839       1627    100.444    11.2819   3.726937    32.9383  1025.5768    101.281     0.4384     -0.875  0.000e+00
    406.750 270.520842       1628    100.220    11.2837   3.726937    32.9368  1025.5742    101.056     0.4273     -0.898  0.000e+00
    407.000 270.520845       1629     99.997    11.2851   3.726970    32.9360  1025.5724    100.831     0.4132     -0.900  0.000e+00
    407.250 270.520848       1630     99.769    11.2861   3.727069    32.9361  1025.5712    100.601     0.4800     -0.909  0.000e+00
    407.500 270.520851       1631     99.541    11.2873   3.727069    32.9352  1025.5693    100.371     0.4788     -0.920  0.000e+00
    407.750 270.520854       1632     99.313    11.2883   3.727003    32.9337  1025.5669    100.141     0.4165     -0.920  0.000e+00
    408.000 270.520856       1633     99.091    11.2889   3.727142    32.9346  1025.5665     99.917     0.5467     -0.909  0.000e+00
    408.250 270.520859       1634     98.870    11.2895   3.727175    32.9346  1025.5653     99.694     0.4680     -0.894  0.000e+00
    408.500 270.520862       1635     98.662    11.2903   3.727142    32.9336  1025.5635     99.485     0.4170     -0.864  0.000e+00
    408.750 270.520865       1636     98.458    11.2908   3.727142    32.9332  1025.5621     99.278     0.4223     -0.832  0.000e+00
    409.000 270.520868       1637     98.266    11.2911   3.727175    32.9333  1025.5613     99.085     0.5360     -0.799  0.000e+00
    409.250 270.520871       1638     98.082    11.2915   3.727175    32.9330  1025.5602     98.899     0.4961     -0.759  0.000e+00
    409.500 270.520874       1639     97.890    11.2919   3.727142    32.9325  1025.5588     98.706     0.3774     -0.759  0.000e+00
    409.750 270.520877       1640     97.692    11.2923   3.727208    32.9329  1025.5582     98.506     0.5290     -0.786  0.000e+00
    410.000 270.520880       1641     97.477    11.2926   3.727175    32.9323  1025.5567     98.289     0.4866     -0.834  0.000e+00
    410.250 270.520883       1642     97.254    11.2930   3.727068    32.9311  1025.5546     98.064     0.3988     -0.883  0.000e+00
    410.500 270.520885       1643     97.024    11.2933   3.727207    32.9322  1025.5545     97.832     0.4104     -0.913  0.000e+00
    410.750 270.520888       1644     96.795    11.2933   3.727174    32.9320  1025.5532     97.601     0.4116     -0.926  0.000e+00
    411.000 270.520891       1645     96.572    11.2935   3.727174    32.9319  1025.5521     97.377     0.3774     -0.911  0.000e+00
    411.250 270.520894       1646     96.362    11.2935   3.727101    32.9313  1025.5506     97.165     0.4120     -0.872  0.000e+00
    411.500 270.520897       1647     96.149    11.2933   3.727141    32.9319  1025.5502     96.950     0.3622     -0.853  0.000e+00
    411.750 270.520900       1648     95.940    11.2935   3.727207    32.9325  1025.5497     96.739     0.3959     -0.851  0.000e+00
    412.000 270.520903       1649     95.735    11.2938   3.727207    32.9323  1025.5486     96.532     0.4413     -0.836  0.000e+00
    412.250 270.520906       1650     95.526    11.2942   3.727207    32.9321  1025.5474     96.321     0.4376     -0.836  0.000e+00
    412.500 270.520909       1651     95.320    11.2947   3.727273    32.9324  1025.5466     96.114     0.4553     -0.836  0.000e+00
    412.750 270.520911       1652     95.118    11.2952   3.727240    32.9317  1025.5450     95.910     0.4973     -0.823  0.000e+00
    413.000 270.520914       1653     94.917    11.2955   3.727240    32.9315  1025.5439     95.707     0.3758     -0.815  0.000e+00
    413.250 270.520917       1654     94.713    11.2964   3.727339    32.9317  1025.5430     95.502     0.4149     -0.816  0.000e+00
    413.500 270.520920       1655     94.496    11.2972   3.727379    32.9315  1025.5417     95.282     0.3922     -0.849  0.000e+00
    413.750 270.520923       1656     94.279    11.2978   3.727339    32.9307  1025.5400     95.063     0.3683     -0.877  0.000e+00
    414.000 270.520926       1657     94.055    11.2984   3.727379    32.9307  1025.5388     94.838     0.3514     -0.890  0.000e+00
    414.250 270.520929       1658     93.831    11.2989   3.727412    32.9306  1025.5377     94.612     0.3840     -0.902  0.000e+00
    414.500 270.520932       1659     93.609    11.2997   3.727511    32.9309  1025.5367     94.387     0.4903     -0.900  0.000e+00
    414.750 270.520935       1660     93.388    11.3008   3.727584    32.9308  1025.5354     94.165     0.4095     -0.894  0.000e+00
    415.000 270.520938       1661     93.171    11.3017   3.727511    32.9293  1025.5331     93.946     0.4165     -0.883  0.000e+00
    415.250 270.520940       1662     92.956    11.3026   3.727749    32.9310  1025.5333     93.730     0.3749     -0.870  0.000e+00
    415.500 270.520943       1663     92.747    11.3042   3.727915    32.9313  1025.5323     93.518     0.3745     -0.855  0.000e+00
    415.750 270.520946       1664     92.536    11.3072   3.727988    32.9294  1025.5293     93.306     0.3881     -0.849  0.000e+00
    416.000 270.520949       1665     92.329    11.3102   3.728365    32.9305  1025.5287     93.097     0.4660     -0.842  0.000e+00
    416.250 270.520952       1666     92.118    11.3146   3.728504    32.9281  1025.5251     92.884     0.3939     -0.842  0.000e+00
    416.500 270.520955       1667     91.903    11.3189   3.728743    32.9267  1025.5222     92.667     0.4812     -0.859  0.000e+00
    416.750 270.520958       1668     91.686    11.3231   3.728809    32.9237  1025.5181     92.448     0.4409     -0.872  0.000e+00
    417.000 270.520961       1669     91.459    11.3267   3.728948    32.9219  1025.5151     92.219     0.3931     -0.896  0.000e+00
    417.250 270.520964       1670     91.232    11.3303   3.729187    32.9212  1025.5128     91.990     0.4104     -0.916  0.000e+00
    417.500 270.520966       1671     91.007    11.3339   3.729286    32.9190  1025.5095     91.764     0.4326     -0.911  0.000e+00
    417.750 270.520969       1672     90.782    11.3373   3.729392    32.9171  1025.5063     91.537     0.3819     -0.907  0.000e+00
    418.000 270.520972       1673     90.554    11.3402   3.729425    32.9150  1025.5031     91.307     0.4573     -0.913  0.000e+00
    418.250 270.520975       1674     90.334    11.3426   3.729564    32.9143  1025.5011     91.085     0.4153     -0.905  0.000e+00
    418.500 270.520978       1675     90.114    11.3456   3.729663    32.9127  1025.4984     90.863     0.3811     -0.888  0.000e+00
    418.750 270.520981       1676     89.894    11.3481   3.729869    32.9125  1025.4968     90.641     0.4697     -0.887  0.000e+00
    419.000 270.520984       1677     89.672    11.3505   3.729869    32.9105  1025.4937     90.418     0.4532     -0.892  0.000e+00
    419.250 270.520987       1678     89.454    11.3530   3.730041    32.9101  1025.4919     90.197     0.4507     -0.887  0.000e+00
    419.500 270.520990       1679     89.241    11.3550   3.730074    32.9087  1025.4895     89.982     0.3733     -0.870  0.000e+00
    419.750 270.520992       1680     89.031    11.3570   3.730074    32.9070  1025.4869     89.771     0.4137     -0.853  0.000e+00
    420.000 270.520995       1681     88.818    11.3585   3.730074    32.9058  1025.4847     89.556     0.5476     -0.853  0.000e+00
    420.250 270.520998       1682     88.600    11.3594   3.730173    32.9060  1025.4838     89.337     0.5434     -0.868  0.000e+00
    420.500 270.521001       1683     88.368    11.3605   3.730213    32.9056  1025.4821     89.102     0.4779     -0.907  0.000e+00
    420.750 270.521004       1684     88.129    11.3620   3.730279    32.9050  1025.4803     88.861     0.4231     -0.952  0.000e+00
