Raw_Data/Cage/SBE19/2020-09-26_SBE19_008_040_processed.cnv
* Sea-Bird SBE19plus Data File:
* FileName = C:\cruises\2020_barkerboys\leg2\data\cage\SBE19\2020-09-25_SBE19_008_037040.hex
* Software Version 1.59
* Temperature SN =  4881
* Conductivity SN =  4881
* System UpLoad Time = Sep 26 2020 18:15:04
* ds
* SeacatPlus V 1.5  SERIAL NO. 4881    26 Sep 2020  18:11:53
# nquan = 12
# nvalues = 2447                                  
# units = specified
# name 0 = timeS: Time, Elapsed [seconds]
# name 1 = timeJ: Julian Days
# name 2 = scan: Scan Count
# name 3 = depSM: Depth [salt water, m], lat = 44.00
# name 4 = tv290C: Temperature [ITS-90, deg C]
# name 5 = c0S/m: Conductivity [S/m]
# name 6 = sal00: Salinity, Practical [PSU]
# name 7 = density00: Density [density, kg/m^3]
# name 8 = prdM: Pressure, Strain Gauge [db]
# name 9 = wetStar: Fluorescence, WET Labs WETstar [mg/m^3]
# name 10 = dz/dtM: Descent Rate [m/s]
# name 11 = flag:  0.000e+00
# span 0 =      0.000,    611.500                 
# span 1 = 270.591956, 270.599034                 
# span 2 =          1,       2447                 
# span 3 =     -0.000,    143.030                 
# span 4 =    10.3850,    12.6196                 
# span 5 =  -0.039747,   3.801503                 
# span 6 =     0.0000,    33.3239                 
# span 7 =   999.4262,  1026.2278                 
# span 8 =     -0.000,    144.238                 
# span 9 =     0.1628,     2.3101                 
# span 10 =     -1.300,      1.163                
# span 11 = 0.0000e+00, 0.0000e+00                
# interval = seconds: 0.25
# start_time = Sep 26 2020 14:12:25 [Instrument's time stamp, header]
# bad_flag = -9.990e-29
*END*
[from data line 1805]
    451.250 270.597179       1806     97.736    11.3805   3.731648    32.8979  1025.5151     98.551     0.3741     -1.201  0.000e+00
    451.500 270.597182       1807     97.468    11.3843   3.731754    32.8956  1025.5114     98.280     0.4067     -1.139  0.000e+00
    451.750 270.597185       1808     97.243    11.3870   3.731820    32.8940  1025.5086     98.053     0.5138     -0.995  0.000e+00
    452.000 270.597188       1809     97.077    11.3898   3.731992    32.8933  1025.5068     97.886     0.4091     -0.789  0.000e+00
    452.250 270.597190       1810     96.953    11.3922   3.732231    32.8935  1025.5060     97.761     0.5389     -0.584  0.000e+00
    452.500 270.597193       1811     96.855    11.3957   3.732403    32.8921  1025.5039     97.662     0.4116     -0.447  0.000e+00
    452.750 270.597196       1812     96.760    11.3996   3.732330    32.8879  1025.4994     97.565     0.4701     -0.391  0.000e+00
    453.000 270.597199       1813     96.640    11.4019   3.732370    32.8864  1025.4973     97.445     0.4437     -0.434  0.000e+00
    453.250 270.597202       1814     96.496    11.4033   3.732264    32.8841  1025.4946     97.300     0.4487     -0.531  0.000e+00
    453.500 270.597205       1815     96.310    11.4038   3.732330    32.8844  1025.4939     97.112     0.4363     -0.666  0.000e+00
    453.750 270.597208       1816     96.084    11.4045   3.732370    32.8842  1025.4926     96.884     0.5257     -0.832  0.000e+00
    454.000 270.597211       1817     95.835    11.4056   3.732469    32.8844  1025.4914     96.633     0.7618     -0.958  0.000e+00
    454.250 270.597214       1818     95.566    11.4069   3.732535    32.8840  1025.4896     96.362     0.4487     -1.044  0.000e+00
    454.500 270.597216       1819     95.301    11.4092   3.732708    32.8837  1025.4878     96.095     0.5739     -1.077  0.000e+00
    454.750 270.597219       1820     95.047    11.4118   3.732880    32.8832  1025.4858     95.838     0.4454     -1.049  0.000e+00
    455.000 270.597222       1821     94.828    11.4142   3.732946    32.8818  1025.4833     95.618     0.4647     -0.954  0.000e+00
    455.250 270.597225       1822     94.647    11.4166   3.733052    32.8808  1025.4812     95.435     0.4837     -0.806  0.000e+00
    455.500 270.597228       1823     94.498    11.4188   3.733085    32.8792  1025.4789     95.284     0.4693     -0.666  0.000e+00
    455.750 270.597231       1824     94.372    11.4205   3.733191    32.8788  1025.4777     95.158     0.5039     -0.555  0.000e+00
    456.000 270.597234       1825     94.260    11.4226   3.733357    32.8786  1025.4766     95.045     0.5785     -0.479  0.000e+00
    456.250 270.597237       1826     94.129    11.4251   3.733635    32.8792  1025.4760     94.913     0.4203     -0.490  0.000e+00
    456.500 270.597240       1827     93.964    11.4289   3.734080    32.8802  1025.4754     94.746     0.4977     -0.597  0.000e+00
    456.750 270.597242       1828     93.749    11.4358   3.733801    32.8715  1025.4664     94.529     0.3861     -0.767  0.000e+00
    457.000 270.597245       1829     93.499    11.4396   3.733841    32.8686  1025.4623     94.277     0.4310     -0.939  0.000e+00
    457.250 270.597248       1830     93.227    11.4416   3.734285    32.8713  1025.4628     94.003     0.4433     -1.053  0.000e+00
    457.500 270.597251       1831     92.956    11.4460   3.734451    32.8691  1025.4591     93.730     0.3799     -1.094  0.000e+00
    457.750 270.597254       1832     92.717    11.4507   3.734523    32.8657  1025.4545     93.488     0.5385     -1.029  0.000e+00
    458.000 270.597257       1833     92.524    11.4542   3.734696    32.8644  1025.4519     93.294     0.4384     -0.872  0.000e+00
    458.250 270.597260       1834     92.371    11.4575   3.734762    32.8621  1025.4489     93.139     0.5467     -0.698  0.000e+00
    458.500 270.597263       1835     92.250    11.4601   3.734828    32.8606  1025.4467     93.017     0.4652     -0.552  0.000e+00
    458.750 270.597266       1836     92.131    11.4619   3.734934    32.8600  1025.4453     92.897     0.7091     -0.484  0.000e+00
    459.000 270.597269       1837     91.995    11.4641   3.734901    32.8579  1025.4426     92.761     0.4359     -0.514  0.000e+00
    459.250 270.597271       1838     91.833    11.4660   3.735000    32.8572  1025.4410     92.596     0.6551     -0.602  0.000e+00
    459.500 270.597274       1839     91.632    11.4678   3.734861    32.8543  1025.4376     92.394     0.6868     -0.733  0.000e+00
    459.750 270.597277       1840     91.411    11.4680   3.734934    32.8549  1025.4370     92.171     0.4462     -0.851  0.000e+00
    460.000 270.597280       1841     91.181    11.4684   3.735272    32.8580  1025.4382     91.939     0.5171     -0.911  0.000e+00
    460.250 270.597283       1842     90.955    11.4706   3.735239    32.8558  1025.4351     91.711     0.4821     -0.920  0.000e+00
    460.500 270.597286       1843     90.735    11.4729   3.735272    32.8542  1025.4325     91.490     0.4124     -0.898  0.000e+00
    460.750 270.597289       1844     90.533    11.4746   3.735312    32.8532  1025.4304     91.286     0.4487     -0.851  0.000e+00
    461.000 270.597292       1845     90.349    11.4760   3.735444    32.8533  1025.4294     91.100     0.4680     -0.780  0.000e+00
    461.250 270.597295       1846     90.179    11.4778   3.735583    32.8531  1025.4282     90.929     0.4203     -0.713  0.000e+00
    461.500 270.597297       1847     90.017    11.4802   3.735888    32.8541  1025.4277     90.766     0.4120     -0.668  0.000e+00
    461.750 270.597300       1848     89.851    11.4848   3.737328    32.8641  1025.4340     90.598     0.5022     -0.662  0.000e+00
    462.000 270.597303       1849     89.684    11.4985   3.737812    32.8567  1025.4250     90.429     0.5224     -0.673  0.000e+00
    462.250 270.597306       1850     89.504    11.5136   3.737566    32.8411  1025.4092     90.248     0.4862     -0.700  0.000e+00
    462.500 270.597309       1851     89.310    11.5215   3.737433    32.8329  1025.4005     90.052     0.3782     -0.754  0.000e+00
    462.750 270.597312       1852     89.101    11.5246   3.738322    32.8388  1025.4036     89.842     0.3712     -0.812  0.000e+00
    463.000 270.597315       1853     88.874    11.5320   3.738972    32.8387  1025.4011     89.613     0.5430     -0.879  0.000e+00
    463.250 270.597318       1854     88.640    11.5431   3.739662    32.8357  1025.3957     89.376     0.4573     -0.930  0.000e+00
    463.500 270.597321       1855     88.401    11.5566   3.740452    32.8317  1025.3890     89.136     0.4231     -0.954  0.000e+00
    463.750 270.597323       1856     88.163    11.5718   3.741235    32.8259  1025.3806     88.895     0.3992     -0.963  0.000e+00
    464.000 270.597326       1857     87.935    11.5874   3.742642    32.8259  1025.3767     88.665     0.4610     -0.941  0.000e+00
    464.250 270.597329       1858     87.727    11.6074   3.743743    32.8191  1025.3667     88.456     0.6880     -0.879  0.000e+00
    464.500 270.597332       1859     87.532    11.6309   3.745011    32.8107  1025.3551     88.259     0.6477     -0.812  0.000e+00
    464.750 270.597335       1860     87.349    11.6538   3.744878    32.7893  1025.3333     88.074     0.5101     -0.763  0.000e+00
    465.000 270.597338       1861     87.171    11.6696   3.745289    32.7794  1025.3220     87.895     0.4075     -0.728  0.000e+00
    465.250 270.597341       1862     86.991    11.6810   3.746073    32.7771  1025.3172     87.713     0.4569     -0.722  0.000e+00
    465.500 270.597344       1863     86.803    11.6932   3.746318    32.7687  1025.3076     87.524     0.5344     -0.741  0.000e+00
    465.750 270.597347       1864     86.614    11.7035   3.746630    32.7628  1025.3003     87.333     0.4680     -0.761  0.000e+00
    466.000 270.597350       1865     86.422    11.7114   3.747347    32.7628  1025.2979     87.140     0.4680     -0.769  0.000e+00
    466.250 270.597352       1866     86.234    11.7212   3.747832    32.7590  1025.2923     86.951     0.4256     -0.765  0.000e+00
    466.500 270.597355       1867     86.047    11.7321   3.748104    32.7522  1025.2841     86.761     0.5373     -0.756  0.000e+00
    466.750 270.597358       1868     85.862    11.7411   3.748416    32.7473  1025.2778     86.575     0.5224     -0.752  0.000e+00
    467.000 270.597361       1869     85.673    11.7492   3.748721    32.7432  1025.2723     86.384     0.4549     -0.754  0.000e+00
    467.250 270.597364       1870     85.476    11.7566   3.748861    32.7382  1025.2661     86.186     0.4676     -0.778  0.000e+00
    467.500 270.597367       1871     85.275    11.7626   3.749272    32.7369  1025.2631     85.983     0.4734     -0.804  0.000e+00
    467.750 270.597370       1872     85.069    11.7686   3.749511    32.7340  1025.2588     85.775     0.5150     -0.821  0.000e+00
    468.000 270.597373       1873     84.861    11.7741   3.749824    32.7324  1025.2556     85.566     0.4643     -0.834  0.000e+00
    468.250 270.597376       1874     84.659    11.7794   3.750063    32.7301  1025.2519     85.362     0.4524     -0.827  0.000e+00
    468.500 270.597378       1875     84.461    11.7846   3.750268    32.7276  1025.2481     85.162     0.4701     -0.808  0.000e+00
    468.750 270.597381       1876     84.262    11.7896   3.750786    32.7283  1025.2468     84.961     0.4891     -0.801  0.000e+00
    469.000 270.597384       1877     84.068    11.7954   3.750926    32.7246  1025.2420     84.765     0.4660     -0.793  0.000e+00
    469.250 270.597387       1878     83.865    11.8003   3.750686    32.7181  1025.2351     84.561     0.5463     -0.799  0.000e+00
    469.500 270.597390       1879     83.656    11.8030   3.750720    32.7161  1025.2321     84.350     0.7124     -0.831  0.000e+00
    469.750 270.597393       1880     83.439    11.8046   3.750925    32.7168  1025.2314     84.132     0.5158     -0.859  0.000e+00
    470.000 270.597396       1881     83.221    11.8062   3.750892    32.7152  1025.2288     83.911     0.6159     -0.877  0.000e+00
    470.250 270.597399       1882     83.007    11.8075   3.751065    32.7158  1025.2281     83.695     0.5463     -0.872  0.000e+00
    470.500 270.597402       1883     82.801    11.8089   3.751065    32.7146  1025.2260     83.488     0.5595     -0.847  0.000e+00
    470.750 270.597405       1884     82.601    11.8099   3.751098    32.7142  1025.2246     83.286     0.5838     -0.819  0.000e+00
    471.000 270.597407       1885     82.413    11.8105   3.751197    32.7147  1025.2240     83.097     0.5125     -0.782  0.000e+00
    471.250 270.597410       1886     82.239    11.8117   3.751304    32.7148  1025.2230     82.921     0.5517     -0.730  0.000e+00
    471.500 270.597413       1887     82.073    11.8129   3.751164    32.7124  1025.2202     82.753     0.6135     -0.687  0.000e+00
    471.750 270.597416       1888     81.907    11.8134   3.751270    32.7130  1025.2198     82.587     0.4965     -0.668  0.000e+00
    472.000 270.597419       1889     81.747    11.8138   3.751370    32.7137  1025.2196     82.425     0.4779     -0.657  0.000e+00
    472.250 270.597422       1890     81.578    11.8144   3.751370    32.7133  1025.2184     82.255     0.4631     -0.664  0.000e+00
    472.500 270.597425       1891     81.391    11.8153   3.751403    32.7129  1025.2171     82.066     0.4441     -0.718  0.000e+00
    472.750 270.597428       1892     81.184    11.8161   3.751476    32.7130  1025.2160     81.857     0.4837     -0.795  0.000e+00
    473.000 270.597431       1893     80.957    11.8173   3.751509    32.7123  1025.2143     81.628     0.4685     -0.875  0.000e+00
    473.250 270.597433       1894     80.711    11.8181   3.751649    32.7131  1025.2136     81.380     0.5603     -0.954  0.000e+00
    473.500 270.597436       1895     80.453    11.8192   3.751821    32.7140  1025.2129     81.120     0.4911     -1.016  0.000e+00
    473.750 270.597439       1896     80.191    11.8212   3.751821    32.7123  1025.2100     80.856     0.4697     -1.048  0.000e+00
    474.000 270.597442       1897     79.945    11.8226   3.751781    32.7108  1025.2075     80.608     0.5682     -1.025  0.000e+00
    474.250 270.597445       1898     79.733    11.8233   3.751954    32.7119  1025.2073     80.394     0.4882     -0.924  0.000e+00
    474.500 270.597448       1899     79.552    11.8244   3.752060    32.7120  1025.2063     80.212     0.5414     -0.793  0.000e+00
    474.750 270.597451       1900     79.407    11.8262   3.752060    32.7105  1025.2041     80.065     0.5492     -0.657  0.000e+00
    475.000 270.597454       1901     79.280    11.8273   3.752093    32.7099  1025.2029     79.936     0.5554     -0.550  0.000e+00
    475.250 270.597457       1902     79.145    11.8281   3.752299    32.7113  1025.2032     79.801     0.5517     -0.528  0.000e+00
    475.500 270.597459       1903     78.986    11.8295   3.752332    32.7104  1025.2015     79.640     0.6230     -0.593  0.000e+00
    475.750 270.597462       1904     78.782    11.8306   3.752232    32.7086  1025.1991     79.435     0.6122     -0.733  0.000e+00
    476.000 270.597465       1905     78.539    11.8309   3.752266    32.7087  1025.1979     79.190     0.8331     -0.900  0.000e+00
    476.250 270.597468       1906     78.274    11.8312   3.752332    32.7093  1025.1971     78.922     0.5525     -1.025  0.000e+00
    476.500 270.597471       1907     77.999    11.8317   3.752332    32.7089  1025.1955     78.645     0.5130     -1.089  0.000e+00
    476.750 270.597474       1908     77.751    11.8324   3.752438    32.7094  1025.1947     78.395     0.4932     -1.055  0.000e+00
    477.000 270.597477       1909     77.554    11.8334   3.752504    32.7093  1025.1935     78.196     0.5146     -0.898  0.000e+00
    477.250 270.597480       1910     77.410    11.8345   3.752577    32.7091  1025.1924     78.051     0.6065     -0.688  0.000e+00
    477.500 270.597483       1911     77.293    11.8359   3.752710    32.7092  1025.1917     77.933     0.5022     -0.526  0.000e+00
    477.750 270.597486       1912     77.182    11.8372   3.752677    32.7077  1025.1899     77.821     0.5550     -0.460  0.000e+00
    478.000 270.597488       1913     77.044    11.8384   3.752644    32.7065  1025.1880     77.682     0.5278     -0.503  0.000e+00
    478.250 270.597491       1914     76.872    11.8388   3.752504    32.7049  1025.1859     77.509     0.5541     -0.625  0.000e+00
    478.500 270.597494       1915     76.640    11.8383   3.752584    32.7061  1025.1859     77.275     0.6209     -0.814  0.000e+00
    478.750 270.597497       1916     76.377    11.8381   3.752471    32.7054  1025.1842     77.009     0.5014     -0.999  0.000e+00
    479.000 270.597500       1917     76.090    11.8376   3.752710    32.7082  1025.1852     76.720     0.5439     -1.109  0.000e+00
    479.250 270.597503       1918     75.808    11.8384   3.753089    32.7113  1025.1862     76.436     0.6600     -1.147  0.000e+00
    479.500 270.597506       1919     75.550    11.8419   3.753261    32.7100  1025.1833     76.176     0.4726     -1.089  0.000e+00
    479.750 270.597509       1920     75.339    11.8460   3.753879    32.7125  1025.1835     75.963     0.5500     -0.945  0.000e+00
    480.000 270.597512       1921     75.176    11.8518   3.754191    32.7105  1025.1801     75.799     0.4878     -0.754  0.000e+00
    480.250 270.597514       1922     75.050    11.8581   3.754882    32.7117  1025.1793     75.671     0.5278     -0.584  0.000e+00
    480.500 270.597517       1923     74.930    11.8669   3.755022    32.7054  1025.1723     75.550     0.5088     -0.496  0.000e+00
    480.750 270.597520       1924     74.796    11.8740   3.755055    32.6995  1025.1658     75.415     0.5418     -0.511  0.000e+00
