Raw_Data/Cage/SBE19/2020-09-24_SBE19_006_026_processed.cnv
* Sea-Bird SBE19plus Data File:
* FileName = C:\cruises\2020_barkerboys\leg2\data\cage\SBE19\2020-09-25_SBE19_004_026.hex
* Software Version 1.59
* Temperature SN =  4881
* Conductivity SN =  4881
* System UpLoad Time = Sep 25 2020 12:46:04
* ds
* SeacatPlus V 1.5  SERIAL NO. 4881    25 Sep 2020  12:15:39
# nquan = 12
# nvalues = 2972                                  
# units = specified
# name 0 = timeS: Time, Elapsed [seconds]
# name 1 = timeJ: Julian Days
# name 2 = scan: Scan Count
# name 3 = depSM: Depth [salt water, m], lat = 44.00
# name 4 = tv290C: Temperature [ITS-90, deg C]
# name 5 = c0S/m: Conductivity [S/m]
# name 6 = sal00: Salinity, Practical [PSU]
# name 7 = density00: Density [density, kg/m^3]
# name 8 = prdM: Pressure, Strain Gauge [db]
# name 9 = wetStar: Fluorescence, WET Labs WETstar [mg/m^3]
# name 10 = dz/dtM: Descent Rate [m/s]
# name 11 = flag:  0.000e+00
# span 0 =      0.000,    742.750                 
# span 1 = 268.726273, 268.734870                 
# span 2 =          1,       2972                 
# span 3 =     -0.097,    168.637                 
# span 4 =     9.8262,    15.7959                 
# span 5 =   0.052578,   3.926497                 
# span 6 =     0.3130,    33.5450                 
# span 7 =   999.2349,  1026.6146                 
# span 8 =     -0.098,    170.072                 
# span 9 =     0.0882,     3.4010                 
# span 10 =     -1.392,      1.212                
# span 11 = 0.0000e+00, 0.0000e+00                
# interval = seconds: 0.25
# start_time = Sep 24 2020 17:25:50 [Instrument's time stamp, header]
# bad_flag = -9.990e-29
*END*
[from data line 602]
    150.500 268.728015        603      5.078    12.7329   3.825614    32.6568  1024.6532      5.119     2.0880     -0.406  0.000e+00
    150.750 268.728018        604      5.003    12.7350   3.826076    32.6595  1024.6546      5.043     1.9982     -0.361  0.000e+00
    151.000 268.728021        605      4.964    12.7376   3.826096    32.6573  1024.6522      5.004     1.9792     -0.230  0.000e+00
    151.250 268.728024        606      4.978    12.7395   3.826217    32.6568  1024.6515      5.018     2.2042     -0.049  0.000e+00
    151.500 268.728027        607      5.032    12.7410   3.826176    32.6552  1024.6502      5.073     2.1403      0.137  0.000e+00
    151.750 268.728030        608      5.094    12.7417   3.826109    32.6539  1024.6494      5.135     2.0826      0.234  0.000e+00
    152.000 268.728032        609      5.147    12.7416   3.825969    32.6526  1024.6486      5.189     2.0138      0.232  0.000e+00
    152.250 268.728035        610      5.180    12.7412   3.825996    32.6532  1024.6494      5.222     2.0674      0.174  0.000e+00
    152.500 268.728038        611      5.191    12.7408   3.825935    32.6530  1024.6492      5.233     1.9965      0.088  0.000e+00
    152.750 268.728041        612      5.172    12.7407   3.826076    32.6545  1024.6504      5.214     2.0118     -0.017  0.000e+00
    153.000 268.728044        613      5.143    12.7407   3.826317    32.6568  1024.6520      5.185     2.1379     -0.097  0.000e+00
    153.250 268.728047        614      5.115    12.7418   3.826565    32.6581  1024.6527      5.157     2.0571     -0.114  0.000e+00
    153.500 268.728050        615      5.094    12.7439   3.826505    32.6558  1024.6504      5.135     2.0386     -0.099  0.000e+00
    153.750 268.728053        616      5.079    12.7448   3.826565    32.6555  1024.6500      5.120     1.9751     -0.073  0.000e+00
    154.000 268.728056        617      5.063    12.7457   3.826565    32.6548  1024.6492      5.104     2.1918     -0.062  0.000e+00
    154.250 268.728058        618      5.053    12.7457   3.826458    32.6538  1024.6483      5.093     1.9487     -0.054  0.000e+00
    154.500 268.728061        619      5.058    12.7456   3.826364    32.6529  1024.6477      5.099     1.9104     -0.011  0.000e+00
    154.750 268.728064        620      5.075    12.7453   3.826357    32.6532  1024.6480      5.116     1.9743      0.045  0.000e+00
    155.000 268.728067        621      5.111    12.7446   3.825795    32.6484  1024.6446      5.153     1.9607      0.107  0.000e+00
    155.250 268.728070        622      5.162    12.7429   3.825507    32.6471  1024.6442      5.204     1.9764      0.176  0.000e+00
    155.500 268.728073        623      5.212    12.7404   3.825226    32.6466  1024.6445      5.255     2.0526      0.204  0.000e+00
    155.750 268.728076        624      5.248    12.7375   3.824991    32.6468  1024.6454      5.291     1.9883      0.174  0.000e+00
    156.000 268.728079        625      5.252    12.7348   3.825125    32.6504  1024.6487      5.294     2.0616      0.079  0.000e+00
    156.250 268.728082        626      5.228    12.7333   3.825226    32.6527  1024.6507      5.271     2.2071     -0.041  0.000e+00
    156.500 268.728084        627      5.179    12.7333   3.825333    32.6538  1024.6513      5.221     1.9706     -0.146  0.000e+00
    156.750 268.728087        628      5.114    12.7340   3.825795    32.6575  1024.6538      5.156     1.9483     -0.230  0.000e+00
    157.000 268.728090        629      5.045    12.7361   3.825393    32.6520  1024.6488      5.086     1.9586     -0.271  0.000e+00
    157.250 268.728093        630      4.996    12.7361   3.825440    32.6524  1024.6488      5.036     1.9920     -0.238  0.000e+00
    157.500 268.728096        631      4.975    12.7365   3.825721    32.6547  1024.6505      5.015     1.9545     -0.142  0.000e+00
    157.750 268.728099        632      4.983    12.7371   3.825507    32.6522  1024.6484      5.024     1.9516     -0.026  0.000e+00
    158.000 268.728102        633      5.024    12.7372   3.825580    32.6528  1024.6491      5.064     1.9702      0.099  0.000e+00
    158.250 268.728105        634      5.077    12.7371   3.825159    32.6489  1024.6463      5.118     2.0019      0.189  0.000e+00
    158.500 268.728108        635      5.127    12.7356   3.824596    32.6448  1024.6436      5.169     2.0555      0.208  0.000e+00
    158.750 268.728111        636      5.158    12.7325   3.824697    32.6484  1024.6472      5.200     2.0369      0.163  0.000e+00
    159.000 268.728113        637      5.167    12.7305   3.824911    32.6522  1024.6505      5.209     2.0229      0.082  0.000e+00
    159.250 268.728116        638      5.154    12.7301   3.824944    32.6528  1024.6511      5.195     2.0674     -0.009  0.000e+00
    159.500 268.728119        639      5.129    12.7306   3.825125    32.6542  1024.6519      5.171     2.0695     -0.077  0.000e+00
    159.750 268.728122        640      5.106    12.7315   3.825085    32.6530  1024.6507      5.147     2.0250     -0.097  0.000e+00
    160.000 268.728125        641      5.091    12.7323   3.824911    32.6507  1024.6487      5.132     1.9801     -0.077  0.000e+00
    160.250 268.728128        642      5.090    12.7320   3.824877    32.6506  1024.6487      5.131     1.9945     -0.032  0.000e+00
    160.500 268.728131        643      5.097    12.7315   3.824770    32.6500  1024.6484      5.138     1.9693      0.013  0.000e+00
    160.750 268.728134        644      5.108    12.7311   3.824991    32.6524  1024.6504      5.149     2.0130      0.037  0.000e+00
    161.000 268.728137        645      5.125    12.7311   3.824911    32.6517  1024.6498      5.166     2.0295      0.056  0.000e+00
    161.250 268.728139        646      5.141    12.7310   3.824877    32.6514  1024.6497      5.182     1.9854      0.067  0.000e+00
    161.500 268.728142        647      5.149    12.7309   3.824697    32.6498  1024.6485      5.191     2.0176      0.049  0.000e+00
    161.750 268.728145        648      5.149    12.7302   3.824456    32.6481  1024.6474      5.191     2.1045      0.017  0.000e+00
    162.000 268.728148        649      5.141    12.7289   3.824415    32.6489  1024.6482      5.182     2.0917     -0.017  0.000e+00
    162.250 268.728151        650      5.123    12.7279   3.824523    32.6508  1024.6497      5.164     2.0629     -0.054  0.000e+00
    162.500 268.728154        651      5.104    12.7278   3.824697    32.6525  1024.6511      5.146     2.0633     -0.073  0.000e+00
    162.750 268.728157        652      5.085    12.7280   3.824837    32.6537  1024.6518      5.126     2.1861     -0.075  0.000e+00
    163.000 268.728160        653      5.071    12.7290   3.824857    32.6530  1024.6510      5.113     2.0513     -0.067  0.000e+00
    163.250 268.728163        654      5.064    12.7296   3.824911    32.6530  1024.6509      5.105     2.0365     -0.043  0.000e+00
    163.500 268.728166        655      5.063    12.7301   3.824737    32.6509  1024.6491      5.104     2.0151     -0.017  0.000e+00
    163.750 268.728168        656      5.070    12.7301   3.824697    32.6505  1024.6489      5.111     2.1403      0.013  0.000e+00
    164.000 268.728171        657      5.086    12.7297   3.824737    32.6513  1024.6496      5.128     2.0546      0.047  0.000e+00
    164.250 268.728174        658      5.117    12.7293   3.824824    32.6524  1024.6507      5.159     2.0538      0.094  0.000e+00
    164.500 268.728177        659      5.154    12.7295   3.824697    32.6510  1024.6497      5.196     2.0414      0.137  0.000e+00
    164.750 268.728180        660      5.189    12.7296   3.824596    32.6500  1024.6491      5.231     2.0691      0.144  0.000e+00
    165.000 268.728183        661      5.215    12.7288   3.824348    32.6483  1024.6481      5.257     2.0917      0.122  0.000e+00
    165.250 268.728186        662      5.223    12.7274   3.824134    32.6475  1024.6478      5.265     2.0147      0.069  0.000e+00
    165.500 268.728189        663      5.206    12.7258   3.824288    32.6503  1024.6502      5.248     2.0373     -0.019  0.000e+00
    165.750 268.728192        664      5.164    12.7253   3.824596    32.6537  1024.6527      5.206     2.1609     -0.118  0.000e+00
    166.000 268.728194        665      5.105    12.7260   3.824770    32.6548  1024.6531      5.147     2.0740     -0.202  0.000e+00
    166.250 268.728197        666      5.046    12.7275   3.824737    32.6532  1024.6513      5.087     1.9512     -0.238  0.000e+00
    166.500 268.728200        667      4.997    12.7284   3.824697    32.6520  1024.6500      5.037     1.8977     -0.219  0.000e+00
    166.750 268.728203        668      4.983    12.7289   3.824790    32.6525  1024.6502      5.023     1.9183     -0.127  0.000e+00
    167.000 268.728206        669      4.996    12.7290   3.824556    32.6502  1024.6485      5.036     1.8849     -0.002  0.000e+00
    167.250 268.728209        670      5.047    12.7288   3.825795    32.6621  1024.6581      5.088     1.8725      0.129  0.000e+00
    167.500 268.728212        671      5.121    12.7320   3.827128    32.6720  1024.6654      5.163     1.8874      0.253  0.000e+00
    167.750 268.728215        672      5.200    12.7387   3.824984    32.6458  1024.6441      5.242     1.9121      0.309  0.000e+00
    168.000 268.728218        673      5.266    12.7378   3.824456    32.6415  1024.6413      5.309     1.9294      0.292  0.000e+00
    168.250 268.728220        674      5.309    12.7331   3.824663    32.6475  1024.6471      5.352     2.1045      0.219  0.000e+00
    168.500 268.728223        675      5.320    12.7303   3.824911    32.6523  1024.6513      5.364     1.9463      0.109  0.000e+00
    168.750 268.728226        676      5.296    12.7298   3.824911    32.6527  1024.6517      5.339     1.9982     -0.026  0.000e+00
    169.000 268.728229        677      5.247    12.7301   3.825192    32.6551  1024.6533      5.289     1.8820     -0.148  0.000e+00
    169.250 268.728232        678      5.186    12.7312   3.825366    32.6559  1024.6533      5.228     1.9656     -0.221  0.000e+00
    169.500 268.728235        679      5.134    12.7323   3.825299    32.6543  1024.6517      5.176     1.9912     -0.228  0.000e+00
    169.750 268.728238        680      5.099    12.7334   3.825440    32.6547  1024.6516      5.140     1.9842     -0.176  0.000e+00
    170.000 268.728241        681      5.084    12.7340   3.825507    32.6548  1024.6515      5.125     1.9755     -0.101  0.000e+00
    170.250 268.728244        682      5.094    12.7350   3.825393    32.6529  1024.6499      5.135     1.9558     -0.011  0.000e+00
    170.500 268.728247        683      5.109    12.7350   3.825192    32.6510  1024.6485      5.151     1.9912      0.051  0.000e+00
    170.750 268.728249        684      5.134    12.7343   3.825159    32.6513  1024.6489      5.176     1.9796      0.082  0.000e+00
    171.000 268.728252        685      5.149    12.7336   3.825018    32.6505  1024.6486      5.191     2.0225      0.079  0.000e+00
    171.250 268.728255        686      5.155    12.7328   3.824877    32.6499  1024.6483      5.197     1.9916      0.043  0.000e+00
    171.500 268.728258        687      5.152    12.7316   3.824556    32.6479  1024.6469      5.194     1.9677      0.006  0.000e+00
    171.750 268.728261        688      5.141    12.7300   3.824596    32.6496  1024.6486      5.183     1.9541     -0.028  0.000e+00
    172.000 268.728264        689      5.135    12.7288   3.824415    32.6490  1024.6483      5.177     1.9360     -0.034  0.000e+00
    172.250 268.728267        690      5.146    12.7277   3.824174    32.6476  1024.6474      5.187     1.8989      0.009  0.000e+00
    172.500 268.728270        691      5.177    12.7263   3.823994    32.6471  1024.6475      5.218     1.9739      0.084  0.000e+00
    172.750 268.728273        692      5.231    12.7249   3.823853    32.6470  1024.6479      5.273     1.9084      0.172  0.000e+00
    173.000 268.728275        693      5.286    12.7231   3.823605    32.6461  1024.6478      5.329     1.9055      0.221  0.000e+00
    173.250 268.728278        694      5.333    12.7214   3.823679    32.6483  1024.6500      5.376     1.9533      0.206  0.000e+00
    173.500 268.728281        695      5.344    12.7201   3.823713    32.6497  1024.6514      5.387     1.9772      0.116  0.000e+00
    173.750 268.728284        696      5.320    12.7195   3.823820    32.6512  1024.6526      5.363     1.9121     -0.026  0.000e+00
    174.000 268.728287        697      5.262    12.7197   3.823853    32.6514  1024.6525      5.304     2.0600     -0.165  0.000e+00
    174.250 268.728290        698      5.184    12.7202   3.823853    32.6510  1024.6517      5.226     2.1148     -0.275  0.000e+00
    174.500 268.728293        699      5.105    12.7205   3.823786    32.6502  1024.6506      5.146     2.0740     -0.316  0.000e+00
    174.750 268.728296        700      5.041    12.7204   3.823820    32.6506  1024.6507      5.082     1.9813     -0.288  0.000e+00
    175.000 268.728299        701      5.010    12.7205   3.823853    32.6508  1024.6507      5.051     1.9850     -0.191  0.000e+00
    175.250 268.728302        702      5.018    12.7205   3.823853    32.6509  1024.6508      5.058     1.9652     -0.047  0.000e+00
    175.500 268.728304        703      5.052    12.7206   3.823786    32.6501  1024.6503      5.093     2.0056      0.084  0.000e+00
    175.750 268.728307        704      5.109    12.7206   3.824174    32.6537  1024.6534      5.151     2.0064      0.185  0.000e+00
    176.000 268.728310        705      5.165    12.7212   3.823605    32.6478  1024.6490      5.207     1.9656      0.228  0.000e+00
    176.250 268.728313        706      5.212    12.7206   3.823083    32.6433  1024.6458      5.254     2.0217      0.206  0.000e+00
    176.500 268.728316        707      5.242    12.7180   3.823083    32.6456  1024.6482      5.285     1.9702      0.157  0.000e+00
    176.750 268.728319        708      5.251    12.7157   3.823117    32.6479  1024.6504      5.293     2.1020      0.079  0.000e+00
    177.000 268.728322        709      5.246    12.7148   3.823324    32.6506  1024.6527      5.288     2.0118      0.006  0.000e+00
    177.250 268.728325        710      5.230    12.7150   3.823224    32.6496  1024.6518      5.272     2.0019     -0.043  0.000e+00
    177.500 268.728328        711      5.211    12.7152   3.823318    32.6502  1024.6522      5.254     2.0394     -0.069  0.000e+00
    177.750 268.728330        712      5.199    12.7156   3.823538    32.6521  1024.6535      5.241     1.9570     -0.062  0.000e+00
    178.000 268.728333        713      5.199    12.7163   3.823538    32.6514  1024.6528      5.241     2.0200     -0.026  0.000e+00
    178.250 268.728336        714      5.208    12.7168   3.823324    32.6489  1024.6509      5.250     1.9673      0.019  0.000e+00
    178.500 268.728339        715      5.225    12.7169   3.823291    32.6485  1024.6506      5.268     1.9347      0.054  0.000e+00
    178.750 268.728342        716      5.250    12.7162   3.823150    32.6478  1024.6503      5.292     1.9277      0.084  0.000e+00
    179.000 268.728345        717      5.264    12.7156   3.823150    32.6483  1024.6509      5.306     1.9871      0.077  0.000e+00
    179.250 268.728348        718      5.265    12.7149   3.823117    32.6486  1024.6512      5.307     1.9887      0.030  0.000e+00
    179.500 268.728351        719      5.248    12.7148   3.823224    32.6497  1024.6521      5.290     2.0089     -0.032  0.000e+00
    179.750 268.728354        720      5.221    12.7147   3.823291    32.6504  1024.6525      5.263     2.0019     -0.088  0.000e+00
    180.000 268.728356        721      5.187    12.7152   3.823384    32.6509  1024.6526      5.229     1.9533     -0.122  0.000e+00
