Raw_Data/Cage/SBE19/2020-09-21_SBE19_005_017_processed.cnv
* Sea-Bird SBE19plus Data File:
* FileName = C:\cruises\2020_barkerboys\leg2\data\cage\SBE19\2020-09-25_SBE19_004_017.hex
* Software Version 1.59
* Temperature SN =  4881
* Conductivity SN =  4881
* System UpLoad Time = Sep 25 2020 12:35:01
* ds
* SeacatPlus V 1.5  SERIAL NO. 4881    25 Sep 2020  12:15:39
# nquan = 12
# nvalues = 2955                                  
# units = specified
# name 0 = timeS: Time, Elapsed [seconds]
# name 1 = timeJ: Julian Days
# name 2 = scan: Scan Count
# name 3 = depSM: Depth [salt water, m], lat = 44.00
# name 4 = tv290C: Temperature [ITS-90, deg C]
# name 5 = c0S/m: Conductivity [S/m]
# name 6 = sal00: Salinity, Practical [PSU]
# name 7 = density00: Density [density, kg/m^3]
# name 8 = prdM: Pressure, Strain Gauge [db]
# name 9 = wetStar: Fluorescence, WET Labs WETstar [mg/m^3]
# name 10 = dz/dtM: Descent Rate [m/s]
# name 11 = flag:  0.000e+00
# span 0 =      0.000,    738.500                 
# span 1 = 265.577442, 265.585990                 
# span 2 =          1,       2955                 
# span 3 =      0.164,    179.851                 
# span 4 =     9.8175,    13.2823                 
# span 5 =   0.000950,   3.863692                 
# span 6 =     0.0105,    33.5472                 
# span 7 =   999.3756,  1026.6668                 
# span 8 =      0.166,    181.385                 
# span 9 =     0.1038,     3.7463                 
# span 10 =     -1.488,      1.280                
# span 11 = 0.0000e+00, 0.0000e+00                
# interval = seconds: 0.25
# start_time = Sep 21 2020 13:51:31 [Instrument's time stamp, header]
# bad_flag = -9.990e-29
*END*
[from data line 2286]
    571.500 265.584057       2287     77.755    10.0888   3.665074    33.4133  1026.0533     78.399     0.1393     -0.900  0.000e+00
    571.750 265.584060       2288     77.552    10.0889   3.665146    33.4140  1026.0529     78.195     0.1207     -0.857  0.000e+00
    572.000 265.584063       2289     77.385    10.0892   3.665146    33.4138  1026.0519     78.026     0.1096     -0.745  0.000e+00
    572.250 265.584065       2290     77.243    10.0894   3.665212    33.4144  1026.0517     77.883     0.1273     -0.623  0.000e+00
    572.500 265.584068       2291     77.115    10.0898   3.665212    33.4140  1026.0507     77.753     0.1331     -0.546  0.000e+00
    572.750 265.584071       2292     76.979    10.0909   3.665245    33.4134  1026.0495     77.617     0.1368     -0.533  0.000e+00
    573.000 265.584074       2293     76.822    10.0915   3.665278    33.4132  1026.0485     77.458     0.1459     -0.591  0.000e+00
    573.250 265.584077       2294     76.632    10.0920   3.665278    33.4129  1026.0473     77.267     0.1459     -0.700  0.000e+00
    573.500 265.584080       2295     76.403    10.0927   3.665311    33.4126  1026.0459     77.036     0.1294     -0.844  0.000e+00
    573.750 265.584083       2296     76.129    10.0935   3.665343    33.4124  1026.0444     76.760     0.1228     -1.014  0.000e+00
    574.000 265.584086       2297     75.827    10.0947   3.665389    33.4119  1026.0424     76.454     0.1211     -1.162  0.000e+00
    574.250 265.584089       2298     75.520    10.0962   3.665475    33.4115  1026.0404     76.145     0.1434     -1.229  0.000e+00
    574.500 265.584091       2299     75.231    10.0978   3.665508    33.4105  1026.0381     75.854     0.1327     -1.201  0.000e+00
    574.750 265.584094       2300     74.990    10.0991   3.665547    33.4098  1026.0362     75.610     0.1384     -1.070  0.000e+00
    575.000 265.584097       2301     74.795    10.1008   3.665547    33.4083  1026.0339     75.414     0.1273     -0.881  0.000e+00
    575.250 265.584100       2302     74.646    10.1021   3.665613    33.4079  1026.0326     75.263     0.1384     -0.694  0.000e+00
    575.500 265.584103       2303     74.536    10.1034   3.665738    33.4080  1026.0320     75.153     0.1479     -0.522  0.000e+00
    575.750 265.584106       2304     74.433    10.1049   3.665711    33.4064  1026.0300     75.048     0.1265     -0.430  0.000e+00
    576.000 265.584109       2305     74.322    10.1063   3.665777    33.4058  1026.0288     74.937     0.1261     -0.432  0.000e+00
    576.250 265.584112       2306     74.193    10.1077   3.665744    33.4042  1026.0267     74.807     0.1306     -0.483  0.000e+00
    576.500 265.584115       2307     74.037    10.1090   3.665810    33.4038  1026.0255     74.650     0.1384     -0.574  0.000e+00
    576.750 265.584117       2308     73.855    10.1100   3.665777    33.4025  1026.0235     74.466     0.1409     -0.681  0.000e+00
    577.000 265.584120       2309     73.629    10.1108   3.665777    33.4020  1026.0219     74.239     0.1277     -0.823  0.000e+00
    577.250 265.584123       2310     73.377    10.1113   3.665810    33.4020  1026.0206     73.984     0.1533     -0.965  0.000e+00
    577.500 265.584126       2311     73.114    10.1115   3.665777    33.4015  1026.0191     73.719     0.1669     -1.040  0.000e+00
    577.750 265.584129       2312     72.866    10.1120   3.665776    33.4011  1026.0175     73.468     0.1356     -1.031  0.000e+00
    578.000 265.584132       2313     72.656    10.1124   3.665776    33.4009  1026.0163     73.257     0.1302     -0.924  0.000e+00
    578.250 265.584135       2314     72.492    10.1128   3.665875    33.4016  1026.0161     73.091     0.1203     -0.754  0.000e+00
    578.500 265.584138       2315     72.380    10.1134   3.665915    33.4015  1026.0153     72.979     0.1459     -0.556  0.000e+00
    578.750 265.584141       2316     72.297    10.1143   3.665947    33.4010  1026.0145     72.895     0.1459     -0.393  0.000e+00
    579.000 265.584144       2317     72.225    10.1151   3.665947    33.4004  1026.0135     72.822     0.1356     -0.314  0.000e+00
    579.250 265.584146       2318     72.139    10.1155   3.665980    33.4003  1026.0130     72.736     0.1314     -0.318  0.000e+00
    579.500 265.584149       2319     72.019    10.1159   3.665947    33.3997  1026.0119     72.614     0.1430     -0.415  0.000e+00
    579.750 265.584152       2320     71.857    10.1167   3.666046    33.4000  1026.0113     72.451     0.1314     -0.569  0.000e+00
    580.000 265.584155       2321     71.665    10.1169   3.666046    33.3999  1026.0102     72.258     0.1224     -0.713  0.000e+00
    580.250 265.584158       2322     71.456    10.1181   3.666092    33.3994  1026.0087     72.046     0.1384     -0.810  0.000e+00
    580.500 265.584161       2323     71.244    10.1191   3.666145    33.3991  1026.0074     71.833     0.1360     -0.851  0.000e+00
    580.750 265.584164       2324     71.044    10.1202   3.666210    33.3989  1026.0061     71.632     0.1265     -0.829  0.000e+00
    581.000 265.584167       2325     70.863    10.1212   3.666210    33.3979  1026.0043     71.449     0.1401     -0.767  0.000e+00
    581.250 265.584170       2326     70.699    10.1224   3.666283    33.3977  1026.0032     71.284     0.1261     -0.696  0.000e+00
    581.500 265.584172       2327     70.542    10.1235   3.666210    33.3960  1026.0010     71.125     0.1331     -0.649  0.000e+00
    581.750 265.584175       2328     70.381    10.1242   3.666315    33.3965  1026.0005     70.962     0.1500     -0.642  0.000e+00
    582.000 265.584178       2329     70.210    10.1251   3.666302    33.3956  1025.9989     70.791     0.1389     -0.668  0.000e+00
    582.250 265.584181       2330     70.039    10.1261   3.666315    33.3949  1025.9974     70.618     0.1244     -0.690  0.000e+00
    582.500 265.584184       2331     69.867    10.1268   3.666414    33.3953  1025.9968     70.445     0.1286     -0.692  0.000e+00
    582.750 265.584187       2332     69.700    10.1279   3.666447    33.3947  1025.9954     70.276     0.1343     -0.683  0.000e+00
    583.000 265.584190       2333     69.545    10.1289   3.666447    33.3938  1025.9938     70.119     0.1281     -0.651  0.000e+00
    583.250 265.584193       2334     69.399    10.1298   3.666480    33.3934  1025.9926     69.972     0.1364     -0.608  0.000e+00
    583.500 265.584196       2335     69.256    10.1306   3.666479    33.3928  1025.9914     69.828     0.1347     -0.582  0.000e+00
    583.750 265.584198       2336     69.117    10.1311   3.666479    33.3923  1025.9903     69.688     0.1380     -0.569  0.000e+00
    584.000 265.584201       2337     68.973    10.1318   3.666479    33.3917  1025.9891     69.543     0.1232     -0.571  0.000e+00
    584.250 265.584204       2338     68.816    10.1326   3.666512    33.3914  1025.9880     69.385     0.1455     -0.606  0.000e+00
    584.500 265.584207       2339     68.628    10.1334   3.666479    33.3904  1025.9862     69.195     0.1413     -0.696  0.000e+00
    584.750 265.584210       2340     68.403    10.1340   3.666578    33.3910  1025.9855     68.968     0.1253     -0.833  0.000e+00
    585.000 265.584213       2341     68.154    10.1347   3.666617    33.3908  1025.9841     68.717     0.1516     -0.956  0.000e+00
    585.250 265.584216       2342     67.882    10.1359   3.666683    33.3905  1025.9825     68.443     0.1376     -1.050  0.000e+00
    585.500 265.584219       2343     67.619    10.1380   3.666815    33.3900  1025.9805     68.177     0.1327     -1.078  0.000e+00
    585.750 265.584222       2344     67.385    10.1412   3.666946    33.3885  1025.9777     67.941     0.1240     -1.003  0.000e+00
    586.000 265.584225       2345     67.196    10.1446   3.667315    33.3892  1025.9768     67.751     0.1331     -0.853  0.000e+00
    586.250 265.584227       2346     67.062    10.1508   3.667420    33.3846  1025.9716     67.616     0.1376     -0.651  0.000e+00
    586.500 265.584230       2347     66.976    10.1566   3.667552    33.3806  1025.9671     67.529     0.1323     -0.445  0.000e+00
    586.750 265.584233       2348     66.900    10.1618   3.667538    33.3757  1025.9620     67.452     0.1183     -0.327  0.000e+00
    587.000 265.584236       2349     66.811    10.1652   3.667584    33.3732  1025.9590     67.362     0.1306     -0.333  0.000e+00
    587.250 265.584239       2350     66.672    10.1667   3.667617    33.3721  1025.9573     67.223     0.1286     -0.460  0.000e+00
    587.500 265.584242       2351     66.483    10.1683   3.667617    33.3708  1025.9552     67.031     0.1356     -0.662  0.000e+00
    587.750 265.584245       2352     66.240    10.1699   3.667716    33.3704  1025.9535     66.786     0.1236     -0.872  0.000e+00
    588.000 265.584248       2353     65.954    10.1719   3.667821    33.3698  1025.9513     66.499     0.1294     -1.065  0.000e+00
    588.250 265.584251       2354     65.654    10.1758   3.667959    33.3677  1025.9476     66.196     0.1356     -1.181  0.000e+00
    588.500 265.584253       2355     65.382    10.1813   3.668084    33.3640  1025.9426     65.922     0.1327     -1.154  0.000e+00
    588.750 265.584256       2356     65.153    10.1863   3.668189    33.3606  1025.9380     65.691     0.1529     -1.010  0.000e+00
    589.000 265.584259       2357     64.997    10.1903   3.668222    33.3573  1025.9341     65.533     0.1520     -0.778  0.000e+00
    589.250 265.584262       2358     64.912    10.1938   3.668222    33.3541  1025.9306     65.447     0.1352     -0.488  0.000e+00
    589.500 265.584265       2359     64.859    10.1965   3.668321    33.3526  1025.9288     65.395     0.1442     -0.277  0.000e+00
    589.750 265.584268       2360     64.817    10.1990   3.668255    33.3497  1025.9259     65.352     0.1393     -0.191  0.000e+00
    590.000 265.584271       2361     64.757    10.2011   3.668347    33.3488  1025.9245     65.291     0.1319     -0.206  0.000e+00
    590.250 265.584274       2362     64.660    10.2028   3.668288    33.3466  1025.9221     65.194     0.1438     -0.316  0.000e+00
    590.500 265.584277       2363     64.521    10.2043   3.668354    33.3460  1025.9207     65.053     0.1211     -0.477  0.000e+00
    590.750 265.584280       2364     64.343    10.2055   3.668321    33.3446  1025.9186     64.874     0.1211     -0.640  0.000e+00
    591.000 265.584282       2365     64.143    10.2078   3.668353    33.3429  1025.9160     64.672     0.1384     -0.763  0.000e+00
    591.250 265.584285       2366     63.936    10.2108   3.668419    33.3409  1025.9130     64.463     0.1417     -0.821  0.000e+00
    591.500 265.584288       2367     63.734    10.2136   3.668347    33.3377  1025.9090     64.259     0.1417     -0.825  0.000e+00
    591.750 265.584291       2368     63.549    10.2161   3.668353    33.3355  1025.9061     64.073     0.1314     -0.780  0.000e+00
    592.000 265.584294       2369     63.380    10.2183   3.668353    33.3336  1025.9034     63.903     0.1306     -0.713  0.000e+00
    592.250 265.584297       2370     63.230    10.2205   3.668353    33.3316  1025.9008     63.751     0.1133     -0.644  0.000e+00
    592.500 265.584300       2371     63.088    10.2225   3.668386    33.3301  1025.8987     63.608     0.1178     -0.589  0.000e+00
    592.750 265.584303       2372     62.957    10.2241   3.668452    33.3294  1025.8972     63.476     0.1154     -0.550  0.000e+00
    593.000 265.584306       2373     62.835    10.2266   3.668721    33.3300  1025.8967     63.353     0.1253     -0.511  0.000e+00
    593.250 265.584308       2374     62.719    10.2321   3.668840    33.3261  1025.8922     63.236     0.1294     -0.481  0.000e+00
    593.500 265.584311       2375     62.603    10.2396   3.669090    33.3219  1025.8871     63.119     0.1257     -0.468  0.000e+00
    593.750 265.584314       2376     62.486    10.2487   3.669189    33.3145  1025.8793     63.002     0.1232     -0.468  0.000e+00
    594.000 265.584317       2377     62.356    10.2561   3.669491    33.3108  1025.8745     62.871     0.1187     -0.496  0.000e+00
    594.250 265.584320       2378     62.223    10.2656   3.670130    33.3087  1025.8706     62.736     0.1199     -0.531  0.000e+00
    594.500 265.584323       2379     62.072    10.2801   3.670367    33.2978  1025.8589     62.584     0.1207     -0.574  0.000e+00
    594.750 265.584326       2380     61.904    10.2934   3.670564    33.2877  1025.8480     62.414     0.1075     -0.644  0.000e+00
    595.000 265.584329       2381     61.708    10.3033   3.670459    33.2776  1025.8376     62.217     0.1133     -0.735  0.000e+00
    595.250 265.584332       2382     61.484    10.3089   3.670900    33.2770  1025.8351     61.991     0.1121     -0.846  0.000e+00
    595.500 265.584334       2383     61.252    10.3149   3.671236    33.2750  1025.8315     61.757     0.1137     -0.919  0.000e+00
    595.750 265.584337       2384     61.019    10.3232   3.671736    33.2726  1025.8271     61.522     0.1154     -0.939  0.000e+00
    596.000 265.584340       2385     60.796    10.3338   3.672309    33.2687  1025.8212     61.297     0.1080     -0.919  0.000e+00
    596.250 265.584343       2386     60.611    10.3466   3.672849    33.2625  1025.8134     61.110     0.1211     -0.823  0.000e+00
    596.500 265.584346       2387     60.470    10.3599   3.673653    33.2585  1025.8073     60.969     0.1224     -0.657  0.000e+00
    596.750 265.584349       2388     60.373    10.3763   3.674878    33.2559  1025.8020     60.871     0.1368     -0.479  0.000e+00
    597.000 265.584352       2389     60.284    10.3969   3.674628    33.2345  1025.7814     60.781     0.1038     -0.376  0.000e+00
    597.250 265.584355       2390     60.188    10.4105   3.674931    33.2252  1025.7713     60.684     0.1174     -0.374  0.000e+00
    597.500 265.584358       2391     60.053    10.4183   3.675497    33.2239  1025.7683     60.548     0.1121     -0.466  0.000e+00
    597.750 265.584361       2392     59.886    10.4280   3.676407    33.2242  1025.7661     60.379     0.1096     -0.610  0.000e+00
    598.000 265.584363       2393     59.687    10.4412   3.677448    33.2227  1025.7618     60.179     0.1364     -0.737  0.000e+00
    598.250 265.584366       2394     59.471    10.4575   3.678219    33.2157  1025.7525     59.961     0.1211     -0.836  0.000e+00
    598.500 265.584369       2395     59.258    10.4750   3.678911    33.2068  1025.7415     59.746     0.1483     -0.866  0.000e+00
    598.750 265.584372       2396     59.065    10.4918   3.680071    33.2032  1025.7350     59.552     0.1240     -0.818  0.000e+00
    599.000 265.584375       2397     58.891    10.5094   3.680209    33.1886  1025.7198     59.376     0.1154     -0.741  0.000e+00
    599.250 265.584378       2398     58.733    10.5229   3.680743    33.1818  1025.7114     59.217     0.1422     -0.670  0.000e+00
    599.500 265.584381       2399     58.574    10.5339   3.680980    33.1742  1025.7028     59.057     0.1290     -0.638  0.000e+00
    599.750 265.584384       2400     58.418    10.5428   3.681283    33.1692  1025.6966     58.899     0.1273     -0.636  0.000e+00
    600.000 265.584387       2401     58.250    10.5504   3.681923    33.1687  1025.6942     58.729     0.1380     -0.655  0.000e+00
    600.250 265.584389       2402     58.083    10.5582   3.682193    33.1645  1025.6888     58.562     0.1590     -0.674  0.000e+00
    600.500 265.584392       2403     57.922    10.5656   3.682384    33.1597  1025.6830     58.398     0.1401     -0.662  0.000e+00
    600.750 265.584395       2404     57.763    10.5717   3.682767    33.1580  1025.6800     58.238     0.1574     -0.646  0.000e+00
    601.000 265.584398       2405     57.614    10.5777   3.683169    33.1567  1025.6772     58.088     0.1446     -0.621  0.000e+00
    601.250 265.584401       2406     57.467    10.5845   3.683439    33.1533  1025.6726     57.940     0.1615     -0.597  0.000e+00
