Raw_Data/Cage/SBE19/2020-09-19_SBE19_003_009_processed.cnv
* Sea-Bird SBE19plus Data File:
* FileName = C:\cruises\2020_barkerboys\leg2\data\cage\SBE19\2020-09-25_SBE19_004_009.hex
* Software Version 1.59
* Temperature SN =  4881
* Conductivity SN =  4881
* System UpLoad Time = Sep 25 2020 12:22:30
* ds
* SeacatPlus V 1.5  SERIAL NO. 4881    25 Sep 2020  12:15:39
# nquan = 12
# nvalues = 518                                   
# units = specified
# name 0 = timeS: Time, Elapsed [seconds]
# name 1 = timeJ: Julian Days
# name 2 = scan: Scan Count
# name 3 = depSM: Depth [salt water, m], lat = 44.00
# name 4 = tv290C: Temperature [ITS-90, deg C]
# name 5 = c0S/m: Conductivity [S/m]
# name 6 = sal00: Salinity, Practical [PSU]
# name 7 = density00: Density [density, kg/m^3]
# name 8 = prdM: Pressure, Strain Gauge [db]
# name 9 = wetStar: Fluorescence, WET Labs WETstar [mg/m^3]
# name 10 = dz/dtM: Descent Rate [m/s]
# name 11 = flag:  0.000e+00
# span 0 =      0.000,    129.250                 
# span 1 = 263.815995, 263.817491                 
# span 2 =          1,        518                 
# span 3 =      0.041,      5.512                 
# span 4 =    13.2956,    14.3215                 
# span 5 =  -0.272258,   3.858753                 
# span 6 =     0.0000,    32.4513                 
# span 7 =   999.2015,  1024.3759                 
# span 8 =      0.041,      5.557                 
# span 9 =     0.1343,     5.4734                 
# span 10 =     -0.356,      0.831                
# span 11 = 0.0000e+00, 0.0000e+00                
# interval = seconds: 0.25
# start_time = Sep 19 2020 19:35:02 [Instrument's time stamp, header]
# bad_flag = -9.990e-29
*END*
[from data line 361]
     90.250 263.817040        362      5.243    13.3822   3.856709    32.3929  1024.3220      5.285     1.4214     -0.116  0.000e+00
     90.500 263.817043        363      5.206    13.3965   3.854627    32.3613  1024.2945      5.249     1.4049     -0.144  0.000e+00
     90.750 263.817046        364      5.204    13.4074   3.852356    32.3308  1024.2688      5.246     1.8495     -0.077  0.000e+00
     91.000 263.817049        365      5.234    13.4071   3.850718    32.3157  1024.2573      5.276     2.3772      0.056  0.000e+00
     91.250 263.817052        366      5.289    13.3917   3.849496    32.3173  1024.2618      5.332     1.4247      0.172  0.000e+00
     91.500 263.817054        367      5.346    13.3750   3.849510    32.3316  1024.2765      5.389     1.4428      0.226  0.000e+00
     91.750 263.817057        368      5.390    13.3639   3.851712    32.3616  1024.3021      5.433     1.4647      0.202  0.000e+00
     92.000 263.817060        369      5.402    13.3580   3.855265    32.3999  1024.3329      5.446     1.3901      0.114  0.000e+00
     92.250 263.817063        370      5.382    13.3518   3.856132    32.4133  1024.3444      5.426     2.3253     -0.015  0.000e+00
     92.500 263.817066        371      5.337    13.3475   3.856938    32.4246  1024.3538      5.381     2.5647     -0.131  0.000e+00
     92.750 263.817069        372      5.295    13.3537   3.856226    32.4126  1024.3431      5.338     1.6150     -0.176  0.000e+00
     93.000 263.817072        373      5.271    13.3611   3.853660    32.3823  1024.3181      5.314     1.7448     -0.133  0.000e+00
     93.250 263.817075        374      5.276    13.3613   3.851074    32.3580  1024.2993      5.318     1.9714     -0.039  0.000e+00
     93.500 263.817078        375      5.290    13.3541   3.849973    32.3537  1024.2975      5.333     1.3547      0.039  0.000e+00
     93.750 263.817080        376      5.302    13.3447   3.849866    32.3607  1024.3048      5.345     1.4177      0.054  0.000e+00
     94.000 263.817083        377      5.297    13.3396   3.852948    32.3939  1024.3315      5.340     1.4589      0.013  0.000e+00
     94.250 263.817086        378      5.273    13.3390   3.856549    32.4281  1024.3580      5.316     1.6616     -0.058  0.000e+00
     94.500 263.817089        379      5.222    13.3350   3.857651    32.4419  1024.3692      5.265     1.3682     -0.150  0.000e+00
     94.750 263.817092        380      5.156    13.3361   3.858753    32.4513  1024.3759      5.198     1.4354     -0.236  0.000e+00
     95.000 263.817095        381      5.112    13.3479   3.858537    32.4393  1024.3641      5.153     1.4070     -0.223  0.000e+00
     95.250 263.817098        382      5.097    13.3660   3.854096    32.3823  1024.3163      5.138     1.6735     -0.120  0.000e+00
     95.500 263.817101        383      5.125    13.3757   3.849261    32.3288  1024.2731      5.167     2.1259      0.028  0.000e+00
     95.750 263.817104        384      5.203    13.3686   3.846254    32.3067  1024.2578      5.245     1.5355      0.215  0.000e+00
     96.000 263.817106        385      5.298    13.3548   3.845503    32.3113  1024.2646      5.341     2.1758      0.348  0.000e+00
     96.250 263.817109        386      5.382    13.3422   3.846033    32.3269  1024.2795      5.426     2.0744      0.361  0.000e+00
     96.500 263.817112        387      5.434    13.3341   3.847772    32.3501  1024.2993      5.478     1.3954      0.275  0.000e+00
     96.750 263.817115        388      5.449    13.3296   3.853184    32.4046  1024.3424      5.493     1.5755      0.135  0.000e+00
     97.000 263.817118        389      5.419    13.3263   3.855555    32.4296  1024.3623      5.463     2.2367     -0.030  0.000e+00
     97.250 263.817121        390      5.350    13.3271   3.855770    32.4310  1024.3629      5.393     1.5425     -0.200  0.000e+00
     97.500 263.817124        391      5.266    13.3470   3.854701    32.4040  1024.3377      5.309     1.5928     -0.309  0.000e+00
     97.750 263.817127        392      5.190    13.3733   3.854607    32.3809  1024.3142      5.232     2.3871     -0.322  0.000e+00
     98.000 263.817130        393      5.132    13.3926   3.854627    32.3646  1024.2975      5.173     2.4757     -0.271  0.000e+00
     98.250 263.817133        394      5.108    13.4044   3.852390    32.3337  1024.2712      5.150     1.6966     -0.165  0.000e+00
     98.500 263.817135        395      5.107    13.4091   3.851463    32.3211  1024.2605      5.149     1.9277     -0.049  0.000e+00
     98.750 263.817138        396      5.123    13.4061   3.850651    32.3160  1024.2572      5.165     2.2215      0.030  0.000e+00
     99.000 263.817141        397      5.153    13.3907   3.849443    32.3178  1024.2618      5.195     2.7843      0.092  0.000e+00
     99.250 263.817144        398      5.181    13.3748   3.849409    32.3309  1024.2752      5.223     2.1123      0.116  0.000e+00
     99.500 263.817147        399      5.198    13.3641   3.850443    32.3497  1024.2920      5.240     1.8301      0.090  0.000e+00
     99.750 263.817150        400      5.198    13.3584   3.852673    32.3754  1024.3130      5.240     1.4902      0.034  0.000e+00
    100.000 263.817153        401      5.190    13.3545   3.853956    32.3907  1024.3255      5.232     1.3744     -0.015  0.000e+00
    100.250 263.817156        402      5.186    13.3504   3.853915    32.3938  1024.3288      5.228     1.5450     -0.024  0.000e+00
    100.500 263.817159        403      5.194    13.3473   3.852512    32.3833  1024.3213      5.236     2.1403      0.006  0.000e+00
    100.750 263.817161        404      5.222    13.3436   3.851182    32.3740  1024.3149      5.265     1.6739      0.073  0.000e+00
    101.000 263.817164        405      5.271    13.3390   3.849443    32.3617  1024.3066      5.314     1.3588      0.157  0.000e+00
    101.250 263.817167        406      5.326    13.3332   3.848591    32.3585  1024.3055      5.369     1.3081      0.208  0.000e+00
    101.500 263.817170        407      5.368    13.3287   3.849329    32.3693  1024.3149      5.412     1.6224      0.195  0.000e+00
    101.750 263.817173        408      5.379    13.3271   3.852922    32.4043  1024.3424      5.422     1.3522      0.107  0.000e+00
    102.000 263.817176        409      5.350    13.3281   3.855165    32.4244  1024.3576      5.393     1.5120     -0.037  0.000e+00
    102.250 263.817179        410      5.286    13.3294   3.856468    32.4356  1024.3657      5.329     1.9417     -0.187  0.000e+00
    102.500 263.817182        411      5.202    13.3479   3.856300    32.4182  1024.3482      5.244     1.8293     -0.298  0.000e+00
    102.750 263.817185        412      5.109    13.3765   3.856226    32.3933  1024.3228      5.151     1.4783     -0.356  0.000e+00
    103.000 263.817187        413      5.048    13.3995   3.855413    32.3662  1024.2970      5.089     1.5821     -0.311  0.000e+00
    103.250 263.817190        414      5.036    13.4147   3.852578    32.3268  1024.2634      5.077     1.7988     -0.148  0.000e+00
    103.500 263.817193        415      5.061    13.4222   3.851537    32.3107  1024.2496      5.102     1.4008      0.028  0.000e+00
    103.750 263.817196        416      5.133    13.4129   3.848449    32.2896  1024.2355      5.174     1.6154      0.195  0.000e+00
    104.000 263.817199        417      5.215    13.3927   3.847066    32.2939  1024.2432      5.257     2.7072      0.309  0.000e+00
    104.250 263.817202        418      5.282    13.3745   3.847268    32.3111  1024.2605      5.325     1.4296      0.301  0.000e+00
    104.500 263.817205        419      5.320    13.3617   3.849369    32.3416  1024.2868      5.363     1.7835      0.213  0.000e+00
    104.750 263.817208        420      5.326    13.3542   3.852498    32.3773  1024.3158      5.369     1.9100      0.088  0.000e+00
    105.000 263.817211        421      5.304    13.3481   3.853794    32.3946  1024.3303      5.347     1.5343     -0.032  0.000e+00
    105.250 263.817214        422      5.270    13.3457   3.855017    32.4081  1024.3411      5.313     1.6822     -0.112  0.000e+00
    105.500 263.817216        423      5.241    13.3532   3.855413    32.4054  1024.3374      5.284     1.7267     -0.127  0.000e+00
    105.750 263.817219        424      5.219    13.3700   3.855514    32.3921  1024.3237      5.261     1.7081     -0.103  0.000e+00
    106.000 263.817222        425      5.212    13.3862   3.854640    32.3702  1024.3035      5.254     1.4774     -0.060  0.000e+00
    106.250 263.817225        426      5.223    13.3973   3.852531    32.3410  1024.2788      5.266     1.4552      0.009  0.000e+00
    106.500 263.817228        427      5.255    13.4007   3.851181    32.3255  1024.2662      5.298     1.3901      0.088  0.000e+00
    106.750 263.817231        428      5.292    13.3973   3.850899    32.3257  1024.2672      5.334     4.4059      0.137  0.000e+00
    107.000 263.817234        429      5.316    13.3884   3.851423    32.3382  1024.2787      5.359     5.4734      0.122  0.000e+00
    107.250 263.817237        430      5.318    13.3830   3.853559    32.3627  1024.2988      5.361     1.9092      0.054  0.000e+00
    107.500 263.817240        431      5.295    13.3807   3.854311    32.3717  1024.3061      5.338     1.3526     -0.043  0.000e+00
    107.750 263.817242        432      5.247    13.3772   3.854741    32.3787  1024.3120      5.289     1.6529     -0.144  0.000e+00
    108.000 263.817245        433      5.187    13.3814   3.854842    32.3761  1024.3089      5.229     1.6797     -0.217  0.000e+00
    108.250 263.817248        434      5.117    13.3949   3.855090    32.3670  1024.2988      5.158     1.6719     -0.262  0.000e+00
    108.500 263.817251        435      5.070    13.4085   3.855231    32.3568  1024.2880      5.111     1.8280     -0.236  0.000e+00
    108.750 263.817254        436      5.055    13.4184   3.853995    32.3369  1024.2705      5.096     1.4865     -0.125  0.000e+00
    109.000 263.817257        437      5.070    13.4240   3.852282    32.3161  1024.2535      5.111     2.2227      0.000  0.000e+00
    109.250 263.817260        438      5.127    13.4230   3.851006    32.3050  1024.2453      5.169     1.5087      0.146  0.000e+00
    109.500 263.817263        439      5.205    13.4109   3.849476    32.3010  1024.2450      5.247     1.8593      0.273  0.000e+00
    109.750 263.817266        440      5.283    13.3971   3.848959    32.3077  1024.2533      5.326     3.0018      0.314  0.000e+00
    110.000 263.817269        441      5.337    13.3863   3.849443    32.3215  1024.2663      5.381     1.8503      0.266  0.000e+00
    110.250 263.817271        442      5.354    13.3796   3.852142    32.3524  1024.2916      5.398     1.9508      0.144  0.000e+00
    110.500 263.817274        443      5.332    13.3759   3.853740    32.3704  1024.3062      5.375     2.6096     -0.011  0.000e+00
    110.750 263.817277        444      5.274    13.3725   3.855050    32.3856  1024.3184      5.317     1.9368     -0.161  0.000e+00
    111.000 263.817280        445      5.201    13.3817   3.855231    32.3795  1024.3115      5.243     1.6772     -0.264  0.000e+00
    111.250 263.817283        446      5.117    13.4002   3.855164    32.3632  1024.2948      5.158     1.4288     -0.318  0.000e+00
    111.500 263.817286        447      5.053    13.4177   3.853995    32.3375  1024.2712      5.094     1.6233     -0.299  0.000e+00
    111.750 263.817289        448      5.027    13.4290   3.845327    32.2469  1024.1988      5.068     1.5433     -0.180  0.000e+00
    112.000 263.817292        449      5.031    13.4171   3.843838    32.2431  1024.1982      5.071     1.7609     -0.045  0.000e+00
    112.250 263.817295        450      5.051    13.3883   3.843979    32.2687  1024.2239      5.092     1.8111      0.047  0.000e+00
    112.500 263.817297        451      5.098    13.3651   3.844094    32.2894  1024.2447      5.139     1.8758      0.135  0.000e+00
    112.750 263.817300        452      5.154    13.3513   3.844725    32.3070  1024.2613      5.196     1.7934      0.208  0.000e+00
    113.000 263.817303        453      5.201    13.3461   3.845792    32.3214  1024.2737      5.243     2.5659      0.208  0.000e+00
    113.250 263.817306        454      5.238    13.3498   3.845859    32.3189  1024.2712      5.281     2.2001      0.170  0.000e+00
    113.500 263.817309        455      5.252    13.3534   3.845684    32.3142  1024.2669      5.295     2.2042      0.103  0.000e+00
    113.750 263.817312        456      5.252    13.3536   3.845684    32.3140  1024.2667      5.295     1.7831      0.028  0.000e+00
    114.000 263.817315        457      5.238    13.3527   3.845543    32.3135  1024.2664      5.281     1.7559     -0.028  0.000e+00
    114.250 263.817318        458      5.209    13.3531   3.846530    32.3224  1024.2731      5.252     1.3864     -0.086  0.000e+00
    114.500 263.817321        459      5.179    13.3581   3.846630    32.3191  1024.2694      5.221     1.4486     -0.120  0.000e+00
    114.750 263.817323        460      5.153    13.3645   3.846818    32.3154  1024.2652      5.195     1.4074     -0.114  0.000e+00
    115.000 263.817326        461      5.138    13.3694   3.846959    32.3126  1024.2620      5.180     1.4070     -0.082  0.000e+00
    115.250 263.817329        462      5.135    13.3727   3.846744    32.3078  1024.2576      5.177     1.4029     -0.037  0.000e+00
    115.500 263.817332        463      5.142    13.3745   3.846597    32.3049  1024.2550      5.184     1.9599      0.009  0.000e+00
    115.750 263.817335        464      5.152    13.3747   3.846778    32.3064  1024.2562      5.194     1.4243      0.034  0.000e+00
    116.000 263.817338        465      5.164    13.3748   3.846677    32.3054  1024.2554      5.206     1.7011      0.043  0.000e+00
    116.250 263.817341        466      5.173    13.3745   3.846462    32.3037  1024.2542      5.215     1.4160      0.043  0.000e+00
    116.500 263.817344        467      5.178    13.3727   3.846187    32.3026  1024.2538      5.219     1.5421      0.028  0.000e+00
    116.750 263.817347        468      5.169    13.3690   3.846033    32.3043  1024.2557      5.211     1.4033     -0.009  0.000e+00
    117.000 263.817350        469      5.158    13.3649   3.846033    32.3078  1024.2592      5.200     1.6970     -0.039  0.000e+00
    117.250 263.817352        470      5.150    13.3625   3.846033    32.3098  1024.2612      5.192     1.8334     -0.039  0.000e+00
    117.500 263.817355        471      5.153    13.3607   3.846221    32.3130  1024.2641      5.195     1.6810     -0.011  0.000e+00
    117.750 263.817358        472      5.169    13.3613   3.847630    32.3257  1024.2739      5.211     1.6698      0.039  0.000e+00
    118.000 263.817361        473      5.200    13.3693   3.848234    32.3246  1024.2715      5.242     1.5252      0.094  0.000e+00
    118.250 263.817364        474      5.233    13.3803   3.847986    32.3130  1024.2605      5.275     2.1951      0.129  0.000e+00
    118.500 263.817367        475      5.254    13.3869   3.847845    32.3060  1024.2539      5.297     1.7807      0.110  0.000e+00
    118.750 263.817370        476      5.253    13.3901   3.848483    32.3093  1024.2558      5.296     1.6101      0.041  0.000e+00
    119.000 263.817373        477      5.244    13.3943   3.848764    32.3084  1024.2542      5.286     1.4684     -0.021  0.000e+00
    119.250 263.817376        478      5.221    13.3992   3.848382    32.3006  1024.2471      5.263     1.5866     -0.064  0.000e+00
    119.500 263.817378        479      5.195    13.4005   3.848200    32.2978  1024.2446      5.237     1.5644     -0.099  0.000e+00
    119.750 263.817381        480      5.183    13.3993   3.848127    32.2981  1024.2450      5.225     1.7502     -0.077  0.000e+00
    120.000 263.817384        481      5.173    13.3977   3.848167    32.2999  1024.2466      5.215     1.6558     -0.043  0.000e+00
