Raw_Data/Cage/SBE19/2020-09-24_SBE19_006_024_processed.cnv
* Sea-Bird SBE19plus Data File:
* FileName = C:\cruises\2020_barkerboys\leg2\data\cage\SBE19\2020-09-25_SBE19_004_024.hex
* Software Version 1.59
* Temperature SN =  4881
* Conductivity SN =  4881
* System UpLoad Time = Sep 25 2020 12:44:01
* ds
* SeacatPlus V 1.5  SERIAL NO. 4881    25 Sep 2020  12:15:39
# nquan = 12
# nvalues = 3128                                  
# units = specified
# name 0 = timeS: Time, Elapsed [seconds]
# name 1 = timeJ: Julian Days
# name 2 = scan: Scan Count
# name 3 = depSM: Depth [salt water, m], lat = 44.00
# name 4 = tv290C: Temperature [ITS-90, deg C]
# name 5 = c0S/m: Conductivity [S/m]
# name 6 = sal00: Salinity, Practical [PSU]
# name 7 = density00: Density [density, kg/m^3]
# name 8 = prdM: Pressure, Strain Gauge [db]
# name 9 = wetStar: Fluorescence, WET Labs WETstar [mg/m^3]
# name 10 = dz/dtM: Descent Rate [m/s]
# name 11 = flag:  0.000e+00
# span 0 =      0.000,    781.750                 
# span 1 = 268.665660, 268.674708                 
# span 2 =          1,       3128                 
# span 3 =     -0.092,    187.106                 
# span 4 =     9.5926,    16.4928                 
# span 5 =   0.051981,   3.901704                 
# span 6 =     0.3036,    33.6479                 
# span 7 =   999.0981,  1026.8186                 
# span 8 =     -0.093,    188.706                 
# span 9 =     0.1413,     3.5625                 
# span 10 =     -1.447,      1.104                
# span 11 = 0.0000e+00, 0.0000e+00                
# interval = seconds: 0.25
# start_time = Sep 24 2020 15:58:33 [Instrument's time stamp, header]
# bad_flag = -9.990e-29
*END*
[from data line 843]
    210.750 268.668099        844     34.997    11.7526   3.747846    32.7531  1025.0493     35.283     0.7651      0.810  0.000e+00
    211.000 268.668102        845     35.209    11.7229   3.741831    32.7206  1025.0306     35.497     0.8281      0.842  0.000e+00
    211.250 268.668105        846     35.429    11.6697   3.740637    32.7558  1025.0687     35.718     0.7704      0.870  0.000e+00
    211.500 268.668108        847     35.646    11.6246   3.739330    32.7828  1025.0990     35.938     1.0502      0.881  0.000e+00
    211.750 268.668111        848     35.859    11.5922   3.738030    32.7987  1025.1182     36.152     0.7820      0.868  0.000e+00
    212.000 268.668113        849     36.072    11.5655   3.736929    32.8115  1025.1340     36.367     0.7350      0.859  0.000e+00
    212.250 268.668116        850     36.287    11.5445   3.735596    32.8170  1025.1431     36.584     0.7148      0.863  0.000e+00
    212.500 268.668119        851     36.503    11.5243   3.733236    32.8117  1025.1437     36.802     0.7280      0.870  0.000e+00
    212.750 268.668122        852     36.726    11.4992   3.731320    32.8151  1025.1519     37.026     0.6592      0.885  0.000e+00
    213.000 268.668125        853     36.951    11.4726   3.730498    32.8306  1025.1698     37.253     0.6444      0.902  0.000e+00
    213.250 268.668128        854     37.165    11.4509   3.729849    32.8433  1025.1846     37.469     0.6094      0.885  0.000e+00
    213.500 268.668131        855     37.352    11.4343   3.729405    32.8537  1025.1965     37.658     0.5496      0.810  0.000e+00
    213.750 268.668134        856     37.515    11.4226   3.728822    32.8583  1025.2030     37.822     0.5356      0.707  0.000e+00
    214.000 268.668137        857     37.657    11.4129   3.727801    32.8568  1025.2043     37.965     0.5422      0.614  0.000e+00
    214.250 268.668139        858     37.786    11.4023   3.727013    32.8585  1025.2081     38.095     0.4763      0.546  0.000e+00
    214.500 268.668142        859     37.921    11.3911   3.726980    32.8681  1025.2182     38.231     0.4594      0.533  0.000e+00
    214.750 268.668145        860     38.069    11.3833   3.726569    32.8709  1025.2225     38.381     0.6242      0.571  0.000e+00
    215.000 268.668148        861     38.234    11.3779   3.726026    32.8703  1025.2238     38.547     0.4462      0.631  0.000e+00
    215.250 268.668151        862     38.417    11.3719   3.725734    32.8727  1025.2275     38.732     0.4244      0.702  0.000e+00
    215.500 268.668154        863     38.609    11.3662   3.725443    32.8748  1025.2311     38.925     0.4256      0.756  0.000e+00
    215.750 268.668157        864     38.802    11.3615   3.725304    32.8776  1025.2349     39.119     0.3972      0.775  0.000e+00
    216.000 268.668160        865     38.999    11.3582   3.725304    32.8805  1025.2387     39.318     0.3716      0.786  0.000e+00
    216.250 268.668163        866     39.192    11.3561   3.725205    32.8813  1025.2405     39.513     0.3799      0.786  0.000e+00
    216.500 268.668166        867     39.382    11.3548   3.725099    32.8813  1025.2416     39.705     0.4619      0.773  0.000e+00
    216.750 268.668168        868     39.574    11.3536   3.725304    32.8843  1025.2451     39.898     0.3959      0.771  0.000e+00
    217.000 268.668171        869     39.767    11.3535   3.725271    32.8840  1025.2458     40.092     0.3782      0.775  0.000e+00
    217.250 268.668174        870     39.959    11.3536   3.725304    32.8841  1025.2467     40.286     0.4594      0.775  0.000e+00
    217.500 268.668177        871     40.162    11.3533   3.725238    32.8836  1025.2473     40.491     0.3889      0.797  0.000e+00
    217.750 268.668180        872     40.370    11.3533   3.725139    32.8826  1025.2475     40.700     0.3514      0.829  0.000e+00
    218.000 268.668183        873     40.588    11.3522   3.724556    32.8778  1025.2449     40.920     0.3700      0.859  0.000e+00
    218.250 268.668186        874     40.806    11.3486   3.724079    32.8762  1025.2453     41.141     0.5076      0.881  0.000e+00
    218.500 268.668189        875     41.020    11.3434   3.724178    32.8817  1025.2515     41.356     0.3650      0.872  0.000e+00
    218.750 268.668192        876     41.222    11.3398   3.723907    32.8821  1025.2534     41.559     0.3547      0.838  0.000e+00
    219.000 268.668194        877     41.409    11.3362   3.723192    32.8782  1025.2519     41.748     0.4598      0.784  0.000e+00
    219.250 268.668197        878     41.574    11.3308   3.722986    32.8810  1025.2558     41.915     0.3758      0.711  0.000e+00
    219.500 268.668200        879     41.722    11.3261   3.722887    32.8841  1025.2597     42.064     0.3795      0.631  0.000e+00
    219.750 268.668203        880     41.864    11.3222   3.722781    32.8865  1025.2629     42.207     0.3782      0.584  0.000e+00
    220.000 268.668206        881     42.012    11.3197   3.722748    32.8884  1025.2655     42.356     0.3556      0.584  0.000e+00
    220.250 268.668209        882     42.168    11.3181   3.722954    32.8917  1025.2691     42.513     0.4273      0.612  0.000e+00
    220.500 268.668212        883     42.344    11.3181   3.722748    32.8896  1025.2683     42.691     0.3811      0.670  0.000e+00
    220.750 268.668215        884     42.540    11.3174   3.722715    32.8898  1025.2695     42.889     0.3560      0.752  0.000e+00
    221.000 268.668218        885     42.750    11.3166   3.722848    32.8917  1025.2720     43.101     0.3494      0.818  0.000e+00
    221.250 268.668220        886     42.963    11.3165   3.722682    32.8901  1025.2718     43.315     0.3601      0.853  0.000e+00
    221.500 268.668223        887     43.176    11.3166   3.722848    32.8915  1025.2738     43.530     0.5158      0.859  0.000e+00
    221.750 268.668226        888     43.395    11.3169   3.722848    32.8912  1025.2745     43.750     0.3910      0.870  0.000e+00
    222.000 268.668229        889     43.612    11.3170   3.722100    32.8837  1025.2696     43.969     0.3576      0.878  0.000e+00
    222.250 268.668232        890     43.833    11.3138   3.721113    32.8768  1025.2658     44.193     0.3255      0.885  0.000e+00
    222.500 268.668235        891     44.059    11.3047   3.720636    32.8800  1025.2710     44.420     0.4301      0.902  0.000e+00
    222.750 268.668238        892     44.285    11.2955   3.720365    32.8855  1025.2780     44.648     0.3667      0.911  0.000e+00
    223.000 268.668241        893     44.507    11.2874   3.719782    32.8869  1025.2815     44.872     0.3560      0.902  0.000e+00
    223.250 268.668244        894     44.721    11.2791   3.719577    32.8922  1025.2881     45.087     0.3255      0.879  0.000e+00
    223.500 268.668247        895     44.913    11.2723   3.719412    32.8965  1025.2936     45.282     0.5117      0.820  0.000e+00
    223.750 268.668249        896     45.096    11.2663   3.719240    32.9001  1025.2983     45.465     0.3782      0.756  0.000e+00
    224.000 268.668252        897     45.266    11.2603   3.718863    32.9017  1025.3014     45.637     0.3543      0.711  0.000e+00
    224.250 268.668255        898     45.429    11.2531   3.718115    32.9006  1025.3026     45.802     0.3601      0.672  0.000e+00
    224.500 268.668258        899     45.591    11.2416   3.718214    32.9119  1025.3142     45.965     0.3778      0.655  0.000e+00
    224.750 268.668261        900     45.754    11.2306   3.718347    32.9229  1025.3254     46.129     0.3362      0.655  0.000e+00
    225.000 268.668264        901     45.917    11.2227   3.718492    32.9314  1025.3342     46.293     0.3486      0.657  0.000e+00
    225.250 268.668267        902     46.073    11.2166   3.718420    32.9360  1025.3397     46.451     0.3238      0.644  0.000e+00
    225.500 268.668270        903     46.219    11.2097   3.718658    32.9445  1025.3481     46.598     0.3255      0.610  0.000e+00
    225.750 268.668273        904     46.361    11.2033   3.718658    32.9501  1025.3543     46.741     0.3519      0.580  0.000e+00
    226.000 268.668275        905     46.499    11.1987   3.718692    32.9545  1025.3592     46.881     0.3321      0.565  0.000e+00
    226.250 268.668278        906     46.651    11.1960   3.718659    32.9565  1025.3619     47.033     0.3856      0.584  0.000e+00
    226.500 268.668281        907     46.819    11.1942   3.718731    32.9588  1025.3648     47.203     0.3593      0.644  0.000e+00
    226.750 268.668284        908     47.010    11.1919   3.718493    32.9584  1025.3658     47.395     0.3564      0.724  0.000e+00
    227.000 268.668287        909     47.235    11.1885   3.718215    32.9587  1025.3676     47.623     0.3828      0.840  0.000e+00
    227.250 268.668290        910     47.489    11.1838   3.719103    32.9715  1025.3796     47.879     0.3997      0.967  0.000e+00
    227.500 268.668293        911     47.762    11.1764   3.719818    32.9851  1025.3927     48.154     0.3935      1.061  0.000e+00
    227.750 268.668296        912     48.036    11.1667   3.719004    32.9856  1025.3961     48.431     0.4095      1.104  0.000e+00
    228.000 268.668299        913     48.304    11.1531   3.718898    32.9967  1025.4084     48.700     0.4009      1.093  0.000e+00
    228.250 268.668302        914     48.554    11.1396   3.718594    33.0056  1025.4189     48.953     0.3865      1.044  0.000e+00
    228.500 268.668304        915     48.779    11.1271   3.717707    33.0080  1025.4240     49.179     0.3622      0.958  0.000e+00
    228.750 268.668307        916     48.968    11.1135   3.717131    33.0144  1025.4323     49.370     0.3840      0.836  0.000e+00
    229.000 268.668310        917     49.129    11.0978   3.716277    33.0200  1025.4401     49.533     0.5035      0.707  0.000e+00
    229.250 268.668313        918     49.272    11.0808   3.715669    33.0292  1025.4510     49.677     0.6131      0.612  0.000e+00
    229.500 268.668316        919     49.399    11.0644   3.715225    33.0395  1025.4625     49.804     0.4565      0.543  0.000e+00
    229.750 268.668319        920     49.523    11.0507   3.715020    33.0497  1025.4736     49.930     0.5088      0.507  0.000e+00
    230.000 268.668322        921     49.653    11.0401   3.714716    33.0562  1025.4810     50.061     0.5006      0.513  0.000e+00
    230.250 268.668325        922     49.799    11.0315   3.714610    33.0628  1025.4884     50.208     0.4627      0.556  0.000e+00
    230.500 268.668328        923     49.960    11.0254   3.714339    33.0655  1025.4923     50.370     0.6262      0.619  0.000e+00
    230.750 268.668330        924     50.136    11.0204   3.713797    33.0646  1025.4933     50.548     0.4647      0.679  0.000e+00
    231.000 268.668333        925     50.328    11.0154   3.713406    33.0652  1025.4955     50.742     0.4512      0.743  0.000e+00
    231.250 268.668336        926     50.538    11.0100   3.713082    33.0667  1025.4986     50.954     0.4664      0.812  0.000e+00
    231.500 268.668339        927     50.755    11.0050   3.713016    33.0705  1025.5034     51.172     0.4433      0.859  0.000e+00
    231.750 268.668342        928     50.977    11.0016   3.712944    33.0727  1025.5068     51.396     0.4565      0.885  0.000e+00
    232.000 268.668345        929     51.205    10.9997   3.712844    33.0733  1025.5087     51.626     0.5978      0.909  0.000e+00
    232.250 268.668348        930     51.437    10.9983   3.712672    33.0728  1025.5095     51.860     0.4664      0.928  0.000e+00
    232.500 268.668351        931     51.671    10.9967   3.711991    33.0674  1025.5067     52.095     0.4783      0.939  0.000e+00
    232.750 268.668354        932     51.913    10.9926   3.711760    33.0686  1025.5095     52.340     0.4759      0.960  0.000e+00
    233.000 268.668356        933     52.154    10.9890   3.711687    33.0711  1025.5132     52.583     0.4965      0.975  0.000e+00
    233.250 268.668359        934     52.390    10.9858   3.711687    33.0739  1025.5169     52.820     0.4293      0.960  0.000e+00
    233.500 268.668362        935     52.609    10.9836   3.711654    33.0754  1025.5195     53.041     0.4610      0.917  0.000e+00
    233.750 268.668365        936     52.804    10.9821   3.711687    33.0770  1025.5219     53.238     0.4685      0.836  0.000e+00
    234.000 268.668368        937     52.966    10.9815   3.711654    33.0772  1025.5229     53.401     0.4454      0.720  0.000e+00
    234.250 268.668371        938     53.094    10.9811   3.711654    33.0774  1025.5238     53.530     0.4400      0.584  0.000e+00
    234.500 268.668374        939     53.199    10.9808   3.711654    33.0777  1025.5245     53.636     0.8755      0.470  0.000e+00
    234.750 268.668377        940     53.293    10.9806   3.711687    33.0782  1025.5253     53.731     0.5484      0.401  0.000e+00
    235.000 268.668380        941     53.389    10.9805   3.711588    33.0773  1025.5251     53.828     0.4235      0.382  0.000e+00
    235.250 268.668383        942     53.508    10.9803   3.711654    33.0780  1025.5262     53.948     0.5476      0.434  0.000e+00
    235.500 268.668385        943     53.655    10.9802   3.711588    33.0774  1025.5264     54.096     0.4363      0.537  0.000e+00
    235.750 268.668388        944     53.834    10.9799   3.711522    33.0769  1025.5269     54.277     0.4005      0.657  0.000e+00
    236.000 268.668391        945     54.044    10.9792   3.711436    33.0766  1025.5278     54.488     0.4009      0.784  0.000e+00
    236.250 268.668394        946     54.276    10.9781   3.711417    33.0773  1025.5296     54.722     0.4248      0.891  0.000e+00
    236.500 268.668397        947     54.513    10.9766   3.711317    33.0776  1025.5311     54.962     0.4746      0.947  0.000e+00
    236.750 268.668400        948     54.757    10.9750   3.711245    33.0782  1025.5330     55.208     0.5966      0.971  0.000e+00
    237.000 268.668403        949     54.995    10.9736   3.711212    33.0790  1025.5350     55.447     0.5949      0.971  0.000e+00
    237.250 268.668406        950     55.225    10.9725   3.711007    33.0779  1025.5354     55.679     0.4252      0.943  0.000e+00
    237.500 268.668409        951     55.443    10.9705   3.710636    33.0759  1025.5352     55.899     0.4104      0.904  0.000e+00
    237.750 268.668411        952     55.653    10.9669   3.710398    33.0767  1025.5374     56.111     0.4223      0.864  0.000e+00
    238.000 268.668414        953     55.859    10.9628   3.710127    33.0776  1025.5397     56.318     0.5612      0.838  0.000e+00
    238.250 268.668417        954     56.067    10.9586   3.709552    33.0756  1025.5399     56.529     0.4359      0.836  0.000e+00
    238.500 268.668420        955     56.277    10.9532   3.709175    33.0767  1025.5426     56.740     0.4281      0.844  0.000e+00
    238.750 268.668423        956     56.483    10.9469   3.709142    33.0819  1025.5488     56.948     0.4417      0.838  0.000e+00
    239.000 268.668426        957     56.680    10.9420   3.709043    33.0853  1025.5531     57.146     0.5694      0.812  0.000e+00
    239.250 268.668429        958     56.857    10.9387   3.709175    33.0895  1025.5578     57.325     0.4623      0.754  0.000e+00
    239.500 268.668432        959     57.015    10.9365   3.709209    33.0917  1025.5607     57.485     0.4248      0.677  0.000e+00
    239.750 268.668435        960     57.154    10.9348   3.709176    33.0929  1025.5625     57.624     0.5162      0.599  0.000e+00
    240.000 268.668437        961     57.291    10.9337   3.709109    33.0931  1025.5635     57.763     0.4759      0.556  0.000e+00
    240.250 268.668440        962     57.433    10.9326   3.708865    33.0917  1025.5632     57.906     0.4120      0.563  0.000e+00
