Raw_Data/Cage/SBE19/2020-09-26_SBE19_008_042_processed.cnv
* Sea-Bird SBE19plus Data File:
* FileName = C:\cruises\2020_barkerboys\leg2\data\cage\SBE19\2020-09-25_SBE19_008_037042.hex
* Software Version 1.59
* Temperature SN =  4881
* Conductivity SN =  4881
* System UpLoad Time = Sep 26 2020 18:16:41
* ds
* SeacatPlus V 1.5  SERIAL NO. 4881    26 Sep 2020  18:11:53
# nquan = 12
# nvalues = 1776                                  
# units = specified
# name 0 = timeS: Time, Elapsed [seconds]
# name 1 = timeJ: Julian Days
# name 2 = scan: Scan Count
# name 3 = depSM: Depth [salt water, m], lat = 44.00
# name 4 = tv290C: Temperature [ITS-90, deg C]
# name 5 = c0S/m: Conductivity [S/m]
# name 6 = sal00: Salinity, Practical [PSU]
# name 7 = density00: Density [density, kg/m^3]
# name 8 = prdM: Pressure, Strain Gauge [db]
# name 9 = wetStar: Fluorescence, WET Labs WETstar [mg/m^3]
# name 10 = dz/dtM: Descent Rate [m/s]
# name 11 = flag:  0.000e+00
# span 0 =      0.000,    443.750                 
# span 1 = 270.632083, 270.637219                 
# span 2 =          1,       1776                 
# span 3 =     -0.004,    112.806                 
# span 4 =    10.9203,    12.5482                 
# span 5 =   0.046826,   3.799827                 
# span 6 =     0.3014,    33.1035                 
# span 7 =   999.6881,  1025.8200                 
# span 8 =     -0.004,    113.750                 
# span 9 =     0.1615,     3.7545                 
# span 10 =     -1.194,      1.160                
# span 11 = 0.0000e+00, 0.0000e+00                
# interval = seconds: 0.25
# start_time = Sep 26 2020 15:10:12 [Instrument's time stamp, header]
# bad_flag = -9.990e-29
*END*
[from data line 602]
    150.500 270.633825        603     18.206    12.2576   3.776677    32.5964  1024.7570     18.355     1.9166      0.565  0.000e+00
    150.750 270.633828        604     18.348    12.2570   3.776591    32.5960  1024.7574     18.497     1.1491      0.575  0.000e+00
    151.000 270.633831        605     18.493    12.2564   3.776571    32.5963  1024.7585     18.643     1.0757      0.578  0.000e+00
    151.250 270.633834        606     18.637    12.2561   3.776504    32.5959  1024.7588     18.788     1.0061      0.582  0.000e+00
    151.500 270.633837        607     18.780    12.2559   3.776504    32.5959  1024.7596     18.933     2.2734      0.580  0.000e+00
    151.750 270.633840        608     18.922    12.2556   3.776431    32.5954  1024.7599     19.076     1.2896      0.576  0.000e+00
    152.000 270.633843        609     19.052    12.2552   3.776364    32.5951  1024.7603     19.207     0.9686      0.548  0.000e+00
    152.250 270.633845        610     19.170    12.2548   3.776398    32.5958  1024.7614     19.326     1.3357      0.500  0.000e+00
    152.500 270.633848        611     19.277    12.2544   3.776398    32.5960  1024.7621     19.434     1.0617      0.453  0.000e+00
    152.750 270.633851        612     19.368    12.2546   3.776471    32.5965  1024.7629     19.526     1.0226      0.399  0.000e+00
    153.000 270.633854        613     19.463    12.2549   3.776398    32.5955  1024.7625     19.622     0.9357      0.376  0.000e+00
    153.250 270.633857        614     19.568    12.2551   3.776431    32.5956  1024.7631     19.727     0.9422      0.402  0.000e+00
    153.500 270.633860        615     19.698    12.2553   3.776391    32.5950  1024.7631     19.859     0.9126      0.475  0.000e+00
    153.750 270.633863        616     19.851    12.2550   3.776258    32.5940  1024.7631     20.012     1.0922      0.571  0.000e+00
    154.000 270.633866        617     20.015    12.2546   3.776192    32.5936  1024.7636     20.178     1.1375      0.638  0.000e+00
    154.250 270.633869        618     20.182    12.2539   3.776225    32.5945  1024.7652     20.346     1.0514      0.668  0.000e+00
    154.500 270.633872        619     20.341    12.2533   3.776192    32.5945  1024.7660     20.506     1.2269      0.657  0.000e+00
    154.750 270.633874        620     20.494    12.2530   3.776085    32.5938  1024.7662     20.661     1.5495      0.629  0.000e+00
    155.000 270.633877        621     20.643    12.2524   3.775945    32.5929  1024.7663     20.811     1.2117      0.610  0.000e+00
    155.250 270.633880        622     20.787    12.2516   3.775945    32.5935  1024.7676     20.956     0.9315      0.591  0.000e+00
    155.500 270.633883        623     20.929    12.2506   3.775985    32.5947  1024.7693     21.099     1.0415      0.576  0.000e+00
    155.750 270.633886        624     21.058    12.2501   3.775912    32.5944  1024.7698     21.230     1.0580      0.548  0.000e+00
    156.000 270.633889        625     21.175    12.2497   3.775932    32.5949  1024.7708     21.347     0.9245      0.496  0.000e+00
    156.250 270.633892        626     21.286    12.2493   3.775912    32.5949  1024.7714     21.460     0.9418      0.460  0.000e+00
    156.500 270.633895        627     21.391    12.2492   3.775986    32.5957  1024.7725     21.565     1.1301      0.436  0.000e+00
    156.750 270.633898        628     21.496    12.2493   3.775846    32.5943  1024.7718     21.671     1.1680      0.423  0.000e+00
    157.000 270.633900        629     21.613    12.2492   3.775912    32.5949  1024.7729     21.789     1.4371      0.449  0.000e+00
    157.250 270.633903        630     21.742    12.2491   3.775913    32.5950  1024.7735     21.919     1.0481      0.496  0.000e+00
    157.500 270.633906        631     21.890    12.2490   3.775913    32.5950  1024.7742     22.069     1.0020      0.558  0.000e+00
    157.750 270.633909        632     22.056    12.2492   3.775913    32.5948  1024.7748     22.236     0.9975      0.633  0.000e+00
    158.000 270.633912        633     22.238    12.2489   3.775879    32.5946  1024.7755     22.420     1.0259      0.702  0.000e+00
    158.250 270.633915        634     22.417    12.2488   3.775813    32.5939  1024.7759     22.600     0.9439      0.728  0.000e+00
    158.500 270.633918        635     22.592    12.2486   3.775813    32.5940  1024.7768     22.776     0.8965      0.713  0.000e+00
    158.750 270.633921        636     22.750    12.2486   3.775900    32.5948  1024.7781     22.935     0.8940      0.670  0.000e+00
    159.000 270.633924        637     22.881    12.2486   3.775880    32.5946  1024.7785     23.067     0.9241      0.582  0.000e+00
    159.250 270.633927        638     22.995    12.2483   3.775846    32.5945  1024.7790     23.182     0.8734      0.494  0.000e+00
    159.500 270.633929        639     23.098    12.2479   3.775846    32.5948  1024.7798     23.286     0.8471      0.438  0.000e+00
    159.750 270.633932        640     23.200    12.2477   3.775880    32.5953  1024.7807     23.389     0.8434      0.414  0.000e+00
    160.000 270.633935        641     23.312    12.2477   3.775846    32.5949  1024.7809     23.502     1.1816      0.432  0.000e+00
    160.250 270.633938        642     23.444    12.2475   3.775880    32.5953  1024.7819     23.635     0.9085      0.492  0.000e+00
    160.500 270.633941        643     23.591    12.2474   3.775813    32.5947  1024.7820     23.783     0.9464      0.563  0.000e+00
    160.750 270.633944        644     23.754    12.2474   3.775813    32.5946  1024.7827     23.948     1.0531      0.625  0.000e+00
    161.000 270.633947        645     23.925    12.2472   3.775773    32.5944  1024.7834     24.120     1.9628      0.674  0.000e+00
    161.250 270.633950        646     24.100    12.2472   3.775833    32.5949  1024.7846     24.297     1.2479      0.698  0.000e+00
    161.500 270.633953        647     24.268    12.2470   3.775814    32.5948  1024.7853     24.466     1.1408      0.691  0.000e+00
    161.750 270.633955        648     24.428    12.2466   3.775774    32.5946  1024.7859     24.627     0.9620      0.661  0.000e+00
    162.000 270.633958        649     24.576    12.2464   3.775774    32.5948  1024.7867     24.776     1.1186      0.621  0.000e+00
    162.250 270.633961        650     24.722    12.2464   3.775774    32.5947  1024.7873     24.924     1.1161      0.593  0.000e+00
    162.500 270.633964        651     24.862    12.2462   3.775814    32.5952  1024.7884     25.064     0.9867      0.576  0.000e+00
    162.750 270.633967        652     25.000    12.2461   3.775674    32.5940  1024.7881     25.204     0.9200      0.560  0.000e+00
    163.000 270.633970        653     25.136    12.2458   3.775601    32.5934  1024.7884     25.341     0.8364      0.554  0.000e+00
    163.250 270.633973        654     25.273    12.2457   3.775707    32.5945  1024.7898     25.479     1.0626      0.550  0.000e+00
    163.500 270.633976        655     25.408    12.2455   3.775707    32.5946  1024.7905     25.615     1.0654      0.548  0.000e+00
    163.750 270.633979        656     25.547    12.2454   3.775707    32.5946  1024.7912     25.756     0.9468      0.554  0.000e+00
    164.000 270.633981        657     25.694    12.2453   3.775734    32.5949  1024.7921     25.904     0.8331      0.578  0.000e+00
    164.250 270.633984        658     25.845    12.2454   3.775674    32.5942  1024.7923     26.055     0.9352      0.599  0.000e+00
    164.500 270.633987        659     25.993    12.2452   3.775708    32.5947  1024.7933     26.205     0.8895      0.601  0.000e+00
    164.750 270.633990        660     26.146    12.2450   3.775674    32.5944  1024.7939     26.359     0.9534      0.608  0.000e+00
    165.000 270.633993        661     26.295    12.2446   3.775641    32.5944  1024.7946     26.509     0.8772      0.610  0.000e+00
    165.250 270.633996        662     26.444    12.2441   3.775601    32.5943  1024.7953     26.660     0.8388      0.601  0.000e+00
    165.500 270.633999        663     26.599    12.2435   3.775535    32.5942  1024.7960     26.816     1.3991      0.612  0.000e+00
    165.750 270.634002        664     26.761    12.2431   3.775428    32.5934  1024.7963     26.980     0.9064      0.640  0.000e+00
    166.000 270.634005        665     26.930    12.2425   3.775255    32.5923  1024.7962     27.149     0.8714      0.668  0.000e+00
    166.250 270.634008        666     27.103    12.2408   3.774982    32.5910  1024.7963     27.324     0.8854      0.689  0.000e+00
    166.500 270.634010        667     27.282    12.2381   3.774216    32.5860  1024.7938     27.505     0.8524      0.711  0.000e+00
    166.750 270.634013        668     27.445    12.2322   3.773837    32.5873  1024.7967     27.669     0.9591      0.689  0.000e+00
    167.000 270.634016        669     27.596    12.2257   3.773697    32.5916  1024.8019     27.822     0.9699      0.633  0.000e+00
    167.250 270.634019        670     27.723    12.2204   3.773524    32.5945  1024.8057     27.949     0.8706      0.561  0.000e+00
    167.500 270.634022        671     27.835    12.2161   3.773244    32.5956  1024.8079     28.062     0.9010      0.481  0.000e+00
    167.750 270.634025        672     27.946    12.2119   3.772798    32.5949  1024.8086     28.174     0.9052      0.449  0.000e+00
    168.000 270.634028        673     28.064    12.2074   3.772898    32.5996  1024.8137     28.293     1.3798      0.462  0.000e+00
    168.250 270.634031        674     28.205    12.2045   3.772412    32.5975  1024.8132     28.435     1.0531      0.522  0.000e+00
    168.500 270.634034        675     28.359    12.2008   3.772033    32.5970  1024.8142     28.590     0.9192      0.595  0.000e+00
    168.750 270.634036        676     28.524    12.1965   3.771620    32.5967  1024.8156     28.757     0.8450      0.644  0.000e+00
    169.000 270.634039        677     28.689    12.1920   3.771447    32.5989  1024.8189     28.923     0.8252      0.666  0.000e+00
    169.250 270.634042        678     28.852    12.1880   3.771134    32.5993  1024.8207     29.088     1.4684      0.661  0.000e+00
    169.500 270.634045        679     29.004    12.1849   3.770848    32.5991  1024.8219     29.241     1.0972      0.636  0.000e+00
    169.750 270.634048        680     29.150    12.1814   3.770542    32.5992  1024.8232     29.388     0.9274      0.601  0.000e+00
    170.000 270.634051        681     29.285    12.1775   3.770335    32.6006  1024.8257     29.524     0.8986      0.565  0.000e+00
    170.250 270.634054        682     29.423    12.1736   3.770129    32.6019  1024.8280     29.663     1.0852      0.550  0.000e+00
    170.500 270.634057        683     29.567    12.1706   3.769750    32.6008  1024.8284     29.808     0.7894      0.569  0.000e+00
    170.750 270.634060        684     29.721    12.1671   3.769676    32.6031  1024.8315     29.964     0.8978      0.601  0.000e+00
    171.000 270.634063        685     29.889    12.1642   3.769543    32.6043  1024.8337     30.133     0.8660      0.651  0.000e+00
    171.250 270.634065        686     30.062    12.1616   3.769024    32.6014  1024.8328     30.307     0.7709      0.687  0.000e+00
    171.500 270.634068        687     30.238    12.1580   3.768778    32.6022  1024.8349     30.485     0.9760      0.702  0.000e+00
    171.750 270.634071        688     30.406    12.1541   3.768465    32.6025  1024.8367     30.654     0.9365      0.694  0.000e+00
    172.000 270.634074        689     30.569    12.1503   3.768399    32.6051  1024.8401     30.819     0.8891      0.668  0.000e+00
    172.250 270.634077        690     30.722    12.1473   3.768259    32.6063  1024.8423     30.973     0.8714      0.638  0.000e+00
    172.500 270.634080        691     30.865    12.1451   3.768113    32.6067  1024.8437     31.117     0.9711      0.597  0.000e+00
    172.750 270.634083        692     31.000    12.1431   3.767986    32.6072  1024.8450     31.253     0.8912      0.560  0.000e+00
    173.000 270.634086        693     31.129    12.1408   3.767707    32.6065  1024.8455     31.383     0.9472      0.533  0.000e+00
    173.250 270.634089        694     31.251    12.1377   3.767434    32.6065  1024.8467     31.506     0.7527      0.505  0.000e+00
    173.500 270.634091        695     31.370    12.1341   3.767361    32.6089  1024.8497     31.626     0.7610      0.485  0.000e+00
    173.750 270.634094        696     31.492    12.1314   3.767434    32.6119  1024.8531     31.750     0.7828      0.487  0.000e+00
    174.000 270.634097        697     31.624    12.1297   3.767295    32.6120  1024.8541     31.883     0.9443      0.513  0.000e+00
    174.250 270.634100        698     31.766    12.1285   3.767261    32.6127  1024.8555     32.025     1.2685      0.552  0.000e+00
    174.500 270.634103        699     31.909    12.1275   3.767221    32.6131  1024.8567     32.169     1.3542      0.573  0.000e+00
    174.750 270.634106        700     32.052    12.1268   3.767155    32.6130  1024.8574     32.314     0.8932      0.578  0.000e+00
    175.000 270.634109        701     32.192    12.1259   3.767155    32.6137  1024.8587     32.455     1.0312      0.571  0.000e+00
    175.250 270.634112        702     32.326    12.1253   3.767089    32.6135  1024.8593     32.590     0.8866      0.552  0.000e+00
    175.500 270.634115        703     32.455    12.1248   3.766982    32.6129  1024.8595     32.720     0.6810      0.531  0.000e+00
    175.750 270.634117        704     32.591    12.1242   3.766982    32.6134  1024.8606     32.858     0.6897      0.535  0.000e+00
    176.000 270.634120        705     32.735    12.1234   3.766796    32.6123  1024.8605     33.003     0.7647      0.565  0.000e+00
    176.250 270.634123        706     32.896    12.1217   3.766530    32.6111  1024.8607     33.165     1.2162      0.614  0.000e+00
    176.500 270.634126        707     33.067    12.1196   3.766290    32.6106  1024.8614     33.338     0.8055      0.670  0.000e+00
    176.750 270.634129        708     33.246    12.1167   3.765805    32.6083  1024.8610     33.518     0.7655      0.707  0.000e+00
    177.000 270.634132        709     33.420    12.1124   3.765286    32.6070  1024.8616     33.693     0.7556      0.711  0.000e+00
    177.250 270.634135        710     33.584    12.1065   3.765080    32.6100  1024.8658     33.859     0.6864      0.681  0.000e+00
    177.500 270.634138        711     33.735    12.1013   3.765046    32.6142  1024.8708     34.011     0.7721      0.636  0.000e+00
    177.750 270.634141        712     33.879    12.0978   3.764873    32.6155  1024.8731     34.156     0.7086      0.595  0.000e+00
    178.000 270.634144        713     34.028    12.0954   3.764561    32.6146  1024.8735     34.306     0.9657      0.591  0.000e+00
    178.250 270.634146        714     34.179    12.0927   3.764494    32.6162  1024.8759     34.459     0.6604      0.606  0.000e+00
    178.500 270.634149        715     34.336    12.0899   3.764215    32.6159  1024.8770     34.617     1.7922      0.621  0.000e+00
    178.750 270.634152        716     34.487    12.0863   3.763976    32.6167  1024.8789     34.769     0.7878      0.621  0.000e+00
    179.000 270.634155        717     34.635    12.0826   3.763663    32.6169  1024.8804     34.918     0.8071      0.603  0.000e+00
    179.250 270.634158        718     34.782    12.0785   3.763177    32.6157  1024.8809     35.067     0.8458      0.595  0.000e+00
    179.500 270.634161        719     34.929    12.0727   3.762519    32.6143  1024.8816     35.215     0.7548      0.593  0.000e+00
    179.750 270.634164        720     35.073    12.0654   3.762147    32.6171  1024.8858     35.360     0.7325      0.586  0.000e+00
    180.000 270.634167        721     35.219    12.0578   3.761974    32.6219  1024.8917     35.507     0.8137      0.584  0.000e+00
