Raw_Data/Cage/SBE19/2020-09-24_SBE19_006_029_processed.cnv
* Sea-Bird SBE19plus Data File:
* FileName = C:\cruises\2020_barkerboys\leg2\data\cage\SBE19\2020-09-25_SBE19_004_029.hex
* Software Version 1.59
* Temperature SN =  4881
* Conductivity SN =  4881
* System UpLoad Time = Sep 25 2020 12:49:19
* ds
* SeacatPlus V 1.5  SERIAL NO. 4881    25 Sep 2020  12:15:39
# nquan = 12
# nvalues = 8541                                  
# units = specified
# name 0 = timeS: Time, Elapsed [seconds]
# name 1 = timeJ: Julian Days
# name 2 = scan: Scan Count
# name 3 = depSM: Depth [salt water, m], lat = 44.00
# name 4 = tv290C: Temperature [ITS-90, deg C]
# name 5 = c0S/m: Conductivity [S/m]
# name 6 = sal00: Salinity, Practical [PSU]
# name 7 = density00: Density [density, kg/m^3]
# name 8 = prdM: Pressure, Strain Gauge [db]
# name 9 = wetStar: Fluorescence, WET Labs WETstar [mg/m^3]
# name 10 = dz/dtM: Descent Rate [m/s]
# name 11 = flag:  0.000e+00
# span 0 =      0.000,   2135.000                 
# span 1 = 268.796030, 268.820741                 
# span 2 =          1,       8541                 
# span 3 =     -0.112,    161.529                 
# span 4 =     9.9522,    14.1480                 
# span 5 =   0.049799,   3.856479                 
# span 6 =     0.3074,    33.5037                 
# span 7 =   999.4644,  1026.5266                 
# span 8 =     -0.113,    162.901                 
# span 9 =     0.1232,     3.3928                 
# span 10 =     -1.358,      1.174                
# span 11 = 0.0000e+00, 0.0000e+00                
# interval = seconds: 0.25
# start_time = Sep 24 2020 19:06:17 [Instrument's time stamp, header]
# bad_flag = -9.990e-29
*END*
[from data line 2767]
    691.750 268.804036       2768     -0.104    12.5670   0.294697     2.0552  1001.0308     -0.105     0.1792     -0.002  0.000e+00
    692.000 268.804039       2769     -0.103    12.5675   0.289074     2.0137  1000.9985     -0.104     0.1813      0.002  0.000e+00
    692.250 268.804042       2770     -0.100    12.5678   0.284346     1.9788  1000.9715     -0.101     0.1805      0.009  0.000e+00
    692.500 268.804045       2771     -0.103    12.5682   0.275750     1.9155  1000.9223     -0.104     0.1731      0.000  0.000e+00
    692.750 268.804048       2772     -0.100    12.5685   0.267189     1.8527  1000.8735     -0.101     0.1784 3.0316e-13  0.000e+00
    693.000 268.804051       2773     -0.101    12.5689   0.276447     1.9206  1000.9262     -0.102     0.1784      0.004  0.000e+00
    693.250 268.804054       2774     -0.102    12.5692   0.292879     2.0417  1001.0200     -0.103     0.1834     -0.004  0.000e+00
    693.500 268.804057       2775     -0.103    12.5694   0.305218     2.1329  1001.0907     -0.104     0.1784     -0.004  0.000e+00
    693.750 268.804060       2776     -0.104    12.5698   0.313056     2.1909  1001.1357     -0.105     0.1739     -0.004  0.000e+00
    694.000 268.804062       2777     -0.104    12.5702   0.308844     2.1597  1001.1114     -0.105     0.1796     -0.002  0.000e+00
    694.250 268.804065       2778     -0.103    12.5705   0.298737     2.0849  1001.0534     -0.104     0.1788      0.002  0.000e+00
    694.500 268.804068       2779     -0.103    12.5709   0.288487     2.0092  1000.9946     -0.104     0.1788      0.002  0.000e+00
    694.750 268.804071       2780     -0.101    12.5713   0.281362     1.9567  1000.9538     -0.102     0.1796      0.004  0.000e+00
    695.000 268.804074       2781     -0.103    12.5717   0.273862     1.9015  1000.9110     -0.104     0.1743      0.000  0.000e+00
    695.250 268.804077       2782     -0.103    12.5720   0.263947     1.8288  1000.8545     -0.104     0.1772     -0.004  0.000e+00
    695.500 268.804080       2783     -0.103    12.5722   0.267723     1.8564  1000.8759     -0.104     0.1821      0.000  0.000e+00
    695.750 268.804083       2784     -0.102    12.5727   0.287617     2.0027  1000.9893     -0.103     0.1796      0.002  0.000e+00
    696.000 268.804086       2785     -0.106    12.5730   0.301336     2.1039  1001.0678     -0.106     0.1776     -0.004  0.000e+00
    696.250 268.804089       2786     -0.104    12.5735   0.312573     2.1871  1001.1323     -0.105     0.1809     -0.004  0.000e+00
    696.500 268.804091       2787     -0.104    12.5737   0.307404     2.1488  1001.1025     -0.105     0.1784      0.002  0.000e+00
    696.750 268.804094       2788     -0.103    12.5741   0.292407     2.0379  1001.0165     -0.104     0.1784      0.002  0.000e+00
    697.000 268.804097       2789     -0.103    12.5745   0.280103     1.9472  1000.9461     -0.104     0.1792      0.002  0.000e+00
    697.250 268.804100       2790     -0.103    12.5748   0.275826     1.9158  1000.9217     -0.104     0.1788     -0.000  0.000e+00
    697.500 268.804103       2791     -0.101    12.5754   0.275325     1.9121  1000.9187     -0.102     0.1780      0.004  0.000e+00
    697.750 268.804106       2792     -0.102    12.5757   0.273973     1.9021  1000.9110     -0.103     0.1755      0.002  0.000e+00
    698.000 268.804109       2793     -0.107    12.5761   0.270701     1.8781  1000.8922     -0.107     0.1776     -0.011  0.000e+00
    698.250 268.804112       2794     -0.105    12.5764   0.275218     1.9112  1000.9179     -0.106     0.1722     -0.006  0.000e+00
    698.500 268.804115       2795     -0.107    12.5769   0.287430     2.0011  1000.9875     -0.107     0.1764     -0.000  0.000e+00
    698.750 268.804117       2796     -0.104    12.5773   0.298702     2.0842  1001.0520     -0.105     0.1759      0.002  0.000e+00
    699.000 268.804120       2797     -0.105    12.5776   0.306919     2.1450  1001.0991     -0.106     0.1759      0.002  0.000e+00
    699.250 268.804123       2798     -0.104    12.5780   0.306402     2.1411  1001.0961     -0.105     0.1805      0.000  0.000e+00
    699.500 268.804126       2799     -0.103    12.5785   0.301357     2.1038  1001.0670     -0.104     0.1751      0.004  0.000e+00
    699.750 268.804129       2800     -0.107    12.5787   0.296384     2.0670  1001.0385     -0.107     0.1776     -0.004  0.000e+00
    700.000 268.804132       2801     -0.104    12.5792   0.290691     2.0250  1001.0058     -0.105     0.1854     -0.002  0.000e+00
    700.250 268.804135       2802     -0.104    12.5795   0.282628     1.9656  1000.9597     -0.105     0.1788      0.004  0.000e+00
    700.500 268.804138       2803     -0.104    12.5799   0.273248     1.8966  1000.9061     -0.105     0.1759      0.000  0.000e+00
    700.750 268.804141       2804     -0.101    12.5803   0.268714     1.8633  1000.8803     -0.102     0.1796      0.006  0.000e+00
    701.000 268.804144       2805     -0.103    12.5806   0.269640     1.8701  1000.8855     -0.104     0.1764      0.002  0.000e+00
    701.250 268.804146       2806     -0.103    12.5810   0.271873     1.8864  1000.8981     -0.104     0.1764     -0.004  0.000e+00
    701.500 268.804149       2807     -0.102    12.5814   0.276157     1.9179  1000.9225     -0.103     0.1796      0.002  0.000e+00
    701.750 268.804152       2808     -0.102    12.5817   0.288335     2.0075  1000.9919     -0.103     0.1747      0.002  0.000e+00
    702.000 268.804155       2809     -0.103    12.5822   0.301249     2.1028  1001.0658     -0.104     0.1817     -0.002  0.000e+00
    702.250 268.804158       2810     -0.104    12.5826   0.308508     2.1565  1001.1074     -0.105     0.1796     -0.004  0.000e+00
    702.500 268.804161       2811     -0.104    12.5829   0.307851     2.1516  1001.1035     -0.105     0.1764     -0.002  0.000e+00
    702.750 268.804164       2812     -0.104    12.5832   0.300064     2.0940  1001.0588     -0.105     0.1776      0.000  0.000e+00
    703.000 268.804167       2813     -0.104    12.5836   0.291115     2.0279  1001.0075     -0.105     0.1821      0.000  0.000e+00
    703.250 268.804170       2814     -0.103    12.5840   0.281870     1.9598  1000.9546     -0.104     0.1788      0.002  0.000e+00
    703.500 268.804172       2815     -0.102    12.5846   0.272566     1.8913  1000.9015     -0.103     0.1792      0.004  0.000e+00
    703.750 268.804175       2816     -0.104    12.5849   0.268432     1.8610  1000.8779     -0.105     0.1792     -0.002  0.000e+00
    704.000 268.804178       2817     -0.101    12.5854   0.270288     1.8746  1000.8884     -0.102     0.1747      0.002  0.000e+00
    704.250 268.804181       2818     -0.104    12.5856   0.272555     1.8912  1000.9012     -0.105     0.1764      0.000  0.000e+00
    704.500 268.804184       2819     -0.102    12.5862   0.276164     1.9177  1000.9217     -0.103     0.1772     -0.002  0.000e+00
    704.750 268.804187       2820     -0.104    12.5867   0.285627     1.9873  1000.9756     -0.105     0.1747 -3.032e-13  0.000e+00
    705.000 268.804190       2821     -0.105    12.5869   0.296123     2.0646  1001.0356     -0.106     0.1780     -0.006  0.000e+00
    705.250 268.804193       2822     -0.105    12.5875   0.301615     2.1052  1001.0670     -0.106     0.1747     -0.002  0.000e+00
    705.500 268.804196       2823     -0.103    12.5878   0.301207     2.1022  1001.0646     -0.104     0.1768      0.004  0.000e+00
    705.750 268.804198       2824     -0.104    12.5882   0.296798     2.0696  1001.0392     -0.105     0.1809      0.002  0.000e+00
    706.000 268.804201       2825     -0.106    12.5888   0.289997     2.0194  1001.0002     -0.107     0.1788     -0.006  0.000e+00
    706.250 268.804204       2826     -0.106    12.5889   0.282040     1.9607  1000.9548     -0.107     0.1809     -0.004  0.000e+00
    706.500 268.804207       2827     -0.104    12.5896   0.276509     1.9201  1000.9231     -0.105     0.1768      0.004  0.000e+00
    706.750 268.804210       2828     -0.104    12.5901   0.273366     1.8969  1000.9051     -0.105     0.1776      0.004  0.000e+00
    707.000 268.804213       2829     -0.103    12.5905   0.273052     1.8946  1000.9033     -0.104     0.1801      0.002  0.000e+00
    707.250 268.804216       2830     -0.102    12.5910   0.272886     1.8934  1000.9023     -0.103     0.1801      0.004  0.000e+00
    707.500 268.804219       2831     -0.101    12.5913   0.269919     1.8716  1000.8853     -0.102     0.1772      0.004  0.000e+00
    707.750 268.804222       2832     -0.101    12.5916   0.266746     1.8483  1000.8672     -0.102     0.1796      0.002  0.000e+00
    708.000 268.804225       2833     -0.103    12.5920   0.275101     1.9096  1000.9147     -0.104     0.1784     -0.004  0.000e+00
    708.250 268.804227       2834     -0.105    12.5925   0.288252     2.0063  1000.9896     -0.106     0.1788     -0.009  0.000e+00
    708.500 268.804230       2835     -0.105    12.5928   0.296620     2.0680  1001.0375     -0.106     0.1801     -0.004  0.000e+00
    708.750 268.804233       2836     -0.104    12.5931   0.298789     2.0840  1001.0498     -0.105     0.1768      0.002  0.000e+00
    709.000 268.804236       2837     -0.105    12.5937   0.294325     2.0510  1001.0242     -0.106     0.1801      0.000  0.000e+00
    709.250 268.804239       2838     -0.104    12.5942   0.289195     2.0132  1000.9948     -0.105     0.1784      0.000  0.000e+00
    709.500 268.804242       2839     -0.105    12.5947   0.283251     1.9694  1000.9607     -0.106     0.1821      0.000  0.000e+00
    709.750 268.804245       2840     -0.105    12.5951   0.276727     1.9214  1000.9234     -0.106     0.1796     -0.002  0.000e+00
    710.000 268.804248       2841     -0.104    12.5955   0.271507     1.8830  1000.8937     -0.105     0.1780      0.002  0.000e+00
    710.250 268.804251       2842     -0.104    12.5960   0.272111     1.8874  1000.8970     -0.105     0.1714      0.002  0.000e+00
    710.500 268.804253       2843     -0.104    12.5963   0.276969     1.9231  1000.9246     -0.105     0.1801      0.000  0.000e+00
    710.750 268.804256       2844     -0.103    12.5968   0.279373     1.9407  1000.9383     -0.104     0.1805      0.002  0.000e+00
    711.000 268.804259       2845     -0.102    12.5974   0.280407     1.9483  1000.9441     -0.103     0.1726      0.004  0.000e+00
    711.250 268.804262       2846     -0.105    12.5978   0.280473     1.9488  1000.9444     -0.106     0.1768     -0.004  0.000e+00
    711.500 268.804265       2847     -0.105    12.5983   0.278171     1.9318  1000.9311     -0.106     0.1780     -0.006  0.000e+00
    711.750 268.804268       2848     -0.102    12.5987   0.276447     1.9191  1000.9213     -0.103     0.1784      0.006  0.000e+00
    712.000 268.804271       2849     -0.105    12.5991   0.278064     1.9310  1000.9304     -0.106     0.1747      0.000  0.000e+00
    712.250 268.804274       2850     -0.103    12.5995   0.276979     1.9230  1000.9242     -0.104     0.1764     -0.002  0.000e+00
    712.500 268.804277       2851     -0.104    12.5999   0.276810     1.9217  1000.9231     -0.105     0.1792      0.002  0.000e+00
    712.750 268.804280       2852     -0.104    12.6003   0.281729     1.9579  1000.9511     -0.105     0.1813     -0.002  0.000e+00
    713.000 268.804282       2853     -0.104    12.6008   0.281656     1.9573  1000.9506     -0.105     0.1792 -3.032e-13  0.000e+00
    713.250 268.804285       2854     -0.104    12.6012   0.278385     1.9332  1000.9319     -0.105     0.1788      0.000  0.000e+00
    713.500 268.804288       2855     -0.104    12.6016   0.281971     1.9596  1000.9523     -0.105     0.1780      0.000  0.000e+00
    713.750 268.804291       2856     -0.105    12.6021   0.283694     1.9722  1000.9620     -0.106     0.1788     -0.002  0.000e+00
    714.000 268.804294       2857     -0.104    12.6024   0.284183     1.9758  1000.9647     -0.105     0.1829      0.000  0.000e+00
    714.250 268.804297       2858     -0.104    12.6030   0.282196     1.9612  1000.9533     -0.105     0.1801      0.002  0.000e+00
    714.500 268.804300       2859     -0.105    12.6035   0.277542     1.9269  1000.9267     -0.106     0.1805     -0.002  0.000e+00
    714.750 268.804303       2860     -0.105    12.6038   0.277193     1.9244  1000.9247     -0.106     0.1801     -0.002  0.000e+00
    715.000 268.804306       2861     -0.106    12.6041   0.276468     1.9190  1000.9205     -0.107     0.1796     -0.002  0.000e+00
    715.250 268.804308       2862     -0.107    12.6047   0.275657     1.9130  1000.9157     -0.108     0.1825     -0.004  0.000e+00
    715.500 268.804311       2863     -0.105    12.6050   0.275643     1.9129  1000.9156     -0.106     0.1805      0.002  0.000e+00
    715.750 268.804314       2864     -0.106    12.6056   0.277466     1.9263  1000.9259     -0.107     0.1780      0.002  0.000e+00
    716.000 268.804317       2865     -0.104    12.6060   0.278762     1.9358  1000.9332     -0.105     0.1731      0.002  0.000e+00
    716.250 268.804320       2866     -0.105    12.6063   0.278955     1.9372  1000.9343     -0.106     0.1747      0.002  0.000e+00
    716.500 268.804323       2867     -0.103    12.6069   0.278489     1.9337  1000.9315     -0.104     0.1743      0.002  0.000e+00
    716.750 268.804326       2868     -0.104    12.6073   0.274787     1.9065  1000.9104     -0.105     0.1764      0.002  0.000e+00
    717.000 268.804329       2869     -0.105    12.6077   0.271604     1.8831  1000.8922     -0.106     0.1764     -0.004  0.000e+00
    717.250 268.804332       2870     -0.103    12.6081   0.275001     1.9080  1000.9115     -0.104     0.1731      0.002  0.000e+00
    717.500 268.804334       2871     -0.106    12.6084   0.280252     1.9466  1000.9413     -0.107     0.1764     -0.002  0.000e+00
    717.750 268.804337       2872     -0.105    12.6090   0.283161     1.9680  1000.9578     -0.106     0.1768     -0.004  0.000e+00
    718.000 268.804340       2873     -0.104    12.6093   0.281144     1.9531  1000.9463     -0.105     0.1768      0.004  0.000e+00
    718.250 268.804343       2874     -0.106    12.6097   0.277708     1.9278  1000.9266     -0.107     0.1784     -0.002  0.000e+00
    718.500 268.804346       2875     -0.105    12.6101   0.274204     1.9021  1000.9066     -0.106     0.1805     -0.002  0.000e+00
    718.750 268.804349       2876     -0.106    12.6106   0.272783     1.8916  1000.8984     -0.107     0.1784      0.000  0.000e+00
    719.000 268.804352       2877     -0.104    12.6110   0.278672     1.9349  1000.9319     -0.105     0.1817      0.002  0.000e+00
    719.250 268.804355       2878     -0.104    12.6115   0.284345     1.9765  1000.9642     -0.105     0.1755      0.004  0.000e+00
    719.500 268.804358       2879     -0.104    12.6119   0.284335     1.9764  1000.9640     -0.105     0.1805      0.000  0.000e+00
    719.750 268.804361       2880     -0.104    12.6125   0.280321     1.9469  1000.9411     -0.105     0.1784      0.000  0.000e+00
    720.000 268.804363       2881     -0.105    12.6127   0.271449     1.8818  1000.8905     -0.106     0.1792     -0.002  0.000e+00
    720.250 268.804366       2882     -0.103    12.6133   0.259216     1.7922  1000.8209     -0.104     0.1809      0.002  0.000e+00
    720.500 268.804369       2883     -0.105    12.6137   0.253898     1.7533  1000.7907     -0.106     0.1801 3.0316e-13  0.000e+00
    720.750 268.804372       2884     -0.108    12.6140   0.263016     1.8199  1000.8424     -0.109     0.1805     -0.011  0.000e+00
    721.000 268.804375       2885     -0.106    12.6144   0.273483     1.8966  1000.9018     -0.107     0.1772     -0.002  0.000e+00
    721.250 268.804378       2886     -0.105    12.6147   0.283085     1.9671  1000.9564     -0.106     0.1796      0.006  0.000e+00
    721.500 268.804381       2887     -0.105    12.6153   0.286913     1.9952  1000.9782     -0.106     0.1796      0.002  0.000e+00
