Raw_Data/Cage/SBE19/2020-09-25_SBE19_007_033_processed.cnv
* Sea-Bird SBE19plus Data File:
* FileName = C:\cruises\2020_barkerboys\leg2\data\cage\SBE19\2020-09-25_SBE19_004_033.hex
* Software Version 1.59
* Temperature SN =  4881
* Conductivity SN =  4881
* System UpLoad Time = Sep 25 2020 21:20:29
* ds
* SeacatPlus V 1.5  SERIAL NO. 4881    25 Sep 2020  21:17:28
# nquan = 12
# nvalues = 3238                                  
# units = specified
# name 0 = timeS: Time, Elapsed [seconds]
# name 1 = timeJ: Julian Days
# name 2 = scan: Scan Count
# name 3 = depSM: Depth [salt water, m], lat = 44.00
# name 4 = tv290C: Temperature [ITS-90, deg C]
# name 5 = c0S/m: Conductivity [S/m]
# name 6 = sal00: Salinity, Practical [PSU]
# name 7 = density00: Density [density, kg/m^3]
# name 8 = prdM: Pressure, Strain Gauge [db]
# name 9 = wetStar: Fluorescence, WET Labs WETstar [mg/m^3]
# name 10 = dz/dtM: Descent Rate [m/s]
# name 11 = flag:  0.000e+00
# span 0 =      0.000,    809.250                 
# span 1 = 269.727905, 269.737271                 
# span 2 =          1,       3238                 
# span 3 =     -0.012,    178.481                 
# span 4 =     9.6035,    13.6401                 
# span 5 =   0.048199,   3.902542                 
# span 6 =     0.3010,    33.6429                 
# span 7 =   999.5305,  1026.7733                 
# span 8 =     -0.012,    180.003                 
# span 9 =     0.1327,     4.3260                 
# span 10 =     -1.269,      0.963                
# span 11 = 0.0000e+00, 0.0000e+00                
# interval = seconds: 0.25
# start_time = Sep 25 2020 17:28:11 [Instrument's time stamp, header]
# bad_flag = -9.990e-29
*END*
[from data line 361]
     90.250 269.728950        362      4.584    12.7101   3.826364    32.6839  1024.6764      4.621     2.1585      0.168  0.000e+00
     90.500 269.728953        363      4.596    12.7082   3.826391    32.6858  1024.6783      4.633     2.1865      0.097  0.000e+00
     90.750 269.728955        364      4.574    12.7074   3.826357    32.6862  1024.6786      4.611     2.0991     -0.022  0.000e+00
     91.000 269.728958        365      4.529    12.7068   3.826605    32.6891  1024.6808      4.566     2.1395     -0.135  0.000e+00
     91.250 269.728961        366      4.472    12.7074   3.826940    32.6917  1024.6825      4.509     2.1465     -0.204  0.000e+00
     91.500 269.728964        367      4.430    12.7090   3.826846    32.6896  1024.6803      4.466     2.2462     -0.200  0.000e+00
     91.750 269.728967        368      4.416    12.7108   3.826886    32.6884  1024.6790      4.452     2.0934     -0.114  0.000e+00
     92.000 269.728970        369      4.433    12.7121   3.826920    32.6875  1024.6782      4.469     2.1889      0.006  0.000e+00
     92.250 269.728973        370      4.477    12.7126   3.826920    32.6871  1024.6779      4.513     2.1004      0.122  0.000e+00
     92.500 269.728976        371      4.533    12.7125   3.826639    32.6844  1024.6761      4.570     2.1461      0.202  0.000e+00
     92.750 269.728979        372      4.583    12.7117   3.826532    32.6841  1024.6763      4.620     2.0534      0.215  0.000e+00
     93.000 269.728981        373      4.614    12.7108   3.826605    32.6856  1024.6777      4.651     2.0929      0.163  0.000e+00
     93.250 269.728984        374      4.620    12.7099   3.826424    32.6846  1024.6772      4.658     2.2989      0.075  0.000e+00
     93.500 269.728987        375      4.598    12.7090   3.826672    32.6878  1024.6797      4.635     2.1564     -0.032  0.000e+00
     93.750 269.728990        376      4.564    12.7091   3.826773    32.6886  1024.6802      4.601     2.1877     -0.114  0.000e+00
     94.000 269.728993        377      4.519    12.7099   3.826953    32.6897  1024.6807      4.556     2.1230     -0.159  0.000e+00
     94.250 269.728996        378      4.483    12.7108   3.826953    32.6889  1024.6797      4.519     2.1243     -0.163  0.000e+00
     94.500 269.728999        379      4.454    12.7120   3.827094    32.6892  1024.6796      4.490     2.1510     -0.131  0.000e+00
     94.750 269.729002        380      4.437    12.7129   3.826953    32.6871  1024.6777      4.473     2.1152     -0.092  0.000e+00
     95.000 269.729005        381      4.432    12.7135   3.827007    32.6872  1024.6776      4.468     2.1107     -0.045  0.000e+00
     95.250 269.729008        382      4.436    12.7135   3.826920    32.6864  1024.6770      4.472     2.0884     -0.002  0.000e+00
     95.500 269.729010        383      4.446    12.7132   3.826779    32.6852  1024.6762      4.482     2.1795      0.028  0.000e+00
     95.750 269.729013        384      4.464    12.7127   3.826779    32.6857  1024.6768      4.500     2.1786      0.056  0.000e+00
     96.000 269.729016        385      4.484    12.7123   3.826672    32.6849  1024.6763      4.520     2.1696      0.077  0.000e+00
     96.250 269.729019        386      4.511    12.7117   3.826639    32.6852  1024.6768      4.547     2.2186      0.094  0.000e+00
     96.500 269.729022        387      4.544    12.7108   3.826706    32.6865  1024.6781      4.581     2.1753      0.120  0.000e+00
     96.750 269.729025        388      4.577    12.7101   3.826639    32.6865  1024.6784      4.614     2.2742      0.133  0.000e+00
     97.000 269.729028        389      4.605    12.7099   3.826284    32.6833  1024.6761      4.643     2.2396      0.125  0.000e+00
     97.250 269.729031        390      4.620    12.7084   3.825594    32.6780  1024.6724      4.658     2.2718      0.088  0.000e+00
     97.500 269.729034        391      4.620    12.7050   3.825266    32.6779  1024.6729      4.658     2.3735      0.030  0.000e+00
     97.750 269.729036        392      4.602    12.7011   3.825688    32.6853  1024.6793      4.640     2.7175     -0.037  0.000e+00
     98.000 269.729039        393      4.568    12.6995   3.826358    32.6930  1024.6855      4.605     2.3282     -0.105  0.000e+00
     98.250 269.729042        394      4.527    12.7021   3.827027    32.6972  1024.6880      4.563     2.3492     -0.153  0.000e+00
     98.500 269.729045        395      4.488    12.7067   3.827041    32.6933  1024.6839      4.525     2.4188     -0.161  0.000e+00
     98.750 269.729048        396      4.464    12.7104   3.827061    32.6903  1024.6808      4.500     2.2627     -0.127  0.000e+00
     99.000 269.729051        397      4.463    12.7123   3.827027    32.6884  1024.6789      4.499     2.3570     -0.052  0.000e+00
     99.250 269.729054        398      4.483    12.7129   3.826886    32.6865  1024.6775      4.519     2.1844      0.039  0.000e+00
     99.500 269.729057        399      4.518    12.7127   3.826391    32.6820  1024.6741      4.555     2.2145      0.112  0.000e+00
     99.750 269.729060        400      4.552    12.7111   3.826331    32.6827  1024.6752      4.589     2.2392      0.140  0.000e+00
    100.000 269.729063        401      4.583    12.7091   3.826458    32.6857  1024.6780      4.620     2.2178      0.131  0.000e+00
    100.250 269.729065        402      4.591    12.7078   3.825795    32.6805  1024.6742      4.628     2.1918      0.077  0.000e+00
    100.500 269.729068        403      4.578    12.7058   3.826284    32.6869  1024.6796      4.615     2.2367     -0.011  0.000e+00
    100.750 269.729071        404      4.548    12.7054   3.826465    32.6890  1024.6811      4.585     2.1869     -0.086  0.000e+00
    101.000 269.729074        405      4.506    12.7063   3.826532    32.6889  1024.6807      4.543     2.2615     -0.144  0.000e+00
    101.250 269.729077        406      4.460    12.7074   3.826846    32.6909  1024.6818      4.496     2.2520     -0.178  0.000e+00
    101.500 269.729080        407      4.420    12.7090   3.826746    32.6886  1024.6795      4.456     2.1803     -0.174  0.000e+00
    101.750 269.729083        408      4.402    12.7105   3.826706    32.6869  1024.6779      4.438     2.4300     -0.116  0.000e+00
    102.000 269.729086        409      4.412    12.7112   3.826739    32.6866  1024.6775      4.447     2.2400     -0.017  0.000e+00
    102.250 269.729089        410      4.445    12.7113   3.826886    32.6879  1024.6787      4.481     2.1613      0.086  0.000e+00
    102.500 269.729091        411      4.477    12.7117   3.826605    32.6849  1024.6764      4.513     2.3401      0.131  0.000e+00
    102.750 269.729094        412      4.485    12.7114   3.826424    32.6834  1024.6753      4.521     2.1935      0.082  0.000e+00
    103.000 269.729097        413      4.457    12.7103   3.826746    32.6875  1024.6786      4.493     2.1704     -0.039  0.000e+00
    103.250 269.729100        414      4.402    12.7103   3.826907    32.6890  1024.6795      4.438     2.3270     -0.168  0.000e+00
    103.500 269.729103        415      4.318    12.7110   3.827027    32.6896  1024.6794      4.353     2.5037     -0.281  0.000e+00
    103.750 269.729106        416      4.216    12.7120   3.826987    32.6884  1024.6779      4.250     2.2619     -0.376  0.000e+00
    104.000 269.729109        417      4.102    12.7128   3.826846    32.6864  1024.6756      4.135     2.2495     -0.436  0.000e+00
    104.250 269.729112        418      3.984    12.7131   3.827007    32.6876  1024.6760      4.017     2.1894     -0.466  0.000e+00
    104.500 269.729115        419      3.864    12.7135   3.826920    32.6866  1024.6746      3.895     2.1889     -0.479  0.000e+00
    104.750 269.729117        420      3.733    12.7137   3.827027    32.6875  1024.6747      3.763     2.3373     -0.507  0.000e+00
    105.000 269.729120        421      3.604    12.7140   3.827308    32.6899  1024.6759      3.633     2.1959     -0.524  0.000e+00
    105.250 269.729123        422      3.475    12.7155   3.827623    32.6917  1024.6764      3.504     2.2330     -0.520  0.000e+00
    105.500 269.729126        423      3.347    12.7181   3.827911    32.6922  1024.6757      3.374     2.3813     -0.520  0.000e+00
    105.750 269.729129        424      3.211    12.7207   3.828118    32.6920  1024.6744      3.237     2.3785     -0.533  0.000e+00
    106.000 269.729132        425      3.074    12.7233   3.828647    32.6948  1024.6755      3.099     2.2297     -0.550  0.000e+00
    106.250 269.729135        426      2.939    12.7271   3.828962    32.6946  1024.6739      2.962     2.1601     -0.550  0.000e+00
    106.500 269.729138        427      2.795    12.7306   3.829210    32.6940  1024.6722      2.817     2.1177     -0.563  0.000e+00
    106.750 269.729141        428      2.656    12.7340   3.830262    32.7010  1024.6763      2.678     2.1420     -0.569  0.000e+00
    107.000 269.729144        429      2.526    12.7406   3.833163    32.7230  1024.6915      2.547     2.1144     -0.541  0.000e+00
    107.250 269.729146        430      2.409    12.7556   3.834222    32.7201  1024.6858      2.429     2.0781     -0.498  0.000e+00
    107.500 269.729149        431      2.290    12.7726   3.836273    32.7249  1024.6857      2.309     2.1123     -0.477  0.000e+00
    107.750 269.729152        432      2.185    12.7900   3.837795    32.7243  1024.6813      2.202     2.1519     -0.453  0.000e+00
    108.000 269.729155        433      2.090    12.8091   3.838961    32.7189  1024.6730      2.107     2.0485     -0.404  0.000e+00
    108.250 269.729158        434      1.999    12.8249   3.838532    32.7011  1024.6557      2.015     2.1881     -0.374  0.000e+00
    108.500 269.729161        435      1.904    12.8332   3.840409    32.7118  1024.6620      1.920     2.1791     -0.374  0.000e+00
    108.750 269.729164        436      1.817    12.8430   3.841067    32.7096  1024.6579      1.832     1.9871     -0.367  0.000e+00
    109.000 269.729167        437      1.733    12.8532   3.840973    32.6998  1024.6480      1.747     1.9693     -0.346  0.000e+00
    109.250 269.729170        438      1.679    12.8613   3.847958    32.7591  1024.6921      1.692     1.8202     -0.279  0.000e+00
    109.500 269.729172        439      1.658    12.8838   3.848273    32.7426  1024.6748      1.672     1.7382     -0.150  0.000e+00
    109.750 269.729175        440      1.641    12.9093   3.850555    32.7422  1024.6694      1.655     1.6921     -0.075  0.000e+00
    110.000 269.729178        441      1.594    12.9354   3.849803    32.7125  1024.6411      1.607     1.5718     -0.129  0.000e+00
    110.250 269.729181        442      1.549    12.9519   3.855343    32.7506  1024.6672      1.561     1.5545     -0.187  0.000e+00
    110.500 269.729184        443      1.526    12.9781   3.855773    32.7321  1024.6476      1.539     1.5487     -0.137  0.000e+00
    110.750 269.729187        444      1.519    13.0025   3.854207    32.6962  1024.6150      1.531     1.4799     -0.060  0.000e+00
    111.000 269.729190        445      1.534    13.0096   3.854314    32.6910  1024.6097      1.546     1.4638      0.015  0.000e+00
    111.250 269.729193        446      1.573    13.0115   3.855342    32.6991  1024.6157      1.586     1.3658      0.109  0.000e+00
    111.500 269.729196        447      1.642    13.0122   3.852609    32.6727  1024.5954      1.656     1.2760      0.219  0.000e+00
    111.750 269.729198        448      1.731    13.0087   3.858809    32.7342  1024.6442      1.745     1.2105      0.318  0.000e+00
    112.000 269.729201        449      1.824    13.0266   3.863427    32.7624  1024.6629      1.839     1.1672      0.367  0.000e+00
    112.250 269.729204        450      1.902    13.0601   3.863527    32.7343  1024.6349      1.918     1.2389      0.346  0.000e+00
    112.500 269.729207        451      1.962    13.0831   3.860744    32.6882  1024.5950      1.978     1.2162      0.277  0.000e+00
    112.750 269.729210        452      2.027    13.0881   3.860468    32.6812  1024.5889      2.043     1.1804      0.251  0.000e+00
    113.000 269.729213        453      2.096    13.0827   3.853669    32.6218  1024.5442      2.113     1.0786      0.271  0.000e+00
    113.250 269.729216        454      2.162    13.0585   3.861356    32.7151  1024.6216      2.180     1.0473      0.273  0.000e+00
    113.500 269.729219        455      2.242    13.0598   3.857976    32.6820  1024.5960      2.260     0.9645      0.294  0.000e+00
    113.750 269.729222        456      2.343    13.0606   3.856410    32.6665  1024.5843      2.362     0.9340      0.365  0.000e+00
    114.000 269.729225        457      2.457    13.0496   3.848842    32.6045  1024.5391      2.477     0.8701      0.434  0.000e+00
    114.250 269.729227        458      2.576    13.0130   3.846802    32.6167  1024.5562      2.597     0.8368      0.470  0.000e+00
    114.500 269.729230        459      2.695    12.9752   3.845795    32.6398  1024.5820      2.716     0.8809      0.479  0.000e+00
    114.750 269.729233        460      2.805    12.9479   3.844977    32.6556  1024.6001      2.828     0.8463      0.462  0.000e+00
    115.000 269.729236        461      2.904    12.9290   3.843629    32.6591  1024.6070      2.928     0.8281      0.423  0.000e+00
    115.250 269.729239        462      2.982    12.9130   3.842851    32.6655  1024.6154      3.006     0.8903      0.356  0.000e+00
    115.500 269.729242        463      3.047    12.8997   3.842247    32.6712  1024.6227      3.072     0.8553      0.288  0.000e+00
    115.750 269.729245        464      3.105    12.8903   3.841825    32.6753  1024.6280      3.130     0.8611      0.247  0.000e+00
    116.000 269.729248        465      3.158    12.8800   3.837157    32.6400  1024.6029      3.183     1.0102      0.223  0.000e+00
    116.250 269.729251        466      3.220    12.8557   3.835441    32.6446  1024.6115      3.246     1.0411      0.232  0.000e+00
    116.500 269.729253        467      3.303    12.8365   3.844341    32.7456  1024.6939      3.329     1.1013      0.292  0.000e+00
    116.750 269.729256        468      3.411    12.8526   3.842959    32.7186  1024.6703      3.439     1.2920      0.387  0.000e+00
    117.000 269.729259        469      3.535    12.8657   3.833236    32.6150  1024.5881      3.563     1.2422      0.468  0.000e+00
    117.250 269.729262        470      3.667    12.8393   3.831433    32.6206  1024.5982      3.697     1.2228      0.515  0.000e+00
    117.500 269.729265        471      3.806    12.8040   3.830496    32.6422  1024.6224      3.837     1.2578      0.548  0.000e+00
    117.750 269.729268        472      3.936    12.7784   3.829243    32.6524  1024.6358      3.968     1.3608      0.543  0.000e+00
    118.000 269.729271        473      4.060    12.7594   3.828085    32.6578  1024.6443      4.093     1.4428      0.511  0.000e+00
    118.250 269.729274        474      4.168    12.7438   3.827556    32.6662  1024.6543      4.202     1.3946      0.468  0.000e+00
    118.500 269.729277        475      4.272    12.7315   3.827208    32.6735  1024.6628      4.306     1.3880      0.427  0.000e+00
    118.750 269.729280        476      4.368    12.7236   3.827060    32.6789  1024.6690      4.403     1.4552      0.401  0.000e+00
    119.000 269.729282        477      4.455    12.7188   3.826672    32.6794  1024.6707      4.491     1.5994      0.369  0.000e+00
    119.250 269.729285        478      4.543    12.7144   3.826177    32.6784  1024.6712      4.580     1.7156      0.354  0.000e+00
    119.500 269.729288        479      4.646    12.7098   3.825828    32.6791  1024.6730      4.683     1.7341      0.384  0.000e+00
    119.750 269.729291        480      4.765    12.7056   3.825628    32.6808  1024.6757      4.803     1.8338      0.447  0.000e+00
    120.000 269.729294        481      4.897    12.7021   3.825159    32.6793  1024.6758      4.937     1.9191      0.507  0.000e+00
