Raw_Data/Cage/SBE19/2020-09-24_SBE19_006_028_processed.cnv
* Sea-Bird SBE19plus Data File:
* FileName = C:\cruises\2020_barkerboys\leg2\data\cage\SBE19\2020-09-25_SBE19_004_028.hex
* Software Version 1.59
* Temperature SN =  4881
* Conductivity SN =  4881
* System UpLoad Time = Sep 25 2020 12:48:05
* ds
* SeacatPlus V 1.5  SERIAL NO. 4881    25 Sep 2020  12:15:39
# nquan = 12
# nvalues = 3037                                  
# units = specified
# name 0 = timeS: Time, Elapsed [seconds]
# name 1 = timeJ: Julian Days
# name 2 = scan: Scan Count
# name 3 = depSM: Depth [salt water, m], lat = 44.00
# name 4 = tv290C: Temperature [ITS-90, deg C]
# name 5 = c0S/m: Conductivity [S/m]
# name 6 = sal00: Salinity, Practical [PSU]
# name 7 = density00: Density [density, kg/m^3]
# name 8 = prdM: Pressure, Strain Gauge [db]
# name 9 = wetStar: Fluorescence, WET Labs WETstar [mg/m^3]
# name 10 = dz/dtM: Descent Rate [m/s]
# name 11 = flag:  0.000e+00
# span 0 =      0.000,    759.000                 
# span 1 = 268.779803, 268.788588                 
# span 2 =          1,       3037                 
# span 3 =     -0.105,    162.288                 
# span 4 =     9.9556,    14.7263                 
# span 5 =   0.048252,   3.869666                 
# span 6 =     0.2934,    33.5041                 
# span 7 =   999.3691,  1026.5308                 
# span 8 =     -0.106,    163.666                 
# span 9 =     0.1183,     3.0879                 
# span 10 =     -1.339,      1.062                
# span 11 = 0.0000e+00, 0.0000e+00                
# interval = seconds: 0.25
# start_time = Sep 24 2020 18:42:55 [Instrument's time stamp, header]
# bad_flag = -9.990e-29
*END*
[from data line 1564]
    391.000 268.784329       1565     82.719    10.0697   3.667124    33.4495  1026.1074     83.405     0.1504      0.907  0.000e+00
    391.250 268.784332       1566     82.919    10.0692   3.667157    33.4502  1026.1090     83.607     0.1492      0.846  0.000e+00
    391.500 268.784334       1567     83.091    10.0689   3.667190    33.4507  1026.1102     83.780     0.1434      0.750  0.000e+00
    391.750 268.784337       1568     83.228    10.0688   3.667157    33.4504  1026.1107     83.918     0.1463      0.623  0.000e+00
    392.000 268.784340       1569     83.333    10.0685   3.667018    33.4493  1026.1103     84.025     0.1533      0.490  0.000e+00
    392.250 268.784343       1570     83.420    10.0677   3.667124    33.4510  1026.1122     84.112     0.1500      0.387  0.000e+00
    392.500 268.784346       1571     83.495    10.0672   3.667091    33.4511  1026.1127     84.188     0.1442      0.327  0.000e+00
    392.750 268.784349       1572     83.575    10.0671   3.667190    33.4522  1026.1139     84.269     0.1508      0.314  0.000e+00
    393.000 268.784352       1573     83.677    10.0673   3.667157    33.4516  1026.1138     84.372     0.1496      0.367  0.000e+00
    393.250 268.784355       1574     83.806    10.0675   3.667091    33.4507  1026.1137     84.502     0.1438      0.466  0.000e+00
    393.500 268.784358       1575     83.977    10.0676   3.667190    33.4515  1026.1151     84.674     0.1401      0.604  0.000e+00
    393.750 268.784361       1576     84.185    10.0678   3.667019    33.4496  1026.1145     84.884     0.1549      0.765  0.000e+00
    394.000 268.784363       1577     84.395    10.0670   3.666887    33.4488  1026.1151     85.096     0.1393      0.844  0.000e+00
    394.250 268.784366       1578     84.601    10.0657   3.666940    33.4505  1026.1175     85.303     0.1512      0.838  0.000e+00
    394.500 268.784369       1579     84.800    10.0646   3.666920    33.4512  1026.1191     85.504     0.1446      0.817  0.000e+00
    394.750 268.784372       1580     84.976    10.0637   3.666756    33.4503  1026.1194     85.681     0.2678      0.756  0.000e+00
    395.000 268.784375       1581     85.130    10.0623   3.666756    33.4515  1026.1213     85.837     0.1648      0.666  0.000e+00
    395.250 268.784378       1582     85.262    10.0607   3.666756    33.4529  1026.1233     85.970     0.1574      0.578  0.000e+00
    395.500 268.784381       1583     85.391    10.0591   3.666690    33.4537  1026.1247     86.100     0.1628      0.526  0.000e+00
    395.750 268.784384       1584     85.523    10.0580   3.666855    33.4563  1026.1276     86.233     0.1459      0.526  0.000e+00
    396.000 268.784387       1585     85.680    10.0580   3.666769    33.4554  1026.1276     86.391     0.1467      0.582  0.000e+00
    396.250 268.784389       1586     85.854    10.0582   3.666690    33.4544  1026.1275     86.566     0.1380      0.666  0.000e+00
    396.500 268.784392       1587     86.038    10.0574   3.666618    33.4542  1026.1284     86.752     0.1661      0.722  0.000e+00
    396.750 268.784395       1588     86.227    10.0563   3.666618    33.4551  1026.1301     86.943     0.1483      0.754  0.000e+00
    397.000 268.784398       1589     86.413    10.0554   3.666585    33.4555  1026.1315     87.130     0.1487      0.756  0.000e+00
    397.250 268.784401       1590     86.594    10.0548   3.666585    33.4561  1026.1328     87.313     0.1553      0.739  0.000e+00
    397.500 268.784404       1591     86.764    10.0541   3.666592    33.4567  1026.1342     87.485     0.1430      0.709  0.000e+00
    397.750 268.784407       1592     86.935    10.0534   3.666520    33.4565  1026.1350     87.657     0.1347      0.687  0.000e+00
    398.000 268.784410       1593     87.104    10.0522   3.666355    33.4559  1026.1354     87.827     0.1537      0.685  0.000e+00
    398.250 268.784413       1594     87.268    10.0503   3.666322    33.4572  1026.1376     87.993     0.1442      0.672  0.000e+00
    398.500 268.784416       1595     87.438    10.0486   3.666322    33.4587  1026.1398     88.165     0.1450      0.675  0.000e+00
    398.750 268.784418       1596     87.605    10.0475   3.666322    33.4597  1026.1415     88.332     0.1413      0.679  0.000e+00
    399.000 268.784421       1597     87.771    10.0466   3.666250    33.4598  1026.1424     88.500     0.1549      0.670  0.000e+00
    399.250 268.784424       1598     87.938    10.0457   3.666099    33.4590  1026.1428     88.669     0.1389      0.672  0.000e+00
    399.500 268.784427       1599     88.098    10.0436   3.665881    33.4586  1026.1435     88.830     0.1446      0.660  0.000e+00
    399.750 268.784430       1600     88.267    10.0406   3.665750    33.4599  1026.1459     89.001     0.1533      0.664  0.000e+00
    400.000 268.784433       1601     88.437    10.0372   3.665651    33.4620  1026.1489     89.171     0.1496      0.683  0.000e+00
    400.250 268.784436       1602     88.614    10.0335   3.665651    33.4654  1026.1529     89.351     0.1413      0.700  0.000e+00
    400.500 268.784439       1603     88.797    10.0303   3.665480    33.4665  1026.1552     89.534     0.1393      0.726  0.000e+00
    400.750 268.784442       1604     88.977    10.0273   3.665461    33.4690  1026.1584     89.716     0.1384      0.730  0.000e+00
    401.000 268.784444       1605     89.158    10.0246   3.665448    33.4713  1026.1615     89.899     0.1475      0.728  0.000e+00
    401.250 268.784447       1606     89.329    10.0223   3.665316    33.4720  1026.1633     90.071     0.1595      0.711  0.000e+00
    401.500 268.784450       1607     89.489    10.0202   3.665316    33.4739  1026.1658     90.233     0.1595      0.668  0.000e+00
    401.750 268.784453       1608     89.642    10.0185   3.665382    33.4760  1026.1684     90.387     0.1751      0.632  0.000e+00
    402.000 268.784456       1609     89.795    10.0169   3.665481    33.4785  1026.1713     90.541     0.1693      0.617  0.000e+00
    402.250 268.784459       1610     89.947    10.0162   3.665533    33.4796  1026.1730     90.695     0.1455      0.614  0.000e+00
    402.500 268.784462       1611     90.099    10.0161   3.665415    33.4784  1026.1728     90.848     0.1475      0.614  0.000e+00
    402.750 268.784465       1612     90.254    10.0163   3.665316    33.4771  1026.1725     91.004     0.1409      0.619  0.000e+00
    403.000 268.784468       1613     90.417    10.0158   3.665448    33.4789  1026.1747     91.168     0.1487      0.640  0.000e+00
    403.250 268.784470       1614     90.586    10.0156   3.665652    33.4811  1026.1772     91.339     0.2019      0.670  0.000e+00
    403.500 268.784473       1615     90.759    10.0158   3.665685    33.4811  1026.1780     91.513     0.1590      0.690  0.000e+00
    403.750 268.784476       1616     90.929    10.0160   3.665712    33.4811  1026.1787     91.685     0.1479      0.692  0.000e+00
    404.000 268.784479       1617     91.092    10.0163   3.665554    33.4792  1026.1779     91.849     0.1422      0.672  0.000e+00
    404.250 268.784482       1618     91.243    10.0160   3.665481    33.4787  1026.1782     92.002     0.1504      0.634  0.000e+00
    404.500 268.784485       1619     91.385    10.0156   3.665554    33.4797  1026.1797     92.145     0.1611      0.591  0.000e+00
    404.750 268.784488       1620     91.523    10.0156   3.665620    33.4803  1026.1809     92.285     0.1731      0.565  0.000e+00
    405.000 268.784491       1621     91.660    10.0159   3.665686    33.4806  1026.1817     92.422     0.1570      0.554  0.000e+00
    405.250 268.784494       1622     91.803    10.0162   3.665686    33.4803  1026.1820     92.567     0.1438      0.565  0.000e+00
    405.500 268.784497       1623     91.956    10.0167   3.665712    33.4800  1026.1824     92.721     0.1496      0.597  0.000e+00
    405.750 268.784499       1624     92.117    10.0169   3.665719    33.4798  1026.1830     92.883     0.1496      0.632  0.000e+00
    406.000 268.784502       1625     92.277    10.0168   3.665752    33.4802  1026.1840     93.045     0.1492      0.649  0.000e+00
    406.250 268.784505       1626     92.435    10.0165   3.665785    33.4808  1026.1852     93.204     0.1533      0.642  0.000e+00
    406.500 268.784508       1627     92.581    10.0165   3.665818    33.4810  1026.1861     93.351     0.1702      0.612  0.000e+00
    406.750 268.784511       1628     92.718    10.0165   3.665752    33.4802  1026.1861     93.490     0.1681      0.571  0.000e+00
    407.000 268.784514       1629     92.860    10.0167   3.665818    33.4807  1026.1871     93.633     0.1553      0.563  0.000e+00
    407.250 268.784517       1630     93.010    10.0167   3.665785    33.4803  1026.1875     93.784     0.1446      0.589  0.000e+00
    407.500 268.784520       1631     93.171    10.0167   3.665785    33.4802  1026.1881     93.946     0.1434      0.627  0.000e+00
    407.750 268.784523       1632     93.337    10.0166   3.665818    33.4806  1026.1892     94.114     0.1525      0.660  0.000e+00
    408.000 268.784525       1633     93.503    10.0164   3.665752    33.4800  1026.1895     94.282     0.1574      0.670  0.000e+00
    408.250 268.784528       1634     93.668    10.0163   3.665818    33.4807  1026.1909     94.447     0.1558      0.666  0.000e+00
    408.500 268.784531       1635     93.818    10.0163   3.665785    33.4803  1026.1912     94.598     0.1487      0.634  0.000e+00
    408.750 268.784534       1636     93.967    10.0164   3.665851    33.4809  1026.1923     94.749     0.1603      0.604  0.000e+00
    409.000 268.784537       1637     94.117    10.0164   3.665785    33.4801  1026.1924     94.900     0.1512      0.604  0.000e+00
    409.250 268.784540       1638     94.275    10.0164   3.665818    33.4803  1026.1933     95.059     0.1611      0.621  0.000e+00
    409.500 268.784543       1639     94.435    10.0164   3.665785    33.4799  1026.1937     95.221     0.1607      0.642  0.000e+00
    409.750 268.784546       1640     94.610    10.0163   3.665785    33.4800  1026.1946     95.398     0.1590      0.677  0.000e+00
    410.000 268.784549       1641     94.792    10.0161   3.665785    33.4800  1026.1955     95.581     0.1619      0.720  0.000e+00
    410.250 268.784552       1642     94.976    10.0160   3.665746    33.4797  1026.1961     95.766     0.1747      0.737  0.000e+00
    410.500 268.784554       1643     95.165    10.0159   3.665753    33.4797  1026.1970     95.957     0.1459      0.752  0.000e+00
    410.750 268.784557       1644     95.358    10.0157   3.665753    33.4799  1026.1980     96.152     0.1590      0.771  0.000e+00
    411.000 268.784560       1645     95.557    10.0159   3.665819    33.4803  1026.1992     96.353     0.1558      0.791  0.000e+00
    411.250 268.784563       1646     95.751    10.0159   3.665786    33.4798  1026.1998     96.548     0.1562      0.793  0.000e+00
    411.500 268.784566       1647     95.941    10.0159   3.665819    33.4800  1026.2008     96.740     0.1599      0.774  0.000e+00
    411.750 268.784569       1648     96.122    10.0160   3.665819    33.4799  1026.2015     96.922     0.1545      0.748  0.000e+00
    412.000 268.784572       1649     96.288    10.0160   3.665819    33.4798  1026.2022     97.090     0.1566      0.700  0.000e+00
    412.250 268.784575       1650     96.441    10.0161   3.665924    33.4807  1026.2035     97.244     0.1545      0.644  0.000e+00
    412.500 268.784578       1651     96.570    10.0161   3.665924    33.4807  1026.2041     97.374     0.1529      0.569  0.000e+00
    412.750 268.784580       1652     96.687    10.0161   3.665957    33.4809  1026.2048     97.493     0.1912      0.496  0.000e+00
    413.000 268.784583       1653     96.791    10.0162   3.665924    33.4805  1026.2050     97.597     0.1858      0.445  0.000e+00
    413.250 268.784586       1654     96.890    10.0164   3.665997    33.4810  1026.2058     97.697     0.1768      0.408  0.000e+00
    413.500 268.784589       1655     96.993    10.0166   3.665990    33.4807  1026.2060     97.801     0.1661      0.408  0.000e+00
    413.750 268.784592       1656     97.104    10.0167   3.666023    33.4809  1026.2066     97.913     0.1520      0.432  0.000e+00
    414.000 268.784595       1657     97.243    10.0167   3.666056    33.4811  1026.2074     98.053     0.1479      0.505  0.000e+00
    414.250 268.784598       1658     97.407    10.0168   3.666056    33.4810  1026.2081     98.219     0.1669      0.612  0.000e+00
    414.500 268.784601       1659     97.571    10.0169   3.666089    33.4812  1026.2090     98.384     0.1520      0.662  0.000e+00
    414.750 268.784604       1660     97.737    10.0169   3.666056    33.4808  1026.2094     98.552     0.1471      0.666  0.000e+00
    415.000 268.784606       1661     97.900    10.0170   3.666063    33.4806  1026.2100     98.716     0.1574      0.664  0.000e+00
    415.250 268.784609       1662     98.057    10.0172   3.666122    33.4811  1026.2110     98.874     0.1413      0.645  0.000e+00
    415.500 268.784612       1663     98.211    10.0170   3.666122    33.4811  1026.2118     99.030     0.1698      0.627  0.000e+00
    415.750 268.784615       1664     98.364    10.0170   3.666089    33.4807  1026.2122     99.183     0.1932      0.619  0.000e+00
    416.000 268.784618       1665     98.520    10.0167   3.665958    33.4796  1026.2120     99.341     0.1623      0.623  0.000e+00
    416.250 268.784621       1666     98.680    10.0163   3.665991    33.4802  1026.2134     99.502     0.1533      0.638  0.000e+00
    416.500 268.784624       1667     98.846    10.0159   3.666063    33.4812  1026.2150     99.670     0.1644      0.658  0.000e+00
    416.750 268.784627       1668     99.021    10.0157   3.666090    33.4816  1026.2161     99.846     0.1570      0.688  0.000e+00
    417.000 268.784630       1669     99.208    10.0159   3.666090    33.4813  1026.2167    100.035     0.1570      0.731  0.000e+00
    417.250 268.784633       1670     99.409    10.0159   3.666123    33.4816  1026.2178    100.237     0.1619      0.782  0.000e+00
    417.500 268.784635       1671     99.616    10.0162   3.666156    33.4815  1026.2187    100.447     0.1632      0.823  0.000e+00
    417.750 268.784638       1672     99.823    10.0164   3.666156    33.4813  1026.2194    100.655     0.2040      0.836  0.000e+00
    418.000 268.784641       1673    100.017    10.0167   3.666209    33.4815  1026.2204    100.851     0.1586      0.808  0.000e+00
    418.250 268.784644       1674    100.189    10.0167   3.666090    33.4802  1026.2201    101.025     0.1397      0.739  0.000e+00
    418.500 268.784647       1675    100.344    10.0161   3.666090    33.4807  1026.2214    101.181     0.1537      0.660  0.000e+00
    418.750 268.784650       1676    100.482    10.0155   3.666090    33.4812  1026.2225    101.320     0.1578      0.591  0.000e+00
    419.000 268.784653       1677    100.607    10.0154   3.666090    33.4812  1026.2231    101.446     0.1562      0.531  0.000e+00
    419.250 268.784656       1678    100.727    10.0155   3.666156    33.4818  1026.2240    101.567     0.1648      0.494  0.000e+00
    419.500 268.784659       1679    100.853    10.0152   3.666057    33.4809  1026.2240    101.694     0.1504      0.496  0.000e+00
    419.750 268.784661       1680    100.975    10.0150   3.666137    33.4819  1026.2253    101.817     0.1792      0.499  0.000e+00
    420.000 268.784664       1681    101.100    10.0149   3.666123    33.4818  1026.2259    101.943     0.1525      0.499  0.000e+00
    420.250 268.784667       1682    101.243    10.0150   3.666123    33.4817  1026.2264    102.087     0.1603      0.541  0.000e+00
    420.500 268.784670       1683    101.393    10.0149   3.666123    33.4817  1026.2271    102.239     0.1574      0.591  0.000e+00
    420.750 268.784673       1684    101.556    10.0150   3.666189    33.4822  1026.2282    102.403     0.1496      0.632  0.000e+00
