Raw_Data/Cage/SBE19/2020-09-19_SBE19_003_010_processed.cnv
* Sea-Bird SBE19plus Data File:
* FileName = C:\cruises\2020_barkerboys\leg2\data\cage\SBE19\2020-09-25_SBE19_004_010.hex
* Software Version 1.59
* Temperature SN =  4881
* Conductivity SN =  4881
* System UpLoad Time = Sep 25 2020 12:22:46
* ds
* SeacatPlus V 1.5  SERIAL NO. 4881    25 Sep 2020  12:15:39
# nquan = 12
# nvalues = 1285                                  
# units = specified
# name 0 = timeS: Time, Elapsed [seconds]
# name 1 = timeJ: Julian Days
# name 2 = scan: Scan Count
# name 3 = depSM: Depth [salt water, m], lat = 44.00
# name 4 = tv290C: Temperature [ITS-90, deg C]
# name 5 = c0S/m: Conductivity [S/m]
# name 6 = sal00: Salinity, Practical [PSU]
# name 7 = density00: Density [density, kg/m^3]
# name 8 = prdM: Pressure, Strain Gauge [db]
# name 9 = wetStar: Fluorescence, WET Labs WETstar [mg/m^3]
# name 10 = dz/dtM: Descent Rate [m/s]
# name 11 = flag:  0.000e+00
# span 0 =      0.000,    321.000                 
# span 1 = 263.843958, 263.847674                 
# span 2 =          1,       1285                 
# span 3 =      0.040,      5.446                 
# span 4 =    12.8848,    13.4204                 
# span 5 =   0.057105,   3.859350                 
# span 6 =     0.3654,    32.5780                 
# span 7 =   999.6750,  1024.4960                 
# span 8 =      0.041,      5.490                 
# span 9 =     0.1450,    12.7875                 
# span 10 =     -0.421,      0.810                
# span 11 = 0.0000e+00, 0.0000e+00                
# interval = seconds: 0.25
# start_time = Sep 19 2020 20:15:18 [Instrument's time stamp, header]
# bad_flag = -9.990e-29
*END*
[from data line 722]
    180.500 263.846047        723      0.044    12.9456   0.058620     0.3749   999.6784      0.044     0.1566     -0.004  0.000e+00
    180.750 263.846050        724      0.043    12.9451   0.058604     0.3748   999.6783      0.043     0.1611      0.000  0.000e+00
    181.000 263.846053        725      0.043    12.9449   0.058620     0.3749   999.6785      0.043     0.1590     -0.002  0.000e+00
    181.250 263.846056        726      0.045    12.9443   0.058623     0.3750   999.6786      0.045     0.1652      0.004  0.000e+00
    181.500 263.846059        727      0.045    12.9440   0.058610     0.3749   999.6785      0.045     0.1644      0.004  0.000e+00
    181.750 263.846062        728      0.046    12.9436   0.058588     0.3748   999.6785      0.046     0.1623      0.002  0.000e+00
    182.000 263.846065        729      0.045    12.9434   0.058582     0.3747   999.6785      0.045     0.1611      0.000  0.000e+00
    182.250 263.846068        730      0.046    12.9430   0.058598     0.3748   999.6786      0.046     0.1599     -0.000  0.000e+00
    182.500 263.846071        731      0.048    12.9426   0.058610     0.3749   999.6787      0.048     0.1623      0.006  0.000e+00
    182.750 263.846073        732      0.045    12.9422   0.058598     0.3748   999.6787      0.045     0.1590     -0.002  0.000e+00
    183.000 263.846076        733      0.044    12.9416   0.058573     0.3747   999.6787      0.044     0.1599     -0.009  0.000e+00
    183.250 263.846079        734      0.045    12.9416   0.058538     0.3744   999.6785      0.045     0.1607      0.000  0.000e+00
    183.500 263.846082        735      0.044    12.9411   0.058519     0.3743   999.6784      0.044     0.1611      0.000  0.000e+00
    183.750 263.846085        736      0.044    12.9409   0.058491     0.3741   999.6783      0.044     0.1611     -0.002  0.000e+00
    184.000 263.846088        737      0.044    12.9404   0.058475     0.3740   999.6783      0.044     0.1590     -0.000  0.000e+00
    184.250 263.846091        738      0.046    12.9402   0.058481     0.3741   999.6784      0.046     0.1623      0.004  0.000e+00
    184.500 263.846094        739      0.045    12.9396   0.058481     0.3741   999.6785      0.045     0.1628      0.002  0.000e+00
    184.750 263.846097        740      0.046    12.9394   0.058500     0.3742   999.6786      0.046     0.1636     -0.000  0.000e+00
    185.000 263.846100        741      0.044    12.9389   0.058491     0.3742   999.6786      0.044     0.1628     -0.002  0.000e+00
    185.250 263.846102        742      0.044    12.9385   0.058500     0.3742   999.6787      0.044     0.1677     -0.004  0.000e+00
    185.500 263.846105        743      0.046    12.9382   0.058491     0.3742   999.6787      0.046     0.1628      0.004  0.000e+00
    185.750 263.846108        744      0.047    12.9379   0.058500     0.3742   999.6788      0.047     0.1636      0.006  0.000e+00
    186.000 263.846111        745      0.045    12.9375   0.058491     0.3742   999.6788      0.045     0.1595     -0.002  0.000e+00
    186.250 263.846114        746      0.046    12.9371   0.058481     0.3741   999.6788      0.046     0.1623     -0.002  0.000e+00
    186.500 263.846117        747      0.045    12.9367   0.058466     0.3740   999.6788      0.045     0.1611     -0.000  0.000e+00
    186.750 263.846120        748      0.045    12.9363   0.058472     0.3740   999.6788      0.045     0.1590     -0.002  0.000e+00
    187.000 263.846123        749      0.046    12.9360   0.058475     0.3741   999.6789      0.046     0.1595      0.002  0.000e+00
    187.250 263.846126        750      0.045    12.9356   0.058491     0.3742   999.6791      0.045     0.1644     -0.000  0.000e+00
    187.500 263.846128        751      0.045    12.9353   0.058532     0.3745   999.6793      0.045     0.1623     -0.002  0.000e+00
    187.750 263.846131        752      0.045    12.9350   0.058563     0.3747   999.6795      0.045     0.1611      0.000  0.000e+00
    188.000 263.846134        753      0.046    12.9346   0.058598     0.3749   999.6797      0.046     0.1595      0.002  0.000e+00
    188.250 263.846137        754      0.046    12.9343   0.058582     0.3748   999.6797      0.046     0.1636      0.002  0.000e+00
    188.500 263.846140        755      0.046    12.9340   0.058563     0.3747   999.6796      0.046     0.1632      0.000  0.000e+00
    188.750 263.846143        756      0.046    12.9335   0.058544     0.3746   999.6796      0.046     0.1623      0.000  0.000e+00
    189.000 263.846146        757      0.044    12.9333   0.058547     0.3746   999.6796      0.044     0.1582     -0.004  0.000e+00
    189.250 263.846149        758      0.044    12.9330   0.058582     0.3748   999.6799      0.044     0.1640     -0.004  0.000e+00
    189.500 263.846152        759      0.046    12.9326   0.058629     0.3751   999.6802      0.046     0.1615      0.004  0.000e+00
    189.750 263.846155        760      0.046    12.9323   0.058696     0.3756   999.6806      0.046     0.1615      0.004  0.000e+00
    190.000 263.846157        761      0.044    12.9318   0.058730     0.3758   999.6808      0.044     0.1595     -0.004  0.000e+00
    190.250 263.846160        762      0.045    12.9315   0.058749     0.3759   999.6809      0.045     0.1611     -0.002  0.000e+00
    190.500 263.846163        763      0.044    12.9312   0.058762     0.3760   999.6810      0.044     0.1636      0.000  0.000e+00
    190.750 263.846166        764      0.044    12.9308   0.058768     0.3761   999.6811      0.044     0.1619     -0.002  0.000e+00
    191.000 263.846169        765      0.045    12.9304   0.058778     0.3761   999.6812      0.045     0.1665      0.002  0.000e+00
    191.250 263.846172        766      0.045    12.9299   0.058778     0.3761   999.6813      0.045     0.1615      0.002  0.000e+00
    191.500 263.846175        767      0.044    12.9297   0.058803     0.3763   999.6814      0.044     0.1623     -0.002  0.000e+00
    191.750 263.846178        768      0.047    12.9293   0.058825     0.3765   999.6816      0.047     0.1648      0.004  0.000e+00
    192.000 263.846181        769      0.046    12.9292   0.058844     0.3766   999.6817      0.046     0.1607      0.004  0.000e+00
    192.250 263.846183        770      0.046    12.9287   0.058844     0.3766   999.6818      0.046     0.1590     -0.002  0.000e+00
    192.500 263.846186        771      0.045    12.9282   0.058837     0.3765   999.6818      0.045     0.1599     -0.002  0.000e+00
    192.750 263.846189        772      0.043    12.9279   0.058853     0.3767   999.6819      0.043     0.1607     -0.006  0.000e+00
    193.000 263.846192        773      0.043    12.9277   0.058882     0.3768   999.6821      0.043     0.1578     -0.004  0.000e+00
    193.250 263.846195        774      0.047    12.9271   0.058904     0.3770   999.6823      0.047     0.1582      0.009  0.000e+00
    193.500 263.846198        775      0.045    12.9269   0.058916     0.3771   999.6824      0.045     0.1611      0.004  0.000e+00
    193.750 263.846201        776      0.047    12.9266   0.058888     0.3769   999.6823      0.047     0.1636      0.000  0.000e+00
    194.000 263.846204        777      0.046    12.9261   0.058872     0.3768   999.6823      0.046     0.1615      0.002  0.000e+00
    194.250 263.846207        778      0.044    12.9256   0.058869     0.3768   999.6823      0.044     0.1619     -0.006  0.000e+00
    194.500 263.846209        779      0.045    12.9255   0.058872     0.3768   999.6824      0.045     0.1632     -0.002  0.000e+00
    194.750 263.846212        780      0.046    12.9252   0.058878     0.3768   999.6825      0.046     0.1632      0.004  0.000e+00
    195.000 263.846215        781      0.046    12.9249   0.058872     0.3768   999.6825      0.046     0.1615      0.002  0.000e+00
    195.250 263.846218        782      0.046    12.9244   0.058853     0.3767   999.6824      0.046     0.1628      0.000  0.000e+00
    195.500 263.846221        783      0.046    12.9242   0.058844     0.3766   999.6824      0.046     0.1599      0.000  0.000e+00
    195.750 263.846224        784      0.046    12.9237   0.058837     0.3766   999.6824      0.046     0.1615     -0.000  0.000e+00
    196.000 263.846227        785      0.046    12.9233   0.058853     0.3767   999.6826      0.046     0.1611      0.000  0.000e+00
    196.250 263.846230        786      0.047    12.9231   0.058878     0.3769   999.6827      0.047     0.1628      0.002  0.000e+00
    196.500 263.846233        787      0.046    12.9227   0.058897     0.3770   999.6829      0.046     0.1582     -0.000  0.000e+00
    196.750 263.846236        788      0.047    12.9222   0.058910     0.3771   999.6830      0.047     0.1611      0.000  0.000e+00
    197.000 263.846238        789      0.043    12.9221   0.058897     0.3770   999.6829      0.043     0.1599     -0.006  0.000e+00
    197.250 263.846241        790      0.047    12.9216   0.058888     0.3769   999.6830      0.047     0.1599      0.000  0.000e+00
    197.500 263.846244        791      0.045    12.9213   0.058872     0.3768   999.6829      0.045     0.1623      0.004  0.000e+00
    197.750 263.846247        792      0.045    12.9209   0.058863     0.3768   999.6829      0.045     0.1611     -0.004  0.000e+00
    198.000 263.846250        793      0.044    12.9206   0.058853     0.3767   999.6829      0.044     0.1582     -0.002  0.000e+00
    198.250 263.846253        794      0.045    12.9203   0.058828     0.3766   999.6828      0.045     0.1590 3.7896e-14  0.000e+00
    198.500 263.846256        795      0.044    12.9198   0.058834     0.3766   999.6829      0.044     0.1644     -0.000  0.000e+00
    198.750 263.846259        796      0.047    12.9195   0.058853     0.3767   999.6831      0.047     0.1599      0.004  0.000e+00
    199.000 263.846262        797      0.044    12.9193   0.058891     0.3770   999.6833      0.044     0.1599      0.000  0.000e+00
    199.250 263.846264        798      0.045    12.9189   0.058904     0.3771   999.6834      0.045     0.1599     -0.004  0.000e+00
    199.500 263.846267        799      0.044    12.9185   0.058907     0.3771   999.6835      0.044     0.1599     -0.000  0.000e+00
    199.750 263.846270        800      0.046    12.9181   0.058894     0.3770   999.6835      0.046     0.1599      0.002  0.000e+00
    200.000 263.846273        801      0.045    12.9178   0.058891     0.3770   999.6835      0.045     0.1574      0.002  0.000e+00
    200.250 263.846276        802      0.045    12.9174   0.058910     0.3771   999.6836      0.045     0.1619     -0.002  0.000e+00
    200.500 263.846279        803      0.045    12.9171   0.058907     0.3771   999.6837      0.045     0.1607      0.000  0.000e+00
    200.750 263.846282        804      0.046    12.9167   0.058919     0.3772   999.6838      0.046     0.1603      0.002  0.000e+00
    201.000 263.846285        805      0.045    12.9162   0.058904     0.3771   999.6838      0.045     0.1619      0.000  0.000e+00
    201.250 263.846288        806      0.044    12.9160   0.058872     0.3769   999.6836      0.044     0.1590     -0.004  0.000e+00
    201.500 263.846291        807      0.043    12.9156   0.058863     0.3768   999.6836      0.043     0.1652     -0.004  0.000e+00
    201.750 263.846293        808      0.046    12.9153   0.058863     0.3768   999.6837      0.046     0.1599      0.004  0.000e+00
    202.000 263.846296        809      0.046    12.9148   0.058863     0.3768   999.6838      0.046     0.1558      0.006  0.000e+00
    202.250 263.846299        810      0.045    12.9145   0.058872     0.3769   999.6838      0.045     0.1607     -0.002  0.000e+00
    202.500 263.846302        811      0.045    12.9143   0.058853     0.3768   999.6838      0.045     0.1603     -0.002  0.000e+00
    202.750 263.846305        812      0.044    12.9139   0.058844     0.3767   999.6838      0.044     0.1611     -0.002  0.000e+00
    203.000 263.846308        813      0.045    12.9136   0.058822     0.3766   999.6837      0.045     0.1607      0.000  0.000e+00
    203.250 263.846311        814      0.046    12.9132   0.058815     0.3765   999.6837      0.046     0.1632      0.004  0.000e+00
    203.500 263.846314        815      0.046    12.9130   0.058812     0.3765   999.6837      0.046     0.1636      0.002  0.000e+00
    203.750 263.846317        816      0.044    12.9124   0.058796     0.3764   999.6837      0.044     0.1623     -0.004  0.000e+00
    204.000 263.846319        817      0.045    12.9122   0.058796     0.3764   999.6838      0.045     0.1595     -0.002  0.000e+00
    204.250 263.846322        818      0.045    12.9119   0.058778     0.3763   999.6837      0.045     0.1611      0.002  0.000e+00
    204.500 263.846325        819      0.044    12.9116   0.058771     0.3763   999.6837      0.044     0.1599     -0.002  0.000e+00
    204.750 263.846328        820      0.045    12.9112   0.058749     0.3761   999.6837      0.045     0.1603     -0.000  0.000e+00
    205.000 263.846331        821      0.046    12.9108   0.058755     0.3762   999.6837      0.046     0.1623      0.004  0.000e+00
    205.250 263.846334        822      0.044    12.9104   0.058730     0.3760   999.6837      0.044     0.1590     -0.002  0.000e+00
    205.500 263.846337        823      0.046    12.9102   0.058711     0.3759   999.6836      0.046     0.1636      0.000  0.000e+00
    205.750 263.846340        824      0.046    12.9099   0.058677     0.3757   999.6835      0.046     0.1632      0.004  0.000e+00
    206.000 263.846343        825      0.045    12.9095   0.058655     0.3755   999.6834      0.045     0.1607     -0.002  0.000e+00
    206.250 263.846345        826      0.045    12.9091   0.058629     0.3754   999.6833      0.045     0.1611     -0.002  0.000e+00
    206.500 263.846348        827      0.043    12.9088   0.058598     0.3751   999.6832      0.043     0.1611     -0.004  0.000e+00
    206.750 263.846351        828      0.045    12.9085   0.058582     0.3750   999.6832      0.045     0.1607     -0.000  0.000e+00
    207.000 263.846354        829      0.043    12.9081   0.058557     0.3749   999.6831      0.043     0.1615      0.000  0.000e+00
    207.250 263.846357        830      0.043    12.9077   0.058544     0.3748   999.6830      0.043     0.1615     -0.004  0.000e+00
    207.500 263.846360        831      0.044    12.9075   0.058516     0.3746   999.6829      0.044     0.1648      0.002  0.000e+00
    207.750 263.846363        832      0.047    12.9071   0.058510     0.3746   999.6830      0.047     0.1665      0.009  0.000e+00
    208.000 263.846366        833      0.045    12.9067   0.058491     0.3745   999.6829      0.045     0.1640      0.002  0.000e+00
    208.250 263.846369        834      0.046    12.9064   0.058462     0.3743   999.6828      0.046     0.1615     -0.002  0.000e+00
    208.500 263.846372        835      0.045    12.9061   0.058456     0.3742   999.6828      0.045     0.1562      0.000  0.000e+00
    208.750 263.846374        836      0.044    12.9057   0.058443     0.3742   999.6828      0.044     0.1615     -0.004  0.000e+00
    209.000 263.846377        837      0.044    12.9054   0.058431     0.3741   999.6828      0.044     0.1611     -0.002  0.000e+00
    209.250 263.846380        838      0.044    12.9052   0.058406     0.3739   999.6827      0.044     0.1632     -0.000  0.000e+00
    209.500 263.846383        839      0.046    12.9047   0.058374     0.3737   999.6826      0.046     0.1623      0.004  0.000e+00
    209.750 263.846386        840      0.044    12.9045   0.058358     0.3736   999.6825      0.044     0.1628     -0.000  0.000e+00
    210.000 263.846389        841      0.044    12.9041   0.058333     0.3734   999.6825      0.044     0.1590     -0.004  0.000e+00
    210.250 263.846392        842      0.046    12.9038   0.058308     0.3733   999.6824      0.046     0.1590      0.004  0.000e+00
