Raw_Data/Cage/SBE19/2020-09-26_SBE19_008_042_processed.cnv
* Sea-Bird SBE19plus Data File:
* FileName = C:\cruises\2020_barkerboys\leg2\data\cage\SBE19\2020-09-25_SBE19_008_037042.hex
* Software Version 1.59
* Temperature SN =  4881
* Conductivity SN =  4881
* System UpLoad Time = Sep 26 2020 18:16:41
* ds
* SeacatPlus V 1.5  SERIAL NO. 4881    26 Sep 2020  18:11:53
# nquan = 12
# nvalues = 1776                                  
# units = specified
# name 0 = timeS: Time, Elapsed [seconds]
# name 1 = timeJ: Julian Days
# name 2 = scan: Scan Count
# name 3 = depSM: Depth [salt water, m], lat = 44.00
# name 4 = tv290C: Temperature [ITS-90, deg C]
# name 5 = c0S/m: Conductivity [S/m]
# name 6 = sal00: Salinity, Practical [PSU]
# name 7 = density00: Density [density, kg/m^3]
# name 8 = prdM: Pressure, Strain Gauge [db]
# name 9 = wetStar: Fluorescence, WET Labs WETstar [mg/m^3]
# name 10 = dz/dtM: Descent Rate [m/s]
# name 11 = flag:  0.000e+00
# span 0 =      0.000,    443.750                 
# span 1 = 270.632083, 270.637219                 
# span 2 =          1,       1776                 
# span 3 =     -0.004,    112.806                 
# span 4 =    10.9203,    12.5482                 
# span 5 =   0.046826,   3.799827                 
# span 6 =     0.3014,    33.1035                 
# span 7 =   999.6881,  1025.8200                 
# span 8 =     -0.004,    113.750                 
# span 9 =     0.1615,     3.7545                 
# span 10 =     -1.194,      1.160                
# span 11 = 0.0000e+00, 0.0000e+00                
# interval = seconds: 0.25
# start_time = Sep 26 2020 15:10:12 [Instrument's time stamp, header]
# bad_flag = -9.990e-29
*END*
[from data line 1204]
    301.000 270.635567       1205     95.308    11.0565   3.716056    33.0350  1025.6693     96.102     0.3894     -0.881  0.000e+00
    301.250 270.635570       1206     95.134    11.0616   3.716360    33.0335  1025.6664     95.926     0.4165     -0.771  0.000e+00
    301.500 270.635573       1207     94.987    11.0675   3.717148    33.0361  1025.6667     95.778     0.4557     -0.647  0.000e+00
    301.750 270.635576       1208     94.861    11.0786   3.718816    33.0426  1025.6693     95.650     0.3613     -0.552  0.000e+00
    302.000 270.635579       1209     94.724    11.0986   3.718578    33.0224  1025.6493     95.513     0.3770     -0.531  0.000e+00
    302.250 270.635582       1210     94.567    11.1124   3.718306    33.0074  1025.6345     95.354     0.3593     -0.593  0.000e+00
    302.500 270.635584       1211     94.377    11.1168   3.718882    33.0092  1025.6341     95.162     0.5377     -0.701  0.000e+00
    302.750 270.635587       1212     94.154    11.1234   3.719431    33.0088  1025.6316     94.938     0.3531     -0.832  0.000e+00
    303.000 270.635590       1213     93.909    11.1317   3.720451    33.0115  1025.6312     94.691     0.3943     -0.943  0.000e+00
    303.250 270.635593       1214     93.652    11.1457   3.721133    33.0058  1025.6230     94.431     0.3992     -1.014  0.000e+00
    303.500 270.635596       1215     93.395    11.1623   3.721404    32.9937  1025.6095     94.172     0.5109     -1.038  0.000e+00
    303.750 270.635599       1216     93.147    11.1750   3.722152    32.9898  1025.6030     93.922     0.4627     -1.019  0.000e+00
    304.000 270.635602       1217     92.916    11.1876   3.722563    32.9827  1025.5941     93.689     0.3931     -0.965  0.000e+00
    304.250 270.635605       1218     92.707    11.1996   3.722940    32.9758  1025.5856     93.478     0.4211     -0.887  0.000e+00
    304.500 270.635608       1219     92.522    11.2099   3.723894    32.9760  1025.5831     93.292     0.3762     -0.795  0.000e+00
    304.750 270.635611       1220     92.361    11.2236   3.724675    32.9715  1025.5764     93.130     0.4013     -0.696  0.000e+00
    305.000 270.635613       1221     92.206    11.2389   3.724437    32.9556  1025.5606     92.973     0.3716     -0.638  0.000e+00
    305.250 270.635616       1222     92.046    11.2480   3.724509    32.9483  1025.5525     92.812     0.4565     -0.636  0.000e+00
    305.500 270.635619       1223     91.875    11.2518   3.724675    32.9466  1025.5497     92.639     0.4409     -0.668  0.000e+00
    305.750 270.635622       1224     91.683    11.2552   3.725324    32.9500  1025.5509     92.445     0.4297     -0.733  0.000e+00
    306.000 270.635625       1225     91.470    11.2625   3.725735    32.9476  1025.5467     92.230     0.3432     -0.817  0.000e+00
    306.250 270.635628       1226     91.244    11.2719   3.726046    32.9424  1025.5399     92.003     0.4087     -0.885  0.000e+00
    306.500 270.635631       1227     91.005    11.2801   3.726384    32.9385  1025.5343     91.762     0.3523     -0.937  0.000e+00
    306.750 270.635634       1228     90.766    11.2878   3.727543    32.9431  1025.5355     91.520     0.5389     -0.965  0.000e+00
    307.000 270.635637       1229     90.537    11.3003   3.727715    32.9338  1025.5249     91.289     0.4100     -0.946  0.000e+00
    307.250 270.635639       1230     90.309    11.3118   3.728027    32.9267  1025.5163     91.059     0.4306     -0.922  0.000e+00
    307.500 270.635642       1231     90.091    11.3206   3.728398    32.9225  1025.5104     90.840     0.4668     -0.898  0.000e+00
    307.750 270.635645       1232     89.870    11.3287   3.729047    32.9217  1025.5073     90.617     0.4273     -0.885  0.000e+00
    308.000 270.635648       1233     89.649    11.3390   3.728981    32.9121  1025.4970     90.394     0.3770     -0.892  0.000e+00
    308.250 270.635651       1234     89.428    11.3461   3.729391    32.9099  1025.4930     90.171     0.4598     -0.892  0.000e+00
    308.500 270.635654       1235     89.205    11.3525   3.729696    32.9072  1025.4887     89.946     0.3770     -0.896  0.000e+00
    308.750 270.635657       1236     88.984    11.3590   3.729663    32.9012  1025.4819     89.724     0.4520     -0.894  0.000e+00
    309.000 270.635660       1237     88.771    11.3638   3.729802    32.8984  1025.4779     89.509     0.4664     -0.874  0.000e+00
    309.250 270.635663       1238     88.571    11.3673   3.730074    32.8981  1025.4760     89.307     0.3836     -0.834  0.000e+00
    309.500 270.635666       1239     88.379    11.3709   3.730345    32.8976  1025.4741     89.114     0.4112     -0.791  0.000e+00
    309.750 270.635668       1240     88.196    11.3751   3.730624    32.8966  1025.4718     88.929     0.3877     -0.756  0.000e+00
    310.000 270.635671       1241     88.013    11.3799   3.730895    32.8951  1025.4689     88.744     0.4837     -0.739  0.000e+00
    310.250 270.635674       1242     87.827    11.3849   3.730961    32.8914  1025.4642     88.556     0.4083     -0.746  0.000e+00
    310.500 270.635677       1243     87.623    11.3896   3.731644    32.8940  1025.4645     88.351     0.4079     -0.786  0.000e+00
    310.750 270.635680       1244     87.408    11.3970   3.731611    32.8872  1025.4569     88.134     0.4565     -0.844  0.000e+00
    311.000 270.635683       1245     87.180    11.4027   3.731717    32.8833  1025.4517     87.904     0.4240     -0.894  0.000e+00
    311.250 270.635686       1246     86.949    11.4073   3.732499    32.8869  1025.4527     87.671     0.4190     -0.926  0.000e+00
    311.500 270.635689       1247     86.722    11.4151   3.733255    32.8875  1025.4507     87.442     0.5867     -0.924  0.000e+00
    311.750 270.635692       1248     86.501    11.4264   3.733387    32.8788  1025.4409     87.220     0.5710     -0.902  0.000e+00
    312.000 270.635694       1249     86.281    11.4354   3.733354    32.8706  1025.4318     86.997     0.4544     -0.890  0.000e+00
    312.250 270.635697       1250     86.061    11.4409   3.734176    32.8738  1025.4323     86.776     0.3931     -0.887  0.000e+00
    312.500 270.635700       1251     85.834    11.4488   3.734043    32.8657  1025.4235     86.547     0.4652     -0.900  0.000e+00
    312.750 270.635703       1252     85.601    11.4550   3.733970    32.8596  1025.4166     86.312     0.4454     -0.928  0.000e+00
    313.000 270.635706       1253     85.358    11.4582   3.735270    32.8695  1025.4227     86.067     0.4413     -0.960  0.000e+00
    313.250 270.635709       1254     85.114    11.4684   3.737227    32.8798  1025.4276     85.821     0.3852     -0.982  0.000e+00
    313.500 270.635712       1255     84.877    11.4920   3.738255    32.8689  1025.4137     85.581     0.4994     -0.971  0.000e+00
    313.750 270.635715       1256     84.652    11.5169   3.739694    32.8610  1025.4021     85.355     0.3889     -0.932  0.000e+00
    314.000 270.635718       1257     84.451    11.5434   3.740550    32.8460  1025.3846     85.152     0.6736     -0.859  0.000e+00
    314.250 270.635720       1258     84.270    11.5691   3.740755    32.8252  1025.3629     84.969     0.5204     -0.771  0.000e+00
    314.500 270.635723       1259     84.100    11.5861   3.740822    32.8110  1025.3479     84.798     0.4252     -0.707  0.000e+00
    314.750 270.635726       1260     83.926    11.5963   3.742195    32.8154  1025.3487     84.622     0.4363     -0.694  0.000e+00
    315.000 270.635729       1261     83.736    11.6108   3.742195    32.8027  1025.3353     84.431     0.5043     -0.735  0.000e+00
    315.250 270.635732       1262     83.527    11.6219   3.742952    32.8003  1025.3304     84.220     0.5014     -0.804  0.000e+00
    315.500 270.635735       1263     83.297    11.6337   3.743157    32.7920  1025.3208     83.988     0.3992     -0.885  0.000e+00
    315.750 270.635738       1264     83.050    11.6433   3.744120    32.7929  1025.3186     83.739     0.5138     -0.963  0.000e+00
    316.000 270.635741       1265     82.791    11.6552   3.744564    32.7869  1025.3106     83.478     0.4454     -1.021  0.000e+00
    316.250 270.635744       1266     82.533    11.6673   3.744770    32.7783  1025.3005     83.218     0.4672     -1.042  0.000e+00
    316.500 270.635747       1267     82.280    11.6762   3.745009    32.7729  1025.2935     82.962     0.4672     -1.031  0.000e+00
    316.750 270.635749       1268     82.032    11.6832   3.745148    32.7682  1025.2874     82.712     0.4623     -1.012  0.000e+00
    317.000 270.635752       1269     81.805    11.6881   3.745181    32.7643  1025.2824     82.483     0.5043     -0.958  0.000e+00
    317.250 270.635755       1270     81.593    11.6914   3.745420    32.7638  1025.2804     82.269     0.4483     -0.885  0.000e+00
    317.500 270.635758       1271     81.397    11.6946   3.745353    32.7604  1025.2764     82.071     0.5047     -0.823  0.000e+00
    317.750 270.635761       1272     81.218    11.6974   3.745459    32.7590  1025.2740     81.891     0.5953     -0.756  0.000e+00
    318.000 270.635764       1273     81.038    11.7001   3.745732    32.7594  1025.2729     81.709     0.5323     -0.724  0.000e+00
    318.250 270.635767       1274     80.854    11.7026   3.745765    32.7575  1025.2702     81.525     0.5323     -0.733  0.000e+00
    318.500 270.635770       1275     80.650    11.7043   3.745971    32.7581  1025.2694     81.318     0.4627     -0.782  0.000e+00
    318.750 270.635773       1276     80.428    11.7067   3.746176    32.7581  1025.2680     81.095     0.4544     -0.859  0.000e+00
    319.000 270.635775       1277     80.193    11.7098   3.746209    32.7558  1025.2645     80.857     0.4400     -0.922  0.000e+00
    319.250 270.635778       1278     79.937    11.7125   3.746349    32.7549  1025.2621     80.600     0.4676     -0.991  0.000e+00
    319.500 270.635781       1279     79.679    11.7153   3.746661    32.7556  1025.2610     80.340     0.4409     -1.036  0.000e+00
    319.750 270.635784       1280     79.420    11.7191   3.746833    32.7540  1025.2579     80.078     0.5138     -1.044  0.000e+00
    320.000 270.635787       1281     79.170    11.7233   3.747139    32.7534  1025.2555     79.826     0.4540     -1.027  0.000e+00
    320.250 270.635790       1282     78.933    11.7277   3.747245    32.7507  1025.2515     79.587     0.6155     -0.982  0.000e+00
    320.500 270.635793       1283     78.713    11.7317   3.747517    32.7499  1025.2491     79.365     0.8372     -0.922  0.000e+00
    320.750 270.635796       1284     78.514    11.7361   3.747517    32.7461  1025.2445     79.164     0.5949     -0.844  0.000e+00
    321.000 270.635799       1285     78.332    11.7399   3.747928    32.7468  1025.2435     78.981     0.5562     -0.769  0.000e+00
    321.250 270.635802       1286     78.154    11.7445   3.747756    32.7411  1025.2374     78.801     0.4240     -0.726  0.000e+00
    321.500 270.635804       1287     77.979    11.7474   3.748034    32.7413  1025.2363     78.625     0.5912     -0.711  0.000e+00
    321.750 270.635807       1288     77.793    11.7501   3.748101    32.7397  1025.2337     78.437     0.5822     -0.728  0.000e+00
    322.000 270.635810       1289     77.589    11.7526   3.748034    32.7369  1025.2301     78.232     0.5496     -0.786  0.000e+00
    322.250 270.635813       1290     77.365    11.7541   3.748101    32.7363  1025.2283     78.005     0.4907     -0.864  0.000e+00
    322.500 270.635816       1291     77.118    11.7550   3.748134    32.7360  1025.2268     77.756     0.4944     -0.952  0.000e+00
    322.750 270.635819       1292     76.859    11.7561   3.748306    32.7368  1025.2260     77.495     0.6283     -1.020  0.000e+00
    323.000 270.635822       1293     76.598    11.7580   3.748293    32.7351  1025.2232     77.232     0.4619     -1.048  0.000e+00
    323.250 270.635825       1294     76.338    11.7594   3.748306    32.7341  1025.2210     76.970     0.6238     -1.051  0.000e+00
    323.500 270.635828       1295     76.084    11.7602   3.748339    32.7338  1025.2194     76.714     0.5834     -1.036  0.000e+00
    323.750 270.635830       1296     75.847    11.7606   3.748379    32.7340  1025.2184     76.475     0.5002     -0.991  0.000e+00
    324.000 270.635833       1297     75.625    11.7610   3.748339    32.7333  1025.2168     76.251     0.6316     -0.926  0.000e+00
    324.250 270.635836       1298     75.422    11.7611   3.748306    32.7330  1025.2156     76.046     0.5340     -0.857  0.000e+00
    324.500 270.635839       1299     75.228    11.7610   3.748306    32.7332  1025.2149     75.850     0.5208     -0.801  0.000e+00
    324.750 270.635842       1300     75.039    11.7610   3.748306    32.7332  1025.2141     75.660     0.9488     -0.771  0.000e+00
    325.000 270.635845       1301     74.840    11.7609   3.748305    32.7334  1025.2133     75.459     0.7981     -0.782  0.000e+00
    325.250 270.635848       1302     74.627    11.7604   3.748173    32.7326  1025.2119     75.245     0.5064     -0.831  0.000e+00
    325.500 270.635851       1303     74.402    11.7602   3.748206    32.7332  1025.2113     75.018     0.4948     -0.883  0.000e+00
    325.750 270.635854       1304     74.170    11.7601   3.748172    32.7332  1025.2103     74.784     0.5101     -0.922  0.000e+00
    326.000 270.635856       1305     73.935    11.7597   3.748132    32.7331  1025.2093     74.546     0.4969     -0.943  0.000e+00
    326.250 270.635859       1306     73.699    11.7594   3.748205    32.7342  1025.2091     74.309     0.4940     -0.950  0.000e+00
    326.500 270.635862       1307     73.467    11.7593   3.748205    32.7344  1025.2082     74.075     0.4483     -0.943  0.000e+00
    326.750 270.635865       1308     73.233    11.7597   3.748239    32.7345  1025.2071     73.838     0.4235     -0.941  0.000e+00
    327.000 270.635868       1309     72.998    11.7602   3.748238    32.7342  1025.2057     73.602     0.4141     -0.945  0.000e+00
    327.250 270.635871       1310     72.769    11.7605   3.748172    32.7333  1025.2040     73.371     0.5022     -0.934  0.000e+00
    327.500 270.635874       1311     72.546    11.7607   3.748305    32.7346  1025.2039     73.146     0.6473     -0.913  0.000e+00
    327.750 270.635877       1312     72.336    11.7615   3.748305    32.7340  1025.2023     72.934     0.4788     -0.874  0.000e+00
    328.000 270.635880       1313     72.134    11.7619   3.748305    32.7337  1025.2011     72.731     0.4623     -0.829  0.000e+00
    328.250 270.635883       1314     71.947    11.7626   3.748338    32.7335  1025.2000     72.542     0.4355     -0.784  0.000e+00
    328.500 270.635885       1315     71.765    11.7632   3.748377    32.7334  1025.1990     72.358     0.5476     -0.746  0.000e+00
    328.750 270.635888       1316     71.582    11.7635   3.748337    32.7328  1025.1976     72.173     0.5274     -0.737  0.000e+00
    329.000 270.635891       1317     71.391    11.7637   3.748377    32.7331  1025.1970     71.981     0.5088     -0.754  0.000e+00
    329.250 270.635894       1318     71.192    11.7640   3.748337    32.7325  1025.1956     71.780     0.5958     -0.786  0.000e+00
    329.500 270.635897       1319     70.981    11.7642   3.748337    32.7324  1025.1944     71.568     0.4726     -0.827  0.000e+00
    329.750 270.635900       1320     70.756    11.7644   3.748410    32.7330  1025.1939     71.341     0.4404     -0.879  0.000e+00
    330.000 270.635903       1321     70.515    11.7646   3.748337    32.7323  1025.1921     71.098     0.4738     -0.939  0.000e+00
    330.250 270.635906       1322     70.259    11.7649   3.748377    32.7325  1025.1911     70.839     0.5966     -1.003  0.000e+00
    330.500 270.635909       1323     69.991    11.7655   3.748410    32.7324  1025.1897     70.570     0.6159     -1.057  0.000e+00
