Raw_Data/Cage/SBE19/2020-09-24_SBE19_006_024_processed.cnv
* Sea-Bird SBE19plus Data File:
* FileName = C:\cruises\2020_barkerboys\leg2\data\cage\SBE19\2020-09-25_SBE19_004_024.hex
* Software Version 1.59
* Temperature SN =  4881
* Conductivity SN =  4881
* System UpLoad Time = Sep 25 2020 12:44:01
* ds
* SeacatPlus V 1.5  SERIAL NO. 4881    25 Sep 2020  12:15:39
# nquan = 12
# nvalues = 3128                                  
# units = specified
# name 0 = timeS: Time, Elapsed [seconds]
# name 1 = timeJ: Julian Days
# name 2 = scan: Scan Count
# name 3 = depSM: Depth [salt water, m], lat = 44.00
# name 4 = tv290C: Temperature [ITS-90, deg C]
# name 5 = c0S/m: Conductivity [S/m]
# name 6 = sal00: Salinity, Practical [PSU]
# name 7 = density00: Density [density, kg/m^3]
# name 8 = prdM: Pressure, Strain Gauge [db]
# name 9 = wetStar: Fluorescence, WET Labs WETstar [mg/m^3]
# name 10 = dz/dtM: Descent Rate [m/s]
# name 11 = flag:  0.000e+00
# span 0 =      0.000,    781.750                 
# span 1 = 268.665660, 268.674708                 
# span 2 =          1,       3128                 
# span 3 =     -0.092,    187.106                 
# span 4 =     9.5926,    16.4928                 
# span 5 =   0.051981,   3.901704                 
# span 6 =     0.3036,    33.6479                 
# span 7 =   999.0981,  1026.8186                 
# span 8 =     -0.093,    188.706                 
# span 9 =     0.1413,     3.5625                 
# span 10 =     -1.447,      1.104                
# span 11 = 0.0000e+00, 0.0000e+00                
# interval = seconds: 0.25
# start_time = Sep 24 2020 15:58:33 [Instrument's time stamp, header]
# bad_flag = -9.990e-29
*END*
[from data line 2888]
    722.000 268.674016       2889     12.166    12.5936   3.811278    32.6381  1024.6978     12.265     2.4312     -0.608  0.000e+00
    722.250 268.674019       2890     12.040    12.5947   3.811525    32.6396  1024.6981     12.137     2.4773     -0.535  0.000e+00
    722.500 268.674022       2891     11.918    12.5972   3.812294    32.6448  1024.7011     12.015     2.3521     -0.500  0.000e+00
    722.750 268.674025       2892     11.802    12.6017   3.812140    32.6394  1024.6956     11.898     2.2409     -0.479  0.000e+00
    723.000 268.674028       2893     11.693    12.6047   3.811980    32.6354  1024.6914     11.787     2.2833     -0.455  0.000e+00
    723.250 268.674031       2894     11.594    12.6052   3.812327    32.6383  1024.6931     11.688     2.3039     -0.421  0.000e+00
    723.500 268.674034       2895     11.509    12.6062   3.812468    32.6389  1024.6930     11.603     2.4526     -0.369  0.000e+00
    723.750 268.674036       2896     11.427    12.6080   3.812963    32.6420  1024.6946     11.520     2.3525     -0.335  0.000e+00
    724.000 268.674039       2897     11.340    12.6105   3.812976    32.6400  1024.6923     11.432     2.4679     -0.341  0.000e+00
    724.250 268.674042       2898     11.228    12.6125   3.812963    32.6382  1024.6900     11.319     2.3307     -0.401  0.000e+00
    724.500 268.674045       2899     11.078    12.6134   3.812749    32.6354  1024.6870     11.168     2.3694     -0.528  0.000e+00
    724.750 268.674048       2900     10.900    12.6131   3.812682    32.6352  1024.6860     10.989     2.5593     -0.661  0.000e+00
    725.000 268.674051       2901     10.694    12.6126   3.813310    32.6416  1024.6902     10.781     2.3838     -0.775  0.000e+00
    725.250 268.674054       2902     10.475    12.6138   3.813417    32.6417  1024.6890     10.560     2.4312     -0.857  0.000e+00
    725.500 268.674057       2903     10.261    12.6160   3.813310    32.6389  1024.6854     10.345     2.4143     -0.872  0.000e+00
    725.750 268.674060       2904     10.072    12.6170   3.813417    32.6391  1024.6845     10.154     2.6557     -0.814  0.000e+00
    726.000 268.674062       2905      9.917    12.6176   3.813731    32.6417  1024.6857      9.998     2.6063     -0.694  0.000e+00
    726.250 268.674065       2906      9.799    12.6192   3.813805    32.6410  1024.6844      9.879     2.6112     -0.550  0.000e+00
    726.500 268.674068       2907      9.709    12.6209   3.813945    32.6409  1024.6836      9.788     2.5779     -0.421  0.000e+00
    726.750 268.674071       2908      9.640    12.6219   3.813811    32.6388  1024.6814      9.718     2.7262     -0.322  0.000e+00
    727.000 268.674074       2909      9.571    12.6225   3.813805    32.6382  1024.6805      9.649     2.7043     -0.277  0.000e+00
    727.250 268.674077       2910      9.502    12.6228   3.813838    32.6383  1024.6803      9.579     2.7035     -0.277  0.000e+00
    727.500 268.674080       2911      9.426    12.6231   3.813764    32.6374  1024.6791      9.502     2.8609     -0.294  0.000e+00
    727.750 268.674083       2912      9.337    12.6228   3.813590    32.6360  1024.6778      9.413     2.7427     -0.333  0.000e+00
    728.000 268.674086       2913      9.241    12.6219   3.813624    32.6371  1024.6783      9.316     2.6166     -0.371  0.000e+00
    728.250 268.674089       2914      9.131    12.6214   3.813677    32.6381  1024.6787      9.205     2.5873     -0.417  0.000e+00
    728.500 268.674091       2915      9.004    12.6213   3.813731    32.6388  1024.6787      9.077     2.5997     -0.479  0.000e+00
    728.750 268.674094       2916      8.865    12.6215   3.813804    32.6393  1024.6784      8.937     2.6483     -0.535  0.000e+00
    729.000 268.674097       2917      8.714    12.6221   3.813764    32.6385  1024.6770      8.785     2.6112     -0.584  0.000e+00
    729.250 268.674100       2918      8.554    12.6227   3.813945    32.6398  1024.6771      8.624     2.6067     -0.627  0.000e+00
    729.500 268.674103       2919      8.395    12.6232   3.813978    32.6397  1024.6763      8.463     2.5910     -0.644  0.000e+00
    729.750 268.674106       2920      8.240    12.6239   3.813978    32.6392  1024.6750      8.307     2.7542     -0.633  0.000e+00
    730.000 268.674109       2921      8.096    12.6243   3.813944    32.6386  1024.6738      8.161     2.5540     -0.603  0.000e+00
    730.250 268.674112       2922      7.961    12.6246   3.814045    32.6394  1024.6737      8.026     2.6693     -0.562  0.000e+00
    730.500 268.674115       2923      7.830    12.6255   3.814292    32.6410  1024.6742      7.894     2.5910     -0.535  0.000e+00
    730.750 268.674117       2924      7.711    12.6265   3.814326    32.6404  1024.6731      7.774     2.5775     -0.505  0.000e+00
    731.000 268.674120       2925      7.587    12.6277   3.814212    32.6384  1024.6707      7.648     2.5297     -0.492  0.000e+00
    731.250 268.674123       2926      7.458    12.6279   3.814713    32.6431  1024.6737      7.518     2.6751     -0.511  0.000e+00
    731.500 268.674126       2927      7.328    12.6293   3.814927    32.6439  1024.6735      7.387     2.6096     -0.522  0.000e+00
    731.750 268.674129       2928      7.197    12.6314   3.815309    32.6458  1024.6739      7.255     2.5548     -0.526  0.000e+00
    732.000 268.674132       2929      7.057    12.6341   3.815489    32.6452  1024.6724      7.115     2.5478     -0.545  0.000e+00
    732.250 268.674135       2930      6.917    12.6368   3.815650    32.6445  1024.6706      6.973     2.4782     -0.565  0.000e+00
    732.500 268.674138       2931      6.780    12.6390   3.815696    32.6431  1024.6685      6.835     2.4567     -0.558  0.000e+00
    732.750 268.674141       2932      6.651    12.6408   3.815944    32.6440  1024.6683      6.704     2.5321     -0.537  0.000e+00
    733.000 268.674144       2933      6.530    12.6426   3.816191    32.6447  1024.6680      6.583     2.5441     -0.505  0.000e+00
    733.250 268.674146       2934      6.424    12.6448   3.816365    32.6446  1024.6669      6.476     2.5449     -0.457  0.000e+00
    733.500 268.674149       2935      6.334    12.6470   3.816486    32.6438  1024.6655      6.386     2.7138     -0.395  0.000e+00
    733.750 268.674152       2936      6.252    12.6488   3.816365    32.6411  1024.6627      6.303     2.4843     -0.346  0.000e+00
    734.000 268.674155       2937      6.175    12.6498   3.816539    32.6420  1024.6628      6.225     2.4835     -0.322  0.000e+00
    734.250 268.674158       2938      6.098    12.6505   3.816505    32.6411  1024.6617      6.147     2.4242     -0.311  0.000e+00
    734.500 268.674161       2939      6.004    12.6512   3.816820    32.6435  1024.6630      6.053     2.3883     -0.344  0.000e+00
    734.750 268.674164       2940      5.889    12.6529   3.817770    32.6512  1024.6681      5.937     2.3541     -0.421  0.000e+00
    735.000 268.674167       2941      5.751    12.6569   3.817991    32.6498  1024.6656      5.797     2.3397     -0.511  0.000e+00
    735.250 268.674170       2942      5.579    12.6614   3.818258    32.6486  1024.6630      5.625     2.4102     -0.625  0.000e+00
    735.500 268.674172       2943      5.392    12.6656   3.819670    32.6584  1024.6690      5.436     2.3022     -0.724  0.000e+00
    735.750 268.674175       2944      5.190    12.6728   3.821323    32.6680  1024.6741      5.232     2.3846     -0.786  0.000e+00
    736.000 268.674178       2945      4.982    12.6837   3.821323    32.6587  1024.6638      5.022     2.5428     -0.827  0.000e+00
    736.250 268.674181       2946      4.792    12.6923   3.821771    32.6556  1024.6589      4.831     2.3051     -0.801  0.000e+00
    736.500 268.674184       2947      4.620    12.6987   3.822762    32.6595  1024.6599      4.657     2.2532     -0.730  0.000e+00
    736.750 268.674187       2948      4.483    12.7058   3.823786    32.6631  1024.6607      4.519     2.2170     -0.625  0.000e+00
    737.000 268.674190       2949      4.383    12.7146   3.824348    32.6609  1024.6568      4.418     2.2005     -0.479  0.000e+00
    737.250 268.674193       2950      4.314    12.7231   3.824348    32.6536  1024.6492      4.349     2.0686     -0.339  0.000e+00
    737.500 268.674196       2951      4.281    12.7291   3.825694    32.6612  1024.6538      4.316     2.1016     -0.204  0.000e+00
    737.750 268.674198       2952      4.270    12.7367   3.826390    32.6613  1024.6523      4.304     1.9710     -0.090  0.000e+00
    738.000 268.674201       2953      4.275    12.7454   3.826143    32.6513  1024.6430      4.310     2.0761     -0.013  0.000e+00
    738.250 268.674204       2954      4.268    12.7507   3.827094    32.6558  1024.6454      4.302     1.8696     -0.004  0.000e+00
    738.500 268.674207       2955      4.238    12.7567   3.828145    32.6606  1024.6478      4.272     1.8383     -0.075  0.000e+00
    738.750 268.674210       2956      4.176    12.7655   3.827555    32.6474  1024.6356      4.210     1.8272     -0.185  0.000e+00
    739.000 268.674213       2957      4.067    12.7707   3.827763    32.6450  1024.6322      4.100     1.8062     -0.344  0.000e+00
    739.250 268.674216       2958      3.905    12.7727   3.827555    32.6413  1024.6282      3.937     1.7423     -0.545  0.000e+00
    739.500 268.674219       2959      3.709    12.7729   3.828118    32.6466  1024.6314      3.739     1.6777     -0.723  0.000e+00
    739.750 268.674222       2960      3.500    12.7758   3.831066    32.6721  1024.6497      3.528     1.6282     -0.818  0.000e+00
    740.000 268.674225       2961      3.300    12.7897   3.832278    32.6717  1024.6457      3.326     1.5499     -0.824  0.000e+00
    740.250 268.674227       2962      3.130    12.8067   3.835173    32.6845  1024.6516      3.156     1.6204     -0.745  0.000e+00
    740.500 268.674230       2963      3.004    12.8292   3.837050    32.6829  1024.6454      3.028     1.5219     -0.597  0.000e+00
    740.750 268.674233       2964      2.927    12.8536   3.841235    32.7015  1024.6546      2.951     1.5145     -0.410  0.000e+00
    741.000 268.674236       2965      2.891    12.8850   3.843455    32.6954  1024.6436      2.914     1.5800     -0.228  0.000e+00
    741.250 268.674239       2966      2.886    12.9185   3.842817    32.6604  1024.6100      2.910     1.5186     -0.082  0.000e+00
    741.500 268.674242       2967      2.896    12.9367   3.842354    32.6404  1024.5909      2.920     1.6241      0.011  0.000e+00
    741.750 268.674245       2968      2.897    12.9442   3.843729    32.6469  1024.5945      2.921     1.5034      0.021  0.000e+00
    742.000 268.674248       2969      2.878    12.9513   3.844017    32.6434  1024.5904      2.901     1.6748     -0.036  0.000e+00
    742.250 268.674251       2970      2.825    12.9581   3.844199    32.6394  1024.5857      2.848     1.4321     -0.146  0.000e+00
    742.500 268.674253       2971      2.737    12.9639   3.847245    32.6632  1024.6025      2.760     1.3530     -0.283  0.000e+00
    742.750 268.674256       2972      2.616    12.9774   3.848695    32.6653  1024.6010      2.637     1.3563     -0.421  0.000e+00
    743.000 268.674259       2973      2.471    12.9962   3.848768    32.6499  1024.5847      2.491     1.2273     -0.537  0.000e+00
    743.250 268.674262       2974      2.312    13.0093   3.852998    32.6786  1024.6036      2.330     1.1684     -0.614  0.000e+00
    743.500 268.674265       2975      2.153    13.0315   3.857230    32.6994  1024.6147      2.170     1.2484     -0.642  0.000e+00
    743.750 268.674268       2976      2.005    13.0668   3.858842    32.6843  1024.5954      2.021     1.2764     -0.618  0.000e+00
    744.000 268.674271       2977      1.877    13.0982   3.860004    32.6682  1024.5761      1.892     1.2047     -0.556  0.000e+00
    744.250 268.674274       2978      1.766    13.1210   3.860575    32.6541  1024.5602      1.781     1.1445     -0.481  0.000e+00
    744.500 268.674277       2979      1.692    13.1372   3.861106    32.6451  1024.5497      1.705     1.1281     -0.374  0.000e+00
    744.750 268.674280       2980      1.639    13.1486   3.862034    32.6441  1024.5464      1.652     1.1252     -0.258  0.000e+00
    745.000 268.674282       2981      1.601    13.1594   3.862531    32.6395  1024.5405      1.614     1.1783     -0.182  0.000e+00
    745.250 268.674285       2982      1.565    13.1684   3.861959    32.6264  1024.5284      1.578     1.0836     -0.148  0.000e+00
    745.500 268.674288       2983      1.514    13.1717   3.862847    32.6319  1024.5318      1.526     0.9818     -0.176  0.000e+00
    745.750 268.674291       2984      1.439    13.1756   3.863566    32.6353  1024.5334      1.451     0.9427     -0.253  0.000e+00
    746.000 268.674294       2985      1.339    13.1819   3.863458    32.6290  1024.5267      1.350     0.8809     -0.352  0.000e+00
    746.250 268.674297       2986      1.234    13.1860   3.863761    32.6283  1024.5250      1.244     0.9031     -0.414  0.000e+00
    746.500 268.674300       2987      1.129    13.1892   3.863922    32.6272  1024.5230      1.138     0.8978     -0.425  0.000e+00
    746.750 268.674303       2988      1.032    13.1913   3.863740    32.6236  1024.5194      1.040     0.8388     -0.408  0.000e+00
    747.000 268.674306       2989      0.944    13.1925   3.864030    32.6254  1024.5201      0.952     0.8495     -0.371  0.000e+00
    747.250 268.674308       2990      0.858    13.1935   3.864171    32.6259  1024.5200      0.865     0.8203     -0.350  0.000e+00
    747.500 268.674311       2991      0.768    13.1953   3.865025    32.6324  1024.5242      0.774     0.8998     -0.356  0.000e+00
    747.750 268.674314       2992      0.672    13.1996   3.865879    32.6368  1024.5263      0.677     0.8215     -0.376  0.000e+00
    748.000 268.674317       2993      0.573    13.2058   3.865596    32.6289  1024.5185      0.577     0.7816     -0.393  0.000e+00
    748.250 268.674320       2994      0.469    13.2103   3.865986    32.6287  1024.5170      0.473     0.7845     -0.408  0.000e+00
    748.500 268.674323       2995      0.359    13.2134   3.866134    32.6275  1024.5149      0.362     0.8046     -0.431  0.000e+00
    748.750 268.674326       2996      0.256    13.2157   3.867230    32.6359  1024.5205      0.259     0.7972     -0.429  0.000e+00
    749.000 268.674329       2997      0.169    13.2215   3.868057    32.6387  1024.5212      0.171     0.7865     -0.382  0.000e+00
    749.250 268.674332       2998      0.088    13.2292   3.868488    32.6361  1024.5173      0.089     0.8051     -0.339  0.000e+00
    749.500 268.674334       2999      0.019    13.2370   3.869275    32.6369  1024.5160      0.019     1.0115     -0.303  0.000e+00
    749.750 268.674337       3000     -0.031    13.2445   3.868555    32.6237  1024.5041     -0.031     0.8520     -0.240  0.000e+00
    750.000 268.674340       3001     -0.071    13.2485   3.867593    32.6112  1024.4934     -0.072     0.8479     -0.182  0.000e+00
    750.250 268.674343       3002     -0.075    13.2492   3.867162    32.6066  1024.4897     -0.075     0.6946     -0.088  0.000e+00
    750.500 268.674346       3003     -0.075    13.2451   3.866617    32.6050  1024.4893     -0.075     0.7395     -0.006  0.000e+00
    750.750 268.674349       3004     -0.076    13.2377   3.866342    32.6088  1024.4937     -0.076     0.2637     -0.002  0.000e+00
    751.000 268.674352       3005     -0.076    13.2296   3.864883    32.6020  1024.4900     -0.076     0.2171     -0.002  0.000e+00
    751.250 268.674355       3006     -0.076    13.2205   3.863525    32.5971  1024.4881     -0.076     0.2299      0.000  0.000e+00
    751.500 268.674358       3007     -0.075    13.2081   3.862778    32.6007  1024.4933     -0.075     0.3012      0.002  0.000e+00
