Raw_Data/Cage/SBE19/2020-09-25_SBE19_007_033_processed.cnv
* Sea-Bird SBE19plus Data File:
* FileName = C:\cruises\2020_barkerboys\leg2\data\cage\SBE19\2020-09-25_SBE19_004_033.hex
* Software Version 1.59
* Temperature SN =  4881
* Conductivity SN =  4881
* System UpLoad Time = Sep 25 2020 21:20:29
* ds
* SeacatPlus V 1.5  SERIAL NO. 4881    25 Sep 2020  21:17:28
# nquan = 12
# nvalues = 3238                                  
# units = specified
# name 0 = timeS: Time, Elapsed [seconds]
# name 1 = timeJ: Julian Days
# name 2 = scan: Scan Count
# name 3 = depSM: Depth [salt water, m], lat = 44.00
# name 4 = tv290C: Temperature [ITS-90, deg C]
# name 5 = c0S/m: Conductivity [S/m]
# name 6 = sal00: Salinity, Practical [PSU]
# name 7 = density00: Density [density, kg/m^3]
# name 8 = prdM: Pressure, Strain Gauge [db]
# name 9 = wetStar: Fluorescence, WET Labs WETstar [mg/m^3]
# name 10 = dz/dtM: Descent Rate [m/s]
# name 11 = flag:  0.000e+00
# span 0 =      0.000,    809.250                 
# span 1 = 269.727905, 269.737271                 
# span 2 =          1,       3238                 
# span 3 =     -0.012,    178.481                 
# span 4 =     9.6035,    13.6401                 
# span 5 =   0.048199,   3.902542                 
# span 6 =     0.3010,    33.6429                 
# span 7 =   999.5305,  1026.7733                 
# span 8 =     -0.012,    180.003                 
# span 9 =     0.1327,     4.3260                 
# span 10 =     -1.269,      0.963                
# span 11 = 0.0000e+00, 0.0000e+00                
# interval = seconds: 0.25
# start_time = Sep 25 2020 17:28:11 [Instrument's time stamp, header]
# bad_flag = -9.990e-29
*END*
      0.000 269.727905          1     -0.009    13.6082   0.049702     0.3109   999.5415     -0.009     0.1685      0.000  0.000e+00
      0.250 269.727908          2     -0.008    13.6083   0.049720     0.3110   999.5416     -0.008     0.1689      0.002  0.000e+00
      0.500 269.727911          3     -0.007    13.6086   0.049736     0.3111   999.5416     -0.007     0.1698      0.004  0.000e+00
      0.750 269.727914          4     -0.006    13.6090   0.049730     0.3111   999.5416     -0.006     0.1702      0.004  0.000e+00
      1.000 269.727917          5     -0.007    13.6090   0.049711     0.3110   999.5415     -0.007     0.1739     -0.000  0.000e+00
      1.250 269.727920          6     -0.010    13.6094   0.049683     0.3108   999.5412     -0.010     0.1726     -0.009  0.000e+00
      1.500 269.727922          7     -0.009    13.6094   0.049673     0.3107   999.5412     -0.009     0.1673     -0.004  0.000e+00
      1.750 269.727925          8     -0.007    13.6099   0.049661     0.3106   999.5411     -0.007     0.1726      0.006  0.000e+00
      2.000 269.727928          9     -0.008    13.6100   0.049664     0.3107   999.5411     -0.008     0.1722      0.002  0.000e+00
      2.250 269.727931         10     -0.008    13.6102   0.049670     0.3107   999.5411     -0.008     0.1710     -0.002  0.000e+00
      2.500 269.727934         11     -0.008    13.6105   0.049673     0.3107   999.5410     -0.008     0.1735     -0.000  0.000e+00
      2.750 269.727937         12     -0.008    13.6107   0.049661     0.3106   999.5410     -0.008     0.1759     -0.000  0.000e+00
      3.000 269.727940         13     -0.007    13.6109   0.049673     0.3107   999.5410     -0.007     0.1726      0.002  0.000e+00
      3.250 269.727943         14     -0.009    13.6112   0.049670     0.3107   999.5409     -0.009     0.1743     -0.002  0.000e+00
      3.500 269.727946         15     -0.008    13.6114   0.049664     0.3106   999.5409     -0.008     0.1739     -0.002  0.000e+00
      3.750 269.727948         16     -0.009    13.6117   0.049677     0.3107   999.5409     -0.009     0.1759     -0.000  0.000e+00
      4.000 269.727951         17     -0.009    13.6119   0.049692     0.3108   999.5409     -0.009     0.1768     -0.002  0.000e+00
      4.250 269.727954         18     -0.009    13.6120   0.049717     0.3110   999.5411     -0.009     0.1755      0.000  0.000e+00
      4.500 269.727957         19     -0.010    13.6123   0.049730     0.3111   999.5411     -0.010     0.1739     -0.002  0.000e+00
      4.750 269.727960         20     -0.010    13.6126   0.049736     0.3111   999.5411     -0.010     0.1731     -0.002  0.000e+00
      5.000 269.727963         21     -0.009    13.6127   0.049730     0.3111   999.5410     -0.009     0.1755      0.002  0.000e+00
      5.250 269.727966         22     -0.007    13.6131   0.049702     0.3109   999.5408     -0.007     0.1821      0.006  0.000e+00
      5.500 269.727969         23     -0.008    13.6134   0.049664     0.3106   999.5406     -0.008     0.1759      0.002  0.000e+00
      5.750 269.727972         24     -0.009    13.6135   0.049639     0.3105   999.5404     -0.009     0.1747     -0.004  0.000e+00
      6.000 269.727975         25     -0.008    13.6138   0.049604     0.3102   999.5402     -0.008     0.1722      0.000  0.000e+00
      6.250 269.727977         26     -0.008    13.6140   0.049582     0.3101   999.5401     -0.008     0.1739      0.002  0.000e+00
      6.500 269.727980         27     -0.009    13.6143   0.049595     0.3102   999.5401     -0.009     0.1768     -0.002  0.000e+00
      6.750 269.727983         28     -0.009    13.6145   0.049601     0.3102   999.5401     -0.009     0.1743     -0.002  0.000e+00
      7.000 269.727986         29     -0.011    13.6148   0.049636     0.3104   999.5402     -0.011     0.1764     -0.004  0.000e+00
      7.250 269.727989         30     -0.010    13.6152   0.049648     0.3105   999.5403     -0.010     0.1739     -0.002  0.000e+00
      7.500 269.727992         31     -0.010    13.6153   0.049655     0.3106   999.5403     -0.010     0.1801      0.002  0.000e+00
      7.750 269.727995         32     -0.007    13.6158   0.049639     0.3104   999.5401     -0.007     0.1764      0.006  0.000e+00
      8.000 269.727998         33     -0.008    13.6161   0.049620     0.3103   999.5400     -0.008     0.1764      0.004  0.000e+00
      8.250 269.728001         34     -0.009    13.6162   0.049582     0.3101   999.5398     -0.009     0.1747     -0.004  0.000e+00
      8.500 269.728003         35     -0.006    13.6166   0.049573     0.3100   999.5397     -0.006     0.1714      0.004  0.000e+00
      8.750 269.728006         36     -0.009    13.6168   0.049554     0.3099   999.5396     -0.009     0.1722      0.000  0.000e+00
      9.000 269.728009         37     -0.010    13.6171   0.049579     0.3101   999.5396     -0.010     0.1772     -0.009  0.000e+00
      9.250 269.728012         38     -0.011    13.6175   0.049639     0.3104   999.5399     -0.011     0.1764     -0.004  0.000e+00
      9.500 269.728015         39     -0.008    13.6176   0.049614     0.3103   999.5397     -0.008     0.1731      0.004  0.000e+00
      9.750 269.728018         40     -0.010    13.6180   0.049538     0.3098   999.5393     -0.010     0.1747      0.002  0.000e+00
     10.000 269.728021         41     -0.010    13.6183   0.049538     0.3098   999.5393     -0.010     0.1731     -0.004  0.000e+00
     10.250 269.728024         42     -0.008    13.6184   0.049473     0.3094   999.5389     -0.008     0.1764      0.004  0.000e+00
     10.500 269.728027         43     -0.008    13.6187   0.049425     0.3090   999.5386     -0.008     0.1772      0.004  0.000e+00
     10.750 269.728030         44     -0.008    13.6192   0.049391     0.3088   999.5384     -0.008     0.1772      0.000  0.000e+00
     11.000 269.728032         45     -0.009    13.6198   0.049363     0.3086   999.5382     -0.009     0.1759     -0.002  0.000e+00
     11.250 269.728035         46     -0.010    13.6199   0.049309     0.3083   999.5379     -0.010     0.1755     -0.004  0.000e+00
     11.500 269.728038         47     -0.009    13.6202   0.049262     0.3080   999.5376     -0.009     0.1722      0.000  0.000e+00
     11.750 269.728041         48     -0.007    13.6207   0.049222     0.3077   999.5374     -0.007     0.1739      0.007  0.000e+00
     12.000 269.728044         49     -0.010    13.6209   0.049171     0.3074   999.5371     -0.010     0.1739     -0.002  0.000e+00
     12.250 269.728047         50     -0.009    13.6213   0.049146     0.3072   999.5369     -0.009     0.1718     -0.004  0.000e+00
     12.500 269.728050         51     -0.009    13.6215   0.049124     0.3071   999.5367     -0.009     0.1743      0.002  0.000e+00
     12.750 269.728053         52     -0.009    13.6218   0.049090     0.3069   999.5365     -0.009     0.1768     -0.000  0.000e+00
     13.000 269.728056         53     -0.010    13.6221   0.049052     0.3066   999.5363     -0.010     0.1784     -0.002  0.000e+00
     13.250 269.728058         54     -0.008    13.6225   0.049018     0.3064   999.5361     -0.008     0.1829      0.002  0.000e+00
     13.500 269.728061         55     -0.008    13.6231   0.048977     0.3061   999.5358     -0.008     0.1768      0.004  0.000e+00
     13.750 269.728064         56     -0.008    13.6233   0.048958     0.3060   999.5357     -0.008     0.1784      0.000  0.000e+00
     14.000 269.728067         57     -0.006    13.6237   0.048920     0.3058   999.5354     -0.006     0.1792      0.004  0.000e+00
     14.250 269.728070         58     -0.009    13.6241   0.048867     0.3054   999.5351     -0.009     0.1780     -0.002  0.000e+00
     14.500 269.728073         59     -0.009    13.6246   0.048823     0.3051   999.5348     -0.009     0.1784     -0.006  0.000e+00
     14.750 269.728076         60     -0.008    13.6249   0.048776     0.3048   999.5345     -0.008     0.1743      0.002  0.000e+00
     15.000 269.728079         61     -0.009    13.6254   0.048716     0.3044   999.5341     -0.009     0.1747      0.000  0.000e+00
     15.250 269.728082         62     -0.008    13.6258   0.048666     0.3041   999.5338     -0.008     0.1764     -0.000  0.000e+00
     15.500 269.728084         63     -0.009    13.6263   0.048600     0.3037   999.5334     -0.009     0.1796      0.000  0.000e+00
     15.750 269.728087         64     -0.009    13.6268   0.048538     0.3033   999.5330     -0.009     0.1764     -0.002  0.000e+00
     16.000 269.728090         65     -0.010    13.6275   0.048481     0.3029   999.5327     -0.010     0.1751     -0.002  0.000e+00
     16.250 269.728093         66     -0.009    13.6280   0.048437     0.3026   999.5324     -0.009     0.1739      0.000  0.000e+00
     16.500 269.728096         67     -0.007    13.6286   0.048381     0.3022   999.5320     -0.007     0.1768      0.006  0.000e+00
     16.750 269.728099         68     -0.009    13.6292   0.048356     0.3021   999.5318     -0.009     0.1768      0.000  0.000e+00
     17.000 269.728102         69     -0.009    13.6298   0.048324     0.3019   999.5316     -0.009     0.1772     -0.004  0.000e+00
     17.250 269.728105         70     -0.011    13.6302   0.048290     0.3016   999.5313     -0.011     0.1747     -0.004  0.000e+00
     17.500 269.728108         71     -0.011    13.6307   0.048271     0.3015   999.5312     -0.011     0.1755     -0.004  0.000e+00
     17.750 269.728111         72     -0.010    13.6313   0.048227     0.3012   999.5309     -0.010     0.1718      0.002  0.000e+00
     18.000 269.728113         73     -0.010    13.6319   0.048199     0.3010   999.5306     -0.010     0.1768      0.002  0.000e+00
     18.250 269.728116         74     -0.010    13.6325   0.048212     0.3011   999.5306     -0.010     0.1747 5.9212e-16  0.000e+00
     18.500 269.728119         75     -0.010    13.6328   0.048208     0.3011   999.5306     -0.010     0.1768      0.000  0.000e+00
     18.750 269.728122         76     -0.011    13.6335   0.048218     0.3012   999.5305     -0.011     0.1768     -0.002  0.000e+00
     19.000 269.728125         77     -0.010    13.6338   0.048227     0.3012   999.5305     -0.010     0.1809     -0.000  0.000e+00
     19.250 269.728128         78     -0.012    13.6342   0.048237     0.3013   999.5305     -0.012     0.1768     -0.002  0.000e+00
     19.500 269.728131         79     -0.009    13.6346   0.048255     0.3014   999.5305     -0.009     0.1817      0.002  0.000e+00
     19.750 269.728134         80     -0.006    13.6352   0.048569     0.3034   999.5320     -0.006     0.1792      0.013  0.000e+00
     20.000 269.728137         81     -0.007    13.6356   0.048876     0.3054   999.5335     -0.007     0.1747      0.004  0.000e+00
     20.250 269.728139         82     -0.008    13.6360   0.049849     0.3116   999.5383     -0.008     0.1735     -0.004  0.000e+00
     20.500 269.728142         83     -0.008    13.6366   0.050998     0.3191   999.5440     -0.008     0.1776     -0.002  0.000e+00
     20.750 269.728145         84     -0.008    13.6370   0.052399     0.3281   999.5510     -0.008     0.1784     -0.000  0.000e+00
     21.000 269.728148         85     -0.010    13.6374   0.054027     0.3386   999.5591     -0.010     0.1796     -0.004  0.000e+00
     21.250 269.728151         86     -0.010    13.6379   0.055877     0.3506   999.5684     -0.010     0.1792     -0.004  0.000e+00
     21.500 269.728154         87     -0.008    13.6382   0.057665     0.3622   999.5774     -0.008     0.1759      0.004  0.000e+00
     21.750 269.728157         88     -0.010    13.6387   0.059978     0.3773   999.5890     -0.010     0.1764     -0.000  0.000e+00
     22.000 269.728160         89     -0.008    13.6393   0.062692     0.3950   999.6026     -0.008     0.1788      0.000  0.000e+00
     22.250 269.728163         90     -0.008    13.6396   0.065048     0.4103   999.6146     -0.008     0.1776      0.004  0.000e+00
     22.500 269.728166         91     -0.006    13.6400   0.067255     0.4248   999.6257     -0.006     0.1792      0.004  0.000e+00
     22.750 269.728168         92      0.022    13.6401   0.426947     2.9622  1001.5894      0.022     0.1764      0.060  0.000e+00
     23.000 269.728171         93      0.152    13.6137   3.750216    31.2110  1023.3394      0.153     0.1792      0.318  0.000e+00
     23.250 269.728174         94      0.299    13.5654   3.899261    32.6362  1024.4509      0.301     0.1755      0.558  0.000e+00
     23.500 269.728177         95      0.467    13.5291   3.899113    32.6658  1024.4820      0.471     0.1759      0.636  0.000e+00
     23.750 269.728180         96      0.633    13.5087   3.901219    32.7029  1024.5154      0.638     0.1780      0.674  0.000e+00
     24.000 269.728183         97      0.787    13.5037   3.902144    32.7158  1024.5271      0.793     0.1776      0.644  0.000e+00
     24.250 269.728186         98      0.936    13.5065   3.902542    32.7170  1024.5282      0.943     0.1768      0.610  0.000e+00
     24.500 269.728189         99      1.083    13.4997   3.899296    32.6924  1024.5112      1.091     0.1759      0.597  0.000e+00
     24.750 269.728192        100      1.233    13.4850   3.898682    32.6993  1024.5201      1.243     0.1788      0.599  0.000e+00
     25.000 269.728194        101      1.371    13.4719   3.898399    32.7078  1024.5300      1.382     0.1788      0.582  0.000e+00
     25.250 269.728197        102      1.516    13.4581   3.896247    32.6994  1024.5269      1.528     0.1768      0.571  0.000e+00
     25.500 269.728200        103      1.673    13.4325   3.890049    32.6633  1024.5049      1.686     0.1768      0.608  0.000e+00
     25.750 269.728203        104      1.841    13.3986   3.889975    32.6916  1024.5343      1.856     0.1764      0.655  0.000e+00
     26.000 269.728206        105      2.014    13.3767   3.887320    32.6855  1024.5347      2.030     0.1751      0.687  0.000e+00
     26.250 269.728209        106      2.191    13.3355   3.880361    32.6555  1024.5206      2.209     0.1731      0.706  0.000e+00
     26.500 269.728212        107      2.380    13.2867   3.875803    32.6546  1024.5305      2.399     0.1759      0.739  0.000e+00
     26.750 269.728215        108      2.564    13.2317   3.871240    32.6588  1024.5455      2.585     0.1743      0.752  0.000e+00
     27.000 269.728218        109      2.739    13.1746   3.867379    32.6716  1024.5675      2.761     0.1768      0.724  0.000e+00
     27.250 269.728220        110      2.877    13.1238   3.864529    32.6884  1024.5912      2.901     0.1751      0.631  0.000e+00
     27.500 269.728223        111      2.987    13.0837   3.862815    32.7068  1024.6139      3.011     0.1764      0.500  0.000e+00
     27.750 269.728226        112      3.069    13.0522   3.859649    32.7041  1024.6183      3.094     0.1764      0.386  0.000e+00
     28.000 269.728229        113      3.134    13.0073   3.853173    32.6817  1024.6101      3.159     0.1759      0.296  0.000e+00
     28.250 269.728232        114      3.183    12.9617   3.851193    32.7022  1024.6352      3.209     0.1784      0.230  0.000e+00
     28.500 269.728235        115      3.224    12.9256   3.850260    32.7247  1024.6599      3.251     0.1776      0.183  0.000e+00
     28.750 269.728238        116      3.267    12.9006   3.849622    32.7402  1024.6770      3.294     0.1792      0.170  0.000e+00
     29.000 269.728241        117      3.328    12.8861   3.848421    32.7414  1024.6810      3.355     0.1759      0.208  0.000e+00
     29.250 269.728244        118      3.411    12.8762   3.847884    32.7448  1024.6860      3.438     0.1739      0.290  0.000e+00
     29.500 269.728247        119      3.519    12.8681   3.847529    32.7484  1024.6908      3.548     0.1792      0.386  0.000e+00
     29.750 269.728249        120      3.649    12.8618   3.847072    32.7495  1024.6935      3.679     0.1747      0.481  0.000e+00
